0 1 9 0.685508 0.083543 0.230949 68.534365 128.639853
0 1 9 0.436349 0.307230 0.256421 80.401018 134.179296
0 1 9 0.495727 0.216847 0.287427 77.172773 133.877606
0 1 9 0.745570 0.238414 0.016017 77.423569 125.642763
0 1 9 0.468650 0.167450 0.363900 67.842501 140.613653
0 1 9 0.958752 0.011499 0.029749 64.318253 124.939744
0 1 9 0.060118 0.152219 0.787663 69.299877 157.114439
0 1 9 0.171517 0.376704 0.451779 76.838759 143.801211
0 1 9 0.884962 0.112039 0.002999 67.943852 124.688177
0 1 9 0.021361 0.161813 0.816826 68.875917 157.613601
1 10 9 0.365791 0.603077 0.031132 109.670104 149.139078
1 10 9 0.713915 0.138050 0.148035 100.486584 134.513347
1 10 9 0.238502 0.008179 0.753319 71.336564 157.337454
1 10 9 0.677035 0.170344 0.152621 106.392947 139.937260
1 10 9 0.230373 0.019586 0.750041 69.736545 152.160331
1 10 9 0.333933 0.431221 0.234847 100.414146 153.195412
1 10 9 0.003416 0.178153 0.818430 69.425619 164.954742
1 10 9 0.943384 0.050037 0.006579 109.019532 130.557643
1 10 9 0.607526 0.081494 0.310979 94.442793 141.791312
1 10 9 0.213211 0.586608 0.200181 95.666598 155.107471
1 2 10 0.005625 0.630729 0.363647 134.837286 143.716345
1 2 10 0.004451 0.201828 0.793721 115.305088 160.277197
1 2 10 0.465688 0.064866 0.469446 108.548387 145.889102
1 2 10 0.481597 0.500459 0.017943 131.583614 125.765523
1 2 10 0.873537 0.105732 0.020731 113.701796 125.494950
1 2 10 0.700789 0.134742 0.164468 115.975720 135.395534
1 2 10 0.971711 0.004363 0.023927 108.280063 130.040043
1 2 10 0.416409 0.395124 0.188467 126.786643 136.539243
1 2 10 0.280857 0.477288 0.241855 131.497432 133.427360
1 2 10 0.767016 0.060040 0.172944 111.227239 130.890687
2 11 10 0.573897 0.233005 0.193098 146.879323 144.571406
2 11 10 0.560792 0.379461 0.059747 148.120045 144.983738
2 11 10 0.979356 0.001359 0.019284 155.102805 124.548233
2 11 10 0.598425 0.394172 0.007403 153.222784 144.677102
2 11 10 0.567718 0.283849 0.148433 147.872994 142.509000
2 11 10 0.672924 0.004664 0.322413 135.766673 141.279451
2 11 10 0.944687 0.022362 0.032951 152.531580 123.446438
2 11 10 0.357438 0.618814 0.023748 149.531366 152.733572
2 11 10 0.169324 0.122525 0.708151 125.250791 160.862757
2 11 10 0.295457 0.548847 0.155696 147.975025 153.140306
2 3 11 0.295451 0.350784 0.353765 166.138072 142.078878
2 3 11 0.515197 0.385004 0.099798 167.568350 125.330829
2 3 11 0.658801 0.262119 0.079079 165.742143 131.742521
2 3 11 0.831667 0.095805 0.072528 158.059380 127.942294
2 3 11 0.251796 0.249521 0.498683 163.017008 148.052114
2 3 11 0.772899 0.055879 0.171223 159.406824 132.708260
2 3 11 0.350073 0.470920 0.179007 171.839332 132.066258
2 3 11 0.933868 0.052281 0.013851 158.684980 127.505891
2 3 11 0.044762 0.372209 0.583029 170.395516 149.818028
2 3 11 0.852994 0.068476 0.078530 156.783276 126.780183
3 12 11 0.931772 0.006792 0.061437 195.500864 128.159604
3 12 11 0.930316 0.037834 0.031850 194.437938 125.957486
3 12 11 0.057571 0.224312 0.718116 165.672403 166.646375
3 12 11 0.516961 0.433307 0.049732 196.791102 143.215165
3 12 11 0.550641 0.295382 0.153977 192.710334 144.086313
3 12 11 0.354096 0.321722 0.324182 181.594592 153.152325
3 12 11 0.879139 0.020138 0.100723 193.872900 130.307417
3 12 11 0.010399 0.871416 0.118185 192.869028 166.829136
3 12 11 0.989180 0.008582 0.002238 195.987144 126.150658
3 12 11 0.585433 0.171419 0.243148 187.556223 139.802408
3 4 12 0.649021 0.284541 0.066438 212.034410 128.192809
3 4 12 0.265588 0.358022 0.376390 214.900085 142.389075
3 4 12 0.714330 0.079110 0.206560 203.761879 131.788625
3 4 12 0.606510 0.316162 0.077328 213.847551 130.048090
3 4 12 0.818386 0.120792 0.060823 201.282063 123.756051
3 4 12 0.665511 0.068343 0.266145 204.482510 140.486320
3 4 12 0.712515 0.040289 0.247197 199.211210 135.649450
3 4 12 0.827700 0.119648 0.052652 202.584415 125.378799
3 4 12 0.073889 0.167783 0.758327 212.111148 158.418259
3 4 12 0.469734 0.339915 0.190351 212.487048 130.841515
4 13 12 0.290643 0.648483 0.060874 238.775755 158.191840
4 13 12 0.031641 0.775446 0.192913 235.947675 170.677877
4 13 12 0.164576 0.723410 0.112014 237.948951 156.643523
4 13 12 0.330925 0.532416 0.136659 236.402561 151.922652
4 13 12 0.080003 0.536833 0.383164 222.074672 161.836706
4 13 12 0.665729 0.061826 0.272444 228.588249 141.624890
4 13 12 0.637343 0.244947 0.117710 233.605065 141.562347
4 13 12 0.183195 0.689642 0.127163 236.501605 160.705328
4 13 12 0.727364 0.167264 0.105372 231.240725 141.210858
4 13 12 0.472753 0.425590 0.101657 236.891944 152.193447
4 5 13 0.756535 0.018556 0.224908 241.510301 138.026600
4 5 13 0.470179 0.046828 0.482993 243.411168 146.239627
4 5 13 0.584109 0.157296 0.258595 249.159408 135.736689
4 5 13 0.251703 0.512293 0.236004 265.989343 139.451124
4 5 13 0.157818 0.550420 0.291761 267.062532 140.931703
4 5 13 0.842249 0.114334 0.043417 246.090839 130.227822
4 5 13 0.476088 0.475855 0.048057 265.512389 130.909311
4 5 13 0.954254 0.027919 0.017826 242.181619 131.304916
4 5 13 0.025419 0.365385 0.609195 263.537311 152.738098
4 5 13 0.189401 0.482597 0.328002 263.858268 140.177126
5 14 13 0.327672 0.521493 0.150835 284.465749 153.533198
5 14 13 0.544594 0.024944 0.430463 269.485661 147.816804
5 14 13 0.763358 0.106231 0.130411 282.456963 136.731911
5 14 13 0.506186 0.012553 0.481260 263.380193 148.922537
5 14 13 0.872281 0.029955 0.097764 283.105914 134.095361
5 14 13 0.036211 0.751389 0.212400 280.112910 164.681352
5 14 13 0.907390 0.028871 0.063739 287.285771 133.394683
5 14 13 0.146808 0.748631 0.104562 285.624064 163.769649
5 14 13 0.757446 0.167272 0.075282 284.508926 134.873591
5 14 13 0.561474 0.232042 0.206484 280.949990 145.639868
5 6 14 0.255974 0.547126 0.196900 308.643321 136.588624
5 6 14 0.090274 0.563656 0.346070 313.929009 143.127562
5 6 14 0.361425 0.087915 0.550660 294.340773 152.364053
5 6 14 0.278643 0.480824 0.240532 311.324584 140.416491
5 6 14 0.195968 0.497387 0.306645 310.802060 143.717757
5 6 14 0.667507 0.010864 0.321629 288.471904 142.371040
5 6 14 0.044204 0.055540 0.900255 296.940636 165.753737
5 6 14 0.061807 0.803291 0.134902 323.266986 137.733850
5 6 14 0.388172 0.104701 0.507128 292.568197 148.156390
5 6 14 0.915154 0.058734 0.026112 291.821752 130.831898
6 15 14 0.621795 0.356085 0.022120 335.089908 146.039276
6 15 14 0.946920 0.017916 0.035164 332.068772 134.101592
6 15 14 0.361693 0.137568 0.500739 313.207797 156.621238
6 15 14 0.262581 0.364375 0.373045 322.633251 160.905435
6 15 14 0.994141 0.000528 0.005331 329.441876 136.072103
6 15 14 0.960115 0.006251 0.033634 329.282290 135.623179
6 15 14 0.998237 0.000644 0.001119 333.625866 131.408299
6 15 14 0.496543 0.083741 0.419715 313.528781 152.806648
6 15 14 0.725538 0.082978 0.191484 325.046816 142.191846
6 15 14 0.457411 0.179494 0.363095 316.842107 154.280656
6 7 15 0.579070 0.025714 0.395216 335.634816 148.759820
6 7 15 0.071257 0.825617 0.103126 367.864636 140.291880
6 7 15 0.430295 0.444449 0.125256 355.011190 138.586131
6 7 15 0.500056 0.163897 0.336046 341.321812 146.008528
6 7 15 0.769124 0.105289 0.125586 338.130162 136.144614
6 7 15 0.124947 0.779797 0.095256 370.786480 137.685334
6 7 15 0.294437 0.484939 0.220624 354.152384 140.372269
6 7 15 0.899302 0.021160 0.079538 334.979426 134.480524
6 7 15 0.373467 0.316455 0.310078 347.537639 146.014190
6 7 15 0.832063 0.166066 0.001871 337.441387 131.890042
7 16 15 0.400000 0.531689 0.068312 377.639388 154.383796
7 16 15 0.894244 0.043192 0.062565 376.235232 139.777703
7 16 15 0.096546 0.196812 0.706642 346.992462 167.868085
7 16 15 0.489235 0.449189 0.061575 378.103250 150.215279
7 16 15 0.397475 0.507632 0.094893 375.318460 157.002460
7 16 15 0.694755 0.123480 0.181765 367.106822 144.749528
7 16 15 0.883485 0.013099 0.103417 371.345027 137.662166
7 16 15 0.981790 0.014323 0.003887 381.069629 136.554548
7 16 15 0.869846 0.023828 0.106325 374.750999 143.510692
7 16 15 0.297843 0.075594 0.626563 351.705928 162.010960
7 8 16 0.881057 0.101166 0.017777 380.797469 137.682101
7 8 16 0.930141 0.003900 0.065958 375.450642 138.644188
7 8 16 0.133861 0.266324 0.599815 394.008801 160.123748
7 8 16 0.793877 0.039367 0.166756 375.578980 141.841763
7 8 16 0.845694 0.021511 0.132794 376.606103 142.004643
7 8 16 0.742797 0.008938 0.248264 381.386362 141.475307
7 8 16 0.291587 0.498552 0.209861 399.336485 144.514062
7 8 16 0.105093 0.609293 0.285614 404.416591 146.507375
7 8 16 0.726610 0.223662 0.049728 384.769403 135.743531
7 8 16 0.306389 0.116786 0.576825 385.103836 157.464508
8 17 16 0.737255 0.171986 0.090759 412.509730 144.351103
8 17 16 0.254059 0.326716 0.419225 406.932470 163.872531
8 17 16 0.268592 0.106090 0.625318 398.683321 161.150555
8 17 16 0.688214 0.036843 0.274943 410.013999 144.810271
8 17 16 0.667530 0.170594 0.161876 415.794778 147.807366
8 17 16 0.332171 0.035551 0.632278 394.928676 157.634378
8 17 16 0.241910 0.482105 0.275985 413.546892 165.879487
8 17 16 0.247074 0.487024 0.265901 411.742128 161.187850
8 17 16 0.078462 0.410362 0.511176 402.601458 167.699504
8 17 16 0.747684 0.196841 0.055475 420.185588 143.327517
9 10 18 0.102834 0.758230 0.138936 100.181198 173.003722
9 10 18 0.691029 0.121367 0.187604 66.681328 172.929149
9 10 18 0.883575 0.056166 0.060259 64.983095 172.906370
9 10 18 0.582753 0.041633 0.375614 65.563778 180.741496
9 10 18 0.457912 0.399718 0.142370 84.278900 173.396998
9 10 18 0.800988 0.063279 0.135733 64.517463 172.830032
9 10 18 0.577714 0.243497 0.178789 72.989393 177.587032
9 10 18 0.506083 0.255513 0.238403 78.477600 178.061139
9 10 18 0.515553 0.347163 0.137284 81.102401 172.959925
9 10 18 0.772355 0.174626 0.053019 70.120872 165.813177
10 19 18 0.728797 0.187715 0.083488 100.848898 176.954282
10 19 18 0.997527 0.000813 0.001660 108.465910 167.971795
10 19 18 0.664160 0.262022 0.073818 105.304517 179.389671
10 19 18 0.987920 0.006954 0.005126 105.907741 167.912287
10 19 18 0.073631 0.307105 0.619265 77.827099 208.095760
10 19 18 0.387912 0.147292 0.464796 88.323735 192.822319
10 19 18 0.360196 0.340312 0.299492 98.355064 197.968377
10 19 18 0.798212 0.173008 0.028780 108.694225 178.187728
10 19 18 0.858842 0.035103 0.106054 102.770344 172.725709
10 19 18 0.301460 0.623115 0.075426 105.207886 197.521665
10 11 19 0.265049 0.410930 0.324021 125.241092 183.526460
10 11 19 0.857506 0.046093 0.096400 112.668769 171.069992
10 11 19 0.323982 0.634772 0.041246 135.572429 166.601761
10 11 19 0.842501 0.026424 0.131075 104.907474 172.345406
10 11 19 0.590314 0.174707 0.234979 114.442245 177.719292
10 11 19 0.103110 0.219811 0.677080 115.989313 196.870588
10 11 19 0.965870 0.025954 0.008175 106.317906 166.220580
10 11 19 0.123796 0.306819 0.569385 121.828451 196.190303
10 11 19 0.218083 0.197364 0.584553 116.494458 191.931377
10 11 19 0.669877 0.258459 0.071664 116.776792 174.242635
11 20 19 0.956334 0.015170 0.028495 153.969114 170.515196
11 20 19 0.177071 0.509927 0.313002 138.212617 207.835853
11 20 19 0.267660 0.293992 0.438348 132.048552 206.878821
11 20 19 0.289604 0.362335 0.348062 136.783730 203.735218
11 20 19 0.333442 0.369894 0.296664 136.591630 198.829890
11 20 19 0.335195 0.321927 0.342877 136.076451 195.316866
11 20 19 0.046136 0.281378 0.672486 122.594444 213.085404
11 20 19 0.746223 0.182741 0.071036 148.218987 180.280004
11 20 19 0.228957 0.200008 0.571035 122.713297 203.678387
11 20 19 0.104473 0.328097 0.567430 128.623183 211.828226
11 12 20 0.823649 0.169046 0.007305 157.240218 164.558208
11 12 20 0.071154 0.248156 0.680690 162.460139 200.951967
11 12 20 0.895344 0.089692 0.014965 154.588323 165.299194
11 12 20 0.039996 0.948531 0.011473 193.736632 169.590863
11 12 20 0.790714 0.035440 0.173846 151.056101 173.648403
11 12 20 0.367397 0.532065 0.100538 175.643843 171.709100
11 12 20 0.138176 0.294742 0.567082 167.090052 196.790003
11 12 20 0.218481 0.633626 0.147892 178.586070 173.765137
11 12 20 0.592320 0.120697 0.286984 157.988832 179.429309
11 12 20 0.623537 0.238780 0.137683 165.884458 170.456343
12 21 20 0.324314 0.303578 0.372109 178.877318 196.458153
12 21 20 0.968334 0.020222 0.011444 198.323907 170.832332
12 21 20 0.792577 0.069070 0.138353 191.758443 178.593071
12 21 20 0.932171 0.011416 0.056413 192.878066 168.080015
12 21 20 0.205840 0.150897 0.643263 166.334473 206.065696
12 21 20 0.439849 0.120554 0.439597 177.699690 195.443787
12 21 20 0.888865 0.023037 0.088098 196.380323 173.822531
12 21 20 0.537832 0.027274 0.434894 176.140351 188.447828
12 21 20 0.643222 0.295372 0.061406 197.898947 183.324770
12 21 20 0.500153 0.009214 0.490633 177.472719 191.174556
12 13 21 0.731413 0.193066 0.075520 205.210427 172.441413
12 13 21 0.513586 0.236284 0.250130 208.377743 176.981763
12 13 21 0.422759 0.355554 0.221687 211.434486 180.555940
12 13 21 0.190192 0.721784 0.088025 233.421404 175.240203
12 13 21 0.284606 0.057772 0.657622 200.112129 194.900382
12 13 21 0.205734 0.113548 0.680718 203.406216 199.693643
12 13 21 0.799545 0.007203 0.193252 199.146412 172.665253
12 13 21 0.392762 0.148422 0.458817 207.036719 189.534252
12 13 21 0.473132 0.072206 0.454662 201.756991 193.545490
12 13 21 0.543623 0.041813 0.414564 197.269771 190.167600
13 22 21 0.112398 0.164730 0.722872 205.960589 207.884357
13 22 21 0.189747 0.497212 0.313041 222.079120 206.155482
13 22 21 0.931232 0.004507 0.064261 239.475701 173.282649
13 22 21 0.401018 0.229143 0.369839 224.260535 196.312501
13 22 21 0.368257 0.350537 0.281206 226.571234 196.563499
13 22 21 0.701188 0.285094 0.013718 243.363377 181.740242
13 22 21 0.866979 0.002201 0.130820 236.268575 175.383179
13 22 21 0.298669 0.210580 0.490751 215.475683 202.357155
13 22 21 0.691785 0.284662 0.023553 240.878048 183.438498
13 22 21 0.070864 0.625315 0.303821 229.820209 210.939515
13 14 22 0.457776 0.144362 0.397863 246.318376 185.689282
13 14 22 0.486250 0.172380 0.341370 252.896332 185.232551
13 14 22 0.466242 0.046968 0.486790 245.774005 189.922136
13 14 22 0.396087 0.188173 0.415740 253.016506 187.686595
13 14 22 0.650432 0.216175 0.133392 253.814110 176.869271
13 14 22 0.405288 0.144791 0.449921 248.897267 187.619487
13 14 22 0.128676 0.701689 0.169635 275.102404 177.702812
13 14 22 0.997323 0.000481 0.002195 240.828222 169.852450
13 14 22 0.968372 0.021747 0.009881 240.139362 168.096092
13 14 22 0.733224 0.144627 0.122148 248.874792 171.939668
14 23 22 0.678072 0.096825 0.225103 281.421768 181.030970
14 23 22 0.080412 0.235853 0.683734 256.551227 210.248066
14 23 22 0.428340 0.504537 0.067124 285.102482 197.062583
14 23 22 0.608312 0.207585 0.184103 279.344366 186.132843
14 23 22 0.432449 0.073541 0.494010 266.088905 200.054308
14 23 22 0.237139 0.247304 0.515557 265.381764 205.789688
14 23 22 0.326916 0.035485 0.637599 261.240808 200.356641
14 23 22 0.899822 0.056189 0.043990 288.597352 173.179777
14 23 22 0.765215 0.101713 0.133072 284.121096 176.465696
14 23 22 0.799909 0.105001 0.095090 287.161666 175.450889
14 15 23 0.313852 0.328358 0.357790 304.165690 185.951416
14 15 23 0.001435 0.727137 0.271427 322.478361 185.966745
14 15 23 0.834298 0.069420 0.096282 296.145693 175.736971
14 15 23 0.113027 0.365374 0.521599 305.909955 193.673578
14 15 23 0.155248 0.262642 0.582109 298.715261 197.423687
14 15 23 0.446924 0.205849 0.347227 299.385195 184.372759
14 15 23 0.686946 0.120474 0.192580 295.278501 173.310263
14 15 23 0.180772 0.764160 0.055068 325.366856 174.683310
14 15 23 0.745166 0.106822 0.148012 296.393532 176.249130
14 15 23 0.820033 0.094358 0.085609 297.272668 164.814340
15 24 23 0.146520 0.414631 0.438849 313.456037 215.446057
15 24 23 0.664078 0.231007 0.104915 327.789754 184.886883
15 24 23 0.068410 0.585476 0.346114 316.962191 215.232556
15 24 23 0.396317 0.268180 0.335503 319.452454 198.122191
15 24 23 0.274419 0.189170 0.536411 313.376036 204.591632
15 24 23 0.802178 0.132422 0.065400 330.144030 183.227620
15 24 23 0.666021 0.133640 0.200339 326.885973 187.185364
15 24 23 0.238335 0.552692 0.208973 322.631517 206.182887
15 24 23 0.529381 0.045982 0.424637 314.252568 191.749833
15 24 23 0.169360 0.754110 0.076530 329.675254 208.575567
15 16 24 0.121137 0.177523 0.701340 341.168857 206.010492
15 16 24 0.018891 0.231281 0.749828 342.719955 204.621457
15 16 24 0.282621 0.360693 0.356686 348.572658 189.328361
15 16 24 0.442203 0.221945 0.335852 347.725155 189.866166
15 16 24 0.360507 0.397756 0.241737 351.772781 184.310866
15 16 24 0.310255 0.539831 0.149914 360.248732 181.125296
15 16 24 0.999743 0.000130 0.000127 333.555296 170.922770
15 16 24 0.818154 0.101357 0.080489 341.061178 178.269963
15 16 24 0.120757 0.065305 0.813937 337.596604 212.521095
15 16 24 0.473342 0.321573 0.205085 355.006911 180.242308
16 25 24 0.050026 0.280977 0.668997 346.023048 221.516145
16 25 24 0.934113 0.057356 0.008531 385.306357 176.003151
16 25 24 0.485915 0.291799 0.222286 371.454318 194.881165
16 25 24 0.773846 0.195287 0.030868 378.340636 181.467249
16 25 24 0.520860 0.046526 0.432614 359.285262 192.624099
16 25 24 0.242214 0.118529 0.639256 350.696323 206.979992
16 25 24 0.284307 0.029334 0.686359 349.440834 205.583009
16 25 24 0.972738 0.008468 0.018794 379.928333 173.706324
16 25 24 0.685286 0.042235 0.272478 371.048599 185.725707
16 25 24 0.364958 0.074585 0.560458 356.906046 200.283370
16 17 25 0.218517 0.325928 0.455556 395.196136 188.659223
16 17 25 0.260756 0.025266 0.713977 382.638354 205.404819
16 17 25 0.184027 0.744183 0.071790 414.859434 178.794117
16 17 25 0.024883 0.443619 0.531498 402.098708 198.683903
16 17 25 0.842783 0.058894 0.098322 386.580370 173.647149
16 17 25 0.478683 0.467876 0.053441 404.608763 174.856574
16 17 25 0.596774 0.114122 0.289104 386.592775 182.885223
16 17 25 0.575055 0.028736 0.396208 383.566583 190.208631
16 17 25 0.048517 0.849618 0.101864 419.010009 176.046595
16 17 25 0.857605 0.013976 0.128419 383.248304 174.783680
17 26 25 0.698189 0.214824 0.086987 415.993516 190.343685
17 26 25 0.827104 0.101687 0.071209 420.314006 180.973542
17 26 25 0.551726 0.106029 0.342245 412.678372 192.131703
17 26 25 0.528913 0.337248 0.133839 421.734875 197.398752
17 26 25 0.557362 0.049426 0.393211 404.537950 192.835950
17 26 25 0.614099 0.372742 0.013159 423.892920 190.576479
17 26 25 0.855444 0.105824 0.038732 428.814157 180.646955
17 26 25 0.672577 0.027002 0.300421 410.129966 190.186164
17 26 25 0.270024 0.618964 0.111012 418.454639 208.551321
17 26 25 0.095903 0.117941 0.786155 390.443453 212.483982
18 19 27 0.220328 0.246912 0.532760 77.309135 233.694105
18 19 27 0.657882 0.232231 0.109887 76.954933 215.281558
18 19 27 0.421872 0.297174 0.280954 82.803359 223.979155
18 19 27 0.278574 0.528117 0.193309 88.253960 219.495157
18 19 27 0.830799 0.143394 0.025807 70.481135 212.601963
18 19 27 0.344210 0.351362 0.304428 78.830462 227.103708
18 19 27 0.031542 0.615758 0.352700 95.215163 229.197754
18 19 27 0.900031 0.015053 0.084917 67.964892 216.978160
18 19 27 0.127745 0.870889 0.001366 104.198995 210.201529
18 19 27 0.837793 0.117164 0.045043 69.552301 217.297169
19 28 27 0.908317 0.021183 0.070500 99.472320 216.660070
19 28 27 0.351426 0.197637 0.450938 93.688028 239.354202
19 28 27 0.452741 0.258259 0.289000 95.601755 237.659195
19 28 27 0.685969 0.261689 0.052342 105.571725 225.411700
19 28 27 0.937095 0.012882 0.050023 101.892373 220.515269
19 28 27 0.527499 0.219504 0.252996 98.985473 237.541695
19 28 27 0.222150 0.415255 0.362594 99.798227 242.199394
19 28 27 0.984613 0.014740 0.000647 105.378023 214.520337
19 28 27 0.962037 0.002721 0.035241 105.697031 212.021453
19 28 27 0.773990 0.155300 0.070710 103.211648 225.309698
19 20 28 0.250362 0.352697 0.396941 127.672983 231.400272
19 20 28 0.296404 0.314506 0.389090 120.680442 228.897610
19 20 28 0.195873 0.197574 0.606552 119.429662 241.061719
19 20 28 0.536163 0.432048 0.031789 128.620972 215.575351
19 20 28 0.491589 0.412315 0.096095 126.284713 220.662746
19 20 28 0.994715 0.003548 0.001737 108.625794 216.119937
19 20 28 0.903973 0.064627 0.031400 109.240087 217.373680
19 20 28 0.401288 0.259197 0.339515 122.693583 228.169856
19 20 28 0.009173 0.793800 0.197027 141.970857 223.592228
19 20 28 0.409742 0.329247 0.261011 123.763636 226.773973
20 29 28 0.993344 0.000712 0.005945 149.197713 214.445510
20 29 28 0.644349 0.051326 0.304326 139.737803 232.980982
20 29 28 0.883567 0.087200 0.029233 150.051088 220.079763
20 29 28 0.398347 0.592322 0.009332 152.963501 243.623117
20 29 28 0.891408 0.014833 0.093759 150.492206 220.899960
20 29 28 0.220271 0.266662 0.513067 134.162398 249.983050
20 29 28 0.780002 0.042620 0.177378 141.397475 218.587046
20 29 28 0.886871 0.104089 0.009040 151.737736 218.484648
20 29 28 0.965952 0.004499 0.029549 152.672114 221.596015
20 29 28 0.755264 0.025875 0.218861 141.488643 227.219773
20 21 29 0.505492 0.372602 0.121907 164.717153 221.045148
20 21 29 0.817647 0.068739 0.113615 156.480930 220.118629
20 21 29 0.024059 0.762118 0.213823 181.999617 220.743954
20 21 29 0.264258 0.044350 0.691391 155.064293 244.964652
20 21 29 0.741152 0.117314 0.141535 157.297756 217.597754
20 21 29 0.688157 0.094821 0.217022 159.639633 222.892485
20 21 29 0.072238 0.382788 0.544975 170.336364 235.414747
20 21 29 0.553318 0.410212 0.036470 168.487323 215.327064
20 21 29 0.690922 0.234432 0.074646 160.269768 221.055841
20 21 29 0.809135 0.062812 0.128054 157.727229 221.951884
21 30 29 0.999425 0.000252 0.000322 194.065565 215.499790
21 30 29 0.841852 0.046105 0.112043 193.007932 220.761551
21 30 29 0.538590 0.339523 0.121887 187.463524 238.947650
21 30 29 0.778731 0.207135 0.014133 194.268132 222.964342
21 30 29 0.013234 0.770305 0.216461 188.454240 258.878691
21 30 29 0.319403 0.307819 0.372778 183.564105 243.724587
21 30 29 0.674110 0.067716 0.258174 187.631838 227.319810
21 30 29 0.615849 0.103360 0.280791 185.265935 230.251884
21 30 29 0.394150 0.395068 0.210782 189.130907 240.254266
21 30 29 0.421969 0.438319 0.139712 191.845769 239.982825
21 22 30 0.760542 0.016348 0.223110 195.322868 224.643793
21 22 30 0.990805 0.006498 0.002697 193.429347 211.541847
21 22 30 0.163852 0.264973 0.571174 206.933420 239.986379
21 22 30 0.401118 0.522186 0.076695 222.704360 221.853858
21 22 30 0.838753 0.018933 0.142314 195.173244 221.467923
21 22 30 0.858864 0.006423 0.134713 197.451127 220.472250
21 22 30 0.613340 0.141268 0.245391 199.647477 225.939824
21 22 30 0.673209 0.248767 0.078023 205.889174 218.398125
21 22 30 0.164908 0.742667 0.092425 227.050277 221.842917
21 22 30 0.722798 0.006940 0.270261 196.156733 224.941408
22 31 30 0.937901 0.020351 0.041748 238.776601 213.516855
22 31 30 0.759112 0.155474 0.085415 237.193752 227.122986
22 31 30 0.624607 0.006213 0.369180 224.159243 232.479670
22 31 30 0.869785 0.002990 0.127225 236.890023 217.375401
22 31 30 0.244612 0.258135 0.497253 218.157189 246.565368
22 31 30 0.168839 0.627475 0.203686 233.533491 254.377012
22 31 30 0.441824 0.324242 0.233934 230.035613 242.739694
22 31 30 0.812026 0.168788 0.019186 241.324368 222.672589
22 31 30 0.776251 0.007284 0.216465 231.900708 223.817513
22 31 30 0.632499 0.014086 0.353416 224.931641 229.552419
22 23 31 0.626644 0.291520 0.081835 255.112404 222.148678
22 23 31 0.969792 0.018248 0.011960 244.499264 212.342395
22 23 31 0.667098 0.034447 0.298455 240.515939 227.755280
22 23 31 0.940210 0.033736 0.026054 240.737651 217.104234
22 23 31 0.767767 0.230132 0.002101 250.523439 213.030670
22 23 31 0.048746 0.118097 0.833157 245.190424 250.919096
22 23 31 0.516206 0.045542 0.438252 241.873067 234.169882
22 23 31 0.766041 0.194034 0.039925 245.622967 216.790551
22 23 31 0.177989 0.558918 0.263094 265.651301 227.195984
22 23 31 0.798524 0.061896 0.139580 241.736564 220.198299
23 32 31 0.713868 0.197973 0.088158 288.134281 227.152551
23 32 31 0.470611 0.116544 0.412845 272.308089 237.458776
23 32 31 0.593266 0.136270 0.270464 274.980801 237.194655
23 32 31 0.641924 0.245364 0.112712 281.427637 231.229917
23 32 31 0.302736 0.111053 0.586211 258.033496 246.311526
23 32 31 0.067409 0.757608 0.174983 278.355017 257.996272
23 32 31 0.813712 0.037008 0.149279 280.219465 225.223837
23 32 31 0.512226 0.350916 0.136857 278.785309 240.038343
23 32 31 0.150041 0.389573 0.460386 266.035782 252.526497
23 32 31 0.279330 0.550904 0.169766 279.010847 249.023304
23 24 32 0.366183 0.349247 0.284570 310.089730 228.636912
23 24 32 0.938306 0.059243 0.002451 292.371770 218.775505
23 24 32 0.607274 0.163208 0.229518 298.707094 230.875137
23 24 32 0.199576 0.454684 0.345740 304.381808 235.483642
23 24 32 0.415122 0.490867 0.094010 311.743082 220.951799
23 24 32 0.253381 0.204881 0.541738 295.457317 242.537127
23 24 32 0.713800 0.021051 0.265149 288.397687 228.798338
23 24 32 0.902589 0.029684 0.067726 290.310533 220.244604
23 24 32 0.624207 0.109037 0.266756 292.837462 226.943707
23 24 32 0.472594 0.083979 0.443427 294.686808 237.434075
24 33 32 0.229368 0.327819 0.442813 308.120118 252.946630
24 33 32 0.874704 0.011066 0.114230 327.785965 223.468043
24 33 32 0.718415 0.145547 0.136039 326.023807 228.393534
24 33 32 0.608384 0.010086 0.381530 317.767989 231.891950
24 33 32 0.816614 0.097220 0.086166 330.418712 223.857010
24 33 32 0.937532 0.020182 0.042285 333.739558 220.190034
24 33 32 0.747983 0.049860 0.202157 323.059778 229.340364
24 33 32 0.680089 0.278416 0.041495 330.079246 230.370228
24 33 32 0.790824 0.054285 0.154891 327.807290 228.659450
24 33 32 0.541152 0.085382 0.373467 315.100773 240.623407
24 25 33 0.961245 0.034898 0.003857 336.328886 218.647192
24 25 33 0.471306 0.282272 0.246422 348.028828 228.116541
24 25 33 0.251571 0.486750 0.261679 355.068086 230.491878
24 25 33 0.768733 0.192790 0.038477 341.531115 218.036178
24 25 33 0.202495 0.751966 0.045539 369.332947 218.941789
24 25 33 0.488984 0.284877 0.226139 344.728848 226.173035
24 25 33 0.312905 0.068722 0.618372 335.084553 243.939812
24 25 33 0.376382 0.388282 0.235337 349.040867 228.462699
24 25 33 0.608045 0.037325 0.354630 332.546614 231.622660
24 25 33 0.315335 0.364659 0.320005 345.501687 234.789469
25 34 33 0.812666 0.176053 0.011281 376.853651 229.457001
25 34 33 0.707777 0.030758 0.261465 362.799387 233.452433
25 34 33 0.827126 0.102772 0.070101 376.255573 226.278335
25 34 33 0.200316 0.442827 0.356857 360.671433 250.355303
25 34 33 0.679795 0.253932 0.066274 374.301058 232.915671
25 34 33 0.938558 0.045612 0.015830 378.260822 218.525235
25 34 33 0.201147 0.644502 0.154351 371.538366 254.481336
25 34 33 0.035447 0.572494 0.392059 355.038159 263.118474
25 34 33 0.375917 0.135012 0.489072 353.441464 244.436966
25 34 33 0.984404 0.015071 0.000526 380.495395 218.634184
25 26 34 0.474971 0.247202 0.277827 387.424209 236.569692
25 26 34 0.695918 0.027907 0.276175 380.739444 227.049200
25 26 34 0.053729 0.291162 0.655109 388.357993 250.268570
25 26 34 0.080112 0.020525 0.899364 378.690524 259.336458
25 26 34 0.921052 0.024854 0.054094 376.613589 221.284523
25 26 34 0.394918 0.461711 0.143371 400.161739 221.263025
25 26 34 0.704835 0.058445 0.236720 382.572563 227.355112
25 26 34 0.565201 0.374740 0.060058 398.215016 221.602294
25 26 34 0.432907 0.453650 0.113443 397.990710 224.068748
25 26 34 0.498123 0.499810 0.002068 401.756401 218.903765
26 35 34 0.208378 0.386522 0.405100 405.163135 254.211546
26 35 34 0.844969 0.056254 0.098778 420.878923 226.139288
26 35 34 0.798665 0.195594 0.005741 427.439770 228.679565
26 35 34 0.588223 0.036961 0.374816 409.833815 238.637450
26 35 34 0.691264 0.042539 0.266197 416.468000 232.427432
26 35 34 0.455954 0.402488 0.141558 418.409674 246.581205
26 35 34 0.546063 0.127064 0.326873 412.370462 239.599707
26 35 34 0.397317 0.211411 0.391272 405.355898 243.722299
26 35 34 0.380962 0.041902 0.577136 397.478605 243.516791
26 35 34 0.407660 0.122638 0.469701 403.298734 245.575744
27 28 36 0.657256 0.100810 0.241934 84.219368 260.959779
27 28 36 0.637220 0.190451 0.172328 85.554060 260.717260
27 28 36 0.659789 0.228106 0.112105 85.161188 259.765238
27 28 36 0.647565 0.087114 0.265322 81.892364 260.434934
27 28 36 0.659937 0.289053 0.051010 85.755317 254.582768
27 28 36 0.013515 0.425426 0.561059 100.959064 271.311747
27 28 36 0.162803 0.394139 0.443058 93.338934 272.248173
27 28 36 0.874939 0.105014 0.020047 80.658290 248.618212
27 28 36 0.835332 0.071783 0.092885 80.714236 256.985418
27 28 36 0.893801 0.031574 0.074625 75.329429 256.604711
28 37 36 0.988784 0.001207 0.010009 116.613283 256.421652
28 37 36 0.829444 0.036515 0.134041 107.730051 259.927875
28 37 36 0.202775 0.191489 0.605736 103.125867 280.482488
28 37 36 0.996575 0.001986 0.001440 115.259393 255.903692
28 37 36 0.227976 0.463844 0.308180 115.121619 279.900307
28 37 36 0.396578 0.578592 0.024830 117.786882 276.751546
28 37 36 0.559073 0.113734 0.327193 105.002052 265.438041
28 37 36 0.768726 0.077539 0.153735 111.262014 262.106680
28 37 36 0.891966 0.016205 0.091830 109.032111 258.807648
28 37 36 0.055699 0.512654 0.431647 110.299992 283.163238
28 29 37 0.980160 0.011960 0.007880 116.225815 254.799144
28 29 37 0.623474 0.340093 0.036433 125.671547 258.474254
28 29 37 0.379421 0.424441 0.196138 135.383687 265.020110
28 29 37 0.055943 0.912893 0.031164 155.977769 253.290710
28 29 37 0.391255 0.502227 0.106518 140.153105 258.164179
28 29 37 0.504557 0.178998 0.316445 123.369814 268.754136
28 29 37 0.487298 0.150313 0.362388 124.739761 267.664069
28 29 37 0.519561 0.290885 0.189553 129.114060 259.989915
28 29 37 0.818022 0.068910 0.113068 120.750618 256.656802
28 29 37 0.411721 0.396694 0.191585 132.712092 264.433280
29 38 37 0.948888 0.000686 0.050427 153.672036 259.008494
29 38 37 0.716074 0.157373 0.126553 154.939732 265.013956
29 38 37 0.164234 0.124990 0.710776 134.730233 281.362241
29 38 37 0.392360 0.146832 0.460808 143.173390 275.543905
29 38 37 0.056950 0.740328 0.202722 154.844773 287.820345
29 38 37 0.282297 0.200267 0.517435 140.620219 277.042715
29 38 37 0.280236 0.404093 0.315671 149.063893 276.491012
29 38 37 0.687476 0.088494 0.224030 146.900577 265.993914
29 38 37 0.848459 0.051368 0.100172 153.728786 260.014501
29 38 37 0.064995 0.702207 0.232798 155.359883 285.471843
29 30 38 0.707563 0.187523 0.104915 165.817735 263.436424
29 30 38 0.719473 0.090275 0.190252 161.422994 265.076830
29 30 38 0.819022 0.112513 0.068466 160.222177 260.257349
29 30 38 0.135257 0.340007 0.524736 177.660610 277.167013
29 30 38 0.596011 0.341383 0.062606 167.541611 259.408715
29 30 38 0.211688 0.209877 0.578435 167.409534 277.713957
29 30 38 0.531980 0.192900 0.275120 167.599511 268.348600
29 30 38 0.455213 0.159670 0.385118 164.949388 268.225136
29 30 38 0.067443 0.197559 0.734998 170.460509 279.700139
29 30 38 0.648680 0.065639 0.285681 160.745431 263.845401
30 39 38 0.634515 0.359327 0.006157 198.397933 270.144227
30 39 38 0.911054 0.055011 0.033935 198.354570 265.390459
30 39 38 0.188935 0.148271 0.662794 174.418508 280.451671
30 39 38 0.811346 0.140145 0.048508 196.237875 265.342602
30 39 38 0.358860 0.489801 0.151339 196.151268 278.120391
30 39 38 0.371506 0.237051 0.391443 184.319488 280.384736
30 39 38 0.151045 0.637824 0.211131 196.064546 287.734564
30 39 38 0.258955 0.024371 0.716674 171.150686 277.113012
30 39 38 0.255236 0.544946 0.199818 198.239807 285.333686
30 39 38 0.354267 0.153259 0.492475 186.519417 277.321046
30 31 39 0.092276 0.122994 0.784730 205.288200 285.797675
30 31 39 0.514630 0.103779 0.381591 203.039643 271.931126
30 31 39 0.934809 0.063604 0.001587 201.925043 254.415530
30 31 39 0.324910 0.271156 0.403934 207.768923 269.181865
30 31 39 0.898736 0.008514 0.092750 199.426600 262.258385
30 31 39 0.781853 0.023263 0.194883 200.481850 266.676730
30 31 39 0.615488 0.152009 0.232503 202.139628 269.611027
30 31 39 0.379390 0.565879 0.054731 222.337798 261.074637
30 31 39 0.335097 0.097096 0.567807 203.847156 281.713748
30 31 39 0.997013 0.000436 0.002551 196.085379 258.551941
31 40 39 0.103898 0.548409 0.347693 229.566006 287.691565
31 40 39 0.756931 0.169800 0.073268 240.004882 268.849970
31 40 39 0.763721 0.016957 0.219322 229.272246 267.935580
31 40 39 0.051353 0.876244 0.072402 236.742473 291.242825
31 40 39 0.309824 0.208239 0.481936 221.198600 280.904519
31 40 39 0.574920 0.102660 0.322420 229.418885 274.665887
31 40 39 0.269028 0.186379 0.544593 219.981434 286.906550
31 40 39 0.193603 0.038248 0.768149 206.796267 281.526707
31 40 39 0.798189 0.127948 0.073863 236.880568 269.079803
31 40 39 0.649119 0.192747 0.158134 237.035791 270.132650
31 32 40 0.903646 0.000426 0.095928 243.087596 261.523224
31 32 40 0.538217 0.310769 0.151014 256.554698 265.818106
31 32 40 0.138170 0.296882 0.564948 252.683989 278.762080
31 32 40 0.072762 0.880818 0.046420 280.846660 264.142395
31 32 40 0.281303 0.021326 0.697371 240.998553 282.661568
31 32 40 0.263565 0.610681 0.125753 265.148188 265.194180
31 32 40 0.507331 0.454287 0.038382 257.581593 262.812679
31 32 40 0.077192 0.423630 0.499178 256.062065 276.446549
31 32 40 0.617529 0.313734 0.068737 254.634347 262.036537
31 32 40 0.839696 0.050004 0.110300 242.574305 262.743842
32 41 40 0.529101 0.452856 0.018043 282.663690 275.524398
32 41 40 0.337291 0.553893 0.108816 279.857048 285.445900
32 41 40 0.301482 0.491514 0.207004 276.785209 285.573063
32 41 40 0.244405 0.586207 0.169388 279.211715 283.849135
32 41 40 0.891382 0.061668 0.046950 279.591556 268.887273
32 41 40 0.155708 0.227209 0.617083 255.368428 288.844376
32 41 40 0.387802 0.500136 0.112062 281.419340 287.094613
32 41 40 0.414284 0.315569 0.270147 275.480035 281.871906
32 41 40 0.405997 0.363886 0.230116 274.967657 284.329732
32 41 40 0.343041 0.554705 0.102254 281.602511 282.480162
32 33 41 0.939174 0.033936 0.026890 287.613542 263.712052
32 33 41 0.645146 0.099075 0.255779 291.366289 267.761035
32 33 41 0.788312 0.173232 0.038456 291.905502 258.063539
32 33 41 0.912995 0.071129 0.015876 287.115364 262.514799
32 33 41 0.286255 0.350754 0.362991 300.460784 276.957002
32 33 41 0.334424 0.328745 0.336831 300.881534 273.416542
32 33 41 0.060133 0.860040 0.079827 320.740332 260.048277
32 33 41 0.188362 0.216053 0.595585 291.649041 278.393938
32 33 41 0.819038 0.092972 0.087990 288.371804 261.310137
32 33 41 0.781284 0.069703 0.149013 287.778070 267.075603
33 42 41 0.662472 0.009201 0.328327 316.567739 275.066465
33 42 41 0.628490 0.080991 0.290518 317.330132 275.564353
33 42 41 0.385832 0.134010 0.480158 305.211158 283.532102
33 42 41 0.569390 0.116877 0.313734 316.765916 274.445214
33 42 41 0.083576 0.536978 0.379446 312.518447 296.620801
33 42 41 0.196019 0.420496 0.383485 309.440378 290.208036
33 42 41 0.936139 0.010730 0.053132 328.882184 260.959916
33 42 41 0.782628 0.172950 0.044422 329.926431 270.153312
33 42 41 0.059499 0.678085 0.262416 317.209001 299.182788
33 42 41 0.063312 0.428912 0.507775 305.798695 300.411518
33 34 42 0.745089 0.181753 0.073158 334.946234 266.474476
33 34 42 0.755104 0.188576 0.056321 341.558124 264.849170
33 34 42 0.469765 0.268725 0.261510 340.862709 270.063443
33 34 42 0.948577 0.039621 0.011802 333.581059 260.743069
33 34 42 0.035288 0.218566 0.746147 333.205067 288.572825
33 34 42 0.897326 0.053686 0.048987 331.452457 261.190805
33 34 42 0.478651 0.044943 0.476406 328.798660 279.802065
33 34 42 0.345362 0.359189 0.295448 344.800990 276.376791
33 34 42 0.430920 0.254978 0.314101 338.408354 274.309987
33 34 42 0.938696 0.001788 0.059516 330.555468 257.919712
34 43 42 0.695347 0.095244 0.209409 366.068540 276.070363
34 43 42 0.420411 0.437159 0.142430 364.420311 281.452931
34 43 42 0.285113 0.389423 0.325464 356.531713 284.990409
34 43 42 0.240230 0.079465 0.680304 339.404371 288.845289
34 43 42 0.639742 0.188009 0.172249 367.682167 275.742231
34 43 42 0.482214 0.463669 0.054117 370.362739 282.455433
34 43 42 0.187515 0.413511 0.398974 353.354966 286.130713
34 43 42 0.259756 0.516588 0.223655 362.688574 292.077819
34 43 42 0.220357 0.021653 0.757990 336.852586 289.375924
34 43 42 0.181825 0.477625 0.340550 355.696407 293.306077
34 35 43 0.741034 0.009899 0.249066 370.994418 272.343278
34 35 43 0.757913 0.107291 0.134796 379.741359 267.604129
34 35 43 0.792323 0.193233 0.014444 383.226153 263.388783
34 35 43 0.303204 0.683088 0.013708 406.539776 261.277514
34 35 43 0.871130 0.095698 0.033172 378.310659 267.311667
34 35 43 0.271419 0.263926 0.464655 384.928457 282.100012
34 35 43 0.549046 0.293558 0.157396 384.158942 267.629071
34 35 43 0.957501 0.027618 0.014881 378.695076 264.936098
34 35 43 0.330006 0.649155 0.020839 405.757770 264.340105
34 35 43 0.606363 0.331004 0.062634 388.594444 266.192065
35 44 43 0.649337 0.087767 0.262896 407.523363 275.158901
35 44 43 0.448951 0.130685 0.420364 396.937721 278.992092
35 44 43 0.888144 0.092549 0.019307 420.412764 268.148499
35 44 43 0.661920 0.287903 0.050177 418.721684 276.404807
35 44 43 0.293995 0.508624 0.197382 412.099703 288.381394
35 44 43 0.158232 0.439063 0.402705 399.876096 293.020420
35 44 43 0.073826 0.099801 0.826372 380.813509 299.073448
35 44 43 0.888552 0.039325 0.072123 421.789230 268.195536
35 44 43 0.598560 0.148923 0.252516 407.201041 279.480948
35 44 43 0.460315 0.245237 0.294448 404.361031 283.560715
36 37 45 0.332959 0.306679 0.360362 105.400286 288.141044
36 37 45 0.960872 0.038770 0.000358 91.307558 280.339984
36 37 45 0.483647 0.415205 0.101148 103.126579 287.249419
36 37 45 0.778091 0.102090 0.119818 94.530836 287.174016
36 37 45 0.441479 0.552622 0.005898 105.840377 280.942533
36 37 45 0.307330 0.655950 0.036720 112.704801 286.866975
36 37 45 0.546316 0.206887 0.246797 100.404033 287.931428
36 37 45 0.740951 0.113473 0.145576 94.840261 288.668573
36 37 45 0.468062 0.179562 0.352377 98.425477 289.606800
36 37 45 0.945382 0.009288 0.045330 93.858770 282.834116
37 46 45 0.303986 0.198784 0.497229 113.753814 297.067811
37 46 45 0.036948 0.855713 0.107339 132.738227 305.438929
37 46 45 0.255895 0.376995 0.367111 117.803502 298.266012
37 46 45 0.434349 0.006196 0.559455 110.768119 297.970133
37 46 45 0.231890 0.485747 0.282363 122.760926 301.528573
37 46 45 0.177053 0.437360 0.385587 122.183658 300.194733
37 46 45 0.598711 0.285886 0.115403 127.909628 291.585773
37 46 45 0.857974 0.056675 0.085351 125.833845 287.840819
37 46 45 0.475148 0.370667 0.154185 127.483907 293.818084
37 46 45 0.940826 0.026394 0.032781 124.346850 285.427890
37 38 46 0.547284 0.321486 0.131230 140.131255 290.276272
37 38 46 0.519672 0.123397 0.356931 133.112543 292.645532
37 38 46 0.769968 0.190605 0.039427 129.065736 284.666095
37 38 46 0.768582 0.133908 0.097510 129.319834 286.591116
37 38 46 0.031474 0.959830 0.008696 164.091279 287.337728
37 38 46 0.955888 0.003043 0.041069 127.466655 283.929710
37 38 46 0.919187 0.031107 0.049705 127.750853 285.296897
37 38 46 0.637647 0.078226 0.284127 131.884568 291.155123
37 38 46 0.035535 0.739880 0.224585 153.195885 293.025664
37 38 46 0.514063 0.088110 0.397827 138.297849 292.309849
38 47 46 0.319493 0.415588 0.264920 161.505099 304.418732
38 47 46 0.557330 0.429686 0.012984 169.216015 299.897043
38 47 46 0.041317 0.509338 0.449344 155.582185 305.415703
38 47 46 0.470993 0.136898 0.392109 156.687543 300.022921
38 47 46 0.180324 0.529492 0.290184 158.011678 306.020514
38 47 46 0.332158 0.591528 0.076313 164.596283 303.320080
38 47 46 0.842894 0.077513 0.079593 159.596621 291.767039
38 47 46 0.613799 0.315125 0.071076 163.266594 296.598952
38 47 46 0.393825 0.593186 0.012989 166.221640 303.619144
38 47 46 0.368226 0.604893 0.026881 166.723217 300.492763
38 39 47 0.589976 0.340594 0.069430 175.481019 292.651063
38 39 47 0.150977 0.316086 0.532937 183.047563 302.495600
38 39 47 0.025112 0.680792 0.294096 193.161718 295.484921
38 39 47 0.497125 0.121601 0.381274 171.869389 294.641457
38 39 47 0.782500 0.085215 0.132284 167.328558 295.170965
38 39 47 0.928316 0.069847 0.001836 168.001898 284.985233
38 39 47 0.022599 0.354684 0.622717 184.925337 301.272270
38 39 47 0.614127 0.190893 0.194980 175.476776 294.711589
38 39 47 0.259693 0.281840 0.458467 177.687249 298.946095
38 39 47 0.577157 0.320379 0.102465 175.223616 291.726680
39 48 47 0.192169 0.720089 0.087742 202.116570 305.103942
39 48 47 0.083232 0.250344 0.666424 184.305841 308.382431
39 48 47 0.177850 0.064909 0.757241 181.629681 306.821060
39 48 47 0.585878 0.351210 0.062912 204.028553 297.001631
39 48 47 0.402574 0.107313 0.490113 188.089968 301.349080
39 48 47 0.397223 0.582586 0.020191 206.400198 303.490610
39 48 47 0.761917 0.063268 0.174815 197.244205 294.406850
39 48 47 0.845425 0.097066 0.057509 197.931943 296.124881
39 48 47 0.689595 0.079899 0.230506 195.216947 301.300921
39 48 47 0.231648 0.666593 0.101759 199.433993 305.415064
39 40 48 0.784185 0.065780 0.150035 205.284695 293.283699
39 40 48 0.065560 0.392879 0.541560 219.036710 302.890025
39 40 48 0.148807 0.639010 0.212182 232.217299 299.378900
39 40 48 0.311360 0.234914 0.453726 212.323981 302.218257
39 40 48 0.190575 0.205036 0.604388 213.200863 303.998288
39 40 48 0.754931 0.112017 0.133052 209.843330 295.995529
39 40 48 0.924218 0.068066 0.007715 201.655006 292.824308
39 40 48 0.530179 0.422753 0.047067 220.298325 289.468569
39 40 48 0.021302 0.075418 0.903280 207.643061 310.277139
39 40 48 0.641898 0.262876 0.095225 216.396320 297.810225
40 49 48 0.926771 0.032908 0.040321 242.620018 294.793797
40 49 48 0.416122 0.190470 0.393407 227.340459 308.447852
40 49 48 0.433242 0.210941 0.355817 229.913769 305.781103
40 49 48 0.007028 0.081148 0.911825 208.780600 313.369247
40 49 48 0.646008 0.252009 0.101983 241.429184 302.688201
40 49 48 0.638506 0.213868 0.147626 239.189056 301.684866
40 49 48 0.207951 0.095386 0.696663 220.846781 311.241386
40 49 48 0.821017 0.088846 0.090137 238.078988 297.583117
40 49 48 0.011725 0.430932 0.557343 220.433602 311.674803
40 49 48 0.873641 0.038134 0.088225 238.330453 297.799626
40 41 49 0.593755 0.137374 0.268871 244.331270 302.946405
40 41 49 0.967473 0.025928 0.006600 241.159652 294.048067
40 41 49 0.231876 0.225449 0.542674 254.020872 308.269185
40 41 49 0.787098 0.174895 0.038007 247.263375 299.316701
40 41 49 0.832027 0.027082 0.140891 243.938414 299.993650
40 41 49 0.495443 0.009376 0.495181 242.611869 310.179361
40 41 49 0.656069 0.151578 0.192353 246.548656 296.416767
40 41 49 0.349556 0.121006 0.529438 247.206991 307.367861
40 41 49 0.150213 0.622609 0.227178 267.044553 299.286366
40 41 49 0.141889 0.240836 0.617275 255.089214 308.933068
41 50 49 0.494785 0.192131 0.313084 271.614327 306.912260
41 50 49 0.787612 0.001097 0.211291 277.343782 301.843812
41 50 49 0.093816 0.598463 0.307722 270.455414 314.161899
41 50 49 0.075577 0.140446 0.783977 250.083654 317.300776
41 50 49 0.515139 0.223897 0.260965 275.156870 307.419733
41 50 49 0.428693 0.124537 0.446770 266.213094 307.743210
41 50 49 0.064115 0.252305 0.683580 256.618441 316.154847
41 50 49 0.412829 0.147467 0.439704 268.055076 310.856055
41 50 49 0.786499 0.182096 0.031405 283.159203 299.943477
41 50 49 0.034336 0.843795 0.121868 278.894824 320.061584
41 42 50 0.391910 0.445390 0.162700 302.950906 300.239796
41 42 50 0.386871 0.004574 0.608556 285.175232 311.423567
41 42 50 0.402686 0.172977 0.424337 291.721436 306.673263
41 42 50 0.091621 0.770054 0.138325 318.687040 299.702959
41 42 50 0.903280 0.082175 0.014545 287.006631 303.130511
41 42 50 0.060874 0.642158 0.296968 306.684120 305.058017
41 42 50 0.846881 0.085185 0.067934 290.969994 299.583523
41 42 50 0.116124 0.322168 0.561708 295.020636 306.011944
41 42 50 0.054850 0.830788 0.114362 315.340064 303.996497
41 42 50 0.723445 0.205125 0.071430 294.209744 298.129915
42 51 50 0.062432 0.071149 0.866419 285.376557 319.633691
42 51 50 0.978185 0.013811 0.008003 325.246111 296.115278
42 51 50 0.000374 0.668020 0.331607 307.823955 322.079004
42 51 50 0.335858 0.040101 0.624040 299.658178 312.965500
42 51 50 0.172567 0.716689 0.110744 317.116555 319.371039
42 51 50 0.529403 0.355829 0.114767 319.389385 308.814587
42 51 50 0.954619 0.000091 0.045290 321.998864 296.385357
42 51 50 0.521027 0.036389 0.442585 306.488368 307.484658
42 51 50 0.250850 0.431483 0.317667 310.802964 317.751847
42 51 50 0.642010 0.330479 0.027511 321.144103 306.296482
42 43 51 0.369343 0.185926 0.444731 335.985650 312.666469
42 43 51 0.608901 0.219450 0.171649 334.720457 298.476684
42 43 51 0.907189 0.004261 0.088550 326.315107 300.879061
42 43 51 0.650883 0.014026 0.335091 325.513374 305.047869
42 43 51 0.320694 0.070183 0.609122 327.683664 315.334956
42 43 51 0.149458 0.778899 0.071642 362.185493 301.859151
42 43 51 0.694562 0.023654 0.281784 323.749332 309.372366
42 43 51 0.774837 0.089730 0.135433 328.758103 301.800022
42 43 51 0.315285 0.065468 0.619247 326.466728 313.107569
42 43 51 0.127599 0.330516 0.541885 336.086020 313.446450
43 52 51 0.402830 0.243050 0.354120 346.038247 316.608355
43 52 51 0.210998 0.060003 0.728998 330.019164 320.939789
43 52 51 0.038559 0.179305 0.782137 330.626101 323.507448
43 52 51 0.107588 0.506288 0.386124 346.518595 323.922022
43 52 51 0.947994 0.020933 0.031073 369.653216 299.755852
43 52 51 0.514019 0.242060 0.243921 356.497806 313.313496
43 52 51 0.385486 0.498687 0.115827 360.470549 313.348263
43 52 51 0.089417 0.647710 0.262872 350.660219 322.524565
43 52 51 0.545185 0.007205 0.447611 349.451715 311.921340
43 52 51 0.927942 0.016978 0.055080 369.079971 303.918423
43 44 52 0.613105 0.203824 0.183071 379.493217 306.801756
43 44 52 0.310382 0.068101 0.621517 365.893555 313.978171
43 44 52 0.161188 0.838234 0.000579 406.287948 300.504243
43 44 52 0.975531 0.009054 0.015415 373.683624 300.676754
43 44 52 0.595724 0.401861 0.002415 389.296702 302.891134
43 44 52 0.427181 0.081689 0.491130 370.373130 311.591426
43 44 52 0.897475 0.077424 0.025100 377.877908 300.609191
43 44 52 0.268032 0.176186 0.555781 372.880662 313.621629
43 44 52 0.661157 0.233732 0.105110 376.517155 306.114262
43 44 52 0.405085 0.051811 0.543104 366.747574 316.343492
44 53 52 0.956706 0.027015 0.016279 411.064470 303.339577
44 53 52 0.643135 0.046642 0.310223 398.302113 311.367504
44 53 52 0.837681 0.037641 0.124678 408.098916 306.731764
44 53 52 0.136521 0.303693 0.559786 380.248418 327.007894
44 53 52 0.710128 0.281816 0.008056 411.977514 312.107965
44 53 52 0.254532 0.448768 0.296700 395.089392 323.211470
44 53 52 0.427747 0.011240 0.561014 381.375867 312.390207
44 53 52 0.389496 0.441550 0.168953 402.420101 316.514826
44 53 52 0.798688 0.108491 0.092821 406.405478 305.234437
44 53 52 0.073691 0.637063 0.289246 394.911117 325.025457
45 46 54 0.179773 0.099258 0.720969 115.206569 311.741373
45 46 54 0.046036 0.172703 0.781261 119.825420 315.990304
45 46 54 0.437941 0.294435 0.267624 115.655639 304.480916
45 46 54 0.272190 0.484603 0.243207 121.365897 306.285532
45 46 54 0.650614 0.323772 0.025615 112.618347 304.896670
45 46 54 0.972568 0.011795 0.015638 100.734979 302.230234
45 46 54 0.781804 0.204025 0.014170 112.782212 304.171540
45 46 54 0.755026 0.031415 0.213558 109.626267 304.415505
45 46 54 0.822035 0.052198 0.125767 104.452335 309.915174
45 46 54 0.469430 0.383852 0.146718 120.259447 305.843177
46 55 54 0.773989 0.193762 0.032250 139.405984 307.710039
46 55 54 0.131915 0.693407 0.174678 138.191075 314.678346
46 55 54 0.260609 0.489865 0.249525 137.369757 315.749342
46 55 54 0.769827 0.024227 0.205946 133.005275 309.687110
46 55 54 0.988838 0.003066 0.008096 136.168830 309.140911
46 55 54 0.407391 0.043821 0.548787 126.032084 314.395953
46 55 54 0.187217 0.179323 0.633460 126.765977 314.873104
46 55 54 0.496804 0.499511 0.003685 139.956646 313.758287
46 55 54 0.404914 0.489872 0.105214 138.287280 318.260795
46 55 54 0.643591 0.033602 0.322806 129.854237 312.831972
46 47 55 0.048371 0.496607 0.455022 160.078209 315.602596
46 47 55 0.066287 0.205075 0.728638 149.281258 315.300358
46 47 55 0.868452 0.110699 0.020849 143.764591 305.131122
46 47 55 0.859849 0.106205 0.033946 143.541032 308.708653
46 47 55 0.605733 0.207692 0.186575 147.346440 310.286337
46 47 55 0.576006 0.292653 0.131341 146.996741 307.655846
46 47 55 0.431033 0.478187 0.090780 157.624597 311.890856
46 47 55 0.026148 0.353299 0.620553 158.442457 316.933282
46 47 55 0.377433 0.169003 0.453564 148.391868 311.003888
46 47 55 0.516086 0.400708 0.083206 150.002938 308.887789
47 56 55 0.625086 0.059846 0.315067 166.242196 315.983731
47 56 55 0.185016 0.296744 0.518240 163.249161 319.724067
47 56 55 0.291754 0.247471 0.460774 166.650276 318.829737
47 56 55 0.788699 0.031782 0.179520 171.696425 312.469089
47 56 55 0.730257 0.105501 0.164242 169.256646 310.711878
47 56 55 0.970972 0.015228 0.013800 173.538729 308.297045
47 56 55 0.773161 0.059675 0.167164 164.321632 311.547126
47 56 55 0.333631 0.492178 0.174191 171.798144 319.977732
47 56 55 0.548330 0.224252 0.227419 167.417060 314.392962
47 56 55 0.102391 0.560711 0.336898 171.540024 321.844298
47 48 56 0.988378 0.005419 0.006204 174.079772 307.446044
47 48 56 0.383743 0.553210 0.063047 193.260511 314.819042
47 48 56 0.967684 0.027437 0.004880 174.567926 307.873402
47 48 56 0.840505 0.143268 0.016227 178.851333 306.472302
47 48 56 0.724798 0.132547 0.142655 179.624826 312.586482
47 48 56 0.708108 0.097163 0.194729 178.217574 311.966452
47 48 56 0.598727 0.178819 0.222454 178.232632 316.126464
47 48 56 0.109436 0.538265 0.352299 193.914025 318.958089
47 48 56 0.316300 0.052489 0.631211 182.690743 319.077882
47 48 56 0.776510 0.169866 0.053624 179.976781 311.381280
48 57 56 0.205366 0.000177 0.794457 187.548078 316.536697
48 57 56 0.592633 0.400512 0.006855 211.139567 319.379857
48 57 56 0.085083 0.253847 0.661070 193.589946 324.268403
48 57 56 0.229309 0.767762 0.002929 213.339084 320.431687
48 57 56 0.896178 0.078799 0.025023 208.503799 318.102108
48 57 56 0.011540 0.303017 0.685443 195.266013 326.747247
48 57 56 0.480360 0.130649 0.388990 197.026926 318.615211
48 57 56 0.047361 0.026355 0.926284 184.085829 322.660924
48 57 56 0.733632 0.148647 0.117721 205.284984 313.369827
48 57 56 0.972828 0.011914 0.015258 205.008153 311.041861
48 49 57 0.997603 0.001631 0.000766 203.374844 314.680835
48 49 57 0.162151 0.193127 0.644722 215.742304 321.184790
48 49 57 0.337066 0.541593 0.121342 229.174457 313.675275
48 49 57 0.073347 0.480253 0.446400 229.043919 319.728697
48 49 57 0.551317 0.436077 0.012606 220.870598 314.402867
48 49 57 0.088274 0.245733 0.665992 217.210321 323.137632
48 49 57 0.490139 0.150685 0.359176 216.089859 318.875370
48 49 57 0.287190 0.168109 0.544702 216.327622 322.111999
48 49 57 0.633334 0.328512 0.038154 220.797397 311.756527
48 49 57 0.951418 0.015875 0.032706 208.909357 316.249298
49 58 57 0.433871 0.299274 0.266855 237.715072 321.315644
49 58 57 0.086601 0.381986 0.531412 234.538358 324.863487
49 58 57 0.669300 0.170651 0.160049 238.516419 316.742218
49 58 57 0.748891 0.231970 0.019139 244.863733 314.936804
49 58 57 0.678119 0.237030 0.084852 243.109119 320.215459
49 58 57 0.788104 0.003901 0.207995 234.468969 319.377415
49 58 57 0.393566 0.344461 0.261973 236.969666 323.827852
49 58 57 0.202958 0.625890 0.171151 240.006196 321.652596
49 58 57 0.598664 0.219803 0.181533 238.291977 316.247218
49 58 57 0.516204 0.127137 0.356659 232.195229 318.922740
49 50 58 0.364370 0.230690 0.404940 257.009153 324.030915
49 50 58 0.381140 0.268543 0.350317 252.484485 320.128168
49 50 58 0.682943 0.249476 0.067581 254.664795 315.392127
49 50 58 0.992394 0.001266 0.006340 244.851423 313.507357
49 50 58 0.429463 0.310486 0.260051 256.423004 321.797759
49 50 58 0.241742 0.701007 0.057251 270.215428 318.059131
49 50 58 0.888638 0.090543 0.020818 247.583581 316.184417
49 50 58 0.734848 0.220464 0.044688 251.398312 318.129970
49 50 58 0.641105 0.143299 0.215596 251.869749 316.581610
49 50 58 0.793910 0.205805 0.000285 252.262375 314.993726
50 59 58 0.607626 0.103481 0.288893 271.494174 326.446672
50 59 58 0.544216 0.416329 0.039455 279.398061 325.399442
50 59 58 0.753368 0.140950 0.105682 279.553080 322.859858
50 59 58 0.393459 0.090221 0.516321 267.459922 325.433029
50 59 58 0.464918 0.044952 0.490129 264.328123 325.610780
50 59 58 0.478427 0.074779 0.446794 266.580386 320.686109
50 59 58 0.950176 0.043897 0.005927 281.889161 320.055713
50 59 58 0.299396 0.340280 0.360324 271.502398 325.195030
50 59 58 0.390972 0.480600 0.128427 278.860181 325.336361
50 59 58 0.695423 0.090833 0.213744 276.877941 321.323784
50 51 59 0.524299 0.185248 0.290453 290.594084 322.980091
50 51 59 0.560290 0.162784 0.276926 292.679276 321.204926
50 51 59 0.399403 0.425428 0.175169 301.406255 326.240653
50 51 59 0.568422 0.424141 0.007437 302.620891 321.639162
50 51 59 0.081795 0.014397 0.903809 281.370731 332.750816
50 51 59 0.078229 0.425792 0.495979 297.827843 330.009561
50 51 59 0.010175 0.500072 0.489753 305.410301 328.761371
50 51 59 0.912783 0.004243 0.082974 282.398417 320.275757
50 51 59 0.428650 0.153528 0.417823 291.346508 325.710995
50 51 59 0.326695 0.491354 0.181950 302.543162 325.022799
51 60 59 0.899371 0.079948 0.020681 324.333157 325.435467
51 60 59 0.839056 0.009366 0.151578 317.782974 325.276132
51 60 59 0.433387 0.039569 0.527043 299.917942 327.820160
51 60 59 0.237149 0.155436 0.607414 296.474318 329.744959
51 60 59 0.024919 0.761154 0.213927 311.187874 334.375495
51 60 59 0.037560 0.427201 0.535239 297.196998 335.884531
51 60 59 0.568317 0.390151 0.041532 319.041729 331.718362
51 60 59 0.192067 0.797446 0.010487 319.514423 335.307099
51 60 59 0.279447 0.569037 0.151516 310.043942 333.688287
51 60 59 0.641765 0.050546 0.307689 311.108996 326.402410
51 52 60 0.096969 0.576637 0.326394 345.258971 331.208236
51 52 60 0.008841 0.836656 0.154503 355.331867 330.888452
51 52 60 0.329095 0.305969 0.364935 331.415777 329.201313
51 52 60 0.369572 0.215870 0.414558 329.365559 327.197446
51 52 60 0.670510 0.069656 0.259834 322.907102 323.868815
51 52 60 0.655367 0.191419 0.153213 331.984409 327.153699
51 52 60 0.016662 0.763895 0.219443 352.702588 330.288218
51 52 60 0.803714 0.126669 0.069617 328.194157 325.058136
51 52 60 0.876037 0.059968 0.063995 323.885433 322.328979
51 52 60 0.185748 0.467457 0.346794 339.357406 328.823234
52 61 60 0.718906 0.031272 0.249823 348.376927 330.472895
52 61 60 0.539892 0.163215 0.296893 345.082907 331.485916
52 61 60 0.024168 0.680740 0.295092 347.111573 341.499612
52 61 60 0.887056 0.102356 0.010588 358.156322 328.184190
52 61 60 0.761040 0.074979 0.163981 352.827267 327.606341
52 61 60 0.440471 0.263716 0.295813 344.941675 336.132217
52 61 60 0.924517 0.063048 0.012435 363.928552 329.371034
52 61 60 0.159859 0.426948 0.413192 340.515143 341.522642
52 61 60 0.711190 0.073670 0.215140 349.379230 330.361655
52 61 60 0.564356 0.394484 0.041160 355.530508 333.867386
52 53 61 0.448868 0.245050 0.306083 366.733462 331.932528
52 53 61 0.346444 0.303643 0.349913 368.433656 332.513002
52 53 61 0.316932 0.298488 0.384580 366.779468 332.634727
52 53 61 0.598994 0.278897 0.122109 374.008769 328.063300
52 53 61 0.685802 0.195164 0.119034 366.581368 327.796805
52 53 61 0.326211 0.664968 0.008821 391.305221 331.369282
52 53 61 0.455015 0.507853 0.037132 382.484859 323.944536
52 53 61 0.839234 0.050353 0.110412 362.393530 326.277382
52 53 61 0.083446 0.210781 0.705773 364.573278 334.848263
52 53 61 0.350127 0.118215 0.531658 362.838666 339.238897
53 62 61 0.099552 0.228544 0.671904 369.863677 345.940295
53 62 61 0.571970 0.376430 0.051601 393.693805 337.859950
53 62 61 0.118948 0.739477 0.141575 388.821625 347.125948
53 62 61 0.827133 0.017407 0.155460 396.699674 327.323840
53 62 61 0.736716 0.241519 0.021764 397.489691 330.794968
53 62 61 0.562243 0.259019 0.178738 392.431482 336.408855
53 62 61 0.980742 0.018862 0.000395 403.426518 328.881962
53 62 61 0.597321 0.083514 0.319165 388.153987 337.436664
53 62 61 0.302181 0.347604 0.350214 380.848774 341.220181
53 62 61 0.137567 0.780860 0.081573 394.856530 346.218083
54 55 63 0.027567 0.242839 0.729594 133.029780 326.279232
54 55 63 0.371630 0.611160 0.017210 135.619062 315.304545
54 55 63 0.266591 0.496866 0.236543 135.478283 320.927584
54 55 63 0.527521 0.062609 0.409871 124.414210 321.014535
54 55 63 0.090043 0.727824 0.182133 139.543578 319.377277
54 55 63 0.394132 0.329274 0.276594 129.861724 321.147575
54 55 63 0.420225 0.271141 0.308634 128.442526 324.307573
54 55 63 0.498391 0.410342 0.091267 132.239953 318.658787
54 55 63 0.667040 0.328640 0.004320 125.015256 320.337408
54 55 63 0.036245 0.681308 0.282447 141.248319 323.392129
55 64 63 0.199660 0.626947 0.173393 152.273170 327.465997
55 64 63 0.034157 0.111372 0.854471 130.580745 327.699125
55 64 63 0.535784 0.056844 0.407373 142.300014 322.037923
55 64 63 0.603069 0.242198 0.154733 147.345610 324.147551
55 64 63 0.492699 0.241349 0.265952 148.836901 323.693469
55 64 63 0.267588 0.140983 0.591429 139.205103 330.945429
55 64 63 0.655133 0.292753 0.052114 149.913882 324.055449
55 64 63 0.546131 0.012367 0.441501 138.950048 324.459401
55 64 63 0.371857 0.503367 0.124776 150.321963 327.583028
55 64 63 0.038404 0.526212 0.435384 144.667967 328.516370
55 56 64 0.096460 0.896829 0.006711 181.008259 323.742589
55 56 64 0.381519 0.352058 0.266424 161.773022 321.241448
55 56 64 0.550350 0.380842 0.068808 163.333099 323.243317
55 56 64 0.415559 0.457036 0.127406 166.052752 320.884063
55 56 64 0.510680 0.274765 0.214555 159.534821 323.748853
55 56 64 0.651742 0.182495 0.165763 154.425199 322.005990
55 56 64 0.797277 0.089840 0.112882 155.022055 319.429241
55 56 64 0.333141 0.113032 0.553827 157.590730 324.878909
55 56 64 0.965932 0.015844 0.018224 149.697064 319.488949
55 56 64 0.155283 0.192059 0.652658 161.005655 324.250880
56 65 64 0.830846 0.121065 0.048089 184.803296 326.517057
56 65 64 0.673286 0.146960 0.179754 180.394188 326.686542
56 65 64 0.241840 0.102282 0.655878 166.022945 330.993528
56 65 64 0.657389 0.035433 0.307178 177.182651 327.015885
56 65 64 0.913321 0.052821 0.033858 183.040627 325.803402
56 65 64 0.715078 0.126741 0.158181 182.313936 324.618486
56 65 64 0.193981 0.671585 0.134434 184.072352 329.870741
56 65 64 0.077171 0.539787 0.383042 176.809080 331.623245
56 65 64 0.269143 0.299190 0.431668 173.469147 325.385514
56 65 64 0.036628 0.096059 0.867314 161.591917 328.926916
56 57 65 0.417261 0.437678 0.145062 198.500832 329.589533
56 57 65 0.250845 0.586861 0.162294 203.873193 326.006453
56 57 65 0.632106 0.182523 0.185370 188.295230 327.023399
56 57 65 0.632883 0.267657 0.099460 194.918114 325.880046
56 57 65 0.368540 0.266014 0.365446 194.794275 325.321689
56 57 65 0.634774 0.308357 0.056870 192.169033 323.186573
56 57 65 0.137095 0.671917 0.190988 206.053916 324.807990
56 57 65 0.336423 0.143593 0.519985 188.927020 325.802224
56 57 65 0.862658 0.127699 0.009643 188.271664 328.844250
56 57 65 0.662437 0.162297 0.175266 189.490021 324.437483
57 66 65 0.724879 0.059032 0.216089 212.203574 326.261544
57 66 65 0.087641 0.721987 0.190372 210.815166 335.118659
57 66 65 0.899011 0.094521 0.006468 215.854710 325.013833
57 66 65 0.244215 0.479557 0.276228 208.403422 334.353102
57 66 65 0.425466 0.185546 0.388988 204.977930 330.968398
57 66 65 0.762566 0.124631 0.112803 214.969630 325.191037
57 66 65 0.444440 0.151991 0.403569 203.828186 328.528966
57 66 65 0.347787 0.141754 0.510459 201.058272 326.378012
57 66 65 0.540567 0.005197 0.454236 200.788817 327.278326
57 66 65 0.141881 0.563734 0.294385 211.095876 331.634477
57 58 66 0.755839 0.050495 0.193666 215.034724 323.563514
57 58 66 0.908904 0.051323 0.039773 215.919596 328.096653
57 58 66 0.631210 0.229583 0.139206 219.336010 323.034157
57 58 66 0.074081 0.388497 0.537422 229.758084 335.159581
57 58 66 0.292223 0.375555 0.332222 229.617885 333.612573
57 58 66 0.885681 0.081479 0.032840 214.482017 325.940760
57 58 66 0.920448 0.053836 0.025715 217.433032 324.418529
57 58 66 0.928709 0.017076 0.054214 215.584351 322.034958
57 58 66 0.075929 0.078545 0.845526 219.500156 333.815563
57 58 66 0.884101 0.006732 0.109167 214.076699 327.102198
58 67 66 0.858103 0.070540 0.071358 249.052782 329.380706
58 67 66 0.272204 0.083404 0.644392 231.649906 338.017201
58 67 66 0.737368 0.202194 0.060438 248.410945 327.681277
58 67 66 0.299090 0.665016 0.035894 250.488004 332.466103
58 67 66 0.952449 0.040236 0.007315 247.647019 328.533576
58 67 66 0.787175 0.096935 0.115890 245.190399 330.461064
58 67 66 0.204818 0.362199 0.432983 236.738552 332.456588
58 67 66 0.781577 0.185726 0.032697 247.858549 331.063813
58 67 66 0.003751 0.157203 0.839046 227.590969 333.666762
58 67 66 0.914311 0.080260 0.005428 247.779216 331.541065
58 59 67 0.903035 0.072998 0.023967 251.584488 325.817361
58 59 67 0.783072 0.054324 0.162604 250.988572 333.875626
58 59 67 0.014529 0.529559 0.455912 265.462996 335.386655
58 59 67 0.626512 0.314385 0.059103 258.044204 334.303287
58 59 67 0.884431 0.077950 0.037619 253.150823 332.582577
58 59 67 0.285087 0.451948 0.262965 262.921117 333.847636
58 59 67 0.363181 0.218490 0.418330 258.745582 333.259434
58 59 67 0.204672 0.305759 0.489569 257.706102 332.009559
58 59 67 0.418035 0.489426 0.092539 265.452634 331.458821
58 59 67 0.280540 0.361350 0.358109 261.366712 333.850000
59 68 67 0.159311 0.601774 0.238915 274.535833 339.624842
59 68 67 0.879583 0.090665 0.029752 284.604340 333.050252
59 68 67 0.162059 0.692848 0.145092 274.925451 343.289712
59 68 67 0.273393 0.314032 0.412575 267.745238 338.563169
59 68 67 0.858098 0.014112 0.127790 278.869831 332.337068
59 68 67 0.037200 0.962347 0.000453 281.674135 341.646917
59 68 67 0.403331 0.484766 0.111903 279.209566 333.009843
59 68 67 0.947302 0.008701 0.043998 280.640556 333.400734
59 68 67 0.279393 0.256739 0.463868 266.096405 334.508706
59 68 67 0.664333 0.059903 0.275764 271.613872 333.172860
59 60 68 0.490614 0.294944 0.214442 293.522458 337.914156
59 60 68 0.688615 0.071554 0.239832 282.242247 337.481092
59 60 68 0.732253 0.243655 0.024092 290.690826 329.667933
59 60 68 0.208550 0.725639 0.065810 310.122444 341.543742
59 60 68 0.887164 0.096365 0.016471 290.602108 336.765401
59 60 68 0.797205 0.159732 0.043063 288.640569 333.055265
59 60 68 0.569762 0.386585 0.043653 296.727728 334.168068
59 60 68 0.453094 0.144042 0.402865 286.897065 339.929809
59 60 68 0.446986 0.353657 0.199357 297.329862 336.352489
59 60 68 0.551579 0.144712 0.303709 285.681706 336.539685
60 69 68 0.953861 0.040224 0.005914 316.391889 335.665654
60 69 68 0.857756 0.074807 0.067437 314.591191 336.770462
60 69 68 0.405499 0.389238 0.205263 310.740493 338.621568
60 69 68 0.083774 0.760830 0.155396 310.724312 345.157898
60 69 68 0.494463 0.450436 0.055101 311.312645 345.605279
60 69 68 0.424204 0.486033 0.089763 314.045027 345.460681
60 69 68 0.820278 0.098018 0.081704 315.250654 338.717701
60 69 68 0.933114 0.005650 0.061235 314.602882 338.281662
60 69 68 0.631663 0.009042 0.359294 307.290215 337.412175
60 69 68 0.171541 0.361406 0.467053 302.116201 343.097780
60 61 69 0.551152 0.433371 0.015477 333.858187 336.649792
60 61 69 0.824599 0.075714 0.099688 320.582097 339.143188
60 61 69 0.305550 0.002941 0.691509 315.179630 345.724917
60 61 69 0.208748 0.466111 0.325141 336.070152 340.487067
60 61 69 0.534791 0.231660 0.233548 325.075030 345.887239
60 61 69 0.646389 0.060541 0.293071 318.614044 339.589621
60 61 69 0.037432 0.946088 0.016480 352.830522 342.390122
60 61 69 0.601341 0.277900 0.120759 331.822621 337.326260
60 61 69 0.774758 0.189841 0.035401 327.001450 341.457457
60 61 69 0.268031 0.485654 0.246315 338.345886 343.795129
61 70 69 0.410858 0.373201 0.215941 340.245679 345.842527
61 70 69 0.352723 0.313927 0.333350 336.886179 346.759360
61 70 69 0.013605 0.421320 0.565075 327.297555 345.637782
61 70 69 0.781620 0.200685 0.017696 353.098260 344.422598
61 70 69 0.993382 0.006260 0.000358 354.530932 343.933758
61 70 69 0.510370 0.075953 0.413677 340.396724 347.933089
61 70 69 0.311417 0.273032 0.415552 338.169557 346.599833
61 70 69 0.780715 0.146702 0.072582 350.355634 342.837089
61 70 69 0.942141 0.047680 0.010179 352.052286 341.400795
61 70 69 0.394723 0.536272 0.069006 351.442872 346.569745
61 62 70 0.380837 0.355540 0.263624 369.414909 347.700431
61 62 70 0.079190 0.818832 0.101978 385.265287 347.954063
61 62 70 0.885064 0.004508 0.110429 358.426243 344.237279
61 62 70 0.374592 0.062940 0.562468 352.472523 346.357807
61 62 70 0.026816 0.472536 0.500648 375.712460 346.906042
61 62 70 0.558903 0.419587 0.021510 372.559300 343.939711
61 62 70 0.053310 0.387346 0.559344 364.222761 349.338908
61 62 70 0.154542 0.584914 0.260544 376.750670 346.592214
61 62 70 0.517412 0.060205 0.422384 352.686937 343.654766
61 62 70 0.113577 0.742543 0.143880 383.048131 347.727701
62 71 70 0.856708 0.128791 0.014501 392.929826 349.356280
62 71 70 0.419609 0.142428 0.437963 372.764059 353.704744
62 71 70 0.128053 0.742390 0.129556 380.878619 350.818145
62 71 70 0.127745 0.123884 0.748371 361.604449 354.330507
62 71 70 0.202994 0.465012 0.331994 373.759581 350.820437
62 71 70 0.538149 0.434777 0.027074 386.945446 353.082337
62 71 70 0.702650 0.115636 0.181715 387.369867 351.198581
62 71 70 0.355607 0.119924 0.524468 370.007058 349.315030
62 71 70 0.517142 0.384642 0.098216 382.973863 348.213644
62 71 70 0.427936 0.119388 0.452676 370.363573 350.327337
63 64 72 0.814010 0.126441 0.059548 133.230063 329.289699
63 64 72 0.735806 0.192377 0.071816 134.924852 328.203290
63 64 72 0.970612 0.013808 0.015580 129.929016 332.460049
63 64 72 0.985887 0.012410 0.001704 128.744153 325.625704
63 64 72 0.075868 0.574859 0.349273 148.186251 330.562532
63 64 72 0.093885 0.005772 0.900343 136.507942 335.867044
63 64 72 0.766689 0.140173 0.093138 132.629319 327.910629
63 64 72 0.701968 0.287329 0.010703 138.140793 326.872019
63 64 72 0.565278 0.427887 0.006835 144.344140 331.883462
63 64 72 0.869457 0.007823 0.122720 133.246768 328.012900
64 73 72 0.506856 0.114806 0.378338 153.604213 333.147605
64 73 72 0.672731 0.092025 0.235245 154.978526 329.506434
64 73 72 0.528984 0.183500 0.287516 154.488309 331.375791
64 73 72 0.486109 0.475297 0.038593 158.988849 334.985365
64 73 72 0.560613 0.238998 0.200389 156.900145 334.994011
64 73 72 0.688392 0.259898 0.051710 160.963292 335.521770
64 73 72 0.976843 0.008131 0.015026 157.213104 326.959465
64 73 72 0.474235 0.079976 0.445789 145.249493 337.232386
64 73 72 0.259057 0.181944 0.558999 145.082294 337.962615
64 73 72 0.262117 0.376162 0.361721 151.687703 337.862947
64 65 73 0.049793 0.446606 0.503601 176.968504 336.348698
64 65 73 0.217958 0.023502 0.758540 166.699503 335.498143
64 65 73 0.820038 0.162126 0.017836 164.351661 331.267067
64 65 73 0.247653 0.351784 0.400563 174.780924 333.973282
64 65 73 0.484434 0.188847 0.326719 170.578325 333.814157
64 65 73 0.109594 0.876132 0.014274 183.449671 330.164584
64 65 73 0.864849 0.110342 0.024809 162.593054 329.619771
64 65 73 0.278979 0.326184 0.394838 172.966459 336.860158
64 65 73 0.628634 0.204692 0.166674 168.354438 333.412446
64 65 73 0.860515 0.130588 0.008897 164.886971 328.932154
65 74 73 0.563921 0.032221 0.403858 180.357870 333.967638
65 74 73 0.582726 0.130444 0.286830 185.287756 332.712589
65 74 73 0.703459 0.105886 0.190656 184.894364 334.450986
65 74 73 0.286332 0.254033 0.459636 179.360380 334.276906
65 74 73 0.905486 0.089364 0.005150 191.723657 330.194834
65 74 73 0.765966 0.033395 0.200639 186.126393 337.088411
65 74 73 0.187846 0.760658 0.051496 193.277725 337.713137
65 74 73 0.674920 0.071333 0.253747 184.389925 332.918536
65 74 73 0.247809 0.375944 0.376247 183.438300 342.611016
65 74 73 0.266413 0.519715 0.213872 187.754707 336.537148
65 66 74 0.676837 0.072293 0.250870 194.052163 335.176077
65 66 74 0.445690 0.225332 0.328978 196.730288 334.223028
65 66 74 0.524342 0.097872 0.377786 193.093221 335.949506
65 66 74 0.741737 0.099432 0.158831 193.587849 330.339926
65 66 74 0.077070 0.231570 0.691360 200.474671 338.585435
65 66 74 0.511774 0.020268 0.467958 193.980232 336.419537
65 66 74 0.202272 0.467712 0.330017 207.522676 334.501217
65 66 74 0.002531 0.653323 0.344146 209.316189 338.544729
65 66 74 0.049785 0.620055 0.330159 209.009011 335.713593
65 66 74 0.883068 0.015660 0.101272 189.782857 335.764636
66 75 74 0.223161 0.416690 0.360149 215.018704 342.660987
66 75 74 0.553428 0.267223 0.179349 220.065554 337.372571
66 75 74 0.660205 0.224503 0.115292 219.876114 337.252744
66 75 74 0.282036 0.433967 0.283997 219.263954 337.993767
66 75 74 0.928971 0.014020 0.057009 218.560562 339.183772
66 75 74 0.161844 0.451331 0.386825 212.962590 342.254128
66 75 74 0.048045 0.168827 0.783129 203.022912 341.984979
66 75 74 0.381629 0.419637 0.198734 218.043409 340.656211
66 75 74 0.437131 0.492818 0.070051 221.096152 341.688483
66 75 74 0.368177 0.512890 0.118933 221.587004 338.232614
66 67 75 0.981764 0.003283 0.014953 222.084694 337.606295
66 67 75 0.547005 0.399664 0.053330 229.274478 337.540027
66 67 75 0.963273 0.030607 0.006121 224.905300 334.085851
66 67 75 0.206274 0.561603 0.232124 238.532942 336.601624
66 67 75 0.855169 0.081178 0.063653 222.080588 331.825055
66 67 75 0.846252 0.083260 0.070488 223.276246 339.038468
66 67 75 0.308012 0.640573 0.051415 240.489770 339.206979
66 67 75 0.993086 0.005000 0.001914 219.645561 332.343902
66 67 75 0.355514 0.289150 0.355336 235.727037 339.384810
66 67 75 0.877090 0.059401 0.063508 221.230640 335.563217
67 76 75 0.302590 0.458578 0.238832 246.650251 342.193601
67 76 75 0.986645 0.005370 0.007985 254.120513 342.964033
67 76 75 0.523217 0.232208 0.244575 245.596728 341.587894
67 76 75 0.545720 0.244567 0.209713 242.320210 340.351547
67 76 75 0.211381 0.630943 0.157677 247.106153 344.609805
67 76 75 0.082525 0.629034 0.288440 247.473113 345.666908
67 76 75 0.735757 0.083620 0.180623 249.904684 339.565480
67 76 75 0.276328 0.639515 0.084157 256.283482 345.344935
67 76 75 0.882639 0.076012 0.041348 253.263552 340.810154
67 76 75 0.058906 0.247597 0.693496 234.047508 343.791873
67 68 76 0.367893 0.172923 0.459183 260.623495 344.358176
67 68 76 0.467183 0.436813 0.096004 267.493198 343.584715
67 68 76 0.336110 0.601073 0.062817 271.368205 343.510631
67 68 76 0.851275 0.025855 0.122870 251.646626 339.393908
67 68 76 0.190056 0.620317 0.189627 271.955709 342.632148
67 68 76 0.993857 0.003744 0.002399 248.387927 341.385517
67 68 76 0.092083 0.240458 0.667459 261.392362 345.878218
67 68 76 0.872264 0.033427 0.094309 253.821164 338.810189
67 68 76 0.482400 0.396361 0.121239 267.024348 343.908776
67 68 76 0.968245 0.010426 0.021329 252.508190 339.139620
68 77 76 0.718562 0.233192 0.048246 284.927961 343.210666
68 77 76 0.053097 0.685485 0.261418 275.719325 350.543849
68 77 76 0.307633 0.215041 0.477326 265.783824 345.678619
68 77 76 0.032192 0.759247 0.208561 275.878779 350.000920
68 77 76 0.144487 0.276373 0.579141 268.533395 345.019509
68 77 76 0.335565 0.128101 0.536334 266.756668 345.261208
68 77 76 0.865701 0.112016 0.022284 283.908686 343.111002
68 77 76 0.686605 0.177676 0.135719 277.279833 342.700950
68 77 76 0.395093 0.376913 0.227994 277.865520 349.628803
68 77 76 0.472976 0.483845 0.043178 283.294409 348.588176
68 69 77 0.575913 0.392502 0.031585 299.433561 345.487138
68 69 77 0.044821 0.563381 0.391799 304.113452 346.218249
68 69 77 0.585459 0.288566 0.125975 293.241628 345.976994
68 69 77 0.445838 0.093355 0.460807 282.570850 344.055146
68 69 77 0.987848 0.010979 0.001173 283.122084 341.552797
68 69 77 0.252329 0.692487 0.055184 305.494397 343.162039
68 69 77 0.434968 0.420353 0.144679 296.286294 343.957583
68 69 77 0.139325 0.469917 0.390758 298.622555 348.635626
68 69 77 0.293070 0.283017 0.423913 290.112034 344.443004
68 69 77 0.417535 0.176936 0.405529 288.381412 343.169293
69 78 77 0.691179 0.290150 0.018671 316.568068 349.484687
69 78 77 0.611897 0.072449 0.315654 306.423030 347.375241
69 78 77 0.684104 0.273745 0.042151 310.674500 348.662290
69 78 77 0.262340 0.708879 0.028781 313.426494 356.307088
69 78 77 0.841206 0.052122 0.106672 310.198298 348.897329
69 78 77 0.649987 0.122728 0.227284 305.307344 348.512752
69 78 77 0.960023 0.014251 0.025726 315.717611 346.364326
69 78 77 0.410383 0.401514 0.188102 306.359191 348.134684
69 78 77 0.169918 0.118084 0.711998 292.573433 349.346231
69 78 77 0.534687 0.206098 0.259215 303.379316 349.096048
69 70 78 0.909357 0.019192 0.071451 315.657499 347.014380
69 70 78 0.932432 0.060571 0.006997 315.951253 347.070817
69 70 78 0.529310 0.040881 0.429809 316.758742 349.887090
69 70 78 0.027999 0.802663 0.169338 343.078102 349.101611
69 70 78 0.760083 0.225914 0.014002 323.453282 347.905786
69 70 78 0.778486 0.184866 0.036648 323.087465 348.469798
69 70 78 0.051516 0.890507 0.057977 343.635696 348.368845
69 70 78 0.141360 0.296671 0.561969 321.684459 352.184641
69 70 78 0.182135 0.501059 0.316806 333.656537 349.699896
69 70 78 0.525741 0.336747 0.137513 327.654232 347.939700
70 79 78 0.228124 0.185055 0.586821 327.821426 356.075104
70 79 78 0.748284 0.113607 0.138109 344.089739 352.964405
70 79 78 0.873968 0.027559 0.098473 346.472602 348.218450
70 79 78 0.632606 0.262517 0.104877 344.295736 353.240110
70 79 78 0.542908 0.252406 0.204686 344.383716 356.637943
70 79 78 0.533804 0.124380 0.341817 335.279433 355.048654
70 79 78 0.073612 0.155911 0.770477 320.345785 356.498659
70 79 78 0.160081 0.420424 0.419495 332.902804 357.792414
70 79 78 0.165032 0.556257 0.278711 337.180923 359.379855
70 79 78 0.231615 0.742367 0.026018 345.605474 357.367757
70 71 79 0.965909 0.010865 0.023226 347.993057 354.089177
70 71 79 0.416615 0.085233 0.498152 350.486924 358.411299
70 71 79 0.778880 0.163924 0.057196 357.362111 353.056823
70 71 79 0.469752 0.456384 0.073863 363.610431 357.247916
70 71 79 0.002918 0.810840 0.186242 375.399505 357.425126
70 71 79 0.928995 0.058598 0.012407 348.378917 355.461402
70 71 79 0.975727 0.022230 0.002043 351.607030 348.275001
70 71 79 0.978919 0.007598 0.013484 349.590852 351.155872
70 71 79 0.070334 0.606009 0.323657 371.692198 358.252697
70 71 79 0.009121 0.716718 0.274161 375.260845 357.347251
71 80 79 0.759016 0.177316 0.063669 383.113760 356.332741
71 80 79 0.031235 0.844830 0.123935 374.004752 361.887061
71 80 79 0.214726 0.340633 0.444640 362.540785 360.934227
71 80 79 0.794173 0.082863 0.122963 378.609270 356.630373
71 80 79 0.587271 0.354972 0.057757 378.578838 361.800549
71 80 79 0.825817 0.118806 0.055377 383.992877 355.797851
71 80 79 0.204961 0.341313 0.453726 362.631417 357.625763
71 80 79 0.402498 0.343671 0.253831 367.863029 357.865065
71 80 79 0.299094 0.282483 0.418423 364.919509 361.218269
71 80 79 0.706953 0.190108 0.102939 378.718124 359.283268
