0 1 9 0.736845 0.151104 0.112051 62.451133 129.204345
0 1 9 0.158087 0.503304 0.338609 75.758284 135.847345
0 1 9 0.228385 0.768279 0.003335 89.769744 122.315144
0 1 9 0.743538 0.244348 0.012114 65.142432 123.455665
0 1 9 0.449964 0.238069 0.311967 69.305307 137.088751
0 1 9 0.175947 0.095282 0.728770 58.564066 155.239173
0 1 9 0.821853 0.150764 0.027383 58.847829 122.159670
0 1 9 0.121043 0.742669 0.136288 88.134894 128.976402
0 1 9 0.442138 0.172343 0.385519 61.890363 141.633263
0 1 9 0.874978 0.084437 0.040585 60.906634 125.047787
1 10 9 0.898172 0.027287 0.074541 98.134714 128.862545
1 10 9 0.859444 0.025431 0.115126 93.917237 126.481627
1 10 9 0.846985 0.097364 0.055650 95.653318 129.389439
1 10 9 0.936501 0.025435 0.038064 102.385515 125.416507
1 10 9 0.679422 0.062281 0.258297 90.841439 137.122689
1 10 9 0.298279 0.304512 0.397209 87.179417 155.680694
1 10 9 0.026488 0.319714 0.653798 71.339494 169.733644
1 10 9 0.833708 0.125384 0.040907 98.839035 127.256216
1 10 9 0.318780 0.535759 0.145461 96.297041 154.881813
1 10 9 0.617740 0.245573 0.136687 95.120959 136.919726
1 2 10 0.795212 0.044366 0.160423 104.707968 128.405470
1 2 10 0.395956 0.050753 0.553291 106.042282 145.495590
1 2 10 0.623204 0.343188 0.033608 117.410674 125.383679
1 2 10 0.084659 0.754164 0.161177 137.131775 127.679443
1 2 10 0.153615 0.064140 0.782246 107.355381 153.965287
1 2 10 0.532996 0.414694 0.052310 121.570866 124.642616
1 2 10 0.881532 0.027502 0.090966 102.670591 125.362040
1 2 10 0.045438 0.341806 0.612757 116.587267 148.906205
1 2 10 0.316479 0.119239 0.564282 108.315370 150.804718
1 2 10 0.896376 0.052521 0.051104 104.680056 122.521054
2 11 10 0.971810 0.009591 0.018599 148.163357 124.672301
2 11 10 0.699842 0.077079 0.223079 135.677671 135.097540
2 11 10 0.289879 0.276490 0.433630 127.252436 151.335754
2 11 10 0.463564 0.463645 0.072791 145.299161 148.229895
2 11 10 0.473401 0.265926 0.260673 133.769687 149.513511
2 11 10 0.756193 0.043017 0.200790 138.108965 132.808876
2 11 10 0.242579 0.341905 0.415516 129.110923 157.249906
2 11 10 0.603088 0.069307 0.327605 132.222902 140.712413
2 11 10 0.280297 0.579764 0.139939 141.165407 156.589287
2 11 10 0.940433 0.047759 0.011808 146.693059 124.182395
2 3 11 0.168728 0.552548 0.278724 171.725733 134.264957
2 3 11 0.228126 0.589760 0.182114 171.750714 127.453809
2 3 11 0.619766 0.346334 0.033900 165.289190 119.709086
2 3 11 0.545102 0.164637 0.290261 155.894437 131.837199
2 3 11 0.912369 0.082465 0.005166 148.529059 121.800578
2 3 11 0.203864 0.210697 0.585439 156.256602 147.248091
2 3 11 0.923960 0.025366 0.050674 147.156107 127.823348
2 3 11 0.945539 0.015039 0.039422 144.397146 123.047135
2 3 11 0.086962 0.020910 0.892127 148.513627 163.023942
2 3 11 0.775706 0.032650 0.191644 149.352272 130.112423
3 12 11 0.997352 0.000244 0.002403 192.289115 120.776805
3 12 11 0.021932 0.523873 0.454195 174.110476 163.802912
3 12 11 0.088667 0.804675 0.106658 188.017088 163.036023
3 12 11 0.617584 0.081495 0.300921 181.270779 135.651517
3 12 11 0.499481 0.405881 0.094637 186.211461 144.511182
3 12 11 0.007716 0.475422 0.516862 173.861047 166.585412
3 12 11 0.104482 0.131670 0.763847 157.301220 161.096080
3 12 11 0.633428 0.027375 0.339197 177.824634 136.498792
3 12 11 0.170277 0.714199 0.115524 189.777820 160.195055
3 12 11 0.958730 0.020244 0.021026 193.030305 124.817174
3 4 12 0.978314 0.002917 0.018769 189.896667 121.132501
3 4 12 0.556040 0.101273 0.342687 194.909558 140.180791
3 4 12 0.062183 0.357035 0.580782 210.525690 146.330971
3 4 12 0.414255 0.172362 0.413383 203.311428 140.529357
3 4 12 0.041231 0.592100 0.366668 223.112632 138.537127
3 4 12 0.751598 0.063660 0.184742 195.379347 128.275158
3 4 12 0.110990 0.173127 0.715883 202.426002 151.753930
3 4 12 0.317461 0.368894 0.313645 211.921528 136.357823
3 4 12 0.197650 0.241437 0.560913 203.829691 145.001657
3 4 12 0.084755 0.394461 0.520784 210.675898 143.120229
4 13 12 0.804226 0.004874 0.190900 230.541089 131.179638
4 13 12 0.618769 0.060969 0.320262 224.168134 140.966368
4 13 12 0.423735 0.405697 0.170568 232.232830 146.806764
4 13 12 0.532840 0.460959 0.006202 239.316397 145.462953
4 13 12 0.640581 0.277238 0.082180 235.369608 139.308632
4 13 12 0.982440 0.008752 0.008808 236.065652 125.316563
4 13 12 0.953172 0.042249 0.004578 235.736424 125.957708
4 13 12 0.228502 0.187864 0.583634 215.497610 153.444750
4 13 12 0.986554 0.008960 0.004486 235.736527 122.131518
4 13 12 0.656121 0.235510 0.108369 233.175772 135.158598
4 5 13 0.813539 0.071548 0.114913 239.766275 126.074141
4 5 13 0.795499 0.023900 0.180601 239.862212 130.563007
4 5 13 0.232976 0.749307 0.017718 273.902053 120.724659
4 5 13 0.850383 0.024109 0.125508 232.333672 126.612188
4 5 13 0.952896 0.007210 0.039894 239.805980 126.111622
4 5 13 0.315117 0.620442 0.064442 271.486333 125.192701
4 5 13 0.155166 0.334122 0.510712 254.102058 143.075664
4 5 13 0.543789 0.029883 0.426328 237.402473 140.270430
4 5 13 0.307652 0.399270 0.293079 258.458222 139.382182
4 5 13 0.648191 0.229387 0.122422 249.011204 128.326943
5 14 13 0.085501 0.527347 0.387151 271.885987 161.536110
5 14 13 0.142507 0.640017 0.217476 277.114972 162.724990
5 14 13 0.426624 0.405893 0.167483 277.559682 147.030088
5 14 13 0.089710 0.433777 0.476513 266.707406 164.058750
5 14 13 0.514437 0.246296 0.239267 277.984235 146.117752
5 14 13 0.508810 0.383057 0.108133 282.803561 141.804402
5 14 13 0.917719 0.004936 0.077344 282.361377 127.369713
5 14 13 0.982523 0.001051 0.016426 285.830747 122.569009
5 14 13 0.159631 0.586975 0.253394 278.930353 160.746486
5 14 13 0.954834 0.011101 0.034065 283.624503 123.775554
5 6 14 0.305150 0.643993 0.050857 318.379750 124.681547
5 6 14 0.288156 0.164646 0.547198 297.463960 147.611086
5 6 14 0.547706 0.138103 0.314191 293.668448 137.745663
5 6 14 0.263841 0.633044 0.103114 314.245233 126.590465
5 6 14 0.263993 0.247588 0.488420 298.847350 144.685411
5 6 14 0.848389 0.115610 0.036001 291.565976 123.468036
5 6 14 0.859404 0.118416 0.022180 293.359261 127.748255
5 6 14 0.105104 0.179281 0.715615 297.178774 154.259617
5 6 14 0.249651 0.639730 0.110618 313.447472 130.892280
5 6 14 0.965259 0.013372 0.021369 286.549876 119.311685
6 15 14 0.215444 0.229632 0.554924 310.109394 158.849666
6 15 14 0.862017 0.095260 0.042723 332.472525 130.281027
6 15 14 0.644992 0.015651 0.339357 316.257894 136.118339
6 15 14 0.609507 0.332751 0.057741 328.180841 140.849659
6 15 14 0.451416 0.478863 0.069722 331.202212 149.043192
6 15 14 0.523252 0.335876 0.140872 323.999613 147.195769
6 15 14 0.832676 0.017344 0.149980 327.246234 132.386963
6 15 14 0.970348 0.010337 0.019315 331.776621 126.931187
6 15 14 0.961503 0.004937 0.033560 331.843847 125.216919
6 15 14 0.150230 0.134861 0.714909 301.329961 160.487337
6 7 15 0.687399 0.084901 0.227700 334.571822 137.743001
6 7 15 0.290103 0.280859 0.429038 347.416088 142.711819
6 7 15 0.866267 0.047043 0.086690 338.449786 129.493021
6 7 15 0.355290 0.047716 0.596994 332.140640 151.520067
6 7 15 0.455750 0.186933 0.357317 342.458140 137.445573
6 7 15 0.669357 0.064650 0.265992 337.324669 139.313430
6 7 15 0.634672 0.240303 0.125025 344.713318 130.941678
6 7 15 0.984473 0.014109 0.001418 331.221267 126.097992
6 7 15 0.161035 0.570242 0.268723 358.359502 135.204403
6 7 15 0.828245 0.070415 0.101340 337.134137 129.379306
7 16 15 0.182833 0.409733 0.407435 363.265857 161.672250
7 16 15 0.482540 0.319535 0.197924 371.340575 146.116786
7 16 15 0.921024 0.037685 0.041291 374.889132 129.491597
7 16 15 0.497054 0.101585 0.401361 361.078839 145.569920
7 16 15 0.808778 0.054124 0.137098 370.394986 137.330652
7 16 15 0.453865 0.465166 0.080970 377.263927 147.652358
7 16 15 0.809047 0.066481 0.124472 370.384732 134.589848
7 16 15 0.189885 0.287954 0.522161 352.661399 160.219995
7 16 15 0.029988 0.899460 0.070552 378.684072 169.441309
7 16 15 0.471417 0.176344 0.352239 360.385958 150.148358
7 8 16 0.173055 0.465216 0.361728 396.978852 140.418260
7 8 16 0.494050 0.145200 0.360750 383.741536 142.330735
7 8 16 0.182846 0.434623 0.382531 395.882615 141.904331
7 8 16 0.837808 0.019369 0.142824 378.935869 131.166884
7 8 16 0.455760 0.212979 0.331261 387.812928 137.828580
7 8 16 0.531075 0.377595 0.091330 393.524867 131.185802
7 8 16 0.638110 0.062175 0.299715 381.183588 138.222720
7 8 16 0.146116 0.617193 0.236692 402.587539 134.192073
7 8 16 0.761743 0.030514 0.207742 379.608749 132.620400
7 8 16 0.229515 0.148700 0.621785 387.747523 153.511279
8 17 16 0.050805 0.110684 0.838510 389.103091 169.485099
8 17 16 0.494342 0.446560 0.059097 412.488182 147.684566
8 17 16 0.146378 0.449289 0.404332 405.795640 160.970561
8 17 16 0.797333 0.142009 0.060658 415.645064 134.026890
8 17 16 0.082483 0.859530 0.057987 423.876651 165.151313
8 17 16 0.737050 0.009911 0.253038 405.453043 138.419535
8 17 16 0.955879 0.020666 0.023454 415.942307 129.338249
8 17 16 0.349405 0.522976 0.127620 420.401661 153.608810
8 17 16 0.901011 0.024304 0.074685 414.739048 131.392345
8 17 16 0.990771 0.005418 0.003811 417.859967 130.915382
9 10 18 0.808301 0.099728 0.091971 60.721789 174.045948
9 10 18 0.698064 0.122033 0.179903 65.602936 175.910812
9 10 18 0.462621 0.053963 0.483416 61.220630 188.091813
9 10 18 0.066769 0.466226 0.467005 79.921033 190.184327
9 10 18 0.631816 0.346746 0.021439 72.922867 169.548961
9 10 18 0.748265 0.237839 0.013897 66.343727 171.207461
9 10 18 0.879627 0.120043 0.000330 61.403265 167.416821
9 10 18 0.469148 0.071379 0.459472 65.908823 192.592319
9 10 18 0.931624 0.031699 0.036677 61.364182 170.864557
9 10 18 0.055710 0.638587 0.305703 89.220123 185.081027
10 19 18 0.327611 0.234059 0.438330 88.070720 198.491294
10 19 18 0.364532 0.570408 0.065060 104.018417 196.749336
10 19 18 0.767167 0.053862 0.178971 95.040844 180.742940
10 19 18 0.733670 0.064546 0.201785 94.413774 182.300576
10 19 18 0.923110 0.030700 0.046190 103.221725 170.921087
10 19 18 0.502744 0.352546 0.144710 97.961299 192.512486
10 19 18 0.449063 0.212797 0.338140 87.767642 195.150216
10 19 18 0.985250 0.000004 0.014746 101.495025 168.378675
10 19 18 0.862147 0.061844 0.076009 99.467385 173.329271
10 19 18 0.128597 0.197624 0.673780 76.019904 206.851891
10 11 19 0.839392 0.097801 0.062807 108.058628 172.435602
10 11 19 0.677315 0.039181 0.283504 105.288030 180.422508
10 11 19 0.055738 0.340319 0.603942 119.256275 196.486350
10 11 19 0.911922 0.055351 0.032727 107.052242 168.737631
10 11 19 0.314037 0.071768 0.614195 107.166846 196.578736
10 11 19 0.476705 0.199509 0.323786 112.937826 181.838688
10 11 19 0.899687 0.048779 0.051534 102.432912 172.080866
10 11 19 0.484766 0.189249 0.325985 111.871198 183.834734
10 11 19 0.882598 0.091484 0.025917 106.273460 168.051907
10 11 19 0.240923 0.170226 0.588851 112.073634 196.230748
11 20 19 0.077398 0.379547 0.543055 126.733117 208.535030
11 20 19 0.485631 0.238380 0.275989 134.472909 194.337230
11 20 19 0.258561 0.181454 0.559985 120.596200 206.970810
11 20 19 0.367296 0.229951 0.402752 132.155000 193.572572
11 20 19 0.817818 0.174757 0.007425 146.479640 172.085566
11 20 19 0.121969 0.112851 0.765179 116.672361 209.579222
11 20 19 0.707206 0.090805 0.201989 141.032311 183.410573
11 20 19 0.882398 0.058813 0.058789 147.640445 174.276360
11 20 19 0.179925 0.639493 0.180582 143.927773 209.523880
11 20 19 0.952766 0.044160 0.003074 148.062109 165.626591
11 12 20 0.401012 0.281803 0.317184 156.127945 180.776350
11 12 20 0.838022 0.059362 0.102616 149.079355 172.915060
11 12 20 0.206242 0.384170 0.409588 168.073761 191.619665
11 12 20 0.988644 0.006800 0.004556 147.768793 166.583927
11 12 20 0.773942 0.085294 0.140764 146.744751 174.580012
11 12 20 0.460872 0.224133 0.314995 158.685567 180.814427
11 12 20 0.282686 0.123985 0.593329 157.253683 196.744952
11 12 20 0.295630 0.438845 0.265525 170.875267 180.147244
11 12 20 0.296879 0.140324 0.562797 156.561504 191.962636
11 12 20 0.532226 0.019776 0.447998 145.734323 189.571818
12 21 20 0.364148 0.262827 0.373025 177.771919 196.439525
12 21 20 0.473447 0.034795 0.491758 174.133893 192.393565
12 21 20 0.914368 0.036895 0.048737 194.903562 172.352006
12 21 20 0.677533 0.130879 0.191588 185.608367 185.696336
12 21 20 0.900301 0.048405 0.051293 192.966219 171.500994
12 21 20 0.065086 0.705348 0.229567 183.676570 210.350862
12 21 20 0.201992 0.603749 0.194259 187.559899 206.244504
12 21 20 0.523349 0.115426 0.361225 175.644524 190.077616
12 21 20 0.391713 0.416746 0.191541 186.864187 197.162544
12 21 20 0.472647 0.105077 0.422276 175.193650 191.357525
12 13 21 0.901022 0.097723 0.001255 202.972642 168.115798
12 13 21 0.320348 0.339027 0.340625 210.499680 185.558968
12 13 21 0.062300 0.058916 0.878784 194.944465 206.829666
12 13 21 0.649921 0.296421 0.053658 208.959802 170.109306
12 13 21 0.713154 0.129405 0.157441 202.023794 175.820690
12 13 21 0.316961 0.360526 0.322513 210.579753 181.807971
12 13 21 0.417950 0.015617 0.566434 194.159486 195.513168
12 13 21 0.658927 0.337352 0.003721 212.274117 168.531588
12 13 21 0.932674 0.051611 0.015715 198.264779 169.433967
12 13 21 0.616356 0.156305 0.227339 201.153345 178.242366
13 22 21 0.382557 0.509508 0.107936 235.797922 195.132019
13 22 21 0.126683 0.244727 0.628591 211.535473 205.673746
13 22 21 0.850772 0.142002 0.007226 238.364380 173.781690
13 22 21 0.871299 0.081457 0.047244 241.009582 175.184747
13 22 21 0.967036 0.028297 0.004667 241.603516 167.167111
13 22 21 0.373525 0.268576 0.357899 222.720736 197.012421
13 22 21 0.223833 0.101881 0.674286 210.193237 204.488755
13 22 21 0.264567 0.350737 0.384696 221.335843 201.352253
13 22 21 0.095553 0.361153 0.543294 214.552050 209.601108
13 22 21 0.086162 0.452500 0.461338 218.298170 209.298822
13 14 22 0.513264 0.257155 0.229581 256.371582 181.267325
13 14 22 0.968319 0.016748 0.014934 242.562133 169.778031
13 14 22 0.204626 0.354334 0.441040 259.234510 189.466475
13 14 22 0.877419 0.001004 0.121577 240.925279 170.142774
13 14 22 0.173098 0.113487 0.713415 244.815784 201.905276
13 14 22 0.947400 0.052223 0.000377 239.302283 166.343463
13 14 22 0.310053 0.092842 0.597105 242.745279 194.625269
13 14 22 0.013906 0.597922 0.388172 274.568682 184.396613
13 14 22 0.968912 0.007726 0.023362 239.349873 171.361870
13 14 22 0.888861 0.059322 0.051816 240.969231 170.971352
14 23 22 0.993342 0.005884 0.000774 287.093115 167.508860
14 23 22 0.592315 0.315684 0.092001 284.287174 184.686523
14 23 22 0.008866 0.034220 0.956914 242.119526 214.243581
14 23 22 0.785980 0.152801 0.061219 282.814003 174.115139
14 23 22 0.647884 0.090655 0.261460 275.256171 181.763307
14 23 22 0.879822 0.083182 0.036996 287.364406 171.721448
14 23 22 0.739998 0.242324 0.017678 292.959077 178.562572
14 23 22 0.263737 0.299393 0.436870 269.635003 203.848951
14 23 22 0.979567 0.004066 0.016367 287.700555 168.677300
14 23 22 0.661357 0.286847 0.051796 288.428392 186.070677
14 15 23 0.935639 0.018672 0.045689 289.870974 168.325943
14 15 23 0.070027 0.007975 0.921998 288.695541 212.364967
14 15 23 0.279105 0.106445 0.614449 295.165808 195.422880
14 15 23 0.949096 0.021525 0.029379 292.451293 168.374232
14 15 23 0.186493 0.458539 0.354967 311.839964 184.245141
14 15 23 0.292674 0.701747 0.005579 321.162731 169.410071
14 15 23 0.316885 0.411196 0.271919 309.886896 180.563066
14 15 23 0.246214 0.246074 0.507711 299.293525 191.233358
14 15 23 0.790459 0.053893 0.155648 293.933530 172.804509
14 15 23 0.242699 0.747932 0.009369 326.792842 166.908024
15 24 23 0.346623 0.162759 0.490619 309.769193 203.254733
15 24 23 0.837659 0.109166 0.053175 332.763098 175.662612
15 24 23 0.183552 0.714934 0.101514 324.999313 205.793690
15 24 23 0.916453 0.068084 0.015463 333.560801 171.558123
15 24 23 0.265421 0.130977 0.603601 303.762949 202.241130
15 24 23 0.210681 0.654138 0.135180 327.600073 204.961736
15 24 23 0.324233 0.591532 0.084235 328.545593 202.724380
15 24 23 0.367122 0.500262 0.132616 325.735123 198.166558
15 24 23 0.383367 0.256498 0.360135 320.220427 196.895649
15 24 23 0.045239 0.245398 0.709363 302.863856 217.390155
15 16 24 0.873007 0.100466 0.026527 341.113969 168.995098
15 16 24 0.522359 0.353419 0.124222 351.104352 174.047918
15 16 24 0.657475 0.125731 0.216794 341.577612 177.133652
15 16 24 0.446674 0.023663 0.529663 333.431393 190.407592
15 16 24 0.211098 0.530648 0.258254 359.885754 177.106631
15 16 24 0.279110 0.151472 0.569417 338.351519 191.566670
15 16 24 0.690759 0.095405 0.213836 339.749289 179.334082
15 16 24 0.986941 0.004661 0.008399 337.474233 165.978692
15 16 24 0.856438 0.034638 0.108924 336.816771 172.357112
15 16 24 0.863125 0.098941 0.037934 336.177285 170.496524
16 25 24 0.606824 0.137715 0.255461 370.302858 185.569323
16 25 24 0.746229 0.150197 0.103573 378.421151 174.814364
16 25 24 0.432710 0.148431 0.418858 360.129500 191.900548
16 25 24 0.670327 0.260991 0.068682 377.061717 181.647284
16 25 24 0.925572 0.027310 0.047119 376.515481 168.803024
16 25 24 0.845484 0.145979 0.008537 382.884101 176.470060
16 25 24 0.449405 0.440085 0.110510 373.400346 191.088078
16 25 24 0.539155 0.161404 0.299441 361.888719 187.533976
16 25 24 0.925257 0.069821 0.004922 380.705193 167.074096
16 25 24 0.434810 0.468079 0.097112 373.892035 197.034566
16 17 25 0.263156 0.366195 0.370649 395.363957 184.420222
16 17 25 0.987299 0.010669 0.002032 380.955706 165.821091
16 17 25 0.205575 0.158690 0.635735 385.003270 197.269274
16 17 25 0.039028 0.588078 0.372895 405.340216 184.874891
16 17 25 0.441767 0.053361 0.504873 384.877622 190.095729
16 17 25 0.623326 0.056871 0.319802 386.764677 181.487134
16 17 25 0.071388 0.599810 0.328802 404.552768 183.283564
16 17 25 0.018022 0.196134 0.785844 386.106686 206.619144
16 17 25 0.983252 0.002342 0.014405 382.517573 168.330906
16 17 25 0.255550 0.315305 0.429145 394.597023 185.608106
17 26 25 0.542172 0.131367 0.326461 408.323914 186.187172
17 26 25 0.299481 0.277123 0.423396 408.645900 197.216493
17 26 25 0.221857 0.311695 0.466449 401.139384 203.644332
17 26 25 0.474773 0.324620 0.200607 415.876238 189.219187
17 26 25 0.255566 0.203790 0.540644 402.361832 201.979806
17 26 25 0.386901 0.076728 0.536370 400.385526 192.752816
17 26 25 0.416687 0.145138 0.438175 400.677021 193.125786
17 26 25 0.902063 0.000255 0.097682 418.017471 171.583963
17 26 25 0.065402 0.681034 0.253564 413.501763 211.321016
17 26 25 0.222016 0.734051 0.043933 423.626502 202.797252
18 19 27 0.818918 0.058724 0.122357 67.730583 216.446172
18 19 27 0.213622 0.296674 0.489704 82.365685 232.283698
18 19 27 0.199865 0.690259 0.109875 93.144315 216.731101
18 19 27 0.146402 0.361231 0.492367 82.262903 231.896403
18 19 27 0.705190 0.087978 0.206832 71.566343 221.881951
18 19 27 0.749978 0.086147 0.163875 70.768427 217.298010
18 19 27 0.082464 0.087821 0.829715 81.550000 248.896040
18 19 27 0.354432 0.040519 0.605049 74.157734 237.370635
18 19 27 0.635692 0.233625 0.130683 77.050698 216.836970
18 19 27 0.003573 0.113493 0.882934 79.739301 252.041206
19 28 27 0.848340 0.110968 0.040693 108.417886 221.808811
19 28 27 0.859226 0.056671 0.084103 104.840333 224.966473
19 28 27 0.333386 0.639450 0.027164 115.012962 240.490736
19 28 27 0.611293 0.209012 0.179696 102.073514 231.491912
19 28 27 0.460623 0.170666 0.368712 97.438880 232.585654
19 28 27 0.867648 0.070891 0.061461 105.156696 223.265452
19 28 27 0.869131 0.128865 0.002004 102.393135 222.163046
19 28 27 0.162307 0.502966 0.334727 104.813324 245.857100
19 28 27 0.566628 0.202981 0.230391 101.236646 230.598702
19 28 27 0.372734 0.167232 0.460034 95.352929 240.441748
19 20 28 0.213376 0.630363 0.156261 138.163807 222.151031
19 20 28 0.282757 0.133046 0.584196 114.107167 241.151743
19 20 28 0.046002 0.901113 0.052885 145.992090 215.732131
19 20 28 0.072334 0.022764 0.904902 115.695315 247.975436
19 20 28 0.106017 0.650046 0.243937 136.394910 228.069667
19 20 28 0.011319 0.064922 0.923759 121.513568 250.670521
19 20 28 0.135494 0.057697 0.806809 118.598716 248.519836
19 20 28 0.772977 0.184404 0.042620 116.054934 219.116900
19 20 28 0.548101 0.048205 0.403695 116.133570 230.474422
19 20 28 0.200852 0.254873 0.544275 122.978020 236.900193
20 29 28 0.279658 0.306797 0.413544 137.072845 242.000913
20 29 28 0.471509 0.064439 0.464052 134.900016 236.716834
20 29 28 0.991777 0.007452 0.000771 151.936688 215.972547
20 29 28 0.471630 0.324011 0.204359 144.813339 239.001226
20 29 28 0.591207 0.232945 0.175848 145.947931 231.891132
20 29 28 0.087726 0.336450 0.575824 131.391745 254.399677
20 29 28 0.826206 0.029385 0.144409 142.984413 224.458569
20 29 28 0.373460 0.026488 0.600052 129.035097 244.562942
20 29 28 0.431377 0.319750 0.248873 144.119523 237.085494
20 29 28 0.470636 0.397884 0.131480 148.383806 237.625440
20 21 29 0.571287 0.229105 0.199608 158.715026 223.741800
20 21 29 0.153614 0.757784 0.088602 184.246187 219.113411
20 21 29 0.943051 0.000371 0.056577 153.059186 216.261564
20 21 29 0.008648 0.818149 0.173203 191.065338 223.798108
20 21 29 0.754349 0.118399 0.127252 153.897337 219.605392
20 21 29 0.264035 0.471434 0.264532 171.758979 223.997583
20 21 29 0.506035 0.120074 0.373892 161.945844 231.201930
20 21 29 0.316522 0.463446 0.220032 168.045022 220.692843
20 21 29 0.011695 0.941973 0.046332 190.107098 214.077872
20 21 29 0.780666 0.164342 0.054992 159.980613 214.602442
21 30 29 0.616877 0.315129 0.067994 197.797224 230.210098
21 30 29 0.286665 0.331985 0.381350 182.535810 242.696407
21 30 29 0.229169 0.756517 0.014314 194.854890 247.528283
21 30 29 0.647733 0.162948 0.189320 187.947719 230.632571
21 30 29 0.333490 0.371664 0.294846 185.510109 245.671882
21 30 29 0.773579 0.076190 0.150231 187.432422 225.684475
21 30 29 0.947992 0.039695 0.012313 194.617867 219.303589
21 30 29 0.506812 0.243333 0.249855 184.852289 238.270803
21 30 29 0.990700 0.003138 0.006163 194.689503 216.542554
21 30 29 0.125259 0.407340 0.467402 182.999904 255.095033
21 22 30 0.176972 0.347542 0.475486 208.754263 237.051678
21 22 30 0.042811 0.347308 0.609881 215.723891 243.058927
21 22 30 0.881195 0.016297 0.102509 197.058677 217.585061
21 22 30 0.533295 0.448985 0.017721 213.068836 211.893102
21 22 30 0.573791 0.072057 0.354152 198.990815 230.657566
21 22 30 0.844255 0.065423 0.090322 198.586669 219.661715
21 22 30 0.393239 0.260299 0.346462 206.098735 230.700853
21 22 30 0.621037 0.330159 0.048804 210.002360 215.705243
21 22 30 0.077332 0.146665 0.776003 203.739977 247.925114
21 22 30 0.384755 0.379239 0.236006 211.916055 227.543740
22 31 30 0.040849 0.808052 0.151099 235.361470 254.564883
22 31 30 0.907295 0.071782 0.020924 240.007308 216.886313
22 31 30 0.625633 0.058531 0.315837 225.943395 227.436719
22 31 30 0.153820 0.495256 0.350925 223.198351 249.279362
22 31 30 0.545119 0.110510 0.344370 225.465121 236.152778
22 31 30 0.113133 0.809416 0.077452 236.179856 252.034660
22 31 30 0.826493 0.096600 0.076907 236.101968 221.754999
22 31 30 0.019653 0.638519 0.341828 228.019457 252.316091
22 31 30 0.715953 0.112839 0.171208 235.356936 223.934048
22 31 30 0.605716 0.124216 0.270068 231.538671 231.741897
22 23 31 0.293799 0.496528 0.209672 259.070049 222.934631
22 23 31 0.102819 0.513337 0.383843 265.006022 233.418529
22 23 31 0.597210 0.294732 0.108058 250.707073 220.543167
22 23 31 0.237053 0.654550 0.108397 272.545225 216.015387
22 23 31 0.126584 0.633922 0.239494 270.402427 225.237828
22 23 31 0.444566 0.243613 0.311822 251.778026 225.037530
22 23 31 0.160587 0.396562 0.442852 261.362638 233.821545
22 23 31 0.444471 0.061526 0.494003 242.164552 235.894956
22 23 31 0.256781 0.367442 0.375777 258.793069 228.567058
22 23 31 0.164471 0.435180 0.400349 260.082575 232.190835
23 32 31 0.354449 0.336158 0.309394 272.073191 241.865802
23 32 31 0.894675 0.098953 0.006372 285.124880 218.916143
23 32 31 0.659684 0.159143 0.181173 276.569604 228.106491
23 32 31 0.017566 0.646552 0.335882 269.408001 257.015439
23 32 31 0.908526 0.031426 0.060048 286.158161 216.905207
23 32 31 0.385499 0.051690 0.562811 263.232116 240.494002
23 32 31 0.641318 0.107570 0.251112 275.125740 229.330366
23 32 31 0.230942 0.213751 0.555308 258.360041 249.109970
23 32 31 0.128064 0.183951 0.687984 257.364932 249.818687
23 32 31 0.737014 0.262535 0.000451 288.525059 226.149990
23 24 32 0.965821 0.000681 0.033498 291.224326 216.510015
23 24 32 0.204187 0.413975 0.381837 302.226971 228.221162
23 24 32 0.140688 0.289773 0.569539 298.025198 238.544874
23 24 32 0.697157 0.052666 0.250177 290.430009 226.402617
23 24 32 0.436990 0.171640 0.391369 295.000960 236.343574
23 24 32 0.065515 0.631040 0.303445 310.856449 229.632839
23 24 32 0.121188 0.825117 0.053695 321.295248 222.504166
23 24 32 0.376636 0.480887 0.142476 306.753681 221.347444
23 24 32 0.636119 0.199576 0.164306 296.501903 221.376180
23 24 32 0.274941 0.330965 0.394095 303.421152 231.556781
24 33 32 0.848354 0.030440 0.121206 328.348312 221.039662
24 33 32 0.717376 0.252412 0.030212 328.303267 226.474158
24 33 32 0.522304 0.147660 0.330036 313.657299 235.615580
24 33 32 0.933494 0.014509 0.051997 332.364062 218.147487
24 33 32 0.868811 0.088034 0.043155 333.915993 222.111626
24 33 32 0.843859 0.021994 0.134147 326.142295 221.310995
24 33 32 0.772489 0.193879 0.033632 333.560778 221.138776
24 33 32 0.659356 0.085072 0.255572 315.933116 227.782131
24 33 32 0.926708 0.023396 0.049896 330.895738 218.810714
24 33 32 0.198800 0.051680 0.749520 297.068556 251.284751
24 25 33 0.858245 0.024003 0.117752 334.062533 218.398437
24 25 33 0.889544 0.037762 0.072694 332.477033 215.951751
24 25 33 0.961059 0.009079 0.029862 330.879858 215.858275
24 25 33 0.210421 0.113252 0.676327 335.205915 246.491112
24 25 33 0.441666 0.533900 0.024435 355.968454 216.746929
24 25 33 0.858893 0.023852 0.117255 330.608270 217.184066
24 25 33 0.560640 0.149124 0.290236 338.855114 227.019164
24 25 33 0.512718 0.144318 0.342964 341.281886 232.701349
24 25 33 0.122714 0.340258 0.537028 346.443460 238.480262
24 25 33 0.692052 0.285090 0.022859 346.291222 216.475496
25 34 33 0.737122 0.005203 0.257675 368.405556 223.288482
25 34 33 0.339120 0.402437 0.258443 364.752944 240.376731
25 34 33 0.341978 0.048979 0.609043 348.487723 241.339565
25 34 33 0.809559 0.155180 0.035261 377.460041 221.344786
25 34 33 0.742827 0.240724 0.016449 376.886816 224.174475
25 34 33 0.834482 0.153888 0.011630 378.280497 221.015577
25 34 33 0.785386 0.151359 0.063255 368.043333 223.053638
25 34 33 0.118380 0.202481 0.679139 343.370237 252.665927
25 34 33 0.539639 0.356405 0.103956 369.926876 233.922572
25 34 33 0.309669 0.040458 0.649873 345.768107 244.365588
25 26 34 0.520653 0.462151 0.017196 400.346234 214.445871
25 26 34 0.448910 0.403488 0.147602 396.893347 223.438353
25 26 34 0.051323 0.745640 0.203037 410.388410 224.149043
25 26 34 0.689631 0.264179 0.046190 388.248396 215.946937
25 26 34 0.520550 0.110901 0.368549 380.712319 228.199789
25 26 34 0.599223 0.255458 0.145318 386.481502 221.514149
25 26 34 0.791523 0.044480 0.163997 377.531302 220.783524
25 26 34 0.601342 0.334571 0.064087 390.912192 215.128526
25 26 34 0.744398 0.032604 0.222998 377.564361 221.417509
25 26 34 0.967150 0.000437 0.032413 380.159283 211.752926
26 35 34 0.784372 0.013781 0.201847 414.122900 223.460988
26 35 34 0.730286 0.018483 0.251231 412.483679 225.367058
26 35 34 0.694782 0.160348 0.144870 420.724881 228.396654
26 35 34 0.820343 0.024491 0.155166 419.617171 225.479932
26 35 34 0.848450 0.103347 0.048203 424.609347 221.241428
26 35 34 0.107128 0.668944 0.223928 410.946949 252.287378
26 35 34 0.819370 0.101262 0.079368 419.974920 224.507256
26 35 34 0.116246 0.328044 0.555710 393.798747 253.444935
26 35 34 0.513279 0.460603 0.026118 424.685588 240.461143
26 35 34 0.840486 0.154291 0.005224 426.113132 222.097087
27 28 36 0.589799 0.080441 0.329761 84.677585 260.566469
27 28 36 0.399570 0.282331 0.318100 90.788606 260.464412
27 28 36 0.600824 0.246512 0.152665 85.925659 260.920236
27 28 36 0.100659 0.637712 0.261628 104.972534 259.560314
27 28 36 0.695639 0.050424 0.253937 83.655307 262.933102
27 28 36 0.675583 0.203692 0.120724 88.903616 257.395508
27 28 36 0.698237 0.262717 0.039046 91.426669 258.083487
27 28 36 0.216688 0.535178 0.248134 99.587714 257.553442
27 28 36 0.813231 0.099713 0.087055 85.713814 256.536016
27 28 36 0.110443 0.827672 0.061885 110.105904 256.614139
28 37 36 0.024689 0.117302 0.858009 97.579649 280.541148
28 37 36 0.256320 0.717641 0.026039 121.899222 276.436792
28 37 36 0.156755 0.698414 0.144831 118.491262 277.802614
28 37 36 0.980925 0.000338 0.018737 115.827493 255.674378
28 37 36 0.586377 0.114947 0.298677 112.147600 263.565032
28 37 36 0.670651 0.300496 0.028853 121.910229 263.006280
28 37 36 0.183559 0.020297 0.796144 101.786975 278.499283
28 37 36 0.520820 0.123765 0.355415 109.015563 264.483018
28 37 36 0.862805 0.085809 0.051386 117.600306 259.866788
28 37 36 0.530053 0.058333 0.411615 108.816689 268.718855
28 29 37 0.149581 0.183758 0.666661 133.514058 275.160667
28 29 37 0.018225 0.046439 0.935336 130.413331 281.670189
28 29 37 0.643983 0.315152 0.040865 129.234641 253.215904
28 29 37 0.109271 0.365500 0.525230 136.594452 272.975472
28 29 37 0.509722 0.214240 0.276038 131.057868 262.603813
28 29 37 0.971171 0.023117 0.005712 119.133468 254.823947
28 29 37 0.821921 0.143209 0.034870 119.759495 255.520351
28 29 37 0.603625 0.148824 0.247551 125.038101 260.118253
28 29 37 0.217303 0.144919 0.637778 128.461627 272.699492
28 29 37 0.227392 0.182912 0.589696 132.251146 266.728404
29 38 37 0.801599 0.139090 0.059310 160.752864 258.117361
29 38 37 0.860157 0.138706 0.001136 158.302598 264.431899
29 38 37 0.912026 0.048988 0.038985 156.623268 258.578665
29 38 37 0.708670 0.049261 0.242069 151.572519 264.714133
29 38 37 0.084458 0.192549 0.722994 135.224021 278.815252
29 38 37 0.094094 0.769629 0.136277 161.492833 281.265721
29 38 37 0.891416 0.076544 0.032039 158.381061 259.368578
29 38 37 0.178591 0.122692 0.698717 138.760044 278.232042
29 38 37 0.162622 0.815462 0.021916 162.004814 283.508100
29 38 37 0.626988 0.355431 0.017581 161.310062 265.478059
29 30 38 0.926382 0.014904 0.058714 158.320681 260.104790
29 30 38 0.686478 0.100254 0.213268 164.235096 261.599434
29 30 38 0.547287 0.177988 0.274725 166.250093 262.270839
29 30 38 0.007635 0.395162 0.597203 180.524410 275.460778
29 30 38 0.690507 0.062636 0.246857 163.589776 262.582852
29 30 38 0.001033 0.923509 0.075458 198.573955 258.537109
29 30 38 0.628802 0.153060 0.218137 167.816854 260.563194
29 30 38 0.652781 0.158820 0.188399 162.848428 262.206689
29 30 38 0.304876 0.213995 0.481129 172.630450 271.659990
29 30 38 0.393137 0.178774 0.428089 165.403117 270.357101
30 39 38 0.779470 0.008640 0.211891 192.914487 264.487656
30 39 38 0.528666 0.351224 0.120110 198.774477 271.985219
30 39 38 0.163822 0.357735 0.478443 183.440220 281.192387
30 39 38 0.538923 0.434661 0.026416 198.912491 272.603588
30 39 38 0.201644 0.442203 0.356153 189.259975 278.116129
30 39 38 0.019821 0.733468 0.246711 195.932784 288.296451
30 39 38 0.292178 0.042174 0.665648 178.223429 279.781652
30 39 38 0.384991 0.130009 0.484999 182.778922 275.483070
30 39 38 0.616671 0.130781 0.252548 194.881155 271.542590
30 39 38 0.111747 0.526084 0.362169 191.401134 287.762908
30 31 39 0.951257 0.002083 0.046661 195.613489 258.324640
30 31 39 0.572028 0.162272 0.265700 210.754548 268.204719
30 31 39 0.609503 0.371330 0.019167 210.918567 257.627307
30 31 39 0.572504 0.175329 0.252167 208.562330 267.373911
30 31 39 0.909920 0.031693 0.058387 199.810362 260.436758
30 31 39 0.301514 0.400819 0.297667 216.104693 266.970600
30 31 39 0.560799 0.052987 0.386214 204.646227 270.772406
30 31 39 0.546449 0.066464 0.387087 200.035627 271.441623
30 31 39 0.458063 0.490997 0.050940 214.187687 259.172490
30 31 39 0.151398 0.519972 0.328630 221.043046 268.953414
31 40 39 0.599402 0.002730 0.397868 226.602743 270.246478
31 40 39 0.198190 0.677923 0.123886 236.527997 285.286177
31 40 39 0.329099 0.001834 0.669067 219.205705 276.853667
31 40 39 0.553531 0.055902 0.390567 226.184431 273.499636
31 40 39 0.334301 0.618434 0.047265 243.881974 281.222660
31 40 39 0.730984 0.259692 0.009324 238.866300 264.057346
31 40 39 0.202161 0.039937 0.757903 211.962296 279.706764
31 40 39 0.669981 0.250030 0.079989 238.633825 270.387353
31 40 39 0.882810 0.080445 0.036745 236.715435 265.168321
31 40 39 0.194826 0.724625 0.080549 239.032962 283.565482
31 32 40 0.218065 0.031971 0.749964 242.489804 282.256993
31 32 40 0.977721 0.016899 0.005380 245.428449 260.564735
31 32 40 0.571153 0.423552 0.005295 259.565501 255.760018
31 32 40 0.109867 0.051392 0.838740 239.916023 285.733232
31 32 40 0.757001 0.118163 0.124836 248.671184 261.433903
31 32 40 0.366236 0.129082 0.504683 250.318095 274.820704
31 32 40 0.224199 0.059348 0.716453 243.526781 282.933662
31 32 40 0.320975 0.168018 0.511008 250.544967 273.922949
31 32 40 0.758561 0.017156 0.224283 242.567693 267.145279
31 32 40 0.164406 0.798552 0.037042 276.542952 257.483947
32 41 40 0.595755 0.156041 0.248204 272.523282 273.739857
32 41 40 0.827641 0.063854 0.108505 284.686493 263.757446
32 41 40 0.998533 0.001287 0.000180 279.406517 256.741801
32 41 40 0.919166 0.067648 0.013186 285.520199 260.363491
32 41 40 0.749624 0.119702 0.130674 279.011093 269.701666
32 41 40 0.750190 0.040462 0.209348 273.897608 269.419545
32 41 40 0.763433 0.059758 0.176809 276.798094 265.738961
32 41 40 0.403762 0.229425 0.366813 269.292240 283.564262
32 41 40 0.338401 0.307764 0.353835 269.753367 283.411052
32 41 40 0.674503 0.221985 0.103512 280.740899 270.609241
32 33 41 0.529287 0.462031 0.008681 302.183535 260.638927
32 33 41 0.303157 0.678881 0.017962 312.581763 257.067924
32 33 41 0.612148 0.044616 0.343236 285.606425 268.973430
32 33 41 0.948414 0.033887 0.017699 286.292373 263.044527
32 33 41 0.802409 0.106544 0.091047 288.292594 260.267227
32 33 41 0.412874 0.068966 0.518161 285.674855 278.132341
32 33 41 0.865549 0.007444 0.127006 281.903815 265.984833
32 33 41 0.717478 0.194404 0.088118 292.764020 264.283269
32 33 41 0.432577 0.164006 0.403418 290.916203 271.032325
32 33 41 0.433949 0.287601 0.278450 296.958390 265.022550
33 42 41 0.841004 0.075753 0.083244 325.317533 262.111033
33 42 41 0.830079 0.114839 0.055082 330.618187 261.647879
33 42 41 0.460941 0.160745 0.378314 310.447921 276.496413
33 42 41 0.855086 0.043309 0.101605 328.182302 262.939655
33 42 41 0.329640 0.525390 0.144970 322.591061 280.117560
33 42 41 0.685091 0.244897 0.070012 328.591199 271.327433
33 42 41 0.463538 0.494094 0.042368 327.086326 279.449334
33 42 41 0.467954 0.001799 0.530246 303.456005 276.832528
33 42 41 0.443339 0.465151 0.091510 323.080383 279.091401
33 42 41 0.638106 0.190980 0.170913 324.725758 270.703196
33 34 42 0.478091 0.226342 0.295567 338.711994 271.623969
33 34 42 0.001401 0.421315 0.577284 346.554941 276.157207
33 34 42 0.137664 0.371161 0.491175 344.063094 274.890686
33 34 42 0.500541 0.126112 0.373347 333.696762 271.580552
33 34 42 0.534391 0.326815 0.138793 343.035398 264.769765
33 34 42 0.986215 0.004197 0.009587 331.313032 260.903019
33 34 42 0.069104 0.794162 0.136733 365.272251 262.225487
33 34 42 0.710012 0.199739 0.090248 338.424593 260.437948
33 34 42 0.162320 0.370093 0.467588 341.593388 274.898670
33 34 42 0.665344 0.178226 0.156430 339.579894 266.481992
34 43 42 0.183032 0.533954 0.283014 355.553894 287.882796
34 43 42 0.719530 0.016443 0.264027 358.679448 267.515869
34 43 42 0.176635 0.456753 0.366612 354.779780 289.073925
34 43 42 0.054245 0.406480 0.539275 347.431155 290.825564
34 43 42 0.563845 0.155601 0.280554 363.877077 275.084164
34 43 42 0.506843 0.396027 0.097131 364.441559 274.894689
34 43 42 0.799758 0.177429 0.022812 369.399598 266.486813
34 43 42 0.367620 0.106646 0.525734 348.757985 280.096417
34 43 42 0.125011 0.148847 0.726142 337.726583 288.225377
34 43 42 0.785004 0.067273 0.147722 367.231880 261.906286
34 35 43 0.210609 0.470234 0.319157 390.998824 269.934164
34 35 43 0.848900 0.121992 0.029107 379.734782 259.014336
34 35 43 0.267307 0.568359 0.164334 401.085571 268.800718
34 35 43 0.424546 0.006133 0.569320 373.888472 281.638987
34 35 43 0.694146 0.086072 0.219782 377.768593 262.283710
34 35 43 0.586503 0.099641 0.313856 376.527142 269.981838
34 35 43 0.318524 0.427637 0.253839 393.699990 267.686600
34 35 43 0.211632 0.769234 0.019134 411.308416 261.637714
34 35 43 0.525004 0.159254 0.315743 378.814014 276.711885
34 35 43 0.673435 0.071303 0.255261 379.512100 268.012110
35 44 43 0.960843 0.001162 0.037995 419.963411 260.096153
35 44 43 0.295139 0.434835 0.270026 401.609807 286.162748
35 44 43 0.070239 0.105048 0.824713 380.085651 291.165973
35 44 43 0.734089 0.099887 0.166024 411.264118 268.843482
35 44 43 0.171857 0.527492 0.300650 400.051685 291.254980
35 44 43 0.030030 0.908088 0.061882 409.196405 295.534388
35 44 43 0.551071 0.390892 0.058037 413.658324 271.783534
35 44 43 0.395576 0.212530 0.391895 400.214556 281.060929
35 44 43 0.952119 0.020964 0.026918 417.538259 258.131227
35 44 43 0.557172 0.104198 0.338630 398.278891 273.766555
36 37 45 0.595591 0.162083 0.242326 103.175561 286.361420
36 37 45 0.281935 0.378151 0.339914 115.111890 290.078973
36 37 45 0.318259 0.006505 0.675236 102.495651 293.888253
36 37 45 0.126751 0.868379 0.004870 122.687955 282.833471
36 37 45 0.534106 0.007825 0.458069 100.327088 290.352570
36 37 45 0.981879 0.000793 0.017329 90.725561 280.823147
36 37 45 0.499065 0.396256 0.104679 105.835324 285.689281
36 37 45 0.581198 0.223062 0.195740 106.215870 285.311595
36 37 45 0.943195 0.030828 0.025977 92.903105 284.373483
36 37 45 0.454678 0.014603 0.530718 100.258997 289.559812
37 46 45 0.094536 0.491756 0.413708 121.918290 302.616991
37 46 45 0.475835 0.242345 0.281820 123.254599 293.134145
37 46 45 0.846650 0.107203 0.046147 128.096252 282.941606
37 46 45 0.897675 0.003959 0.098367 128.064223 285.559069
37 46 45 0.123407 0.440022 0.436571 124.636977 296.239563
37 46 45 0.936433 0.051377 0.012190 131.249015 286.345103
37 46 45 0.101817 0.340500 0.557684 117.758972 302.332827
37 46 45 0.657187 0.284467 0.058345 128.573848 292.188276
37 46 45 0.819817 0.053804 0.126379 128.844226 286.834068
37 46 45 0.576091 0.279288 0.144621 127.905274 294.238705
37 38 46 0.442274 0.490680 0.067046 144.504209 284.954989
37 38 46 0.070117 0.218932 0.710951 140.643474 300.383243
37 38 46 0.062610 0.569231 0.368159 154.741933 291.990109
37 38 46 0.590462 0.179972 0.229566 137.205794 289.947046
37 38 46 0.445716 0.017324 0.536960 134.171258 292.693770
37 38 46 0.429060 0.428405 0.142535 148.282002 285.784983
37 38 46 0.683883 0.033345 0.282772 131.154214 285.895796
37 38 46 0.016534 0.032503 0.950963 136.888142 302.780665
37 38 46 0.358380 0.253790 0.387830 144.869979 292.484583
37 38 46 0.878722 0.047241 0.074037 131.857194 284.241382
38 47 46 0.748776 0.072900 0.178324 160.332002 292.227816
38 47 46 0.553083 0.394284 0.052633 167.578986 295.012110
38 47 46 0.184454 0.269285 0.546261 154.266869 300.124086
38 47 46 0.462288 0.418748 0.118964 168.040942 297.093281
38 47 46 0.541053 0.070747 0.388200 155.394480 291.832079
38 47 46 0.819231 0.063942 0.116827 164.356476 291.202576
38 47 46 0.073185 0.729243 0.197572 167.852269 303.183661
38 47 46 0.180232 0.255321 0.564447 156.315495 300.663227
38 47 46 0.205319 0.178590 0.616092 148.665780 300.411624
38 47 46 0.911110 0.002389 0.086501 163.149494 286.946956
38 39 47 0.802667 0.043630 0.153704 169.232195 288.782289
38 39 47 0.826417 0.166121 0.007462 169.824036 285.277689
38 39 47 0.841419 0.039524 0.119057 168.443333 290.902927
38 39 47 0.617108 0.158342 0.224549 173.969009 292.268789
38 39 47 0.808380 0.081439 0.110182 171.087523 286.304824
38 39 47 0.128304 0.514872 0.356823 187.895625 295.867166
38 39 47 0.035222 0.734535 0.230243 196.454391 291.032442
38 39 47 0.117585 0.110528 0.771888 175.878102 303.227753
38 39 47 0.598245 0.147471 0.254285 172.867535 292.134544
38 39 47 0.838530 0.067981 0.093490 166.543786 286.246252
39 48 47 0.603251 0.096654 0.300095 195.252115 299.485730
39 48 47 0.851511 0.120508 0.027981 208.127536 288.208165
39 48 47 0.877852 0.115035 0.007113 204.374010 290.458904
39 48 47 0.046786 0.515907 0.437307 189.725403 302.598464
39 48 47 0.467108 0.365242 0.167650 204.021384 300.039450
39 48 47 0.727330 0.071460 0.201210 196.603551 292.320576
39 48 47 0.975887 0.006714 0.017399 205.366992 287.519180
39 48 47 0.306026 0.423845 0.270129 198.934691 300.491424
39 48 47 0.428257 0.418853 0.152890 203.124904 303.714061
39 48 47 0.463438 0.446624 0.089938 201.429543 298.586062
39 40 48 0.676421 0.310241 0.013338 216.633617 288.344919
39 40 48 0.772828 0.150406 0.076766 206.408422 288.233786
39 40 48 0.215174 0.748305 0.036521 230.881540 290.789563
39 40 48 0.170957 0.166785 0.662258 214.473802 300.976287
39 40 48 0.144882 0.634472 0.220646 230.103584 294.720218
39 40 48 0.930669 0.043165 0.026167 202.429817 286.996354
39 40 48 0.779256 0.155323 0.065421 205.722194 292.309652
39 40 48 0.671527 0.103429 0.225043 209.978456 291.764098
39 40 48 0.338605 0.060825 0.600570 209.395228 301.724463
39 40 48 0.707780 0.185886 0.106334 208.120870 290.975822
40 49 48 0.842232 0.076329 0.081439 242.108178 293.935936
40 49 48 0.822819 0.052981 0.124200 235.931582 295.093193
40 49 48 0.043980 0.273167 0.682853 217.975703 309.190957
40 49 48 0.453300 0.459368 0.087332 238.342194 306.625442
40 49 48 0.388526 0.417567 0.193907 238.014627 305.723200
40 49 48 0.628596 0.097356 0.274048 231.801978 299.523660
40 49 48 0.644662 0.147157 0.208181 234.212770 299.891437
40 49 48 0.972581 0.002846 0.024572 243.412286 289.255923
40 49 48 0.073294 0.586084 0.340623 235.288969 307.618081
40 49 48 0.645320 0.318626 0.036054 241.951796 295.207520
40 41 49 0.984028 0.013828 0.002144 241.037395 289.684223
40 41 49 0.857054 0.023495 0.119451 244.589028 293.617525
40 41 49 0.590440 0.200688 0.208872 248.309949 296.075533
40 41 49 0.104368 0.329460 0.566173 261.104359 306.677375
40 41 49 0.721887 0.009743 0.268370 245.188282 295.276749
40 41 49 0.387212 0.543939 0.068850 261.899108 296.333941
40 41 49 0.370688 0.261379 0.367933 254.241795 299.711799
40 41 49 0.753495 0.237910 0.008595 249.279414 294.417546
40 41 49 0.399606 0.311775 0.288618 250.986642 299.153689
40 41 49 0.952729 0.014506 0.032766 243.270992 290.280510
41 50 49 0.348072 0.213630 0.438298 265.934003 308.018509
41 50 49 0.201341 0.509872 0.288786 268.484267 310.024062
41 50 49 0.589673 0.295528 0.114800 279.508716 304.462406
41 50 49 0.173117 0.588882 0.238001 275.371649 312.468659
41 50 49 0.678649 0.196633 0.124718 277.989506 300.071936
41 50 49 0.591068 0.186092 0.222840 276.479386 301.343949
41 50 49 0.990726 0.003816 0.005458 285.087671 293.173634
41 50 49 0.897707 0.008773 0.093520 281.722023 292.001725
41 50 49 0.456207 0.311575 0.232218 277.400717 303.189113
41 50 49 0.417831 0.446406 0.135763 282.913965 303.406787
41 42 50 0.170846 0.652693 0.176460 306.574542 293.216761
41 42 50 0.575310 0.054304 0.370386 284.847269 302.373404
41 42 50 0.429632 0.555469 0.014900 306.463323 295.558065
41 42 50 0.870026 0.114735 0.015239 291.070397 293.530097
41 42 50 0.039055 0.424747 0.536198 301.053518 303.036845
41 42 50 0.609077 0.003618 0.387306 286.666640 298.591662
41 42 50 0.362974 0.581118 0.055909 307.248926 297.127980
41 42 50 0.094772 0.484301 0.420927 305.695266 304.245711
41 42 50 0.488556 0.055936 0.455508 287.348645 302.532357
41 42 50 0.220012 0.683562 0.096426 312.772426 298.029561
42 51 50 0.821344 0.177256 0.001400 326.059593 298.971582
42 51 50 0.978913 0.020220 0.000868 324.270581 294.626663
42 51 50 0.944424 0.026699 0.028877 325.319263 292.178333
42 51 50 0.590654 0.142805 0.266541 316.245828 301.832796
42 51 50 0.358550 0.083752 0.557699 299.986391 306.880367
42 51 50 0.955110 0.032202 0.012688 321.566019 299.864599
42 51 50 0.051797 0.024245 0.923958 286.976735 309.727327
42 51 50 0.882808 0.052971 0.064221 321.683276 294.289103
42 51 50 0.240858 0.695926 0.063216 321.882055 315.501649
42 51 50 0.543562 0.084494 0.371944 308.872114 302.587728
42 43 51 0.979987 0.002486 0.017526 325.777176 295.818487
42 43 51 0.398615 0.048440 0.552945 325.582205 308.283549
42 43 51 0.802205 0.111036 0.086759 329.910783 297.674787
42 43 51 0.590294 0.240735 0.168971 335.948704 296.172110
42 43 51 0.514436 0.111629 0.373935 328.821016 299.688646
42 43 51 0.005361 0.362892 0.631747 342.280598 309.690911
42 43 51 0.184720 0.775005 0.040275 359.980662 296.619285
42 43 51 0.561056 0.222301 0.216643 338.595379 299.851440
42 43 51 0.796902 0.129097 0.074001 334.476771 294.787129
42 43 51 0.252142 0.650078 0.097780 354.628181 297.480908
43 52 51 0.572777 0.126428 0.300795 349.338677 302.754150
43 52 51 0.727740 0.099968 0.172292 357.562682 303.057375
43 52 51 0.287474 0.044055 0.668470 334.925028 310.964347
43 52 51 0.703146 0.202841 0.094013 359.888006 301.961771
43 52 51 0.950620 0.042707 0.006673 366.099043 295.929400
43 52 51 0.467011 0.370364 0.162625 356.498898 311.977095
43 52 51 0.581919 0.153939 0.264143 352.020980 303.487994
43 52 51 0.842943 0.092214 0.064843 365.433459 303.579449
43 52 51 0.328720 0.013536 0.657744 337.023342 313.334084
43 52 51 0.255478 0.441003 0.303519 354.121760 313.949719
43 44 52 0.042208 0.778492 0.179300 402.356994 302.517746
43 44 52 0.732076 0.014239 0.253685 368.010445 302.949074
43 44 52 0.941961 0.038110 0.019928 369.813466 295.454586
43 44 52 0.034613 0.015421 0.949966 359.197479 317.233900
43 44 52 0.831522 0.076978 0.091500 371.321264 295.715401
43 44 52 0.055395 0.199020 0.745585 369.050484 315.386496
43 44 52 0.026290 0.815387 0.158323 407.148521 303.469520
43 44 52 0.609536 0.179089 0.211376 378.195073 298.843010
43 44 52 0.390883 0.574959 0.034158 396.533746 292.937592
43 44 52 0.424031 0.228045 0.347923 376.161853 306.092852
44 53 52 0.410087 0.502813 0.087100 406.978525 312.735688
44 53 52 0.318362 0.451365 0.230272 400.004456 316.877321
44 53 52 0.779047 0.091314 0.129640 404.631760 303.772770
44 53 52 0.068791 0.425228 0.505981 378.405719 322.489009
44 53 52 0.782188 0.112604 0.105208 409.077063 301.836956
44 53 52 0.162070 0.319179 0.518751 386.176999 322.694692
44 53 52 0.969357 0.027030 0.003613 411.065775 299.552710
44 53 52 0.455234 0.045203 0.499562 388.858538 310.341148
44 53 52 0.403232 0.256792 0.339976 393.813304 311.283673
44 53 52 0.832934 0.049759 0.117306 406.827179 298.861249
45 46 54 0.804289 0.021187 0.174524 107.766612 303.696884
45 46 54 0.621483 0.067756 0.310761 116.279314 305.935550
45 46 54 0.740189 0.070292 0.189519 114.087414 303.469475
45 46 54 0.109169 0.873782 0.017048 131.788264 304.362159
45 46 54 0.776903 0.006139 0.216958 108.447423 304.518318
45 46 54 0.899906 0.038459 0.061635 112.049532 306.235612
45 46 54 0.254749 0.395703 0.349547 123.270214 306.694399
45 46 54 0.419170 0.253542 0.327288 118.282828 309.043282
45 46 54 0.972666 0.003531 0.023803 104.008588 306.673990
45 46 54 0.658704 0.032172 0.309124 116.118043 305.821039
46 55 54 0.117622 0.874157 0.008221 146.381620 317.638266
46 55 54 0.722137 0.205614 0.072249 139.598826 307.694424
46 55 54 0.922707 0.009308 0.067984 138.132725 308.914804
46 55 54 0.084041 0.561351 0.354608 140.540188 315.595218
46 55 54 0.676134 0.083476 0.240390 135.198558 310.381205
46 55 54 0.399993 0.142070 0.457937 129.390691 314.839127
46 55 54 0.928113 0.062948 0.008939 137.252893 304.826046
46 55 54 0.170530 0.087536 0.741934 126.790840 317.897238
46 55 54 0.752085 0.052211 0.195704 136.697098 308.567796
46 55 54 0.578155 0.058784 0.363061 133.937837 312.065968
46 47 55 0.862075 0.124996 0.012929 147.232316 305.785577
46 47 55 0.010201 0.222183 0.767616 151.877338 313.350056
46 47 55 0.445440 0.284598 0.269961 150.162328 309.977010
46 47 55 0.228288 0.631760 0.139952 161.910822 303.726239
46 47 55 0.293678 0.332923 0.373398 155.699132 306.482193
46 47 55 0.606550 0.063352 0.330098 145.821968 309.271004
46 47 55 0.773935 0.143804 0.082261 143.139583 307.272005
46 47 55 0.355156 0.215142 0.429701 149.282579 308.752821
46 47 55 0.088569 0.408299 0.503132 164.535374 313.631848
46 47 55 0.587087 0.116926 0.295986 148.238916 311.938356
47 56 55 0.630461 0.078137 0.291402 171.223244 315.524458
47 56 55 0.848504 0.023806 0.127690 171.053928 306.022936
47 56 55 0.700117 0.026807 0.273076 171.230009 310.694441
47 56 55 0.378351 0.277723 0.343926 168.957158 316.879642
47 56 55 0.143558 0.338628 0.517814 165.622619 316.381633
47 56 55 0.806108 0.181650 0.012242 175.415774 309.829542
47 56 55 0.811963 0.012081 0.175956 168.537190 310.403027
47 56 55 0.811748 0.101849 0.086403 173.348418 309.226159
47 56 55 0.219193 0.181198 0.599609 159.258956 317.165518
47 56 55 0.194630 0.752534 0.052837 181.939354 319.991604
47 48 56 0.383477 0.323298 0.293225 188.847034 312.744446
47 48 56 0.303362 0.360306 0.336332 189.572997 314.549216
47 48 56 0.736717 0.024609 0.238674 181.097300 313.488476
47 48 56 0.727636 0.017951 0.254413 177.940667 312.685554
47 48 56 0.607863 0.189063 0.203074 186.300033 308.057540
47 48 56 0.698887 0.264763 0.036350 186.935041 308.216330
47 48 56 0.182231 0.494900 0.322869 194.899394 310.310197
47 48 56 0.099459 0.493192 0.407349 196.661208 313.916566
47 48 56 0.241485 0.357529 0.400986 190.548281 314.972788
47 48 56 0.579501 0.104222 0.316278 182.493662 314.038871
48 57 56 0.757375 0.133255 0.109370 205.270566 310.102778
48 57 56 0.075308 0.810173 0.114519 213.152303 323.552110
48 57 56 0.571689 0.184076 0.244234 204.376779 318.935228
48 57 56 0.822170 0.079474 0.098356 209.987838 315.352430
48 57 56 0.183139 0.427979 0.388882 200.266597 322.719377
48 57 56 0.016694 0.788933 0.194373 210.072598 323.551457
48 57 56 0.845091 0.008269 0.146640 203.587708 312.844972
48 57 56 0.002287 0.673137 0.324576 209.123931 327.284462
48 57 56 0.446061 0.268733 0.285206 202.464231 319.268013
48 57 56 0.995857 0.000856 0.003286 205.374765 308.603212
48 49 57 0.708813 0.158430 0.132757 212.544738 312.964225
48 49 57 0.441814 0.418846 0.139340 226.393191 313.778076
48 49 57 0.375698 0.272640 0.351661 220.249737 318.556695
48 49 57 0.633496 0.244609 0.121894 213.846202 310.103579
48 49 57 0.761202 0.100827 0.137970 211.954236 311.997095
48 49 57 0.875151 0.044315 0.080534 210.080022 313.517666
48 49 57 0.205176 0.352984 0.441840 224.207145 316.555607
48 49 57 0.106108 0.254602 0.639290 221.097540 320.432069
48 49 57 0.379017 0.254773 0.366209 218.548616 316.581277
48 49 57 0.202090 0.119991 0.677920 216.613827 321.582366
49 58 57 0.932321 0.023103 0.044576 244.734731 313.186114
49 58 57 0.734511 0.192282 0.073207 243.131605 316.281892
49 58 57 0.609040 0.313828 0.077132 243.521043 314.739322
49 58 57 0.632740 0.276503 0.090757 246.116397 318.000825
49 58 57 0.550191 0.357098 0.092711 242.950881 319.552045
49 58 57 0.609707 0.371743 0.018551 245.356525 319.140268
49 58 57 0.785865 0.091247 0.122888 240.233020 313.387919
49 58 57 0.837960 0.113911 0.048130 244.625167 315.904397
49 58 57 0.954952 0.001756 0.043292 240.873249 314.343823
49 58 57 0.757182 0.099888 0.142930 244.933367 318.646832
49 50 58 0.386988 0.565444 0.047568 265.775698 312.382461
49 50 58 0.280720 0.319794 0.399486 260.155022 317.738823
49 50 58 0.210497 0.323855 0.465648 262.077300 317.625153
49 50 58 0.853968 0.001105 0.144927 245.681541 313.489682
49 50 58 0.143947 0.163299 0.692754 254.860469 323.352528
49 50 58 0.707483 0.189313 0.103204 255.851641 315.043166
49 50 58 0.410302 0.340263 0.249435 259.866158 315.168288
49 50 58 0.746011 0.221451 0.032538 251.790017 313.883987
49 50 58 0.253575 0.523489 0.222936 268.623379 317.269547
49 50 58 0.700868 0.102952 0.196180 249.045853 318.358595
50 59 58 0.912590 0.035422 0.051988 285.778350 315.637576
50 59 58 0.030068 0.099685 0.870247 254.280899 326.239680
50 59 58 0.436445 0.120211 0.443344 265.961011 323.711975
50 59 58 0.153975 0.303426 0.542599 264.945421 325.406133
50 59 58 0.958410 0.016099 0.025491 283.165322 313.073563
50 59 58 0.752001 0.058852 0.189147 278.812118 315.947011
50 59 58 0.434516 0.547273 0.018211 284.047926 322.966273
50 59 58 0.015090 0.821223 0.163687 275.932086 332.344214
50 59 58 0.443851 0.250787 0.305362 276.376487 319.520317
50 59 58 0.710887 0.271121 0.017992 282.509843 317.154659
50 51 59 0.625596 0.316559 0.057844 298.701880 313.428818
50 51 59 0.998462 0.001209 0.000328 287.218326 312.799065
50 51 59 0.794757 0.112265 0.092978 292.621039 320.190105
50 51 59 0.543311 0.085253 0.371437 290.848061 320.690824
50 51 59 0.001887 0.462627 0.535486 299.454967 323.173490
50 51 59 0.346827 0.436223 0.216950 301.482773 321.462664
50 51 59 0.675469 0.314790 0.009741 298.101237 315.328052
50 51 59 0.397604 0.229093 0.373303 292.702098 321.959277
50 51 59 0.495992 0.090876 0.413132 285.632488 322.672150
50 51 59 0.310709 0.665492 0.023799 311.800396 319.276150
51 60 59 0.320042 0.129471 0.550486 297.842824 328.001575
51 60 59 0.671703 0.125855 0.202442 318.246345 323.431341
51 60 59 0.456934 0.025303 0.517763 298.901963 325.021987
51 60 59 0.275761 0.646259 0.077981 316.287859 333.480937
51 60 59 0.747172 0.064452 0.188375 317.234428 322.717691
51 60 59 0.290481 0.011883 0.697636 295.181399 326.539329
51 60 59 0.510598 0.439217 0.050185 317.940566 331.252872
51 60 59 0.459636 0.137959 0.402405 308.270044 325.056026
51 60 59 0.107581 0.672442 0.219977 308.719819 328.566362
51 60 59 0.550721 0.354427 0.094851 317.462440 327.461804
51 52 60 0.979106 0.014833 0.006061 321.801315 320.844006
51 52 60 0.068726 0.590193 0.341081 342.111580 328.201319
51 52 60 0.619660 0.156316 0.224024 327.409236 322.941863
51 52 60 0.821429 0.136071 0.042500 330.589110 319.100644
51 52 60 0.516300 0.047200 0.436500 322.471306 323.817478
51 52 60 0.718859 0.226539 0.054602 331.076592 320.872706
51 52 60 0.936954 0.039974 0.023072 321.491657 318.754988
51 52 60 0.645824 0.033257 0.320919 322.037372 326.444614
51 52 60 0.225387 0.008507 0.766106 322.759044 335.448259
51 52 60 0.981560 0.004176 0.014265 323.674374 319.279371
52 61 60 0.072464 0.917467 0.010069 357.717385 335.932977
52 61 60 0.355129 0.270814 0.374056 343.715420 332.507734
52 61 60 0.336075 0.643265 0.020660 355.707384 335.282207
52 61 60 0.671718 0.021777 0.306506 352.343328 328.558362
52 61 60 0.248277 0.491355 0.260368 347.167604 335.369898
52 61 60 0.990160 0.006267 0.003573 361.616410 322.387664
52 61 60 0.568056 0.052638 0.379306 342.999094 325.818037
52 61 60 0.420809 0.440888 0.138303 351.826445 330.540317
52 61 60 0.154778 0.139066 0.706156 332.940081 332.487702
52 61 60 0.242013 0.186049 0.571938 336.744180 331.374471
52 53 61 0.631809 0.155201 0.212990 363.844636 328.817195
52 53 61 0.791436 0.087845 0.120719 362.402215 325.640959
52 53 61 0.767449 0.206975 0.025576 369.609061 319.739835
52 53 61 0.405289 0.161760 0.432951 364.812046 331.543327
52 53 61 0.298938 0.442222 0.258839 374.285524 327.403464
52 53 61 0.943491 0.043837 0.012671 360.625770 321.479070
52 53 61 0.912952 0.077599 0.009449 364.016985 325.696697
52 53 61 0.744695 0.023325 0.231980 356.506187 327.926915
52 53 61 0.643431 0.296957 0.059611 368.910436 320.600857
52 53 61 0.765690 0.141370 0.092940 367.621294 324.651123
53 62 61 0.425965 0.533798 0.040237 397.673156 337.851520
53 62 61 0.095755 0.580960 0.323285 382.897647 339.706907
53 62 61 0.735108 0.086608 0.178285 391.930288 327.193317
53 62 61 0.745825 0.094234 0.159942 393.850778 333.431495
53 62 61 0.612493 0.231019 0.156488 393.331120 331.637253
53 62 61 0.351580 0.054154 0.594266 373.438690 334.408282
53 62 61 0.606890 0.071367 0.321743 388.165507 330.292405
53 62 61 0.715068 0.038992 0.245940 389.471372 328.501564
53 62 61 0.892739 0.053997 0.053264 397.505381 328.137742
53 62 61 0.620355 0.361387 0.018257 402.871956 331.315644
54 55 63 0.014545 0.864030 0.121425 145.433809 317.474515
54 55 63 0.232407 0.305817 0.461777 130.518603 320.725158
54 55 63 0.461060 0.537482 0.001458 135.287767 324.281810
54 55 63 0.921424 0.075163 0.003413 123.695688 316.658097
54 55 63 0.344840 0.180715 0.474444 130.935730 325.756774
54 55 63 0.139715 0.843604 0.016680 140.468665 319.881038
54 55 63 0.756724 0.086895 0.156381 123.977779 320.877773
54 55 63 0.973231 0.019606 0.007163 120.258342 319.851077
54 55 63 0.649217 0.083573 0.267210 124.684880 324.900652
54 55 63 0.574928 0.414788 0.010284 130.260591 314.603993
55 64 63 0.022894 0.861147 0.115959 154.129449 331.629190
55 64 63 0.883060 0.014394 0.102546 145.952331 321.472093
55 64 63 0.110137 0.700285 0.189578 151.349008 338.339742
55 64 63 0.146587 0.814050 0.039362 157.504697 334.324943
55 64 63 0.759307 0.208517 0.032176 146.846406 324.862616
55 64 63 0.316311 0.547901 0.135788 152.433391 329.462928
55 64 63 0.466211 0.008010 0.525779 139.362064 328.292388
55 64 63 0.154019 0.485177 0.360804 147.572267 327.894731
55 64 63 0.944794 0.014389 0.040817 152.269355 321.052183
55 64 63 0.326627 0.025328 0.648045 140.975434 327.684476
55 56 64 0.419599 0.104385 0.476016 157.781069 324.011355
55 56 64 0.989675 0.001231 0.009094 152.119111 319.664610
55 56 64 0.339954 0.258950 0.401097 166.866703 327.856691
55 56 64 0.203317 0.652925 0.143757 176.677516 321.925201
55 56 64 0.629448 0.178312 0.192240 160.866062 323.057901
55 56 64 0.415300 0.456892 0.127808 166.238083 325.057847
55 56 64 0.616700 0.332862 0.050438 164.264367 324.115356
55 56 64 0.012148 0.602151 0.385700 173.930946 327.247413
55 56 64 0.314543 0.452660 0.232797 167.516557 323.572502
55 56 64 0.673200 0.100659 0.226141 152.580399 319.599997
56 65 64 0.680461 0.053044 0.266495 176.508495 325.048551
56 65 64 0.366096 0.277290 0.356613 178.383410 330.819147
56 65 64 0.271531 0.605804 0.122665 187.023243 333.667903
56 65 64 0.636894 0.057305 0.305801 180.256608 326.971639
56 65 64 0.237103 0.081521 0.681376 169.638480 329.997046
56 65 64 0.426314 0.528090 0.045596 188.301340 329.426144
56 65 64 0.723614 0.009050 0.267336 179.458303 324.705416
56 65 64 0.968384 0.022725 0.008891 180.175433 324.391501
56 65 64 0.663787 0.123120 0.213093 181.030596 325.821265
56 65 64 0.056353 0.458150 0.485497 172.306182 333.156959
56 57 65 0.184328 0.031940 0.783731 190.475365 333.775690
56 57 65 0.527263 0.327656 0.145081 196.103489 325.768259
56 57 65 0.972362 0.012226 0.015412 182.649702 320.878364
56 57 65 0.294731 0.409841 0.295427 196.744547 329.615679
56 57 65 0.576476 0.356259 0.067265 198.265605 326.276690
56 57 65 0.961975 0.004198 0.033827 187.316932 323.469196
56 57 65 0.821357 0.018791 0.159851 184.638422 323.094461
56 57 65 0.592303 0.132237 0.275460 189.763304 326.290906
56 57 65 0.506061 0.037320 0.456620 187.410610 332.710251
56 57 65 0.334847 0.160305 0.504848 194.424796 326.794581
57 66 65 0.670121 0.053137 0.276743 208.733527 332.307327
57 66 65 0.150423 0.110981 0.738596 195.617640 332.900438
57 66 65 0.194628 0.023002 0.782370 195.374566 332.631110
57 66 65 0.151071 0.283435 0.565494 201.225051 336.637987
57 66 65 0.833394 0.021355 0.145251 210.908722 327.657557
57 66 65 0.992438 0.004122 0.003441 219.725004 326.333413
57 66 65 0.241269 0.616288 0.142443 216.712045 337.167384
57 66 65 0.330319 0.318197 0.351484 210.394417 329.559060
57 66 65 0.261454 0.251354 0.487192 205.687729 331.348899
57 66 65 0.214229 0.701901 0.083870 221.920272 335.243314
57 58 66 0.892168 0.051528 0.056304 219.583180 325.007358
57 58 66 0.346571 0.443644 0.209784 229.227608 327.204475
57 58 66 0.090786 0.316873 0.592341 230.955642 334.214063
57 58 66 0.179844 0.698747 0.121410 233.500141 333.447411
57 58 66 0.121504 0.059515 0.818981 223.964992 335.467927
57 58 66 0.882250 0.043225 0.074525 219.843507 325.399589
57 58 66 0.321466 0.134535 0.543999 222.766768 335.199924
57 58 66 0.048984 0.441475 0.509541 230.422575 332.217993
57 58 66 0.505863 0.418223 0.075914 231.236074 329.349767
57 58 66 0.786048 0.201150 0.012802 222.528912 326.026767
58 67 66 0.390829 0.381149 0.228022 243.472715 337.548075
58 67 66 0.587264 0.033903 0.378833 238.793891 334.643067
58 67 66 0.138684 0.071648 0.789669 226.440171 337.602152
58 67 66 0.482008 0.384992 0.133000 246.691053 336.454007
58 67 66 0.670260 0.117617 0.212123 241.989014 332.613908
58 67 66 0.997079 0.001456 0.001465 249.241306 325.249228
58 67 66 0.868328 0.041396 0.090275 246.702652 331.589958
58 67 66 0.989977 0.000038 0.009985 249.141726 328.019526
58 67 66 0.207560 0.067460 0.724980 228.755594 335.703622
58 67 66 0.969646 0.010252 0.020101 248.726534 326.983782
58 59 67 0.288690 0.328941 0.382369 258.928833 335.127381
58 59 67 0.886992 0.032826 0.080181 251.885318 325.710402
58 59 67 0.094526 0.812997 0.092477 272.973551 329.465949
58 59 67 0.249036 0.428975 0.321989 260.924044 333.478884
58 59 67 0.523798 0.434392 0.041810 264.510932 331.179580
58 59 67 0.970706 0.001031 0.028263 252.768652 328.385651
58 59 67 0.154344 0.023074 0.822582 253.585437 336.773226
58 59 67 0.567363 0.318117 0.114520 258.655422 329.638040
58 59 67 0.504018 0.302792 0.193190 255.863396 333.743718
58 59 67 0.852184 0.125238 0.022578 253.328258 330.058837
59 68 67 0.178560 0.451305 0.370135 266.966815 342.031620
59 68 67 0.809735 0.187127 0.003137 283.616681 333.531263
59 68 67 0.212550 0.059125 0.728324 257.434573 340.360133
59 68 67 0.455369 0.297404 0.247227 275.236576 339.164785
59 68 67 0.387986 0.210329 0.401685 274.612982 335.769304
59 68 67 0.148928 0.643715 0.207357 276.122959 343.592859
59 68 67 0.383069 0.589152 0.027780 280.331330 338.773834
59 68 67 0.056897 0.392566 0.550537 264.251803 341.320766
59 68 67 0.669803 0.123769 0.206428 276.034613 333.810399
59 68 67 0.438438 0.231643 0.329919 273.598824 335.930861
59 60 68 0.468931 0.327800 0.203268 293.209491 335.536955
59 60 68 0.271595 0.167478 0.560928 288.983860 339.252554
59 60 68 0.701308 0.163466 0.135226 288.510512 337.784381
59 60 68 0.073910 0.448999 0.477091 297.532525 337.399503
59 60 68 0.754430 0.171895 0.073675 291.078378 336.923241
59 60 68 0.259880 0.132586 0.607534 288.240342 340.537752
59 60 68 0.173985 0.117728 0.708287 287.646671 338.127992
59 60 68 0.926988 0.065788 0.007224 287.241621 331.180974
59 60 68 0.141477 0.600732 0.257791 304.600600 335.874337
59 60 68 0.458912 0.502007 0.039081 301.487721 332.566899
60 69 68 0.273473 0.365749 0.360778 301.308698 342.985214
60 69 68 0.117695 0.831766 0.050539 311.278584 349.161497
60 69 68 0.881373 0.100216 0.018411 315.787074 338.343704
60 69 68 0.496714 0.396177 0.107110 309.162933 340.022363
60 69 68 0.852730 0.039987 0.107283 313.173901 335.721431
60 69 68 0.070807 0.261787 0.667407 296.928554 346.447951
60 69 68 0.695933 0.094450 0.209617 312.598724 340.923283
60 69 68 0.825798 0.088164 0.086038 312.027482 338.777967
60 69 68 0.474513 0.205372 0.320115 304.817781 344.897243
60 69 68 0.013321 0.465607 0.521072 300.732771 347.811310
60 61 69 0.299545 0.457230 0.243225 335.946979 336.037453
60 61 69 0.348975 0.077425 0.573600 318.556349 339.209726
60 61 69 0.748393 0.048745 0.202862 318.673747 338.714800
60 61 69 0.926866 0.021958 0.051176 317.348497 335.152954
60 61 69 0.538462 0.103819 0.357719 322.000650 338.010301
60 61 69 0.364248 0.257158 0.378593 328.927918 343.260094
60 61 69 0.885035 0.031262 0.083703 320.219151 337.148471
60 61 69 0.632600 0.213607 0.153793 326.095077 339.105270
60 61 69 0.867739 0.006656 0.125605 322.226947 337.698490
60 61 69 0.514205 0.327562 0.158232 330.048767 340.619615
61 70 69 0.473150 0.248852 0.277998 341.631352 344.869440
61 70 69 0.791384 0.033637 0.174979 349.150647 342.979546
61 70 69 0.361074 0.270512 0.368414 337.743380 347.234599
61 70 69 0.383173 0.060766 0.556062 334.453510 342.584909
61 70 69 0.092548 0.600275 0.307178 338.513523 346.453059
61 70 69 0.633799 0.244760 0.121440 353.534298 344.390365
61 70 69 0.165900 0.318935 0.515164 332.963682 347.947666
61 70 69 0.173895 0.350726 0.475378 330.661323 349.425605
61 70 69 0.336480 0.634676 0.028843 352.046470 346.266713
61 70 69 0.882822 0.038207 0.078971 353.956358 344.035651
61 62 70 0.986040 0.008838 0.005122 359.202603 341.495525
61 62 70 0.120846 0.156314 0.722840 355.037805 347.782175
61 62 70 0.107688 0.557691 0.334621 372.055191 343.170867
61 62 70 0.307878 0.138330 0.553792 361.144395 347.708795
61 62 70 0.878453 0.057604 0.063943 357.544384 340.643811
61 62 70 0.732851 0.003389 0.263760 352.759624 346.230655
61 62 70 0.319865 0.434021 0.246114 372.680931 342.855040
61 62 70 0.007081 0.111842 0.881077 356.791972 352.625069
61 62 70 0.354006 0.019892 0.626102 353.900258 346.909126
61 62 70 0.284976 0.564814 0.150211 374.617621 343.804984
62 71 70 0.852548 0.013687 0.133764 389.005048 343.167389
62 71 70 0.306391 0.380692 0.312917 379.387790 354.689791
62 71 70 0.339024 0.380592 0.280384 379.933385 349.244450
62 71 70 0.700708 0.137351 0.161940 388.506873 345.931536
62 71 70 0.285605 0.505028 0.209367 381.760640 352.221716
62 71 70 0.359214 0.457484 0.183302 382.029989 352.901437
62 71 70 0.756087 0.222543 0.021370 393.688967 347.760064
62 71 70 0.177267 0.608766 0.213968 376.958363 358.297583
62 71 70 0.109992 0.545866 0.344142 374.852462 355.544370
62 71 70 0.522439 0.000971 0.476590 373.527894 347.935662
63 64 72 0.649603 0.322144 0.028253 140.430219 334.719176
63 64 72 0.189046 0.777827 0.033127 152.600321 332.422467
63 64 72 0.607790 0.190361 0.201849 133.707021 337.482282
63 64 72 0.151352 0.355338 0.493310 146.167180 343.766268
63 64 72 0.648677 0.231418 0.119905 135.073591 331.470861
63 64 72 0.848065 0.145818 0.006118 132.955438 331.113752
63 64 72 0.212452 0.295077 0.492470 144.560291 338.924792
63 64 72 0.581591 0.065775 0.352634 137.721837 332.721690
63 64 72 0.573853 0.006557 0.419590 132.690012 342.054106
63 64 72 0.403836 0.161415 0.434749 140.343193 341.916825
64 73 72 0.407567 0.291630 0.300803 155.569098 341.850794
64 73 72 0.559463 0.411376 0.029161 159.736571 341.014839
64 73 72 0.321876 0.394145 0.283979 156.914051 342.930772
64 73 72 0.879682 0.037021 0.083297 159.010761 336.120849
64 73 72 0.060840 0.823507 0.115653 167.807631 351.708370
64 73 72 0.908272 0.056508 0.035220 157.827247 335.807530
64 73 72 0.946422 0.007035 0.046543 158.801703 334.016603
64 73 72 0.887145 0.105258 0.007597 160.781771 336.151818
64 73 72 0.872101 0.076999 0.050901 161.614206 337.754171
64 73 72 0.217576 0.177980 0.604444 149.661826 343.628812
64 65 73 0.892400 0.005532 0.102068 161.108248 337.536414
64 65 73 0.731718 0.192420 0.075862 164.878314 335.012444
64 65 73 0.730994 0.141875 0.127131 162.249680 332.328919
64 65 73 0.181100 0.342227 0.476672 176.059110 342.782631
64 65 73 0.694101 0.006911 0.298987 162.229182 338.587413
64 65 73 0.866773 0.129567 0.003661 160.901584 334.495047
64 65 73 0.714387 0.088070 0.197542 164.057104 336.488775
64 65 73 0.116132 0.613359 0.270509 182.094131 339.648132
64 65 73 0.193460 0.097611 0.708929 171.552766 344.000371
64 65 73 0.892510 0.035271 0.072219 160.667735 335.351111
65 74 73 0.443622 0.275870 0.280507 186.185212 342.600186
65 74 73 0.157539 0.494495 0.347966 186.420484 348.312034
65 74 73 0.702339 0.030553 0.267107 187.959146 336.346281
65 74 73 0.652996 0.179194 0.167810 187.423299 340.295283
65 74 73 0.091957 0.728328 0.179715 191.181358 350.748466
65 74 73 0.812686 0.071424 0.115890 186.660043 333.756925
65 74 73 0.746679 0.040658 0.212663 186.437070 337.395515
65 74 73 0.780996 0.058965 0.160039 188.456383 337.141938
65 74 73 0.947330 0.022703 0.029967 190.479812 335.481981
65 74 73 0.210870 0.770950 0.018180 194.588533 343.314015
65 66 74 0.982275 0.008039 0.009686 188.051394 334.280082
65 66 74 0.376188 0.111586 0.512226 192.609196 340.767969
65 66 74 0.319420 0.550387 0.130193 208.770132 335.291019
65 66 74 0.772011 0.000989 0.227000 192.012540 341.807330
65 66 74 0.677545 0.139897 0.182558 194.037315 339.493483
65 66 74 0.144835 0.002305 0.852860 193.732514 346.717821
65 66 74 0.709268 0.089440 0.201292 193.539040 336.547592
65 66 74 0.437326 0.054615 0.508059 195.529836 338.544835
65 66 74 0.937050 0.037438 0.025512 189.354738 338.696196
65 66 74 0.420945 0.203588 0.375466 199.296528 343.773267
66 75 74 0.422322 0.160457 0.417222 208.133669 343.800988
66 75 74 0.987932 0.000741 0.011327 219.265293 338.117848
66 75 74 0.456227 0.198743 0.345030 212.044177 345.669882
66 75 74 0.402041 0.243773 0.354186 212.415001 345.804888
66 75 74 0.424850 0.153765 0.421384 207.891174 347.029635
66 75 74 0.188110 0.048755 0.763136 203.755657 345.523940
66 75 74 0.887753 0.083260 0.028987 219.030557 336.684577
66 75 74 0.597290 0.138378 0.264333 215.692439 343.665609
66 75 74 0.035452 0.087632 0.876916 200.805060 348.505604
66 75 74 0.404167 0.549800 0.046034 223.848311 345.810944
66 67 75 0.518003 0.473350 0.008647 237.809426 339.017099
66 67 75 0.085655 0.225972 0.688373 231.463911 348.384100
66 67 75 0.121969 0.421684 0.456347 238.973024 346.634065
66 67 75 0.473420 0.105805 0.420775 227.560471 344.740621
66 67 75 0.967836 0.007510 0.024654 221.974119 336.754232
66 67 75 0.366047 0.118568 0.515385 225.636264 345.814994
66 67 75 0.601658 0.121909 0.276433 222.894444 339.397376
66 67 75 0.755339 0.242395 0.002266 228.022908 336.066994
66 67 75 0.597875 0.110163 0.291961 222.809000 337.973431
66 67 75 0.347865 0.282892 0.369242 231.656616 343.438839
67 76 75 0.596474 0.137939 0.265586 241.964130 343.267837
67 76 75 0.759057 0.037944 0.203000 246.310151 342.260539
67 76 75 0.815816 0.128656 0.055528 252.360068 343.895088
67 76 75 0.487330 0.482930 0.029740 250.294903 346.556086
67 76 75 0.703963 0.039706 0.256331 245.029722 341.556819
67 76 75 0.167206 0.299987 0.532807 235.827715 350.617764
67 76 75 0.269671 0.695767 0.034562 255.061091 352.216806
67 76 75 0.699008 0.241076 0.059916 252.597475 343.583451
67 76 75 0.446595 0.446322 0.107083 247.899727 346.809236
67 76 75 0.022687 0.041749 0.935564 226.910125 349.898889
67 68 76 0.346494 0.258838 0.394668 261.360068 344.441327
67 68 76 0.842456 0.101883 0.055661 259.411882 341.187415
67 68 76 0.133026 0.845679 0.021295 275.483376 345.259798
67 68 76 0.385588 0.310077 0.304335 263.914137 344.247754
67 68 76 0.739644 0.159416 0.100940 256.303109 344.022591
67 68 76 0.533292 0.422954 0.043754 264.742597 342.748057
67 68 76 0.680449 0.029024 0.290527 255.032167 344.413112
67 68 76 0.733131 0.191262 0.075607 255.067947 343.898372
67 68 76 0.029289 0.403546 0.567165 269.208402 347.109001
67 68 76 0.026393 0.168235 0.805372 258.103581 353.471077
68 77 76 0.666792 0.232870 0.100338 281.732382 351.238400
68 77 76 0.443496 0.073807 0.482697 271.226934 346.076638
68 77 76 0.788922 0.016612 0.194465 275.197771 348.315221
68 77 76 0.529624 0.163606 0.306770 276.338080 351.601738
68 77 76 0.925891 0.060991 0.013118 284.939654 346.028695
68 77 76 0.440515 0.553371 0.006114 278.257510 351.884948
68 77 76 0.424264 0.214651 0.361085 270.187702 351.780139
68 77 76 0.828636 0.058479 0.112885 279.290094 348.859767
68 77 76 0.299577 0.338089 0.362334 273.152011 351.815561
68 77 76 0.176324 0.623721 0.199955 277.968970 351.536125
68 69 77 0.638675 0.048766 0.312559 285.958595 349.449981
68 69 77 0.824121 0.098421 0.077458 283.655264 347.606054
68 69 77 0.561290 0.177404 0.261306 290.314147 345.630625
68 69 77 0.985468 0.005601 0.008932 284.688539 345.943813
68 69 77 0.602485 0.394733 0.002782 298.301487 343.539689
68 69 77 0.982976 0.011249 0.005775 286.265161 340.897760
68 69 77 0.326299 0.180918 0.492783 287.942996 351.854915
68 69 77 0.261339 0.285820 0.452841 293.144566 348.630294
68 69 77 0.985860 0.010326 0.003814 283.729721 344.264309
68 69 77 0.768115 0.008753 0.223132 282.973467 345.437706
69 78 77 0.095950 0.149376 0.754674 293.508799 354.310613
69 78 77 0.591803 0.162772 0.245425 305.184023 349.076448
69 78 77 0.125327 0.167017 0.707656 287.225131 354.512753
69 78 77 0.610328 0.363665 0.026007 313.372792 353.212634
69 78 77 0.726075 0.095271 0.178654 309.945695 349.976448
69 78 77 0.500077 0.109113 0.390809 301.017407 350.383464
69 78 77 0.872461 0.107867 0.019672 315.984274 346.569133
69 78 77 0.398626 0.301331 0.300043 306.135165 353.568584
69 78 77 0.201293 0.105151 0.693556 294.792245 350.697389
69 78 77 0.902694 0.045745 0.051561 311.367155 346.743235
69 70 78 0.398396 0.490270 0.111334 331.688986 353.183173
69 70 78 0.388302 0.156824 0.454874 319.413815 355.563052
69 70 78 0.556785 0.011949 0.431266 315.471654 350.237874
69 70 78 0.481945 0.363979 0.154076 332.936440 351.320503
69 70 78 0.029836 0.248350 0.721814 325.134853 359.657530
69 70 78 0.660568 0.025812 0.313620 316.414522 349.902624
69 70 78 0.091160 0.083559 0.825281 321.146867 354.676023
69 70 78 0.520449 0.393610 0.085942 327.287308 351.323479
69 70 78 0.294536 0.218958 0.486507 323.682520 358.194058
69 70 78 0.064148 0.037811 0.898041 316.379186 357.542804
70 79 78 0.291147 0.053847 0.655006 324.601590 361.830524
70 79 78 0.993635 0.006033 0.000332 350.982890 351.019333
70 79 78 0.811598 0.036117 0.152284 343.797757 351.894074
70 79 78 0.316996 0.230435 0.452569 332.557827 357.426416
70 79 78 0.784161 0.163982 0.051857 347.849823 356.580393
70 79 78 0.984811 0.005084 0.010105 354.063390 352.028167
70 79 78 0.278515 0.678779 0.042706 344.292511 363.024062
70 79 78 0.081652 0.818550 0.099798 345.732427 365.291618
70 79 78 0.403085 0.373338 0.223577 339.464589 358.662251
70 79 78 0.337090 0.135139 0.527771 328.752123 354.154142
70 71 79 0.351145 0.074959 0.573896 350.543688 360.529842
70 71 79 0.083744 0.008091 0.908165 345.444281 362.960671
70 71 79 0.052482 0.771128 0.176390 378.963301 360.868616
70 71 79 0.121868 0.438927 0.439205 361.334135 361.467186
70 71 79 0.465425 0.525694 0.008881 370.185383 353.986859
70 71 79 0.337332 0.206103 0.456565 353.368477 356.179475
70 71 79 0.459228 0.321926 0.218846 360.594146 360.351290
70 71 79 0.512981 0.205208 0.281811 354.710149 355.479965
70 71 79 0.156137 0.480977 0.362887 369.783599 356.235894
70 71 79 0.537275 0.052126 0.410599 352.096036 359.830074
71 80 79 0.834069 0.088716 0.077215 380.852705 357.712596
71 80 79 0.871824 0.117602 0.010574 382.920672 361.130288
71 80 79 0.917322 0.020876 0.061802 384.230589 354.780597
71 80 79 0.826884 0.157943 0.015173 382.725774 361.255801
71 80 79 0.067874 0.920834 0.011292 379.421155 368.085802
71 80 79 0.828036 0.017753 0.154211 379.061647 358.021163
71 80 79 0.552895 0.269458 0.177648 375.944764 364.047913
71 80 79 0.181400 0.262632 0.555967 360.831279 362.283857
71 80 79 0.087486 0.803512 0.109002 381.630905 364.970634
71 80 79 0.238032 0.495234 0.266734 373.071575 362.360563
