0 1 9 0.677218 0.171637 0.151145 126.713551 188.701302
0 1 9 0.907514 0.046947 0.045539 125.370794 190.681809
0 1 9 0.738305 0.050872 0.210823 118.059946 192.991223
0 1 9 0.477793 0.234363 0.287845 123.341046 189.941047
0 1 9 0.635308 0.217399 0.147294 127.564421 192.611232
0 1 9 0.654343 0.116519 0.229138 120.213399 192.894465
0 1 9 0.790541 0.145534 0.063925 127.039483 188.949078
0 1 9 0.409942 0.273578 0.316480 125.177577 191.032451
0 1 9 0.946808 0.052368 0.000823 124.934065 191.833763
0 1 9 0.409571 0.049258 0.541171 118.472910 194.498573
1 10 9 0.247302 0.093909 0.658789 124.737028 200.368676
1 10 9 0.556612 0.228803 0.214585 144.483905 192.720634
1 10 9 0.302702 0.041912 0.655385 125.446883 194.121251
1 10 9 0.604759 0.277157 0.118084 150.356965 192.793990
1 10 9 0.007406 0.923487 0.069107 144.680368 197.474301
1 10 9 0.701055 0.018928 0.280018 141.854843 195.813545
1 10 9 0.021937 0.731701 0.246362 141.494510 198.518611
1 10 9 0.476407 0.324712 0.198881 139.705838 190.469395
1 10 9 0.661601 0.101640 0.236759 142.647509 193.434939
1 10 9 0.274937 0.060125 0.664937 127.858986 196.372168
1 2 10 0.465741 0.240966 0.293293 154.942784 193.687082
1 2 10 0.424520 0.091360 0.484120 149.090380 191.423861
1 2 10 0.398028 0.264737 0.337235 155.813884 192.175078
1 2 10 0.132250 0.402923 0.464827 163.905662 192.654984
1 2 10 0.980715 0.017837 0.001448 158.544688 186.406163
1 2 10 0.601969 0.347318 0.050713 165.327215 191.248862
1 2 10 0.497827 0.237777 0.264396 156.781839 192.204502
1 2 10 0.596753 0.086622 0.316625 154.292929 192.754391
1 2 10 0.788180 0.181531 0.030290 159.917973 190.016353
1 2 10 0.241478 0.271743 0.486779 159.419768 193.285155
2 11 10 0.787062 0.095412 0.117526 179.387599 192.646723
2 11 10 0.453564 0.051591 0.494845 166.418916 195.385478
2 11 10 0.651222 0.318270 0.030508 180.674123 193.162177
2 11 10 0.399444 0.323925 0.276631 170.678999 193.771271
2 11 10 0.387631 0.441279 0.171090 175.197861 191.663255
2 11 10 0.977198 0.022469 0.000333 179.678639 185.625510
2 11 10 0.487336 0.091212 0.421452 168.454617 192.636216
2 11 10 0.047880 0.757134 0.194986 174.965263 196.602632
2 11 10 0.154894 0.004238 0.840868 150.196929 197.695887
2 11 10 0.559339 0.214151 0.226510 173.313288 191.111776
2 3 11 0.723821 0.003400 0.272779 178.063280 190.648535
2 3 11 0.706906 0.039661 0.253433 187.871193 189.562002
2 3 11 0.922635 0.003926 0.073439 181.500190 191.501663
2 3 11 0.676955 0.283330 0.039715 186.663821 189.811000
2 3 11 0.877459 0.114372 0.008169 185.255206 186.596585
2 3 11 0.798543 0.105877 0.095580 185.301651 189.395131
2 3 11 0.713957 0.164873 0.121170 187.005311 185.633871
2 3 11 0.026355 0.965643 0.008002 207.324757 190.204345
2 3 11 0.050861 0.110968 0.838171 177.544199 199.877281
2 3 11 0.722382 0.106153 0.171465 182.549280 193.222335
3 12 11 0.606893 0.218434 0.174673 205.467537 190.269795
3 12 11 0.217528 0.314722 0.467749 200.779128 196.141802
3 12 11 0.820857 0.138416 0.040728 211.360250 191.824688
3 12 11 0.642921 0.321432 0.035647 210.742441 193.880406
3 12 11 0.024384 0.444084 0.531532 194.041492 196.982868
3 12 11 0.654740 0.276748 0.068512 209.664910 195.851965
3 12 11 0.543333 0.230211 0.226456 206.093251 190.471848
3 12 11 0.307037 0.586891 0.106072 210.224476 193.013334
3 12 11 0.410176 0.095588 0.494236 195.020320 192.108411
3 12 11 0.101251 0.683518 0.215230 206.615214 194.940797
3 4 12 0.499723 0.215939 0.284337 219.400809 190.928648
3 4 12 0.681210 0.269434 0.049356 222.886469 185.149594
3 4 12 0.338999 0.047309 0.613692 215.766536 195.967272
3 4 12 0.111803 0.050484 0.837713 212.715675 197.207142
3 4 12 0.764620 0.010221 0.225160 212.867174 192.473165
3 4 12 0.663070 0.336517 0.000413 223.328157 187.542544
3 4 12 0.522893 0.319631 0.157476 222.578840 188.695284
3 4 12 0.902410 0.092282 0.005308 216.596884 189.495618
3 4 12 0.247306 0.550488 0.202206 228.046147 189.518738
3 4 12 0.371671 0.440518 0.187810 226.150451 187.975321
4 13 12 0.032906 0.881527 0.085567 240.574294 193.248538
4 13 12 0.099531 0.431392 0.469077 232.789390 194.665341
4 13 12 0.478728 0.310773 0.210498 239.574607 191.720198
4 13 12 0.113689 0.285149 0.601162 222.056231 196.290276
4 13 12 0.765997 0.122155 0.111848 241.197199 187.785350
4 13 12 0.556258 0.027498 0.416244 230.610071 186.103186
4 13 12 0.872739 0.101620 0.025641 241.411618 192.678079
4 13 12 0.019466 0.650115 0.330419 234.941435 191.835939
4 13 12 0.404312 0.566139 0.029549 242.830131 193.088120
4 13 12 0.443914 0.439039 0.117047 238.700862 193.862884
4 5 13 0.344770 0.368865 0.286364 257.613110 187.092536
4 5 13 0.905476 0.060799 0.033725 244.860802 186.847176
4 5 13 0.320603 0.214578 0.464820 252.926873 192.590358
4 5 13 0.627195 0.311040 0.061765 252.789456 187.639823
4 5 13 0.654569 0.290594 0.054836 252.750579 185.807950
4 5 13 0.923999 0.025125 0.050876 241.808635 184.925771
4 5 13 0.668861 0.176499 0.154640 249.832201 188.571087
4 5 13 0.945883 0.035651 0.018467 243.630548 188.623156
4 5 13 0.545269 0.258292 0.196439 251.237635 188.862152
4 5 13 0.393395 0.543966 0.062639 261.347706 187.342752
5 14 13 0.113999 0.532049 0.353952 265.479371 192.826489
5 14 13 0.229654 0.661874 0.108472 273.000276 191.267622
5 14 13 0.789315 0.192989 0.017695 275.143623 188.046466
5 14 13 0.996601 0.002928 0.000472 276.007239 187.571573
5 14 13 0.883224 0.110728 0.006048 276.034094 185.804199
5 14 13 0.821719 0.029240 0.149041 269.037295 182.446319
5 14 13 0.649330 0.133339 0.217332 267.574141 189.837196
5 14 13 0.918644 0.014743 0.066613 272.611314 188.001765
5 14 13 0.032318 0.928752 0.038930 275.851460 194.759282
5 14 13 0.648791 0.320013 0.031196 274.462023 192.277360
5 6 14 0.635248 0.178755 0.185998 283.088403 187.928175
5 6 14 0.561799 0.281461 0.156740 285.625774 187.615941
5 6 14 0.061264 0.473693 0.465044 289.944157 195.479882
5 6 14 0.232207 0.067937 0.699856 281.830522 190.786023
5 6 14 0.343511 0.242209 0.414280 282.104332 188.018158
5 6 14 0.636237 0.028555 0.335208 278.441658 191.713200
5 6 14 0.434407 0.264681 0.300912 285.992807 188.482727
5 6 14 0.554586 0.282442 0.162971 285.345338 188.425479
5 6 14 0.079518 0.226333 0.694148 287.430859 191.948893
5 6 14 0.677455 0.160558 0.161987 283.767320 184.454821
6 15 14 0.840387 0.119720 0.039893 307.205782 190.001787
6 15 14 0.652310 0.008682 0.339008 297.214154 188.087196
6 15 14 0.788982 0.196323 0.014694 307.473137 186.977709
6 15 14 0.040058 0.050344 0.909598 284.524487 194.428003
6 15 14 0.989835 0.005088 0.005077 306.100240 188.270620
6 15 14 0.338635 0.088638 0.572728 294.073884 193.946493
6 15 14 0.143500 0.802824 0.053675 305.913368 190.911295
6 15 14 0.271187 0.688474 0.040339 308.185111 189.071777
6 15 14 0.168365 0.058995 0.772640 285.452203 193.185756
6 15 14 0.804504 0.106255 0.089242 307.849347 186.099231
6 7 15 0.222127 0.661581 0.116292 323.959288 186.055640
6 7 15 0.270349 0.079957 0.649694 312.516465 189.403095
6 7 15 0.763067 0.137046 0.099887 312.063542 187.762590
6 7 15 0.171822 0.544845 0.283334 324.877179 187.940711
6 7 15 0.305074 0.365110 0.329816 320.557285 186.745321
6 7 15 0.747839 0.002956 0.249205 305.810668 190.054575
6 7 15 0.389588 0.540984 0.069428 324.646561 188.577715
6 7 15 0.400878 0.281773 0.317350 316.830295 187.637051
6 7 15 0.327570 0.329989 0.342441 316.681612 190.472200
6 7 15 0.001204 0.611995 0.386801 322.316240 188.993042
7 16 15 0.676588 0.021225 0.302187 330.163153 186.239214
7 16 15 0.248346 0.699335 0.052320 340.241141 193.466835
7 16 15 0.294851 0.653600 0.051548 339.581431 191.972336
7 16 15 0.802039 0.015945 0.182016 330.738044 188.250506
7 16 15 0.639535 0.014750 0.345715 329.476439 191.060605
7 16 15 0.857544 0.135169 0.007287 338.171139 180.977889
7 16 15 0.136338 0.501557 0.362105 333.765769 187.115068
7 16 15 0.479612 0.201819 0.318569 332.434069 184.918644
7 16 15 0.834253 0.137784 0.027963 337.862407 183.735136
7 16 15 0.909390 0.088448 0.002162 337.094047 186.248436
7 8 16 0.446389 0.416605 0.137006 353.501115 184.620540
7 8 16 0.570264 0.194309 0.235427 344.475625 185.362238
7 8 16 0.513282 0.342508 0.144211 349.702655 186.367092
7 8 16 0.831117 0.158591 0.010292 342.877518 179.342861
7 8 16 0.808817 0.057662 0.133521 340.953914 185.026667
7 8 16 0.721765 0.111521 0.166713 345.252425 185.307105
7 8 16 0.956543 0.005566 0.037892 338.741050 183.870581
7 8 16 0.275216 0.486079 0.238705 356.021545 185.758031
7 8 16 0.703597 0.186332 0.110071 346.294295 184.451824
7 8 16 0.167990 0.247451 0.584559 350.607681 191.000645
8 17 16 0.932708 0.062649 0.004644 367.147776 177.592807
8 17 16 0.454659 0.296973 0.248367 365.209588 188.162067
8 17 16 0.088044 0.759812 0.152144 369.970887 187.116923
8 17 16 0.589195 0.178651 0.232153 362.011096 182.789764
8 17 16 0.658013 0.104917 0.237070 362.332995 185.281656
8 17 16 0.824225 0.146104 0.029671 366.671520 185.923081
8 17 16 0.914178 0.012011 0.073811 364.129228 176.266938
8 17 16 0.971826 0.005154 0.023020 368.019968 183.059202
8 17 16 0.934960 0.059355 0.005685 364.098237 177.876277
8 17 16 0.441454 0.446642 0.111904 366.955814 186.070917
9 10 18 0.581857 0.210267 0.207876 114.902642 200.120237
9 10 18 0.289277 0.543612 0.167111 126.996595 200.171485
9 10 18 0.856103 0.133439 0.010459 118.925810 199.909212
9 10 18 0.292440 0.237833 0.469727 117.146907 207.386183
9 10 18 0.591678 0.122528 0.285794 112.049720 202.648330
9 10 18 0.790035 0.073666 0.136299 112.367711 199.665663
9 10 18 0.223980 0.138190 0.637830 111.138405 206.509601
9 10 18 0.083546 0.721646 0.194808 136.182577 200.236368
9 10 18 0.417568 0.047841 0.534591 108.651700 210.800073
9 10 18 0.780816 0.128839 0.090344 113.880882 199.606548
10 19 18 0.576350 0.269876 0.153774 138.024589 203.547651
10 19 18 0.387355 0.427961 0.184684 133.616000 205.175012
10 19 18 0.453713 0.287248 0.259038 130.628530 203.400953
10 19 18 0.762385 0.058733 0.178882 140.152493 200.669622
10 19 18 0.476024 0.324182 0.199794 133.624423 205.772306
10 19 18 0.571067 0.242462 0.186472 139.020976 208.392671
10 19 18 0.796115 0.006696 0.197189 135.957763 202.082742
10 19 18 0.672986 0.183904 0.143110 140.152561 206.324370
10 19 18 0.072242 0.427957 0.499801 120.538277 213.768105
10 19 18 0.105148 0.469982 0.424870 118.277102 209.621279
10 11 19 0.447459 0.542566 0.009975 163.662993 195.987207
10 11 19 0.654703 0.171212 0.174086 147.749129 201.301718
10 11 19 0.410122 0.108375 0.481503 142.530016 206.341267
10 11 19 0.277221 0.220728 0.502052 150.355445 208.139019
10 11 19 0.802182 0.165548 0.032270 151.296887 199.107180
10 11 19 0.495612 0.434237 0.070150 159.692789 198.452524
10 11 19 0.273020 0.101063 0.625917 137.499412 209.784030
10 11 19 0.631567 0.234301 0.134132 156.104361 201.637774
10 11 19 0.943263 0.022465 0.034271 146.452340 196.132999
10 11 19 0.483510 0.437493 0.078997 165.277572 200.144219
11 20 19 0.854957 0.115341 0.029703 174.384466 199.401343
11 20 19 0.344262 0.208733 0.447005 158.020477 210.177262
11 20 19 0.087493 0.073262 0.839245 139.244975 213.375637
11 20 19 0.730876 0.197170 0.071954 175.090031 205.271794
11 20 19 0.005789 0.257629 0.736582 144.785812 215.162961
11 20 19 0.098618 0.204668 0.696714 144.277530 214.655154
11 20 19 0.444294 0.383926 0.171780 169.257321 203.473220
11 20 19 0.073939 0.483046 0.443015 156.729032 210.906466
11 20 19 0.187631 0.543601 0.268769 165.764308 208.303146
11 20 19 0.217100 0.149293 0.633607 151.505161 209.754207
11 12 20 0.546697 0.396492 0.056811 191.836672 194.886010
11 12 20 0.187700 0.349397 0.462902 186.357493 202.273368
11 12 20 0.048776 0.196587 0.754637 178.255836 207.663488
11 12 20 0.388563 0.203603 0.407834 182.201294 206.569890
11 12 20 0.147006 0.379864 0.473130 189.479830 199.871755
11 12 20 0.623827 0.053338 0.322835 177.093249 201.171293
11 12 20 0.504666 0.464708 0.030626 195.413187 196.111825
11 12 20 0.421396 0.159454 0.419149 180.273759 203.484372
11 12 20 0.643509 0.031532 0.324959 178.999310 197.282422
11 12 20 0.167726 0.042050 0.790225 172.975830 207.516085
12 21 20 0.503824 0.084357 0.411819 196.379000 205.030518
12 21 20 0.930184 0.044342 0.025474 211.550184 197.599622
12 21 20 0.010484 0.851962 0.137555 201.721817 210.699726
12 21 20 0.411294 0.528764 0.059942 205.104439 202.431808
12 21 20 0.130658 0.691093 0.178248 200.883725 207.992063
12 21 20 0.874287 0.097332 0.028381 211.511796 198.618022
12 21 20 0.349682 0.559186 0.091132 206.207748 201.696973
12 21 20 0.763800 0.158703 0.077497 208.107911 201.470965
12 21 20 0.669830 0.204132 0.126038 204.431630 197.144371
12 21 20 0.246749 0.497076 0.256175 200.328447 206.244968
12 13 21 0.250375 0.335449 0.414176 221.423680 205.139397
12 13 21 0.199881 0.371478 0.428640 221.077227 202.980027
12 13 21 0.287869 0.622728 0.089403 231.297533 199.814092
12 13 21 0.636678 0.049631 0.313690 212.274993 198.605974
12 13 21 0.977655 0.019187 0.003158 208.425451 195.695598
12 13 21 0.152080 0.775676 0.072244 236.874931 195.314407
12 13 21 0.803692 0.040630 0.155679 213.755183 197.805697
12 13 21 0.589523 0.047314 0.363163 212.824971 200.097767
12 13 21 0.275767 0.580337 0.143896 231.202908 196.979746
12 13 21 0.727091 0.192402 0.080506 224.001379 195.838963
13 22 21 0.647442 0.154609 0.197949 235.598790 200.666509
13 22 21 0.257454 0.109328 0.633218 221.371337 209.671697
13 22 21 0.575909 0.035630 0.388460 233.160096 202.320521
13 22 21 0.784999 0.150532 0.064469 240.972573 197.502978
13 22 21 0.910792 0.060562 0.028646 245.969320 193.674283
13 22 21 0.382644 0.559017 0.058339 238.559237 201.436283
13 22 21 0.457414 0.331526 0.211060 237.824086 204.859575
13 22 21 0.190068 0.500893 0.309039 231.114900 204.879884
13 22 21 0.112918 0.569780 0.317302 231.443496 210.158861
13 22 21 0.644861 0.010935 0.344203 231.207881 199.072201
13 14 22 0.863201 0.024882 0.111917 245.160322 202.248632
13 14 22 0.230572 0.137466 0.631962 250.870713 202.086837
13 14 22 0.443234 0.173271 0.383495 250.898997 200.980201
13 14 22 0.300390 0.417809 0.281801 263.307639 196.392154
13 14 22 0.891033 0.082696 0.026271 248.075201 195.219115
13 14 22 0.430091 0.048737 0.521172 242.915356 202.068204
13 14 22 0.701810 0.265396 0.032794 254.623612 193.718483
13 14 22 0.318277 0.333184 0.348539 256.704563 200.483400
13 14 22 0.897431 0.003379 0.099190 247.331480 196.120429
13 14 22 0.600558 0.260855 0.138587 255.822934 198.552747
14 23 22 0.739977 0.128224 0.131799 276.670351 197.686416
14 23 22 0.787201 0.115395 0.097404 273.371281 197.858896
14 23 22 0.976218 0.000917 0.022865 278.960900 191.561715
14 23 22 0.271607 0.501081 0.227312 270.118027 201.764980
14 23 22 0.378851 0.592483 0.028665 277.779794 202.857539
14 23 22 0.835400 0.034426 0.130174 273.981893 194.585610
14 23 22 0.964670 0.028799 0.006532 276.390595 194.480681
14 23 22 0.027002 0.402398 0.570600 256.623274 205.827545
14 23 22 0.240463 0.423480 0.336057 268.840048 206.169176
14 23 22 0.323405 0.087466 0.589129 260.815851 201.129724
14 15 23 0.862546 0.084761 0.052692 279.829368 194.877829
14 15 23 0.127827 0.674624 0.197549 306.311660 192.560712
14 15 23 0.631339 0.047216 0.321445 283.344931 200.032459
14 15 23 0.887914 0.031806 0.080280 280.079278 195.234172
14 15 23 0.877073 0.069226 0.053701 281.757557 195.233103
14 15 23 0.387327 0.601245 0.011428 297.901634 190.495259
14 15 23 0.974564 0.005061 0.020375 282.452321 193.878991
14 15 23 0.342032 0.130380 0.527588 284.967929 200.818336
14 15 23 0.905442 0.048831 0.045727 281.070881 197.076625
14 15 23 0.483699 0.294303 0.221998 291.557732 194.221830
15 24 23 0.811755 0.136848 0.051396 311.048837 194.849771
15 24 23 0.009554 0.254647 0.735800 291.210728 208.506031
15 24 23 0.036718 0.725005 0.238277 309.402101 207.850628
15 24 23 0.083204 0.423391 0.493405 300.174741 202.977960
15 24 23 0.152394 0.643629 0.203977 307.690767 204.000911
15 24 23 0.924296 0.009343 0.066361 307.050256 190.985180
15 24 23 0.869042 0.038957 0.092001 313.252768 193.661523
15 24 23 0.934575 0.056432 0.008993 314.271053 191.573321
15 24 23 0.190450 0.735244 0.074307 313.649920 201.207098
15 24 23 0.680850 0.189562 0.129588 306.096010 200.502660
15 16 24 0.908472 0.019820 0.071708 312.694733 193.761608
15 16 24 0.843295 0.070454 0.086251 316.069019 194.815413
15 16 24 0.959138 0.024909 0.015953 313.317153 194.601848
15 16 24 0.714136 0.200124 0.085740 324.455342 193.980427
15 16 24 0.299652 0.608249 0.092099 332.772276 192.481258
15 16 24 0.068597 0.764555 0.166848 340.821127 196.109646
15 16 24 0.030884 0.085411 0.883706 317.437410 206.316581
15 16 24 0.318134 0.277224 0.404642 323.778641 192.793694
15 16 24 0.463817 0.127975 0.408208 318.987879 194.361286
15 16 24 0.789902 0.099152 0.110946 313.996330 195.309725
16 25 24 0.015215 0.942015 0.042770 352.027702 200.994163
16 25 24 0.467645 0.142789 0.389565 337.189845 197.109868
16 25 24 0.435366 0.487755 0.076879 350.025557 198.561864
16 25 24 0.850491 0.073502 0.076007 345.422208 193.464234
16 25 24 0.147949 0.658164 0.193888 344.839785 205.349534
16 25 24 0.468924 0.254796 0.276280 338.471843 198.335818
16 25 24 0.013917 0.666487 0.319596 339.239423 205.056454
16 25 24 0.782836 0.053612 0.163552 343.308175 195.877315
16 25 24 0.790657 0.104533 0.104810 339.051730 193.486242
16 25 24 0.618272 0.179722 0.202006 338.402969 195.715920
16 17 25 0.124521 0.414952 0.460527 359.732980 196.649749
16 17 25 0.171750 0.476449 0.351801 365.180260 193.733281
16 17 25 0.645384 0.054107 0.300510 347.802258 194.964839
16 17 25 0.312359 0.105017 0.582624 349.236712 200.418395
16 17 25 0.700942 0.257149 0.041910 349.765199 193.875054
16 17 25 0.430844 0.546102 0.023054 363.726454 191.958271
16 17 25 0.768794 0.140340 0.090866 349.313905 190.660438
16 17 25 0.539295 0.284503 0.176202 354.827316 194.311453
16 17 25 0.198926 0.562390 0.238683 368.315038 196.894830
16 17 25 0.517283 0.080097 0.402620 350.391835 194.959809
17 26 25 0.829636 0.056465 0.113900 372.344813 193.633448
17 26 25 0.396569 0.248091 0.355340 373.009308 200.274850
17 26 25 0.157098 0.434822 0.408081 373.211166 199.587608
17 26 25 0.524279 0.281202 0.194520 374.676854 195.044005
17 26 25 0.793171 0.057666 0.149163 375.113357 190.180389
17 26 25 0.656758 0.086402 0.256841 371.368558 194.934217
17 26 25 0.543039 0.036450 0.420512 365.690102 195.549895
17 26 25 0.071359 0.746828 0.181813 382.276981 203.218184
17 26 25 0.166184 0.255262 0.578554 365.036692 201.200397
17 26 25 0.713589 0.069029 0.217381 372.892435 193.263965
18 19 27 0.242385 0.591939 0.165676 121.268940 216.168657
18 19 27 0.062881 0.106228 0.830890 97.780871 234.498700
18 19 27 0.614086 0.072717 0.313197 102.729887 223.086880
18 19 27 0.931442 0.058026 0.010532 104.573984 216.638884
18 19 27 0.956348 0.007736 0.035916 102.210203 218.721589
18 19 27 0.469467 0.028375 0.502158 94.279924 223.032545
18 19 27 0.281294 0.369719 0.348988 110.137128 222.591195
18 19 27 0.473627 0.092803 0.433569 100.956077 226.004354
18 19 27 0.463426 0.081975 0.454599 98.302732 227.013783
18 19 27 0.789057 0.064893 0.146051 102.504773 222.642631
19 28 27 0.675611 0.019221 0.305167 125.704079 223.459405
19 28 27 0.724689 0.231324 0.043987 130.140492 217.623114
19 28 27 0.670712 0.111874 0.217414 125.721334 221.764726
19 28 27 0.177553 0.047295 0.775152 102.898369 235.083903
19 28 27 0.907448 0.006273 0.086279 131.722813 215.286872
19 28 27 0.781794 0.083971 0.134235 126.808792 217.277331
19 28 27 0.940738 0.002211 0.057052 134.350937 214.887607
19 28 27 0.052256 0.073055 0.874689 97.041723 237.743273
19 28 27 0.626498 0.274948 0.098554 129.322984 222.299368
19 28 27 0.227074 0.501746 0.271179 121.884638 233.418984
19 20 28 0.600604 0.392653 0.006743 148.125827 216.746657
19 20 28 0.440595 0.356979 0.202426 145.027137 222.530606
19 20 28 0.496225 0.193356 0.310420 139.013409 220.121726
19 20 28 0.977518 0.006891 0.015591 137.001030 214.101403
19 20 28 0.984816 0.012996 0.002189 136.447653 215.699380
19 20 28 0.346197 0.459779 0.194024 148.691606 219.055832
19 20 28 0.631678 0.138518 0.229805 141.307905 220.133864
19 20 28 0.430080 0.019690 0.550231 130.712507 228.569464
19 20 28 0.235410 0.645433 0.119158 158.677041 215.238143
19 20 28 0.391016 0.338440 0.270544 145.210597 217.916260
20 29 28 0.623804 0.259113 0.117083 161.365258 222.302562
20 29 28 0.201363 0.082238 0.716399 140.104857 232.329487
20 29 28 0.677504 0.103614 0.218882 158.828440 224.288392
20 29 28 0.787675 0.044005 0.168320 165.209171 219.368824
20 29 28 0.550033 0.374723 0.075244 166.622575 214.243231
20 29 28 0.841759 0.127105 0.031137 169.398131 218.329834
20 29 28 0.183116 0.126968 0.689916 138.050311 232.454246
20 29 28 0.586935 0.137070 0.275995 160.238328 222.459698
20 29 28 0.899378 0.002266 0.098357 171.100163 214.446287
20 29 28 0.886513 0.061624 0.051863 171.372116 216.649581
20 21 29 0.050573 0.399674 0.549753 184.482896 221.726154
20 21 29 0.426820 0.201906 0.371274 178.407919 219.364887
20 21 29 0.397549 0.520162 0.082289 186.144745 209.244631
20 21 29 0.696308 0.175141 0.128551 176.609880 215.009029
20 21 29 0.933309 0.034630 0.032062 174.337472 218.350670
20 21 29 0.904545 0.093977 0.001479 173.419494 210.993943
20 21 29 0.961115 0.027253 0.011632 170.668347 215.096890
20 21 29 0.413763 0.493112 0.093125 186.141295 210.992912
20 21 29 0.624544 0.051339 0.324117 170.754628 219.216954
20 21 29 0.322359 0.656133 0.021509 193.991402 215.470922
21 30 29 0.770662 0.021248 0.208089 199.819692 213.900776
21 30 29 0.444619 0.016145 0.539236 186.326580 226.237777
21 30 29 0.551855 0.248055 0.200089 200.471326 222.161276
21 30 29 0.760843 0.226700 0.012457 208.566926 217.409633
21 30 29 0.884242 0.066229 0.049530 206.176710 208.481902
21 30 29 0.122184 0.168161 0.709655 178.645516 228.820726
21 30 29 0.720937 0.042222 0.236841 198.337287 216.249388
21 30 29 0.592185 0.087739 0.320076 197.291305 220.998277
21 30 29 0.510059 0.101461 0.388480 190.716285 222.604699
21 30 29 0.946978 0.036673 0.016349 205.499835 207.993261
21 22 30 0.501713 0.233940 0.264347 219.198847 214.526319
21 22 30 0.277643 0.269285 0.453073 218.265217 220.915343
21 22 30 0.877957 0.095637 0.026406 207.219784 207.909290
21 22 30 0.090226 0.899446 0.010328 239.663539 209.137973
21 22 30 0.573620 0.308726 0.117654 217.022264 211.913248
21 22 30 0.686430 0.124521 0.189049 208.660267 215.732225
21 22 30 0.812520 0.127650 0.059829 210.457726 212.252633
21 22 30 0.770298 0.139675 0.090028 213.687977 214.533157
21 22 30 0.105369 0.475593 0.419038 218.723747 221.975243
21 22 30 0.931095 0.043702 0.025203 207.489177 212.818357
22 31 30 0.536005 0.130751 0.333244 232.259324 216.262816
22 31 30 0.771931 0.093181 0.134889 237.214915 209.706832
22 31 30 0.528816 0.457048 0.014136 244.953131 219.187531
22 31 30 0.565603 0.271305 0.163092 237.184268 219.828001
22 31 30 0.634941 0.133970 0.231089 233.817446 214.551902
22 31 30 0.676286 0.269267 0.054447 238.102545 215.611500
22 31 30 0.684804 0.095586 0.219610 235.482940 215.583612
22 31 30 0.216566 0.716106 0.067328 241.485529 221.870348
22 31 30 0.690594 0.240546 0.068860 238.116322 211.874959
22 31 30 0.257678 0.064205 0.678117 215.812955 224.070777
22 23 31 0.146586 0.758829 0.094585 270.564553 210.914015
22 23 31 0.974546 0.022413 0.003042 244.216356 208.656336
22 23 31 0.601770 0.161430 0.236800 251.467985 212.531411
22 23 31 0.799946 0.013276 0.186778 243.167844 211.837121
22 23 31 0.388446 0.505769 0.105785 260.716962 210.231744
22 23 31 0.908013 0.041742 0.050246 246.221624 206.565576
22 23 31 0.856325 0.011195 0.132479 242.817038 211.101931
22 23 31 0.727612 0.206782 0.065607 251.859010 212.685008
22 23 31 0.994161 0.004268 0.001572 241.524104 208.954646
22 23 31 0.575521 0.185403 0.239076 250.185932 211.683500
23 32 31 0.094446 0.804496 0.101058 276.947125 228.879761
23 32 31 0.447080 0.483457 0.069463 279.899219 216.422921
23 32 31 0.699841 0.250491 0.049668 284.035986 214.709490
23 32 31 0.881845 0.074057 0.044098 280.347511 211.926225
23 32 31 0.670969 0.179950 0.149080 278.174387 214.539552
23 32 31 0.329462 0.274769 0.395769 268.560966 223.236183
23 32 31 0.870788 0.098119 0.031093 282.017035 208.567346
23 32 31 0.173545 0.345677 0.480778 265.916150 228.228137
23 32 31 0.108250 0.755527 0.136224 278.619157 231.729185
23 32 31 0.498533 0.044175 0.457293 263.991564 220.330926
23 24 32 0.509457 0.080867 0.409676 282.702878 213.631992
23 24 32 0.823098 0.156660 0.020242 290.701889 207.351057
23 24 32 0.045438 0.807247 0.147315 311.168879 209.583344
23 24 32 0.601560 0.094796 0.303645 288.467402 212.805321
23 24 32 0.432056 0.263494 0.304450 290.984807 213.594638
23 24 32 0.571525 0.043425 0.385051 286.049391 216.320452
23 24 32 0.120408 0.406570 0.473022 295.719408 217.311770
23 24 32 0.887385 0.081135 0.031479 283.320006 206.411210
23 24 32 0.107081 0.721088 0.171831 310.578118 207.960591
23 24 32 0.475621 0.244347 0.280032 291.877993 211.713912
24 33 32 0.336270 0.200882 0.462848 302.012918 222.955131
24 33 32 0.343872 0.012065 0.644063 297.265791 221.970055
24 33 32 0.283202 0.044351 0.672447 293.062871 223.532960
24 33 32 0.876505 0.029066 0.094429 312.912947 212.804978
24 33 32 0.884499 0.016239 0.099262 313.320163 209.015794
24 33 32 0.508308 0.201837 0.289855 308.790082 219.909900
24 33 32 0.487750 0.155033 0.357217 303.859114 215.474282
24 33 32 0.316720 0.670568 0.012712 318.684098 220.304137
24 33 32 0.586799 0.198229 0.214972 309.519697 213.558515
24 33 32 0.588743 0.025588 0.385669 301.523690 216.094848
24 25 33 0.650888 0.117601 0.231511 321.081014 207.726537
24 25 33 0.549042 0.081607 0.369352 319.892953 210.780640
24 25 33 0.675311 0.031680 0.293009 317.735870 214.709950
24 25 33 0.512411 0.031557 0.456032 318.486766 216.162041
24 25 33 0.686319 0.244499 0.069182 325.827959 207.738043
24 25 33 0.651531 0.246198 0.102271 330.823469 205.170576
24 25 33 0.846271 0.149399 0.004330 320.374402 204.235938
24 25 33 0.824692 0.037864 0.137444 314.601449 210.273520
24 25 33 0.769747 0.083434 0.146819 319.694130 208.119824
24 25 33 0.595957 0.314867 0.089175 326.771823 205.641350
25 34 33 0.176991 0.768445 0.054564 354.443854 221.907383
25 34 33 0.042293 0.873732 0.083975 358.999755 224.620624
25 34 33 0.170871 0.560231 0.268898 346.532944 220.914548
25 34 33 0.438392 0.295687 0.265921 347.678674 219.596161
25 34 33 0.427271 0.355192 0.217537 347.853129 219.941204
25 34 33 0.349016 0.433287 0.217698 346.241924 222.077562
25 34 33 0.130606 0.605367 0.264027 349.704029 225.590947
25 34 33 0.928359 0.000820 0.070820 350.734223 205.176347
25 34 33 0.191333 0.154548 0.654119 333.738648 220.531997
25 34 33 0.932573 0.013664 0.053763 349.536611 208.155758
25 26 34 0.612125 0.191023 0.196852 360.880799 209.776922
25 26 34 0.135950 0.078066 0.785985 359.687349 218.909572
25 26 34 0.628009 0.088327 0.283664 354.423048 208.281668
25 26 34 0.271238 0.651481 0.077281 374.482753 203.500269
25 26 34 0.945102 0.013628 0.041270 348.546177 203.266133
25 26 34 0.078680 0.018945 0.902376 364.461254 225.262790
25 26 34 0.002299 0.544654 0.453047 375.189991 213.559755
25 26 34 0.387893 0.433374 0.178734 368.353138 212.185301
25 26 34 0.594357 0.403955 0.001687 364.758062 207.601986
25 26 34 0.788838 0.110327 0.100836 353.598290 205.226914
26 35 34 0.541317 0.204533 0.254151 384.178705 211.824938
26 35 34 0.049397 0.537954 0.412649 383.471493 226.109822
26 35 34 0.640120 0.022072 0.337808 380.264837 209.831634
26 35 34 0.368538 0.465853 0.165609 388.497373 216.012544
26 35 34 0.855404 0.123366 0.021230 391.293654 203.307450
26 35 34 0.330230 0.518553 0.151218 393.342331 217.042771
26 35 34 0.555748 0.320714 0.123538 392.863170 210.091198
26 35 34 0.442613 0.177829 0.379559 381.228770 215.817150
26 35 34 0.905760 0.053251 0.040988 385.299702 208.600112
26 35 34 0.298784 0.534494 0.166722 389.713607 217.977166
27 28 36 0.616342 0.041515 0.342143 88.851705 252.983004
27 28 36 0.976909 0.003376 0.019715 87.168664 243.298740
27 28 36 0.731225 0.124163 0.144613 93.554011 244.271629
27 28 36 0.696146 0.270644 0.033210 101.866607 239.375004
27 28 36 0.335935 0.457525 0.206540 103.113821 244.067650
27 28 36 0.401481 0.009827 0.588693 86.561630 260.676375
27 28 36 0.649313 0.335229 0.015459 100.342128 240.938275
27 28 36 0.725431 0.187528 0.087041 96.322357 242.776795
27 28 36 0.305591 0.522780 0.171629 107.337952 242.345044
27 28 36 0.662866 0.178082 0.159052 92.295114 240.851477
28 37 36 0.281280 0.448905 0.269815 111.471119 260.588787
28 37 36 0.150262 0.227976 0.621762 95.102234 268.263557
28 37 36 0.802176 0.144673 0.053151 123.539001 247.269077
28 37 36 0.222245 0.429556 0.348199 110.503850 261.697596
28 37 36 0.235682 0.069659 0.694659 93.878855 267.656174
28 37 36 0.270017 0.084690 0.645293 95.277367 262.606447
28 37 36 0.015456 0.010503 0.974041 81.200596 273.892471
28 37 36 0.628962 0.034824 0.336214 111.728878 248.574587
28 37 36 0.599868 0.047219 0.352913 111.134376 250.745915
28 37 36 0.144999 0.308657 0.546344 99.973624 264.281341
28 29 37 0.439314 0.040181 0.520505 123.923978 251.147497
28 29 37 0.671622 0.277900 0.050478 137.184258 241.203593
28 29 37 0.089526 0.237468 0.673006 132.423598 257.555452
28 29 37 0.807361 0.136646 0.055993 135.082919 242.152223
28 29 37 0.037583 0.739418 0.222999 153.872375 244.428446
28 29 37 0.775943 0.164406 0.059651 134.617248 239.950508
28 29 37 0.594564 0.301338 0.104098 139.199688 238.044856
28 29 37 0.509428 0.266888 0.223684 138.671009 244.416856
28 29 37 0.879707 0.072758 0.047535 128.659557 237.639135
28 29 37 0.547691 0.370468 0.081841 141.291417 240.622061
29 38 37 0.059102 0.282104 0.658795 136.385794 266.321599
29 38 37 0.581802 0.252914 0.165284 156.420773 249.582348
29 38 37 0.596779 0.325144 0.078078 161.650612 246.473588
29 38 37 0.721352 0.090420 0.188228 159.252158 243.542289
29 38 37 0.702945 0.015577 0.281478 155.150858 244.160749
29 38 37 0.650243 0.277162 0.072594 162.827116 246.411689
29 38 37 0.722198 0.181205 0.096597 161.147596 244.504597
29 38 37 0.861289 0.101000 0.037711 166.417340 241.437797
29 38 37 0.531487 0.022196 0.446317 145.205059 248.110479
29 38 37 0.861017 0.087166 0.051817 163.131855 241.939058
29 30 38 0.615912 0.071719 0.312370 171.117060 247.227549
29 30 38 0.039390 0.711853 0.248757 190.650881 242.210506
29 30 38 0.813902 0.037675 0.148422 166.618438 238.470403
29 30 38 0.309945 0.415991 0.274065 178.011399 243.738997
29 30 38 0.433692 0.199492 0.366816 172.767072 245.430635
29 30 38 0.626111 0.007538 0.366351 165.453358 248.998819
29 30 38 0.163496 0.442354 0.394149 183.790405 246.164776
29 30 38 0.706119 0.215663 0.078219 171.521737 238.426244
29 30 38 0.807278 0.054317 0.138406 171.848406 237.524836
29 30 38 0.514683 0.118796 0.366521 168.870805 246.113792
30 39 38 0.693343 0.150414 0.156243 198.996234 244.594960
30 39 38 0.050741 0.344163 0.605096 177.936857 267.913010
30 39 38 0.197154 0.662667 0.140179 199.914100 262.920537
30 39 38 0.008315 0.945849 0.045837 198.885332 267.890426
30 39 38 0.599882 0.115318 0.284800 193.752966 248.218504
30 39 38 0.084630 0.370750 0.544620 180.147544 265.670305
30 39 38 0.499464 0.123883 0.376653 190.676447 246.862656
30 39 38 0.216856 0.066382 0.716762 177.059608 264.845833
30 39 38 0.790810 0.155123 0.054068 205.328134 242.645967
30 39 38 0.949510 0.035622 0.014868 209.448483 232.969711
30 31 39 0.109288 0.746102 0.144610 232.161604 233.387918
30 31 39 0.434554 0.329130 0.236316 216.624204 239.381007
30 31 39 0.932298 0.050060 0.017642 207.168898 236.084481
30 31 39 0.737458 0.199841 0.062701 212.344647 231.030566
30 31 39 0.149442 0.655516 0.195042 228.617317 236.727895
30 31 39 0.683278 0.138297 0.178425 208.292841 236.528054
30 31 39 0.338164 0.473985 0.187851 225.557588 239.337979
30 31 39 0.998315 0.000138 0.001548 206.973085 237.633989
30 31 39 0.483566 0.248821 0.267613 216.929339 240.491235
30 31 39 0.533932 0.122530 0.343538 205.971607 245.035126
31 40 39 0.021160 0.415795 0.563046 221.185623 266.485323
31 40 39 0.279380 0.519131 0.201490 235.322502 252.913345
31 40 39 0.628567 0.238796 0.132637 239.574087 243.242323
31 40 39 0.001007 0.781815 0.217177 232.025219 267.336899
31 40 39 0.570617 0.014047 0.415337 228.350723 248.306335
31 40 39 0.868964 0.035797 0.095239 239.957939 238.983163
31 40 39 0.342970 0.191206 0.465824 227.790443 252.575348
31 40 39 0.827881 0.089664 0.082454 239.843954 239.925422
31 40 39 0.206335 0.157352 0.636312 221.577169 258.820330
31 40 39 0.999650 0.000287 0.000063 241.858059 230.704470
31 32 40 0.546038 0.185504 0.268458 251.251103 239.810269
31 32 40 0.579438 0.343799 0.076763 252.717459 234.388666
31 32 40 0.043662 0.954504 0.001835 282.843952 232.024097
31 32 40 0.896458 0.027526 0.076016 242.211154 237.532021
31 32 40 0.906692 0.056055 0.037254 244.901420 235.542113
31 32 40 0.542074 0.426458 0.031467 259.055319 233.565145
31 32 40 0.225684 0.282944 0.491372 251.941629 248.427331
31 32 40 0.704963 0.091373 0.203664 245.129223 241.722037
31 32 40 0.000334 0.989790 0.009876 281.606619 230.182917
31 32 40 0.238085 0.439125 0.322790 261.690738 238.096054
32 41 40 0.175034 0.800639 0.024327 286.365460 257.669152
32 41 40 0.311069 0.345712 0.343220 268.057665 256.538743
32 41 40 0.047133 0.820757 0.132110 281.716423 260.396497
32 41 40 0.327300 0.229786 0.442914 268.572999 254.253806
32 41 40 0.829949 0.031858 0.138194 274.757888 237.003882
32 41 40 0.202755 0.546532 0.250713 274.773192 253.551965
32 41 40 0.416078 0.105376 0.478545 264.030088 248.323683
32 41 40 0.661812 0.187795 0.150392 275.255584 241.474270
32 41 40 0.410730 0.142771 0.446499 267.164806 247.637302
32 41 40 0.761371 0.043346 0.195283 274.857085 239.570095
32 33 41 0.099583 0.309666 0.590750 296.850407 246.744409
32 33 41 0.949482 0.041587 0.008931 286.062707 231.764260
32 33 41 0.302700 0.695209 0.002092 311.047812 230.180606
32 33 41 0.677408 0.228124 0.094468 288.114061 232.455607
32 33 41 0.539376 0.419010 0.041614 302.004469 228.527666
32 33 41 0.555355 0.041991 0.402653 285.860799 242.807604
32 33 41 0.147381 0.721016 0.131603 312.610936 233.209164
32 33 41 0.554544 0.175454 0.270002 291.256797 240.060022
32 33 41 0.154912 0.660000 0.185088 308.922023 231.838056
32 33 41 0.873769 0.041826 0.084405 282.637276 234.297707
33 42 41 0.661885 0.058104 0.280012 311.373993 236.410599
33 42 41 0.589376 0.359875 0.050750 319.381844 240.933380
33 42 41 0.016108 0.246722 0.737169 297.852081 265.060390
33 42 41 0.395640 0.300628 0.303732 313.106916 246.186835
33 42 41 0.868105 0.088631 0.043263 318.974901 231.969913
33 42 41 0.561181 0.017973 0.420846 307.459309 240.977054
33 42 41 0.956702 0.013494 0.029805 320.440307 226.597741
33 42 41 0.196323 0.626172 0.177506 321.818015 254.561848
33 42 41 0.069133 0.495912 0.434955 311.540085 257.640881
33 42 41 0.304410 0.111007 0.584583 302.404491 249.527500
33 34 42 0.726135 0.092665 0.181200 328.821507 233.539556
33 34 42 0.885760 0.111225 0.003016 326.245368 225.295591
33 34 42 0.765184 0.225770 0.009046 327.599664 224.813256
33 34 42 0.656595 0.137342 0.206063 329.548971 232.568967
33 34 42 0.709018 0.259886 0.031096 333.016387 225.133365
33 34 42 0.961387 0.004605 0.034007 322.639458 226.701849
33 34 42 0.473915 0.286891 0.239193 333.093576 232.771297
33 34 42 0.235069 0.461883 0.303049 342.400013 231.826332
33 34 42 0.703871 0.251197 0.044931 335.000711 225.387873
33 34 42 0.856167 0.122298 0.021535 326.272974 227.960140
34 43 42 0.985369 0.004899 0.009732 360.225845 225.963474
34 43 42 0.544395 0.378334 0.077271 361.425386 238.940790
34 43 42 0.681691 0.197151 0.121159 359.907732 237.968834
34 43 42 0.111268 0.530235 0.358497 351.512424 256.486474
34 43 42 0.596741 0.046231 0.357028 352.636412 240.925407
34 43 42 0.954745 0.004709 0.040546 358.613706 227.681420
34 43 42 0.066780 0.762385 0.170834 360.558476 253.281010
34 43 42 0.213615 0.426153 0.360232 355.184174 251.933290
34 43 42 0.353091 0.567019 0.079890 358.735175 244.580645
34 43 42 0.533975 0.185114 0.280910 351.073549 239.506308
34 35 43 0.643546 0.188174 0.168280 372.920440 232.885845
34 35 43 0.109888 0.213223 0.676889 375.597167 248.850711
34 35 43 0.314738 0.622619 0.062643 388.838926 224.014893
34 35 43 0.358523 0.219511 0.421966 372.461809 237.769704
34 35 43 0.656983 0.131430 0.211588 368.770407 229.911093
34 35 43 0.768615 0.089690 0.141695 369.350547 231.960880
34 35 43 0.031629 0.504829 0.463542 386.554319 239.712863
34 35 43 0.137954 0.612160 0.249885 386.051283 233.848782
34 35 43 0.477584 0.294503 0.227913 371.056971 227.160759
34 35 43 0.158444 0.119219 0.722337 370.618041 249.845607
35 44 43 0.292386 0.151589 0.556026 383.852194 246.289971
35 44 43 0.733240 0.045298 0.221462 392.257627 233.605684
35 44 43 0.060910 0.589145 0.349945 389.622505 253.891989
35 44 43 0.749703 0.200640 0.049657 397.355294 229.706752
35 44 43 0.409215 0.465892 0.124893 400.838513 243.461558
35 44 43 0.018874 0.839005 0.142121 406.220613 254.792663
35 44 43 0.421599 0.458807 0.119595 402.731860 243.138859
35 44 43 0.935886 0.025087 0.039027 397.704278 227.120384
35 44 43 0.678160 0.303921 0.017919 403.449361 232.249597
35 44 43 0.383209 0.610435 0.006356 409.779749 245.223332
36 37 45 0.670351 0.119277 0.210372 87.219629 280.444009
36 37 45 0.261352 0.221243 0.517405 88.379113 290.811630
36 37 45 0.625926 0.281328 0.092746 94.994398 275.797783
36 37 45 0.431033 0.021205 0.547762 79.412898 291.373954
36 37 45 0.586542 0.276374 0.137084 87.148034 277.796171
36 37 45 0.211101 0.735600 0.053299 110.834579 271.417089
36 37 45 0.560315 0.346338 0.093347 92.631686 276.063331
36 37 45 0.277300 0.596901 0.125800 101.650589 271.268777
36 37 45 0.709398 0.186730 0.103872 89.174340 273.495880
36 37 45 0.775454 0.177790 0.046755 87.789830 274.004052
37 46 45 0.962721 0.010111 0.027168 118.438959 271.356517
37 46 45 0.747599 0.027733 0.224668 112.655680 276.951679
37 46 45 0.614446 0.120335 0.265219 106.881263 288.451362
37 46 45 0.872107 0.063642 0.064251 115.463778 275.194773
37 46 45 0.425286 0.092118 0.482595 97.264012 294.615149
37 46 45 0.459494 0.384820 0.155687 111.490651 291.254262
37 46 45 0.246782 0.462017 0.291200 109.257591 300.774855
37 46 45 0.648548 0.217376 0.134076 116.367510 284.467297
37 46 45 0.908200 0.013815 0.077984 114.593110 275.515815
37 46 45 0.844913 0.080889 0.074197 119.911311 274.103459
37 38 46 0.813419 0.100809 0.085772 125.496495 273.464562
37 38 46 0.496044 0.370812 0.133144 136.256356 274.810312
37 38 46 0.940013 0.010028 0.049959 121.883073 273.031721
37 38 46 0.198360 0.448114 0.353526 136.965071 282.572737
37 38 46 0.927703 0.026853 0.045444 121.169077 266.531045
37 38 46 0.523849 0.274552 0.201599 135.245896 273.879363
37 38 46 0.470645 0.049844 0.479511 123.288625 285.268180
37 38 46 0.044538 0.276050 0.679411 130.538880 295.393317
37 38 46 0.294523 0.697947 0.007530 150.490667 270.832175
37 38 46 0.295286 0.682130 0.022584 151.822903 270.646612
38 47 46 0.753321 0.191614 0.055065 159.787990 280.635798
38 47 46 0.083898 0.561364 0.354738 144.743844 302.150198
38 47 46 0.287457 0.239618 0.472926 139.937900 292.366848
38 47 46 0.320225 0.391926 0.287849 148.232197 295.120005
38 47 46 0.631466 0.367675 0.000859 161.090454 279.639599
38 47 46 0.282585 0.088897 0.628518 140.220922 298.063407
38 47 46 0.830947 0.048336 0.120717 154.730359 277.067987
38 47 46 0.261874 0.048748 0.689378 134.411351 298.666861
38 47 46 0.730023 0.209137 0.060839 159.835342 279.749383
38 47 46 0.932687 0.012002 0.055311 160.024459 270.471644
38 39 47 0.824823 0.171688 0.003489 169.177606 264.154945
38 39 47 0.713076 0.254563 0.032361 175.627244 267.404150
38 39 47 0.787990 0.031392 0.180618 158.205573 276.282352
38 39 47 0.881846 0.030670 0.087485 165.361206 271.868478
38 39 47 0.326287 0.619856 0.053857 188.185375 268.085581
38 39 47 0.052016 0.943627 0.004356 200.281954 264.946533
38 39 47 0.347550 0.025962 0.626488 159.588451 292.519925
38 39 47 0.125163 0.440894 0.433943 179.411019 283.711819
38 39 47 0.074281 0.793817 0.131902 195.559945 273.059638
38 39 47 0.811920 0.134968 0.053113 166.894583 270.605254
39 48 47 0.724766 0.093438 0.181795 194.503005 273.891996
39 48 47 0.549636 0.019176 0.431188 188.753016 283.640152
39 48 47 0.952697 0.022636 0.024667 203.917841 267.798538
39 48 47 0.716245 0.085459 0.198296 195.543328 279.952531
39 48 47 0.803133 0.158811 0.038056 204.268241 272.226161
39 48 47 0.689987 0.006203 0.303810 188.398252 280.109884
39 48 47 0.823209 0.131618 0.045174 202.089092 268.620344
39 48 47 0.679958 0.227380 0.092662 200.440515 282.277678
39 48 47 0.042199 0.134058 0.823743 169.192125 303.818908
39 48 47 0.046451 0.612833 0.340716 184.681929 303.777831
39 40 48 0.447559 0.359565 0.192876 216.672052 272.350293
39 40 48 0.511489 0.434833 0.053678 217.834443 264.208836
39 40 48 0.961364 0.009052 0.029584 205.109606 268.696598
39 40 48 0.024752 0.950647 0.024601 243.869495 267.415740
39 40 48 0.508397 0.228740 0.262862 218.095853 276.737461
39 40 48 0.002765 0.269125 0.728110 210.712203 296.244537
39 40 48 0.227480 0.452431 0.320090 220.031259 278.552761
39 40 48 0.527151 0.163137 0.309712 208.504367 279.429112
39 40 48 0.532901 0.148518 0.318581 210.734840 280.957081
39 40 48 0.011177 0.356399 0.632424 217.272996 293.766420
40 49 48 0.947359 0.048752 0.003890 243.324648 267.588413
40 49 48 0.240616 0.214037 0.545347 220.110919 299.465115
40 49 48 0.600899 0.233432 0.165669 237.059209 280.160647
40 49 48 0.664040 0.254206 0.081754 237.509242 275.590141
40 49 48 0.184508 0.734734 0.080759 242.948628 298.770828
40 49 48 0.104936 0.367404 0.527660 225.285686 303.173085
40 49 48 0.664837 0.191971 0.143193 235.654433 279.420893
40 49 48 0.199021 0.613198 0.187782 238.289244 296.079198
40 49 48 0.797559 0.177173 0.025269 245.207279 271.712105
40 49 48 0.135404 0.592896 0.271700 233.591897 300.220218
40 41 49 0.275221 0.010357 0.714421 246.682799 294.681964
40 41 49 0.959944 0.011003 0.029053 243.480282 265.894625
40 41 49 0.458874 0.458544 0.082582 267.403098 266.470856
40 41 49 0.800953 0.132821 0.066225 247.305657 269.412420
40 41 49 0.201095 0.390634 0.408270 263.478985 276.365470
40 41 49 0.727065 0.269781 0.003154 258.503968 264.792722
40 41 49 0.781276 0.097589 0.121135 247.829789 270.249272
40 41 49 0.887811 0.018800 0.093389 242.526652 263.817819
40 41 49 0.927627 0.023290 0.049083 246.223091 264.408139
40 41 49 0.844092 0.129497 0.026411 250.241751 264.787994
41 50 49 0.503473 0.240368 0.256160 276.038685 283.100102
41 50 49 0.377687 0.516533 0.105780 282.897588 288.782729
41 50 49 0.072929 0.157154 0.769917 255.979320 298.250590
41 50 49 0.019197 0.566021 0.414783 271.472920 308.152700
41 50 49 0.901095 0.072791 0.026114 285.616425 261.460392
41 50 49 0.067182 0.293570 0.639248 263.653906 300.093658
41 50 49 0.084723 0.316672 0.598605 261.891801 299.644325
41 50 49 0.954959 0.038425 0.006616 284.886021 265.098696
41 50 49 0.958683 0.015105 0.026212 286.393480 261.082835
41 50 49 0.336708 0.513914 0.149378 284.920075 288.864536
41 42 50 0.321912 0.045048 0.633040 290.954263 291.163689
41 42 50 0.811571 0.136910 0.051519 292.079647 267.126919
41 42 50 0.892423 0.054748 0.052829 287.880440 264.720629
41 42 50 0.630485 0.081921 0.287594 293.332532 272.138057
41 42 50 0.465795 0.319453 0.214752 301.133707 266.424063
41 42 50 0.483759 0.424167 0.092074 302.034058 264.983712
41 42 50 0.114980 0.081202 0.803818 293.505924 294.564204
41 42 50 0.133695 0.588525 0.277780 311.857169 270.742862
41 42 50 0.604091 0.366617 0.029292 296.536358 260.777250
41 42 50 0.541217 0.044479 0.414304 290.227858 277.079787
42 51 50 0.044071 0.137393 0.818537 298.282596 299.190825
42 51 50 0.803701 0.037713 0.158586 324.259043 269.236411
42 51 50 0.768213 0.201584 0.030203 329.240958 269.169000
42 51 50 0.158724 0.474705 0.366571 317.941920 290.965913
42 51 50 0.596411 0.385374 0.018214 331.061934 275.987013
42 51 50 0.878187 0.060594 0.061219 328.666675 265.320969
42 51 50 0.312662 0.158891 0.528448 310.035807 288.890771
42 51 50 0.273121 0.512040 0.214839 322.514424 293.663631
42 51 50 0.506519 0.181531 0.311951 315.387512 282.773907
42 51 50 0.329987 0.202913 0.467100 309.157587 291.283910
42 43 51 0.510649 0.442598 0.046753 347.264163 258.636870
42 43 51 0.859869 0.100895 0.039236 332.199790 262.063354
42 43 51 0.676430 0.223196 0.100374 332.835907 265.332118
42 43 51 0.232209 0.739108 0.028684 362.479026 260.923067
42 43 51 0.602990 0.370171 0.026839 342.417914 258.042284
42 43 51 0.187756 0.699977 0.112267 359.721191 262.321745
42 43 51 0.934071 0.027770 0.038159 326.871521 264.540370
42 43 51 0.337939 0.452349 0.209712 350.774455 267.468290
42 43 51 0.876066 0.069193 0.054740 328.336903 262.156567
42 43 51 0.970523 0.022839 0.006638 329.242312 264.754729
43 52 51 0.815602 0.123107 0.061292 370.175224 262.614985
43 52 51 0.266684 0.445941 0.287375 362.851154 290.249603
43 52 51 0.393503 0.438498 0.167999 367.062153 278.990258
43 52 51 0.028142 0.387645 0.584214 353.685040 299.739572
43 52 51 0.232408 0.705298 0.062294 371.895033 290.246253
43 52 51 0.059062 0.567006 0.373932 362.617203 298.206298
43 52 51 0.940363 0.016219 0.043418 368.195160 258.196101
43 52 51 0.977419 0.000197 0.022384 368.388099 258.784231
43 52 51 0.837469 0.100995 0.061537 370.364772 267.977261
43 52 51 0.417014 0.280488 0.302499 359.385843 281.302339
43 44 52 0.537830 0.123927 0.338243 377.163490 272.117911
43 44 52 0.075284 0.215895 0.708820 383.020519 284.861331
43 44 52 0.112969 0.448205 0.438826 389.763869 274.333967
43 44 52 0.073754 0.273309 0.652937 381.731679 284.826985
43 44 52 0.604520 0.126442 0.269038 376.985410 271.051240
43 44 52 0.998214 0.000041 0.001745 369.690438 258.049707
43 44 52 0.917855 0.022589 0.059556 369.068734 259.968858
43 44 52 0.632273 0.280499 0.087229 381.181032 259.182521
43 44 52 0.157754 0.501367 0.340880 395.702727 271.605495
43 44 52 0.075621 0.549590 0.374790 393.998633 267.544596
44 53 52 0.687773 0.271402 0.040825 410.020258 269.103082
44 53 52 0.704774 0.107400 0.187826 408.246608 267.899710
44 53 52 0.218095 0.661940 0.119965 414.204927 289.510742
44 53 52 0.482047 0.049193 0.468760 393.968985 277.560789
44 53 52 0.878206 0.051238 0.070556 410.276505 263.150519
44 53 52 0.867414 0.111022 0.021564 411.741053 261.327544
44 53 52 0.611293 0.268093 0.120614 407.650024 269.843155
44 53 52 0.126299 0.602817 0.270884 406.970383 290.671144
44 53 52 0.683385 0.132166 0.184449 406.232406 270.946976
44 53 52 0.171803 0.106185 0.722012 385.432307 290.431792
45 46 54 0.929155 0.067813 0.003033 75.468141 312.302440
45 46 54 0.005862 0.314579 0.679559 89.571699 342.496009
45 46 54 0.346899 0.200239 0.452861 82.046988 331.064432
45 46 54 0.744148 0.249238 0.006614 84.770873 311.228109
45 46 54 0.177653 0.516979 0.305368 101.219324 326.783333
45 46 54 0.554501 0.240546 0.204953 86.942785 322.651706
45 46 54 0.574966 0.200000 0.225034 84.242727 322.107524
45 46 54 0.871083 0.049975 0.078942 77.567132 316.815253
45 46 54 0.639473 0.247703 0.112824 85.941005 314.344738
45 46 54 0.109212 0.865580 0.025209 109.135679 310.196877
46 55 54 0.788341 0.056701 0.154958 107.955716 318.739925
46 55 54 0.221205 0.042026 0.736769 85.677580 348.296604
46 55 54 0.490837 0.113266 0.395897 96.686487 333.078805
46 55 54 0.528176 0.463733 0.008091 115.951167 332.847819
46 55 54 0.194477 0.803070 0.002454 114.717903 346.371352
46 55 54 0.670656 0.150904 0.178440 107.827880 323.621533
46 55 54 0.172267 0.479108 0.348625 101.088153 348.485755
46 55 54 0.296387 0.496015 0.207599 106.740339 341.814272
46 55 54 0.516433 0.135336 0.348231 101.364468 334.921231
46 55 54 0.637663 0.105816 0.256521 104.947772 326.842559
46 47 55 0.547197 0.232264 0.220539 125.490164 322.401547
46 47 55 0.301367 0.486012 0.212621 137.819943 321.035402
46 47 55 0.639831 0.330237 0.029932 131.198542 311.091798
46 47 55 0.378435 0.093378 0.528187 118.882203 333.851797
46 47 55 0.259611 0.177751 0.562639 124.533612 334.508774
46 47 55 0.537323 0.007385 0.455293 117.624878 331.054773
46 47 55 0.662366 0.248134 0.089499 124.641241 315.306752
46 47 55 0.943388 0.017515 0.039097 120.466423 314.672290
46 47 55 0.107412 0.659007 0.233581 144.045726 319.862982
46 47 55 0.663021 0.009977 0.327002 116.943579 325.749421
47 56 55 0.832538 0.115705 0.051756 154.166019 316.832208
47 56 55 0.631714 0.127246 0.241041 152.745808 327.794252
47 56 55 0.080154 0.119131 0.800715 126.995782 351.814920
47 56 55 0.242344 0.452500 0.305156 149.994355 341.873189
47 56 55 0.322610 0.234184 0.443206 140.438714 336.938894
47 56 55 0.313832 0.245803 0.440365 139.322508 337.605533
47 56 55 0.008124 0.262979 0.728897 127.385796 355.372964
47 56 55 0.597978 0.397409 0.004613 163.151738 326.647378
47 56 55 0.624904 0.153188 0.221908 153.646465 327.196916
47 56 55 0.189578 0.730144 0.080278 157.701654 344.043471
47 48 56 0.604311 0.336483 0.059207 177.148262 311.764127
47 48 56 0.081337 0.258265 0.660398 169.431015 340.813162
47 48 56 0.186281 0.772425 0.041294 193.990442 312.133424
47 48 56 0.541958 0.118149 0.339893 163.227551 323.074896
47 48 56 0.691599 0.237659 0.070742 167.346889 311.974692
47 48 56 0.621572 0.245293 0.133134 168.548673 313.876888
47 48 56 0.318495 0.642962 0.038543 185.010614 311.422260
47 48 56 0.890671 0.076689 0.032640 162.279834 309.895160
47 48 56 0.558671 0.103184 0.338145 165.679554 323.508893
47 48 56 0.271360 0.212898 0.515742 172.468782 333.363279
48 57 56 0.434629 0.477990 0.087382 200.478395 331.642469
48 57 56 0.816521 0.130785 0.052695 200.724546 317.002634
48 57 56 0.961269 0.012620 0.026111 202.151382 313.593684
48 57 56 0.603908 0.117609 0.278482 194.515178 326.763863
48 57 56 0.143937 0.035135 0.820927 164.662893 349.425972
48 57 56 0.669677 0.019964 0.310359 187.187366 327.593165
48 57 56 0.689077 0.003232 0.307691 188.203179 321.770313
48 57 56 0.818454 0.104428 0.077118 199.439229 317.294825
48 57 56 0.328016 0.319232 0.352752 187.909288 338.462814
48 57 56 0.818427 0.109124 0.072449 199.925953 317.964490
48 49 57 0.635034 0.137248 0.227718 206.997875 320.264360
48 49 57 0.048699 0.101562 0.849739 206.443058 341.894106
48 49 57 0.831002 0.092743 0.076255 205.782249 310.361422
48 49 57 0.379648 0.232469 0.387883 209.594442 324.971145
48 49 57 0.983514 0.010210 0.006276 202.133844 309.643287
48 49 57 0.779176 0.009313 0.211512 202.293149 315.841998
48 49 57 0.481613 0.501180 0.017207 220.639466 307.381751
48 49 57 0.959927 0.026671 0.013401 203.157361 308.455578
48 49 57 0.941309 0.048404 0.010287 204.065090 305.226171
48 49 57 0.339074 0.549475 0.111451 223.449627 312.799970
49 58 57 0.945721 0.047226 0.007052 243.185280 305.638299
49 58 57 0.775514 0.119241 0.105246 242.570686 315.951564
49 58 57 0.670401 0.225143 0.104456 244.762744 317.209925
49 58 57 0.666996 0.162516 0.170488 237.173768 320.057910
49 58 57 0.253869 0.434100 0.312031 231.695233 333.004927
49 58 57 0.195430 0.586469 0.218102 239.367348 342.276089
49 58 57 0.739234 0.207819 0.052946 240.613188 317.588919
49 58 57 0.475338 0.365338 0.159323 238.868708 330.769559
49 58 57 0.153122 0.079843 0.767035 212.626300 344.404310
49 58 57 0.882511 0.012368 0.105121 239.272059 310.447507
49 50 58 0.481681 0.017547 0.500772 245.651530 327.280253
49 50 58 0.203482 0.024343 0.772176 250.387483 337.383787
49 50 58 0.130769 0.421454 0.447777 265.078934 318.598064
49 50 58 0.508078 0.064279 0.427643 249.240818 323.815926
49 50 58 0.258589 0.101107 0.640304 254.584517 330.019623
49 50 58 0.027981 0.310309 0.661710 262.261813 331.643104
49 50 58 0.712070 0.099108 0.188822 250.012838 310.412492
49 50 58 0.682219 0.218536 0.099245 257.168859 310.085129
49 50 58 0.592445 0.038336 0.369219 247.512639 319.519938
49 50 58 0.160871 0.127275 0.711853 255.827893 331.691376
50 59 58 0.876569 0.089498 0.033933 290.266255 308.217923
50 59 58 0.103488 0.076595 0.819918 259.195972 343.158707
50 59 58 0.426113 0.367760 0.206127 282.552627 323.982443
50 59 58 0.920139 0.013229 0.066632 287.448554 304.777216
50 59 58 0.353380 0.587854 0.058766 290.331681 332.183697
50 59 58 0.245255 0.009796 0.744949 261.428430 335.191016
50 59 58 0.557938 0.233174 0.208887 285.268222 321.721369
50 59 58 0.643120 0.263786 0.093094 287.895516 318.259298
50 59 58 0.185415 0.639042 0.175543 280.885420 339.945332
50 59 58 0.665380 0.283406 0.051214 289.935639 318.363333
50 51 59 0.225355 0.753703 0.020942 322.261694 299.390829
50 51 59 0.338962 0.212676 0.448361 299.381188 321.555216
50 51 59 0.342069 0.534428 0.123503 313.130646 305.244786
50 51 59 0.895101 0.099965 0.004934 292.001235 300.835234
50 51 59 0.518327 0.341367 0.140306 307.365910 306.259144
50 51 59 0.498336 0.164785 0.336879 297.038522 318.799148
50 51 59 0.391296 0.094652 0.514051 297.080765 326.565877
50 51 59 0.232364 0.390099 0.377537 305.907501 321.699081
50 51 59 0.915794 0.028190 0.056016 292.301105 302.854982
50 51 59 0.769911 0.077693 0.152397 297.766146 303.202864
51 60 59 0.570625 0.355388 0.073987 329.007957 323.199160
51 60 59 0.914965 0.007981 0.077054 328.854514 301.548683
51 60 59 0.951732 0.038607 0.009660 336.845169 305.488768
51 60 59 0.660380 0.246580 0.093040 328.115677 316.171271
51 60 59 0.695325 0.200809 0.103866 332.333124 314.489293
51 60 59 0.141996 0.047330 0.810674 300.457197 339.795719
51 60 59 0.155562 0.045803 0.798635 299.549956 337.531922
51 60 59 0.931076 0.038188 0.030736 332.779409 302.673737
51 60 59 0.143458 0.125651 0.730891 301.347109 343.863991
51 60 59 0.223974 0.361092 0.414934 317.047060 336.849074
51 52 60 0.251754 0.505672 0.242574 353.595389 311.005684
51 52 60 0.195215 0.640324 0.164461 357.703186 309.828050
51 52 60 0.845313 0.055322 0.099365 337.139206 303.105360
51 52 60 0.454174 0.382036 0.163790 349.769544 306.594738
51 52 60 0.475014 0.216311 0.308675 340.005102 309.486756
51 52 60 0.209290 0.534692 0.256017 358.339590 311.067893
51 52 60 0.812300 0.027993 0.159708 335.406692 306.499727
51 52 60 0.465022 0.013885 0.521093 335.792704 324.252341
51 52 60 0.709360 0.069772 0.220868 338.394037 310.479665
51 52 60 0.328989 0.501033 0.169978 355.819527 310.791676
52 61 60 0.393236 0.474377 0.132387 372.322969 324.628464
52 61 60 0.864467 0.071440 0.064093 374.396274 302.200473
52 61 60 0.989364 0.000015 0.010622 374.138327 302.823136
52 61 60 0.680345 0.193710 0.125945 370.560283 312.767092
52 61 60 0.232563 0.077491 0.689946 350.928949 333.003834
52 61 60 0.564063 0.418656 0.017280 374.504922 322.332619
52 61 60 0.018417 0.246868 0.734714 342.639601 344.319056
52 61 60 0.778321 0.023456 0.198224 365.711299 313.714559
52 61 60 0.028143 0.841916 0.129941 374.111694 348.596751
52 61 60 0.178017 0.485426 0.336557 362.075670 335.246223
52 53 61 0.878267 0.095479 0.026255 381.507969 302.946714
52 53 61 0.964435 0.020026 0.015539 375.189284 296.192021
52 53 61 0.593514 0.020926 0.385561 376.316908 317.486902
52 53 61 0.214067 0.463177 0.322755 394.055682 308.739206
52 53 61 0.443187 0.277796 0.279017 389.582284 310.166812
52 53 61 0.524111 0.201325 0.274565 383.934146 311.034410
52 53 61 0.705240 0.277591 0.017169 384.749624 301.442733
52 53 61 0.114499 0.507713 0.377788 396.641290 315.524305
52 53 61 0.750873 0.108251 0.140875 378.456343 308.792706
52 53 61 0.428810 0.510481 0.060708 398.077579 302.593554
53 62 61 0.724940 0.083430 0.191630 410.724565 309.979711
53 62 61 0.839212 0.058818 0.101970 413.718177 306.525669
53 62 61 0.101608 0.895747 0.002645 422.195086 338.211727
53 62 61 0.102283 0.542242 0.355475 410.339581 341.884404
53 62 61 0.609411 0.216598 0.173991 412.972451 317.398273
53 62 61 0.307788 0.480990 0.211223 411.476500 329.318142
53 62 61 0.502946 0.119590 0.377464 405.557166 320.734987
53 62 61 0.570977 0.029996 0.399027 398.780920 321.325907
53 62 61 0.564764 0.023382 0.411854 403.789536 317.241936
53 62 61 0.631497 0.211240 0.157263 416.215560 315.461797
54 55 63 0.050908 0.336922 0.612171 88.508129 385.968619
54 55 63 0.624760 0.081744 0.293495 75.859296 372.145573
54 55 63 0.622161 0.288595 0.089244 88.896709 362.736858
54 55 63 0.273263 0.116104 0.610634 78.753260 384.103287
54 55 63 0.393046 0.267599 0.339355 83.418509 369.712842
54 55 63 0.130558 0.643248 0.226194 101.792797 366.088873
54 55 63 0.333908 0.326619 0.339473 85.179120 371.457817
54 55 63 0.508662 0.084811 0.406527 74.150626 371.778990
54 55 63 0.071166 0.270347 0.658488 87.273568 386.329005
54 55 63 0.427478 0.110838 0.461684 75.162728 373.474798
55 64 63 0.076814 0.614432 0.308754 104.882253 396.718167
55 64 63 0.086530 0.086886 0.826584 80.079099 398.225726
55 64 63 0.487736 0.479633 0.032631 116.526866 378.761481
55 64 63 0.985736 0.001870 0.012394 115.970286 353.903090
55 64 63 0.817578 0.154657 0.027765 114.042855 359.581340
55 64 63 0.224313 0.414043 0.361644 103.618465 394.448997
55 64 63 0.426016 0.247556 0.326428 98.187312 389.496733
55 64 63 0.870748 0.110985 0.018267 114.635527 364.386119
55 64 63 0.530892 0.428816 0.040291 113.074977 376.143789
55 64 63 0.622228 0.207813 0.169959 104.616206 375.053396
55 56 64 0.479197 0.025955 0.494848 121.175094 377.016495
55 56 64 0.018082 0.384948 0.596970 134.890635 381.760916
55 56 64 0.902647 0.086467 0.010886 120.436879 354.875762
55 56 64 0.625220 0.279558 0.095222 132.144636 357.366498
55 56 64 0.257928 0.253639 0.488433 127.266272 376.426202
55 56 64 0.800110 0.078497 0.121394 117.509526 357.920366
55 56 64 0.718341 0.092865 0.188794 122.447208 361.585956
55 56 64 0.942827 0.044579 0.012594 118.028505 352.331460
55 56 64 0.109652 0.623533 0.266815 147.207842 364.775159
55 56 64 0.200080 0.323865 0.476055 132.133857 376.898548
56 65 64 0.005535 0.896599 0.097866 160.407658 396.059162
56 65 64 0.094792 0.691927 0.213281 152.746100 391.799165
56 65 64 0.053141 0.315342 0.631516 133.588184 396.070492
56 65 64 0.060538 0.748346 0.191116 154.310420 395.484308
56 65 64 0.024601 0.748865 0.226534 152.890003 397.331208
56 65 64 0.614709 0.152534 0.232758 153.086979 372.603173
56 65 64 0.063935 0.471962 0.464103 137.158439 399.468682
56 65 64 0.465807 0.139135 0.395058 145.401686 379.973244
56 65 64 0.988819 0.009079 0.002103 161.864847 358.230574
56 65 64 0.797258 0.149130 0.053611 161.309056 360.772813
56 57 65 0.626805 0.266493 0.106702 176.632887 355.755076
56 57 65 0.525080 0.234203 0.240717 169.104799 362.239771
56 57 65 0.440562 0.358227 0.201211 178.703106 362.735771
56 57 65 0.202210 0.273796 0.523994 173.025038 378.116383
56 57 65 0.058158 0.725749 0.216093 192.822662 362.598544
56 57 65 0.542488 0.361801 0.095711 174.328223 357.321906
56 57 65 0.397819 0.577402 0.024779 181.236544 352.539494
56 57 65 0.383441 0.225316 0.391244 172.476156 369.218259
56 57 65 0.849519 0.002332 0.148149 160.672088 359.074544
56 57 65 0.754631 0.034748 0.210621 164.022163 363.828867
57 66 65 0.175945 0.050706 0.773349 172.860422 388.814059
57 66 65 0.616558 0.177123 0.206319 195.651514 366.940477
57 66 65 0.778814 0.014648 0.206538 195.307564 357.734694
57 66 65 0.387800 0.475243 0.136957 199.926898 379.254543
57 66 65 0.114398 0.114791 0.770811 172.753698 388.178667
57 66 65 0.170929 0.807316 0.021755 205.572487 390.695633
57 66 65 0.829990 0.151744 0.018266 207.577639 359.209684
57 66 65 0.482573 0.143432 0.373996 192.613165 374.568473
57 66 65 0.272395 0.140411 0.587194 181.567011 385.415810
57 66 65 0.324328 0.284576 0.391096 189.189297 385.165095
57 58 66 0.359544 0.476470 0.163986 225.322164 355.204874
57 58 66 0.654572 0.337508 0.007920 219.161487 349.862375
57 58 66 0.589881 0.158032 0.252087 210.580676 362.622588
57 58 66 0.162596 0.004463 0.832942 205.225502 390.207008
57 58 66 0.196107 0.338164 0.465729 218.940780 371.170391
57 58 66 0.155843 0.734057 0.110100 235.280631 353.293523
57 58 66 0.477570 0.218889 0.303541 214.572138 364.296183
57 58 66 0.233865 0.641115 0.125020 228.505777 355.952842
57 58 66 0.456629 0.008745 0.534626 204.704997 373.072323
57 58 66 0.686747 0.117424 0.195829 210.764394 359.902846
58 67 66 0.368324 0.050444 0.581232 223.183490 375.521811
58 67 66 0.894417 0.050958 0.054625 244.534934 351.375222
58 67 66 0.130993 0.040065 0.828943 215.461339 385.662254
58 67 66 0.862740 0.067896 0.069364 244.923536 353.015304
58 67 66 0.895084 0.016052 0.088863 247.643205 354.771635
58 67 66 0.921972 0.076466 0.001562 247.711392 348.431180
58 67 66 0.094805 0.537338 0.367857 232.222927 389.115892
58 67 66 0.661611 0.005791 0.332598 236.125815 361.390025
58 67 66 0.514572 0.484268 0.001160 248.830219 370.389715
58 67 66 0.388931 0.006192 0.604877 224.419072 373.936824
58 59 67 0.044858 0.481497 0.473645 270.600007 370.752305
58 59 67 0.847744 0.052907 0.099349 245.730646 352.980207
58 59 67 0.036336 0.467916 0.495748 268.334252 369.114126
58 59 67 0.407481 0.402948 0.189571 264.149755 357.702543
58 59 67 0.702590 0.001089 0.296321 249.531012 363.223604
58 59 67 0.073735 0.648542 0.277723 273.561596 357.974702
58 59 67 0.005848 0.091104 0.903048 259.779750 390.160366
58 59 67 0.888677 0.086404 0.024919 250.056426 347.659437
58 59 67 0.565090 0.234443 0.200467 259.544657 354.758760
58 59 67 0.574192 0.320245 0.105563 260.622591 350.814968
59 68 67 0.775547 0.016274 0.208179 285.116754 356.123452
59 68 67 0.112539 0.187702 0.699760 265.804027 386.601567
59 68 67 0.105519 0.838032 0.056450 289.728068 389.141586
59 68 67 0.852630 0.094777 0.052593 288.716726 357.683018
59 68 67 0.863280 0.079665 0.057054 291.689662 354.285587
59 68 67 0.106026 0.868775 0.025199 295.981856 390.218706
59 68 67 0.372394 0.350392 0.277214 282.181022 375.649923
59 68 67 0.416906 0.261065 0.322028 279.416544 371.431857
59 68 67 0.116594 0.503003 0.380403 275.713624 390.963342
59 68 67 0.513700 0.292948 0.193352 285.977478 366.729081
59 60 68 0.764142 0.005121 0.230737 294.415199 355.095806
59 60 68 0.079862 0.536331 0.383807 315.488245 363.401640
59 60 68 0.864280 0.011621 0.124099 293.237944 350.928261
59 60 68 0.544791 0.402486 0.052723 309.889879 349.381607
59 60 68 0.609559 0.380695 0.009747 308.361499 347.677008
59 60 68 0.512558 0.466951 0.020491 314.413947 350.594790
59 60 68 0.023344 0.326449 0.650207 306.460213 374.190653
59 60 68 0.222316 0.630396 0.147288 320.295661 351.279245
59 60 68 0.069743 0.018812 0.911445 290.247035 382.571711
59 60 68 0.137973 0.144939 0.717088 299.943939 380.652822
60 69 68 0.471644 0.092326 0.436031 312.853630 369.006658
60 69 68 0.129047 0.721080 0.149873 328.285363 383.753342
60 69 68 0.255640 0.686256 0.058103 329.638912 377.984968
60 69 68 0.406392 0.053231 0.540377 313.594558 373.026006
60 69 68 0.091756 0.603719 0.304525 323.083092 384.607861
60 69 68 0.436523 0.185160 0.378317 317.786441 372.158188
60 69 68 0.240640 0.319143 0.440217 316.373073 380.007374
60 69 68 0.300517 0.387948 0.311534 325.495941 374.995452
60 69 68 0.988075 0.008921 0.003004 338.604048 348.935204
60 69 68 0.260432 0.068516 0.671052 307.458870 383.080493
60 61 69 0.813436 0.097333 0.089231 337.483986 347.972067
60 61 69 0.865551 0.037546 0.096902 335.169862 348.772307
60 61 69 0.199315 0.258852 0.541833 348.867495 363.705926
60 61 69 0.128407 0.317236 0.554357 347.362691 370.667108
60 61 69 0.913784 0.073494 0.012722 337.617617 345.055809
60 61 69 0.968931 0.023019 0.008049 334.798872 344.725703
60 61 69 0.243513 0.320835 0.435652 350.831776 364.331462
60 61 69 0.469073 0.258629 0.272298 345.313229 356.670175
60 61 69 0.316044 0.408465 0.275491 353.941299 357.980348
60 61 69 0.669419 0.046456 0.284125 337.227340 358.178278
61 70 69 0.186965 0.111619 0.701416 345.852166 377.322722
61 70 69 0.080747 0.665722 0.253531 366.833865 385.635814
61 70 69 0.489058 0.444742 0.066200 376.894060 361.831431
61 70 69 0.460748 0.383643 0.155609 373.421353 363.733473
61 70 69 0.878776 0.023130 0.098094 375.225800 351.029388
61 70 69 0.319652 0.521422 0.158926 370.651679 374.261327
61 70 69 0.877711 0.066880 0.055409 376.793895 351.725804
61 70 69 0.571637 0.057931 0.370432 359.541817 363.459208
61 70 69 0.992736 0.001698 0.005566 376.924426 345.033249
61 70 69 0.864863 0.036272 0.098866 375.109137 350.186087
61 62 70 0.143304 0.847206 0.009490 418.854183 339.342208
61 62 70 0.202133 0.548774 0.249093 403.319366 351.359928
61 62 70 0.218846 0.145110 0.636044 384.669545 369.748209
61 62 70 0.722383 0.245205 0.032412 391.530998 344.255798
61 62 70 0.405081 0.071973 0.522946 380.978847 362.656498
61 62 70 0.997204 0.000271 0.002525 379.936114 345.431345
61 62 70 0.211176 0.266216 0.522608 389.231238 364.972421
61 62 70 0.830244 0.023762 0.145993 382.078551 349.975768
61 62 70 0.866656 0.097920 0.035424 383.913923 348.219229
61 62 70 0.899050 0.096586 0.004364 383.957566 343.246104
62 71 70 0.341564 0.204302 0.454135 402.895249 370.001247
62 71 70 0.649877 0.171773 0.178350 414.020940 358.589489
62 71 70 0.036559 0.587269 0.376172 403.888478 385.674014
62 71 70 0.162599 0.004229 0.833172 384.530032 379.073338
62 71 70 0.155083 0.820425 0.024491 419.473314 376.235421
62 71 70 0.966993 0.017275 0.015732 421.841484 342.082423
62 71 70 0.192688 0.716180 0.091132 419.238443 375.405375
62 71 70 0.718720 0.011402 0.269878 410.533319 352.874095
62 71 70 0.546416 0.389534 0.064050 416.991136 362.384507
62 71 70 0.199946 0.628175 0.171879 413.550725 376.825960
63 64 72 0.926572 0.002771 0.070658 76.469170 407.193217
63 64 72 0.573163 0.424221 0.002616 95.345541 402.280683
63 64 72 0.374578 0.229121 0.396301 86.255286 414.388480
63 64 72 0.927552 0.070247 0.002201 78.342371 402.858245
63 64 72 0.899745 0.079659 0.020597 74.528067 400.972171
63 64 72 0.883291 0.097778 0.018930 79.655648 403.110566
63 64 72 0.400663 0.520090 0.079247 97.038004 405.999635
63 64 72 0.881138 0.111714 0.007148 78.578589 404.226150
63 64 72 0.912877 0.072808 0.014316 71.507376 401.471930
63 64 72 0.776945 0.082312 0.140743 77.509846 409.277037
64 73 72 0.558222 0.100550 0.341228 99.931237 418.988048
64 73 72 0.803017 0.138034 0.058948 117.970435 407.285861
64 73 72 0.688341 0.291940 0.019719 120.629177 414.827402
64 73 72 0.923783 0.055913 0.020304 117.879911 400.820529
64 73 72 0.791321 0.204405 0.004274 119.748073 407.830417
64 73 72 0.618072 0.261232 0.120696 115.476557 413.551822
64 73 72 0.288969 0.298392 0.412639 104.516184 431.741598
64 73 72 0.020211 0.125692 0.854096 82.777379 436.884854
64 73 72 0.697412 0.243470 0.059118 119.157965 414.586736
64 73 72 0.123287 0.687245 0.189468 110.724736 432.994656
64 65 73 0.608638 0.058050 0.333312 124.124810 407.475372
64 65 73 0.080122 0.091857 0.828021 130.994468 431.373551
64 65 73 0.876929 0.054790 0.068281 124.461501 400.243728
64 65 73 0.545049 0.170321 0.284630 126.531383 408.055614
64 65 73 0.564363 0.198788 0.236850 128.149283 406.974406
64 65 73 0.430748 0.052911 0.516341 123.165581 414.786960
64 65 73 0.339223 0.252234 0.408544 132.712427 416.767682
64 65 73 0.210778 0.301113 0.488109 134.886057 416.063547
64 65 73 0.019614 0.886259 0.094126 157.029436 405.546495
64 65 73 0.966610 0.002557 0.030833 116.443244 399.617647
65 74 73 0.227482 0.271105 0.501414 141.437707 427.316160
65 74 73 0.055840 0.314499 0.629661 141.789558 433.498771
65 74 73 0.396647 0.300172 0.303181 149.182748 421.124692
65 74 73 0.384839 0.302882 0.312279 150.860597 421.178543
65 74 73 0.524868 0.137780 0.337352 150.197389 421.423536
65 74 73 0.858188 0.022164 0.119648 157.006087 402.605457
65 74 73 0.636014 0.356441 0.007546 164.422871 410.802120
65 74 73 0.941159 0.040764 0.018077 164.048601 395.030749
65 74 73 0.078450 0.563425 0.358125 150.254198 436.348436
65 74 73 0.471867 0.295216 0.232917 155.980757 418.925789
65 66 74 0.354522 0.307391 0.338087 178.784375 410.765104
65 66 74 0.283969 0.143466 0.572565 169.571104 419.165686
65 66 74 0.068981 0.622220 0.308799 192.232654 410.891009
65 66 74 0.269891 0.596475 0.133634 186.959230 402.859639
65 66 74 0.710652 0.156278 0.133070 173.551693 403.264740
65 66 74 0.834222 0.090560 0.075219 164.500092 399.062885
65 66 74 0.160045 0.767169 0.072785 199.900862 396.895289
65 66 74 0.224590 0.384981 0.390429 181.789480 411.245035
65 66 74 0.603583 0.097966 0.298451 168.197289 405.284267
65 66 74 0.319560 0.101531 0.578909 171.566739 418.375055
66 75 74 0.212783 0.377981 0.409236 190.174316 423.920229
66 75 74 0.929479 0.034442 0.036079 206.580718 399.160796
66 75 74 0.145209 0.465552 0.389239 196.320718 429.503501
66 75 74 0.234563 0.656982 0.108455 206.943429 423.265107
66 75 74 0.469715 0.478203 0.052081 207.328886 413.675342
66 75 74 0.084385 0.030569 0.885046 171.449789 430.623002
66 75 74 0.334179 0.546871 0.118950 201.112482 420.703730
66 75 74 0.157063 0.646573 0.196364 198.533680 425.885522
66 75 74 0.493619 0.391461 0.114920 201.631164 414.282895
66 75 74 0.669183 0.220802 0.110015 202.901787 408.540032
66 67 75 0.687506 0.271268 0.041226 218.992230 393.896385
66 67 75 0.752368 0.115995 0.131637 213.485298 399.036589
66 67 75 0.225677 0.736349 0.037974 242.246336 393.646957
66 67 75 0.006479 0.336640 0.656881 224.782688 417.385144
66 67 75 0.914597 0.069263 0.016140 211.918188 394.259768
66 67 75 0.236751 0.300708 0.462540 221.650517 412.160629
66 67 75 0.864351 0.067463 0.068186 208.815822 398.236441
66 67 75 0.990225 0.007296 0.002479 206.931879 397.236241
66 67 75 0.253795 0.521207 0.224998 232.543325 400.838266
66 67 75 0.726190 0.028472 0.245338 213.080700 405.063712
67 76 75 0.043860 0.879618 0.076522 251.768261 430.392871
67 76 75 0.730140 0.059928 0.209932 243.152206 404.362502
67 76 75 0.308674 0.625838 0.065488 247.463138 421.505754
67 76 75 0.077863 0.429752 0.492384 230.791052 430.639275
67 76 75 0.813720 0.120972 0.065308 247.945604 401.555163
67 76 75 0.668624 0.180508 0.150868 244.934436 406.478068
67 76 75 0.342008 0.603717 0.054275 252.784788 414.587985
67 76 75 0.158009 0.213335 0.628656 224.241394 423.233839
67 76 75 0.999151 0.000261 0.000588 250.560496 392.532861
67 76 75 0.925515 0.022576 0.051909 247.276874 397.555395
67 68 76 0.749805 0.021030 0.229165 249.670122 402.803549
67 68 76 0.803720 0.093920 0.102360 257.985577 392.361843
67 68 76 0.970100 0.025297 0.004603 254.476080 394.134630
67 68 76 0.095003 0.330789 0.574208 264.376271 416.225494
67 68 76 0.077980 0.590357 0.331663 276.930484 404.382583
67 68 76 0.252933 0.149855 0.597212 259.364979 414.281749
67 68 76 0.754046 0.130956 0.114998 258.234882 397.265948
67 68 76 0.190752 0.767463 0.041785 283.564053 394.677674
67 68 76 0.022113 0.617579 0.360308 278.008241 402.218751
67 68 76 0.196014 0.627959 0.176027 278.431992 397.245693
68 77 76 0.551258 0.225327 0.223415 281.507413 408.052215
68 77 76 0.062907 0.558997 0.378096 278.777742 420.759296
68 77 76 0.388961 0.224059 0.386980 277.144127 415.310106
68 77 76 0.932728 0.059186 0.008087 292.254997 392.470904
68 77 76 0.903775 0.037385 0.058841 291.920450 394.233927
68 77 76 0.578755 0.360383 0.060861 293.289991 408.732851
68 77 76 0.881216 0.092109 0.026675 291.755967 401.035216
68 77 76 0.897696 0.049611 0.052692 291.259547 396.809344
68 77 76 0.837187 0.095870 0.066943 288.954760 402.200195
68 77 76 0.901458 0.010196 0.088346 287.884290 398.474307
68 69 77 0.881730 0.044170 0.074100 296.173722 392.324091
68 69 77 0.242214 0.548486 0.209300 315.271125 398.012030
68 69 77 0.567226 0.200240 0.232535 302.913783 399.140527
68 69 77 0.945022 0.043406 0.011572 294.505574 388.374747
68 69 77 0.811805 0.101296 0.086899 302.352249 392.909351
68 69 77 0.845272 0.146715 0.008013 299.418933 390.464027
68 69 77 0.923105 0.068397 0.008498 294.026014 394.537179
68 69 77 0.173188 0.809368 0.017444 325.780021 390.099157
68 69 77 0.729542 0.184721 0.085737 299.116289 393.295210
68 69 77 0.023095 0.806731 0.170174 332.018442 395.896954
69 78 77 0.446816 0.046020 0.507164 313.417266 408.918431
69 78 77 0.699680 0.001715 0.298605 324.473776 399.201616
69 78 77 0.903509 0.004269 0.092222 330.327869 392.642025
69 78 77 0.166957 0.444739 0.388304 318.780611 417.355259
69 78 77 0.483302 0.224814 0.291884 323.389944 407.199344
69 78 77 0.075809 0.014758 0.909433 298.884697 425.846739
69 78 77 0.066648 0.090487 0.842865 296.425205 426.502482
69 78 77 0.537786 0.010296 0.451918 314.298083 404.608842
69 78 77 0.874588 0.011321 0.114091 328.768521 389.781661
69 78 77 0.251876 0.200934 0.547190 311.901158 416.506764
69 70 78 0.542089 0.035625 0.422286 333.978691 399.464464
69 70 78 0.099643 0.259579 0.640778 347.147427 412.333552
69 70 78 0.719041 0.019380 0.261579 337.561800 395.929465
69 70 78 0.710302 0.168840 0.120857 341.908989 397.763755
69 70 78 0.722295 0.248795 0.028909 341.637892 393.406740
69 70 78 0.484232 0.313912 0.201856 349.030344 393.746835
69 70 78 0.543271 0.309863 0.146866 346.980921 394.226594
69 70 78 0.091499 0.125304 0.783197 340.809106 412.806589
69 70 78 0.199843 0.000224 0.799934 338.363405 419.387900
69 70 78 0.600114 0.264346 0.135540 347.625513 393.026696
70 79 78 0.752158 0.134228 0.113614 370.355512 394.096882
70 79 78 0.402894 0.021151 0.575955 355.199155 408.838080
70 79 78 0.677669 0.135248 0.187083 375.220744 399.948362
70 79 78 0.849705 0.056959 0.093336 373.278497 391.100432
70 79 78 0.144708 0.579954 0.275338 361.729685 414.628633
70 79 78 0.120733 0.000122 0.879144 339.214367 419.321176
70 79 78 0.388458 0.224029 0.387513 360.349858 410.196539
70 79 78 0.760845 0.086917 0.152238 370.654805 392.978371
70 79 78 0.105460 0.561445 0.333095 364.334729 414.216483
70 79 78 0.911018 0.053811 0.035171 374.606975 389.023779
70 71 79 0.239221 0.730366 0.030413 407.114379 381.567401
70 71 79 0.622031 0.361199 0.016770 395.454819 383.206714
70 71 79 0.343898 0.556261 0.099841 402.896726 391.011852
70 71 79 0.411026 0.444786 0.144187 395.327308 385.991196
70 71 79 0.197516 0.765569 0.036915 415.236696 385.563369
70 71 79 0.909438 0.017928 0.072635 379.711189 388.660442
70 71 79 0.721378 0.017023 0.261599 375.366083 394.011390
70 71 79 0.598403 0.345665 0.055933 394.526500 386.080200
70 71 79 0.720093 0.244944 0.034964 386.612662 390.710965
70 71 79 0.408077 0.288552 0.303371 392.589101 394.379421
71 80 79 0.850532 0.085110 0.064358 414.334495 383.851407
71 80 79 0.852510 0.013936 0.133554 413.022242 391.978582
71 80 79 0.804525 0.023154 0.172321 412.981224 388.464163
71 80 79 0.866058 0.040385 0.093557 416.036752 386.324480
71 80 79 0.611817 0.233735 0.154448 414.007392 393.836148
71 80 79 0.914060 0.078770 0.007170 418.033205 388.789877
71 80 79 0.082473 0.413187 0.504340 396.021273 416.052355
71 80 79 0.915014 0.064579 0.020407 420.482452 382.511677
71 80 79 0.153198 0.164300 0.682502 387.540777 414.093220
71 80 79 0.810807 0.129621 0.059572 419.071769 389.432793
