0 1 9 0.788163 0.090478 0.121359 92.890972 139.503335
0 1 9 0.011537 0.741419 0.247044 118.395306 145.336819
0 1 9 0.863628 0.093876 0.042496 95.750350 139.135144
0 1 9 0.135901 0.699724 0.164375 118.392315 143.066593
0 1 9 0.547345 0.079126 0.373529 90.954943 147.689531
0 1 9 0.333738 0.262814 0.403447 96.192307 151.553226
0 1 9 0.752952 0.208787 0.038261 98.093144 137.230294
0 1 9 0.178651 0.083017 0.738332 90.763733 158.809156
0 1 9 0.214993 0.074998 0.710009 94.608771 157.213037
0 1 9 0.282873 0.380847 0.336280 103.229760 145.058264
1 10 9 0.882499 0.005659 0.111842 125.694246 142.345695
1 10 9 0.232333 0.061904 0.705763 96.038594 158.965173
1 10 9 0.021620 0.096539 0.881841 89.262930 164.685546
1 10 9 0.379050 0.439156 0.181794 121.438481 152.824974
1 10 9 0.740941 0.019895 0.239164 120.715945 143.650331
1 10 9 0.812775 0.006254 0.180971 122.290625 140.649249
1 10 9 0.554977 0.330247 0.114776 125.317677 146.202626
1 10 9 0.326235 0.667232 0.006532 124.356313 154.034226
1 10 9 0.612236 0.195886 0.191878 121.391545 148.325839
1 10 9 0.839592 0.103544 0.056864 128.248778 138.835205
1 2 10 0.203295 0.772257 0.024447 160.156813 140.442173
1 2 10 0.410985 0.310759 0.278257 136.740488 141.562449
1 2 10 0.683036 0.121466 0.195498 133.239612 144.074962
1 2 10 0.597109 0.000203 0.402688 125.545125 148.564710
1 2 10 0.990325 0.006752 0.002923 130.157370 140.672846
1 2 10 0.748984 0.239031 0.011985 140.826040 136.071676
1 2 10 0.018247 0.564182 0.417572 148.370160 149.554426
1 2 10 0.546226 0.101044 0.352729 130.720515 149.263229
1 2 10 0.516736 0.301617 0.181647 139.754291 139.106307
1 2 10 0.888101 0.023678 0.088221 125.420638 137.966862
2 11 10 0.706390 0.042632 0.250978 153.588022 143.254684
2 11 10 0.211837 0.747443 0.040720 161.688092 156.804613
2 11 10 0.322906 0.507158 0.169936 156.947959 154.565747
2 11 10 0.280726 0.388535 0.330739 150.496641 152.859451
2 11 10 0.528957 0.120713 0.350330 151.689354 152.988749
2 11 10 0.917303 0.054559 0.028138 166.588539 140.049933
2 11 10 0.458833 0.268440 0.272727 152.816778 150.383280
2 11 10 0.243762 0.655316 0.100922 159.170221 152.885026
2 11 10 0.593530 0.308278 0.098192 160.879206 148.154795
2 11 10 0.712684 0.153545 0.133771 161.828617 143.659059
2 3 11 0.903541 0.039528 0.056932 167.820014 141.377102
2 3 11 0.993354 0.000256 0.006390 168.028835 134.744070
2 3 11 0.649978 0.275493 0.074530 178.600739 137.365703
2 3 11 0.008978 0.673870 0.317152 193.918027 145.262693
2 3 11 0.356414 0.378398 0.265188 181.732142 143.825314
2 3 11 0.337613 0.550013 0.112374 188.127532 141.541833
2 3 11 0.114926 0.570741 0.314333 188.433815 146.786930
2 3 11 0.582637 0.140152 0.277211 172.664797 141.292466
2 3 11 0.327089 0.658771 0.014140 194.483241 137.581560
2 3 11 0.408212 0.486105 0.105683 182.585705 136.945877
3 12 11 0.050098 0.862684 0.087218 197.845638 164.155994
3 12 11 0.380157 0.030712 0.589131 180.812007 152.283085
3 12 11 0.096847 0.624506 0.278647 192.476938 159.685818
3 12 11 0.584244 0.292288 0.123468 199.356683 146.128857
3 12 11 0.623188 0.054155 0.322657 189.925949 147.751334
3 12 11 0.439246 0.363628 0.197126 196.814406 152.466045
3 12 11 0.342557 0.317328 0.340115 189.862354 156.966402
3 12 11 0.261691 0.487578 0.250731 191.053453 155.241399
3 12 11 0.481563 0.516268 0.002168 204.912275 147.720863
3 12 11 0.046385 0.797082 0.156533 195.397713 162.203981
3 4 12 0.102071 0.676483 0.221446 230.268323 140.956248
3 4 12 0.837726 0.155830 0.006444 208.954368 139.332481
3 4 12 0.441075 0.029736 0.529189 205.095381 150.511439
3 4 12 0.542773 0.180253 0.276975 212.807926 142.621781
3 4 12 0.820282 0.046707 0.133011 205.596149 140.238262
3 4 12 0.014815 0.436351 0.548834 219.297783 152.873556
3 4 12 0.138072 0.625188 0.236740 230.164190 144.428091
3 4 12 0.335305 0.460206 0.204488 219.912016 143.566404
3 4 12 0.211081 0.509189 0.279730 225.783575 143.059874
3 4 12 0.031629 0.171514 0.796856 208.147758 158.458450
4 13 12 0.461776 0.385268 0.152956 234.685130 153.013965
4 13 12 0.271776 0.122014 0.606210 222.514095 152.233773
4 13 12 0.337448 0.564691 0.097861 239.638033 155.319124
4 13 12 0.923156 0.033472 0.043372 239.425979 140.365894
4 13 12 0.557420 0.272454 0.170126 236.899764 154.342925
4 13 12 0.816889 0.141273 0.041838 241.584708 140.220337
4 13 12 0.384403 0.010936 0.604661 220.327657 150.773233
4 13 12 0.523735 0.166050 0.310215 228.373742 148.651760
4 13 12 0.165207 0.455673 0.379120 232.141563 156.527370
4 13 12 0.151656 0.149098 0.699246 215.991593 160.506459
4 5 13 0.974268 0.022527 0.003205 241.825811 137.881798
4 5 13 0.047571 0.566075 0.386353 269.377096 148.719973
4 5 13 0.646195 0.306701 0.047104 255.597826 139.449970
4 5 13 0.879700 0.002503 0.117797 241.575023 141.053152
4 5 13 0.490540 0.229423 0.280036 254.079873 149.397246
4 5 13 0.010736 0.932771 0.056493 281.321887 140.362218
4 5 13 0.109938 0.482209 0.407853 261.062439 152.577064
4 5 13 0.633265 0.020107 0.346628 245.325348 147.645092
4 5 13 0.664605 0.143639 0.191756 251.764250 143.780058
4 5 13 0.555495 0.409366 0.035140 261.480530 140.540238
5 14 13 0.208251 0.306985 0.484764 265.813588 159.694671
5 14 13 0.581610 0.266473 0.151917 275.339612 150.097550
5 14 13 0.384228 0.317535 0.298237 274.637518 152.125722
5 14 13 0.433386 0.132317 0.434296 266.945398 153.282832
5 14 13 0.387973 0.266452 0.345575 271.480389 150.862275
5 14 13 0.312862 0.125026 0.562112 258.624755 156.908197
5 14 13 0.279655 0.594180 0.126166 279.849639 156.534473
5 14 13 0.817720 0.072535 0.109745 275.716806 142.882170
5 14 13 0.114190 0.848408 0.037401 283.047855 160.872676
5 14 13 0.750309 0.029043 0.220648 274.631916 143.422016
5 6 14 0.478337 0.515110 0.006554 305.287796 135.445457
5 6 14 0.133333 0.338405 0.528262 299.538912 151.472983
5 6 14 0.722923 0.257753 0.019324 295.780084 137.651677
5 6 14 0.837084 0.017749 0.145167 284.961118 138.999859
5 6 14 0.714617 0.004344 0.281039 283.949996 144.050627
5 6 14 0.023051 0.556457 0.420492 309.562003 148.579706
5 6 14 0.924968 0.034225 0.040807 284.543542 137.214451
5 6 14 0.003089 0.031423 0.965488 286.828220 160.784555
5 6 14 0.328711 0.261439 0.409850 294.882646 146.244893
5 6 14 0.617426 0.334836 0.047738 297.805613 135.804019
6 15 14 0.397618 0.201680 0.400701 309.669197 150.038877
6 15 14 0.673190 0.282869 0.043941 322.174004 149.286831
6 15 14 0.112447 0.730205 0.157348 322.084291 160.482137
6 15 14 0.910054 0.051427 0.038519 321.227113 141.771466
6 15 14 0.946147 0.004768 0.049085 320.885986 136.989116
6 15 14 0.279276 0.690573 0.030151 326.322916 156.007766
6 15 14 0.543670 0.119167 0.337163 310.196175 155.248248
6 15 14 0.588943 0.228798 0.182259 320.482448 148.837890
6 15 14 0.036057 0.621233 0.342710 314.236033 162.599885
6 15 14 0.246958 0.520691 0.232351 314.149953 159.233658
6 7 15 0.309126 0.081245 0.609629 325.348265 151.616173
6 7 15 0.336288 0.427299 0.236414 340.791644 144.433943
6 7 15 0.395660 0.394336 0.210004 339.810458 146.951041
6 7 15 0.758759 0.121885 0.119356 324.901067 141.480766
6 7 15 0.721026 0.001820 0.277154 326.117442 143.536074
6 7 15 0.857327 0.086057 0.056617 324.792638 140.706405
6 7 15 0.704677 0.040753 0.254569 332.176416 149.494835
6 7 15 0.635559 0.283814 0.080627 333.207489 141.719276
6 7 15 0.138371 0.295303 0.566326 336.605217 150.269406
6 7 15 0.841417 0.099043 0.059541 327.035656 144.604515
7 16 15 0.216026 0.232007 0.551966 346.286764 157.298882
7 16 15 0.502333 0.250306 0.247362 351.853284 148.800998
7 16 15 0.997860 0.000068 0.002072 361.486995 143.282887
7 16 15 0.722722 0.070344 0.206934 356.537038 145.232870
7 16 15 0.124946 0.744367 0.130687 366.474653 157.231071
7 16 15 0.168806 0.669379 0.161815 360.907328 162.454295
7 16 15 0.629122 0.300425 0.070453 361.359078 150.421495
7 16 15 0.153196 0.078437 0.768367 339.296490 162.193795
7 16 15 0.870020 0.042936 0.087044 358.919411 142.044566
7 16 15 0.063113 0.710175 0.226711 360.105161 162.041605
7 8 16 0.660880 0.025955 0.313165 363.705396 148.030279
7 8 16 0.406618 0.279407 0.313975 379.773242 146.555915
7 8 16 0.239935 0.500243 0.259822 379.753352 144.986263
7 8 16 0.341705 0.583268 0.075028 386.072682 143.686750
7 8 16 0.599083 0.371606 0.029311 383.370717 139.310101
7 8 16 0.432360 0.413274 0.154366 380.136268 145.103334
7 8 16 0.814978 0.030968 0.154053 366.816241 143.628803
7 8 16 0.010965 0.395990 0.593045 382.784408 155.279208
7 8 16 0.314234 0.528480 0.157286 386.418133 145.326861
7 8 16 0.718838 0.117213 0.163949 368.946045 143.900780
8 17 16 0.576614 0.163155 0.260231 397.133558 154.025689
8 17 16 0.400919 0.383527 0.215555 401.242394 156.746906
8 17 16 0.432633 0.055146 0.512221 386.708397 156.760847
8 17 16 0.252079 0.220881 0.527040 388.279236 159.939736
8 17 16 0.477950 0.068417 0.453633 387.479871 154.937005
8 17 16 0.289643 0.058347 0.652009 382.970218 154.354340
8 17 16 0.775365 0.016874 0.207761 392.548997 141.590692
8 17 16 0.286200 0.271943 0.441857 390.256871 159.978967
8 17 16 0.513058 0.424270 0.062672 401.980518 153.771453
8 17 16 0.372970 0.556505 0.070525 402.698545 157.644706
9 10 18 0.227940 0.128052 0.644008 84.558120 187.186658
9 10 18 0.079110 0.716042 0.204848 107.331254 172.299879
9 10 18 0.356875 0.217399 0.425727 86.905624 180.688578
9 10 18 0.053782 0.249512 0.696706 86.312241 192.886003
9 10 18 0.225142 0.519904 0.254954 100.539066 172.847756
9 10 18 0.901454 0.041325 0.057221 82.609784 164.838416
9 10 18 0.028637 0.906094 0.065270 118.380832 165.926112
9 10 18 0.626950 0.136100 0.236950 86.285202 175.312600
9 10 18 0.037948 0.703191 0.258861 108.182957 170.270597
9 10 18 0.947465 0.016842 0.035693 84.757054 165.750821
10 19 18 0.046789 0.098211 0.854999 84.602527 199.650213
10 19 18 0.360978 0.440999 0.198023 110.033167 187.036190
10 19 18 0.338591 0.626288 0.035121 114.610342 189.391506
10 19 18 0.988334 0.003905 0.007761 124.606800 164.423283
10 19 18 0.647499 0.228480 0.124021 114.474847 179.348610
10 19 18 0.239368 0.167782 0.592851 97.735175 194.072835
10 19 18 0.510470 0.037351 0.452178 100.577333 183.251995
10 19 18 0.798310 0.200878 0.000812 118.365176 174.596394
10 19 18 0.952673 0.039530 0.007796 118.555814 166.723096
10 19 18 0.683650 0.143956 0.172394 115.325668 175.515604
10 11 19 0.636353 0.059771 0.303876 119.525925 174.544452
10 11 19 0.730224 0.042076 0.227701 124.865421 175.181921
10 11 19 0.676531 0.042844 0.280625 121.183294 173.704863
10 11 19 0.945806 0.045124 0.009069 126.284411 164.923596
10 11 19 0.820083 0.071535 0.108382 125.288634 171.172254
10 11 19 0.711393 0.001975 0.286632 123.320802 174.876106
10 11 19 0.467318 0.105320 0.427361 127.241139 180.249335
10 11 19 0.466281 0.162598 0.371120 125.254629 176.988927
10 11 19 0.002517 0.641090 0.356394 143.844854 175.532265
10 11 19 0.468852 0.424637 0.106511 140.496251 169.740089
11 20 19 0.755705 0.236407 0.007888 156.936924 170.016013
11 20 19 0.451295 0.161963 0.386742 142.842100 187.725010
11 20 19 0.384469 0.439046 0.176486 150.577007 187.137922
11 20 19 0.129938 0.396612 0.473450 137.225552 194.395870
11 20 19 0.901103 0.022994 0.075903 155.780323 169.845445
11 20 19 0.144814 0.592868 0.262317 147.426232 199.816170
11 20 19 0.254381 0.021381 0.724238 126.572994 189.061049
11 20 19 0.863983 0.068328 0.067690 158.562866 167.642630
11 20 19 0.643615 0.286494 0.069891 157.584694 180.130092
11 20 19 0.171630 0.127460 0.700910 127.139114 196.169979
11 12 20 0.507568 0.247087 0.245345 172.645010 173.526740
11 12 20 0.622971 0.206432 0.170597 170.488721 168.306694
11 12 20 0.360050 0.605422 0.034529 184.433307 164.856184
11 12 20 0.033122 0.073216 0.893662 161.819931 197.747404
11 12 20 0.250095 0.212360 0.537545 166.466293 182.878671
11 12 20 0.772191 0.200192 0.027617 169.007623 164.597697
11 12 20 0.038776 0.570489 0.390735 183.794340 177.882393
11 12 20 0.271591 0.176569 0.551840 167.155946 184.897489
11 12 20 0.155883 0.384278 0.459840 174.891780 183.170892
11 12 20 0.121401 0.715155 0.163444 191.844354 167.753528
12 21 20 0.481619 0.218370 0.300011 188.935799 182.817678
12 21 20 0.346674 0.345551 0.307775 191.218347 187.530638
12 21 20 0.292236 0.319197 0.388568 181.119571 190.909018
12 21 20 0.248327 0.424001 0.327672 185.291504 193.168867
12 21 20 0.277343 0.585983 0.136674 193.712341 190.613995
12 21 20 0.069405 0.458120 0.472476 181.596436 199.268483
12 21 20 0.844466 0.065885 0.089649 200.995062 170.705839
12 21 20 0.235194 0.171724 0.593082 175.551112 194.630692
12 21 20 0.104567 0.423469 0.471964 180.439654 203.988604
12 21 20 0.950801 0.019573 0.029626 203.678149 165.745565
12 13 21 0.715256 0.040305 0.244439 202.939689 175.559419
12 13 21 0.542347 0.112450 0.345203 207.142281 176.020333
12 13 21 0.139364 0.400346 0.460291 217.821359 184.922755
12 13 21 0.457154 0.474371 0.068475 221.665158 168.143565
12 13 21 0.568226 0.089386 0.342388 203.924900 177.895746
12 13 21 0.888186 0.005216 0.106598 204.827453 166.857382
12 13 21 0.299317 0.524276 0.176408 219.609260 171.750662
12 13 21 0.256956 0.386511 0.356533 216.578323 176.260884
12 13 21 0.980683 0.008985 0.010332 206.563712 163.130494
12 13 21 0.010126 0.032512 0.957362 201.230389 201.615825
13 22 21 0.174653 0.025193 0.800154 203.420514 194.981628
13 22 21 0.911801 0.057480 0.030719 241.138448 168.371318
13 22 21 0.549703 0.112865 0.337433 224.893207 182.402360
13 22 21 0.905476 0.006806 0.087718 243.342093 172.409760
13 22 21 0.446981 0.268720 0.284299 231.700104 182.276059
13 22 21 0.785896 0.204304 0.009800 241.626941 172.454147
13 22 21 0.812718 0.167027 0.020255 242.556267 171.450244
13 22 21 0.868083 0.062903 0.069014 239.223487 168.620499
13 22 21 0.518201 0.130858 0.350941 227.954287 181.405233
13 22 21 0.587461 0.356132 0.056407 240.450458 180.564342
13 14 22 0.488277 0.442880 0.068842 262.848024 166.998308
13 14 22 0.832558 0.028852 0.138590 241.667916 170.118480
13 14 22 0.699360 0.230181 0.070459 253.263796 166.071720
13 14 22 0.725222 0.045687 0.229091 243.598883 173.161353
13 14 22 0.865805 0.129238 0.004957 246.919356 165.291095
13 14 22 0.945476 0.040040 0.014484 242.675601 163.831942
13 14 22 0.051633 0.787959 0.160408 276.810041 166.695952
13 14 22 0.801993 0.151675 0.046332 251.723122 172.778154
13 14 22 0.394468 0.523183 0.082349 269.490678 169.101510
13 14 22 0.077358 0.396988 0.525654 257.897247 180.798309
14 23 22 0.119408 0.551801 0.328791 275.250475 196.611356
14 23 22 0.665999 0.168016 0.165985 278.223456 175.290060
14 23 22 0.816335 0.164188 0.019477 287.666107 172.192241
14 23 22 0.152025 0.421005 0.426970 266.136898 196.775137
14 23 22 0.250627 0.458388 0.290986 270.275638 192.119432
14 23 22 0.506865 0.447300 0.045834 281.106043 178.796183
14 23 22 0.533543 0.430049 0.036408 286.153311 183.142397
14 23 22 0.301963 0.124683 0.573354 257.990841 190.491289
14 23 22 0.590155 0.368490 0.041355 283.452795 179.221949
14 23 22 0.383125 0.270185 0.346691 269.771851 184.942123
14 15 23 0.752938 0.060936 0.186125 296.527750 170.563822
14 15 23 0.248699 0.585884 0.165416 309.302159 173.386461
14 15 23 0.747507 0.170023 0.082471 294.004277 170.351820
14 15 23 0.087505 0.105759 0.806736 293.151985 195.842824
14 15 23 0.013139 0.292179 0.694681 301.599343 191.237585
14 15 23 0.434328 0.520877 0.044795 308.079841 165.701592
14 15 23 0.645918 0.189935 0.164147 299.627028 173.418303
14 15 23 0.581729 0.029564 0.388707 288.764324 175.000984
14 15 23 0.954880 0.029961 0.015160 288.598646 164.436174
14 15 23 0.457808 0.272034 0.270158 299.076854 173.172971
15 24 23 0.116171 0.686529 0.197300 321.543826 198.065523
15 24 23 0.351655 0.633241 0.015103 328.590339 189.388151
15 24 23 0.965054 0.025140 0.009806 327.716038 164.346264
15 24 23 0.381747 0.223112 0.395141 313.115994 187.438420
15 24 23 0.987775 0.007382 0.004843 326.820062 164.444690
15 24 23 0.550973 0.385241 0.063786 324.140367 183.442062
15 24 23 0.466303 0.311006 0.222691 318.479518 184.621289
15 24 23 0.245549 0.384961 0.369490 310.864460 193.257842
15 24 23 0.707704 0.027389 0.264907 316.675717 178.400623
15 24 23 0.734512 0.181081 0.084407 322.060447 173.835661
15 16 24 0.922869 0.072463 0.004668 331.653225 166.902880
15 16 24 0.734836 0.049301 0.215863 329.265917 172.221814
15 16 24 0.473652 0.250313 0.276035 340.306826 178.329962
15 16 24 0.500885 0.249882 0.249233 334.538449 173.820753
15 16 24 0.842644 0.097913 0.059443 327.803925 165.257496
15 16 24 0.731663 0.146548 0.121789 340.385703 173.436122
15 16 24 0.007890 0.367808 0.624302 343.355816 184.287287
15 16 24 0.439376 0.366951 0.193673 343.382184 172.598046
15 16 24 0.875552 0.096242 0.028206 330.263521 167.329421
15 16 24 0.588969 0.298574 0.112456 339.075517 172.405070
16 25 24 0.008925 0.846675 0.144399 367.966598 204.071586
16 25 24 0.759433 0.079900 0.160667 360.092608 176.732116
16 25 24 0.522976 0.434713 0.042311 372.093023 178.137827
16 25 24 0.321969 0.035264 0.642766 344.621848 194.718500
16 25 24 0.825849 0.142709 0.031442 371.544667 173.440761
16 25 24 0.586948 0.032994 0.380058 352.394539 179.818398
16 25 24 0.807019 0.157651 0.035331 366.468483 172.573746
16 25 24 0.015289 0.841973 0.142738 365.611556 199.266504
16 25 24 0.145836 0.026662 0.827502 338.416611 196.247160
16 25 24 0.969340 0.000608 0.030052 371.443792 168.582797
16 17 25 0.161260 0.805906 0.032834 403.140301 165.460477
16 17 25 0.847564 0.044759 0.107677 369.304339 169.348760
16 17 25 0.098979 0.167289 0.733732 376.837600 188.887209
16 17 25 0.297903 0.592209 0.109888 394.189285 166.145936
16 17 25 0.700235 0.042389 0.257376 371.535947 173.650195
16 17 25 0.057055 0.112565 0.830380 374.821668 195.226057
16 17 25 0.287383 0.076928 0.635689 375.043567 188.710741
16 17 25 0.943472 0.039933 0.016594 370.657493 167.072083
16 17 25 0.402871 0.419812 0.177318 389.295447 167.138843
16 17 25 0.386390 0.063829 0.549782 371.172207 181.232823
17 26 25 0.999765 0.000043 0.000193 411.082196 167.539542
17 26 25 0.301184 0.697078 0.001738 417.765077 191.434700
17 26 25 0.274598 0.613677 0.111725 407.776820 191.660333
17 26 25 0.986025 0.004594 0.009381 410.138200 165.984582
17 26 25 0.760152 0.187768 0.052080 410.219761 169.982614
17 26 25 0.901173 0.001259 0.097568 403.083542 168.422361
17 26 25 0.579720 0.243819 0.176461 404.462481 184.490116
17 26 25 0.835475 0.077094 0.087431 409.640200 172.883035
17 26 25 0.468822 0.366427 0.164751 404.569724 187.066078
17 26 25 0.924477 0.057512 0.018011 407.965450 166.856349
18 19 27 0.655551 0.305325 0.039124 90.127328 203.584570
18 19 27 0.202553 0.555962 0.241486 100.538419 213.013738
18 19 27 0.013694 0.299709 0.686596 88.661564 235.092848
18 19 27 0.337396 0.529605 0.132999 98.383048 207.075249
18 19 27 0.070549 0.131614 0.797837 86.116834 237.696231
18 19 27 0.668744 0.232584 0.098672 88.109908 205.285280
18 19 27 0.043542 0.648397 0.308061 103.361014 216.187432
18 19 27 0.891737 0.010830 0.097433 75.760737 209.876898
18 19 27 0.309006 0.321746 0.369247 89.575286 215.865998
18 19 27 0.278720 0.696776 0.024504 100.972521 202.228649
19 28 27 0.363450 0.420778 0.215773 108.370277 230.115625
19 28 27 0.943161 0.026890 0.029949 110.721270 206.415713
19 28 27 0.725171 0.245340 0.029489 113.772883 216.747535
19 28 27 0.780561 0.058008 0.161431 111.332630 212.682434
19 28 27 0.655485 0.047174 0.297341 100.580807 215.190684
19 28 27 0.915409 0.070571 0.014020 113.672504 206.525959
19 28 27 0.105898 0.316578 0.577524 98.918374 243.827086
19 28 27 0.245851 0.117982 0.636167 94.079345 231.982904
19 28 27 0.261920 0.503098 0.234983 108.090691 233.652093
19 28 27 0.241801 0.303400 0.454800 98.424474 234.682300
19 20 28 0.784473 0.099092 0.116434 118.791799 207.471488
19 20 28 0.515228 0.465147 0.019625 134.395938 206.365111
19 20 28 0.785734 0.116367 0.097899 115.565560 209.339466
19 20 28 0.221025 0.414360 0.364615 136.481456 217.616572
19 20 28 0.520452 0.204475 0.275073 124.024340 212.640117
19 20 28 0.513386 0.389536 0.097078 133.343272 206.244227
19 20 28 0.097797 0.801952 0.100251 150.290171 209.590261
19 20 28 0.230801 0.437278 0.331920 135.441301 217.597400
19 20 28 0.739193 0.040999 0.219809 116.522204 210.543282
19 20 28 0.167052 0.771768 0.061180 143.308913 208.569415
20 29 28 0.391883 0.132373 0.475744 138.853023 230.697088
20 29 28 0.689646 0.269777 0.040578 153.701938 219.244308
20 29 28 0.175712 0.373279 0.451009 138.446834 242.343030
20 29 28 0.688094 0.223419 0.088487 150.543350 215.954239
20 29 28 0.131778 0.788231 0.079991 154.230076 243.661731
20 29 28 0.780387 0.003678 0.215935 148.073530 215.112955
20 29 28 0.920163 0.044988 0.034849 158.286014 209.736712
20 29 28 0.659844 0.187666 0.152489 149.596659 217.612863
20 29 28 0.736975 0.088474 0.174551 148.972740 217.173291
20 29 28 0.794761 0.109523 0.095715 153.726733 212.294500
20 21 29 0.842583 0.046334 0.111083 162.440062 207.831434
20 21 29 0.768613 0.147165 0.084222 165.586571 209.325814
20 21 29 0.277297 0.617332 0.105371 182.001538 205.664290
20 21 29 0.146399 0.730657 0.122944 184.845886 206.938328
20 21 29 0.584226 0.299199 0.116576 170.847860 208.831290
20 21 29 0.429618 0.418541 0.151841 174.087602 211.760105
20 21 29 0.210658 0.642674 0.146668 183.869630 208.356131
20 21 29 0.043218 0.289358 0.667425 170.021389 232.594015
20 21 29 0.791613 0.019205 0.189182 157.412631 213.552650
20 21 29 0.218317 0.041826 0.739858 157.260564 236.065358
21 30 29 0.507807 0.335656 0.156536 192.053173 223.224127
21 30 29 0.329853 0.541350 0.128796 194.912054 233.868402
21 30 29 0.854503 0.079249 0.066248 195.677539 208.563803
21 30 29 0.257224 0.428012 0.314764 185.509279 236.129672
21 30 29 0.476683 0.085408 0.437909 179.141188 226.567961
21 30 29 0.960111 0.028878 0.011011 194.027992 207.169032
21 30 29 0.033934 0.824031 0.142035 191.912631 247.048640
21 30 29 0.967752 0.017729 0.014519 192.918895 202.959648
21 30 29 0.021136 0.767932 0.210932 190.360199 246.118785
21 30 29 0.560179 0.311418 0.128403 190.796136 222.325161
21 22 30 0.529414 0.061310 0.409276 199.493829 220.024400
21 22 30 0.397120 0.528640 0.074240 221.833995 208.734370
21 22 30 0.818704 0.053939 0.127357 204.073414 204.509313
21 22 30 0.968770 0.003702 0.027527 194.638065 202.916522
21 22 30 0.372207 0.078320 0.549473 199.759386 227.668676
21 22 30 0.130832 0.584888 0.284280 223.497531 213.489572
21 22 30 0.960236 0.030566 0.009198 196.648252 204.280181
21 22 30 0.894907 0.059200 0.045892 199.590828 204.177288
21 22 30 0.507519 0.288275 0.204206 211.543602 212.864025
21 22 30 0.071315 0.021755 0.906930 202.791580 240.451240
22 31 30 0.900617 0.028394 0.070989 238.379726 203.883650
22 31 30 0.320351 0.480258 0.199392 233.330512 230.812992
22 31 30 0.201000 0.676649 0.122351 234.884848 236.457081
22 31 30 0.507350 0.064086 0.428564 221.317390 224.776572
22 31 30 0.768220 0.050397 0.181382 234.521818 210.913879
22 31 30 0.098851 0.044355 0.856794 204.011372 241.321966
22 31 30 0.345798 0.259402 0.394800 221.626308 229.645801
22 31 30 0.222491 0.416270 0.361239 223.753484 235.426155
22 31 30 0.063815 0.908822 0.027363 241.383897 244.136896
22 31 30 0.925103 0.025835 0.049062 240.847093 204.771401
22 23 31 0.774815 0.201661 0.023524 249.821581 203.035984
22 23 31 0.487850 0.141782 0.370368 248.404808 218.276181
22 23 31 0.846864 0.044801 0.108334 243.103716 203.611044
22 23 31 0.239642 0.402530 0.357828 261.566539 218.327041
22 23 31 0.972574 0.018637 0.008788 241.438677 200.861957
22 23 31 0.022852 0.260388 0.716760 253.767405 240.427009
22 23 31 0.805244 0.181328 0.013428 247.880577 205.225771
22 23 31 0.138695 0.785895 0.075410 275.437730 206.006765
22 23 31 0.960186 0.007368 0.032446 242.409389 204.600503
22 23 31 0.068682 0.268279 0.663039 253.047071 229.963006
23 32 31 0.344969 0.277631 0.377399 266.560683 233.630186
23 32 31 0.398601 0.100043 0.501356 265.819113 226.588204
23 32 31 0.781287 0.112869 0.105844 280.236833 213.768371
23 32 31 0.829920 0.162649 0.007431 283.886562 211.394127
23 32 31 0.865229 0.107702 0.027069 284.437159 209.390394
23 32 31 0.777260 0.084633 0.138106 275.916200 215.322796
23 32 31 0.038886 0.230701 0.730413 255.940707 241.402744
23 32 31 0.519127 0.141055 0.339818 268.866851 224.013713
23 32 31 0.328314 0.496557 0.175129 275.987062 232.007356
23 32 31 0.329171 0.116776 0.554053 262.723950 228.842828
23 24 32 0.096500 0.568477 0.335023 308.449396 219.432060
23 24 32 0.095662 0.455833 0.448505 307.585038 222.159699
23 24 32 0.839520 0.037959 0.122521 289.258534 209.960283
23 24 32 0.238364 0.024116 0.737519 283.074121 232.535601
23 24 32 0.966399 0.017982 0.015619 289.779100 200.604908
23 24 32 0.238207 0.121586 0.640207 291.699774 229.730725
23 24 32 0.225063 0.586503 0.188434 308.011837 208.006285
23 24 32 0.176096 0.777271 0.046633 318.513030 204.447336
23 24 32 0.810679 0.059602 0.129719 289.892085 208.078897
23 24 32 0.618738 0.005157 0.376105 287.378590 218.563238
24 33 32 0.771553 0.199823 0.028624 327.834411 214.519001
24 33 32 0.807130 0.190713 0.002156 322.183583 206.953111
24 33 32 0.343340 0.227156 0.429504 307.456954 228.006470
24 33 32 0.003808 0.907851 0.088340 321.773411 240.727609
24 33 32 0.449853 0.215518 0.334629 315.696447 226.633731
24 33 32 0.572086 0.078753 0.349161 312.375741 220.999113
24 33 32 0.517104 0.432709 0.050188 318.811457 220.724212
24 33 32 0.912012 0.058600 0.029388 328.861104 206.416808
24 33 32 0.772735 0.055623 0.171642 320.199725 211.672243
24 33 32 0.953823 0.026359 0.019819 324.865472 202.923138
24 25 33 0.268632 0.155585 0.575783 338.293968 225.824084
24 25 33 0.972596 0.011049 0.016355 329.957118 200.007445
24 25 33 0.195847 0.125300 0.678853 335.367093 232.179488
24 25 33 0.604837 0.089155 0.306009 332.541546 209.040878
24 25 33 0.597073 0.178363 0.224564 335.784965 212.227516
24 25 33 0.819045 0.051770 0.129185 330.973028 206.315182
24 25 33 0.962446 0.006529 0.031025 331.398769 198.029495
24 25 33 0.070555 0.630917 0.298529 355.260115 214.866972
24 25 33 0.730899 0.102555 0.166546 332.654939 208.996078
24 25 33 0.689990 0.221955 0.088054 337.049564 204.957365
25 34 33 0.599663 0.319367 0.080970 367.179781 222.853131
25 34 33 0.067728 0.872255 0.060017 373.476811 240.610914
25 34 33 0.564597 0.201683 0.233720 360.584241 218.720475
25 34 33 0.481082 0.433529 0.085388 369.420873 226.478327
25 34 33 0.891700 0.053347 0.054953 370.536160 207.343397
25 34 33 0.374500 0.232664 0.392837 353.321859 228.751567
25 34 33 0.560430 0.237897 0.201673 363.527443 215.026408
25 34 33 0.831261 0.143771 0.024968 370.538460 206.986305
25 34 33 0.338577 0.173404 0.488019 351.263270 229.647137
25 34 33 0.999190 0.000733 0.000076 371.563160 200.200405
25 26 34 0.995494 0.001191 0.003315 372.230612 202.154884
25 26 34 0.438100 0.235108 0.326793 383.557483 215.771862
25 26 34 0.884062 0.027413 0.088525 371.699740 205.000354
25 26 34 0.351544 0.413407 0.235049 390.183326 212.484908
25 26 34 0.530696 0.099261 0.370043 378.445683 217.528238
25 26 34 0.270609 0.403155 0.326236 390.046947 212.587532
25 26 34 0.349154 0.573488 0.077358 400.191129 204.398063
25 26 34 0.632670 0.227425 0.139905 385.214666 206.438406
25 26 34 0.212798 0.738822 0.048380 405.849036 206.392294
25 26 34 0.101254 0.055244 0.843502 377.418799 243.991825
26 35 34 0.087306 0.126295 0.786399 381.781367 238.841590
26 35 34 0.378207 0.248002 0.373791 401.419236 228.270323
26 35 34 0.856309 0.088189 0.055501 415.323311 208.037148
26 35 34 0.130788 0.613819 0.255392 409.488795 240.123611
26 35 34 0.730564 0.223230 0.046207 414.361765 211.515225
26 35 34 0.623948 0.369850 0.006202 417.733358 219.640227
26 35 34 0.507060 0.492664 0.000276 422.557309 220.657033
26 35 34 0.781959 0.115677 0.102365 416.428091 210.602816
26 35 34 0.805828 0.152281 0.041891 415.037974 208.828924
26 35 34 0.325576 0.353712 0.320712 406.007110 231.650597
27 28 36 0.008055 0.858242 0.133703 110.410050 249.498056
27 28 36 0.039553 0.254908 0.705538 93.153306 268.146749
27 28 36 0.776933 0.202314 0.020753 88.384457 247.605160
27 28 36 0.441779 0.271259 0.286962 94.267357 254.113266
27 28 36 0.987458 0.001918 0.010623 78.194541 246.173795
27 28 36 0.866669 0.075466 0.057865 83.148761 243.413047
27 28 36 0.091586 0.507022 0.401392 101.320019 263.073228
27 28 36 0.120999 0.264486 0.614514 96.341137 269.842189
27 28 36 0.417254 0.037989 0.544757 85.073594 262.496946
27 28 36 0.902873 0.084803 0.012325 79.065996 245.788201
28 37 36 0.802176 0.107073 0.090751 118.221073 254.210491
28 37 36 0.447341 0.328648 0.224012 112.906268 265.150403
28 37 36 0.695591 0.145950 0.158459 112.188973 256.601734
28 37 36 0.293527 0.331458 0.375015 110.921803 277.460435
28 37 36 0.398395 0.027253 0.574352 101.811292 268.358792
28 37 36 0.626305 0.218057 0.155638 109.364289 255.853396
28 37 36 0.985844 0.002527 0.011628 114.595129 246.633914
28 37 36 0.008090 0.338496 0.653414 97.804607 281.675748
28 37 36 0.367705 0.245204 0.387091 102.898824 270.277665
28 37 36 0.857139 0.067062 0.075799 114.793414 250.596032
28 29 37 0.887391 0.087100 0.025509 120.473210 248.795420
28 29 37 0.214506 0.269974 0.515521 129.282185 263.551135
28 29 37 0.556951 0.065326 0.377723 125.796772 258.187875
28 29 37 0.455486 0.484775 0.059740 136.909139 246.847176
28 29 37 0.968969 0.025506 0.005525 119.289576 244.411403
28 29 37 0.998371 0.001550 0.000078 118.514596 249.516509
28 29 37 0.371903 0.570545 0.057552 140.347762 247.163987
28 29 37 0.517760 0.418001 0.064238 135.382951 247.273830
28 29 37 0.876039 0.058280 0.065681 121.442889 249.516909
28 29 37 0.799162 0.135648 0.065190 123.522655 248.226000
29 38 37 0.758844 0.215026 0.026130 155.879856 254.828016
29 38 37 0.408833 0.197871 0.393296 144.571521 267.265977
29 38 37 0.070959 0.589031 0.340010 145.416811 283.969597
29 38 37 0.517069 0.018004 0.464927 139.703690 263.775877
29 38 37 0.521915 0.185678 0.292407 150.367962 266.811202
29 38 37 0.330704 0.445022 0.224274 150.269788 269.232288
29 38 37 0.880821 0.030589 0.088591 152.745715 249.775177
29 38 37 0.708495 0.223346 0.068160 153.529142 257.721431
29 38 37 0.152492 0.556944 0.290564 150.967081 274.052546
29 38 37 0.790586 0.149150 0.060264 159.851430 257.518174
29 30 38 0.172017 0.265266 0.562717 173.449126 270.020537
29 30 38 0.632827 0.024096 0.343077 157.383761 258.546437
29 30 38 0.060880 0.484807 0.454313 180.876591 266.367688
29 30 38 0.873126 0.069878 0.056996 157.531196 249.294543
29 30 38 0.447704 0.286771 0.265525 170.889896 257.400443
29 30 38 0.398195 0.226029 0.375776 164.941492 262.222290
29 30 38 0.338466 0.454745 0.206789 177.556026 255.291233
29 30 38 0.959514 0.015149 0.025336 156.697722 247.961795
29 30 38 0.548998 0.212977 0.238025 167.450063 255.083531
29 30 38 0.027810 0.462980 0.509210 176.820766 266.553230
30 39 38 0.702633 0.207278 0.090089 193.686221 257.389715
30 39 38 0.622597 0.152339 0.225064 188.559608 265.888424
30 39 38 0.445613 0.127635 0.426752 179.309802 268.284864
30 39 38 0.767135 0.024366 0.208499 188.318758 258.228784
30 39 38 0.447127 0.438590 0.114283 191.906866 271.153188
30 39 38 0.745601 0.065875 0.188525 188.908806 257.912655
30 39 38 0.221096 0.697631 0.081273 200.262271 277.140541
30 39 38 0.856783 0.115058 0.028159 195.705266 254.280358
30 39 38 0.579654 0.216620 0.203725 191.136663 263.872956
30 39 38 0.303766 0.610346 0.085887 201.864145 277.206305
30 31 39 0.276033 0.114803 0.609165 199.489883 267.656949
30 31 39 0.666450 0.209369 0.124182 209.609194 249.408161
30 31 39 0.539155 0.271465 0.189381 211.560739 255.835436
30 31 39 0.597483 0.041356 0.361162 203.094401 258.462110
30 31 39 0.118950 0.001618 0.879432 200.586199 280.833462
30 31 39 0.175359 0.193544 0.631097 211.722715 270.404128
30 31 39 0.212142 0.188136 0.599722 207.972784 270.571576
30 31 39 0.756525 0.085780 0.157695 205.588565 254.954978
30 31 39 0.173897 0.500596 0.325506 224.404830 260.674667
30 31 39 0.214311 0.666518 0.119171 227.013044 248.488825
31 40 39 0.189870 0.053147 0.756983 210.341655 283.867874
31 40 39 0.306810 0.290184 0.403006 224.115632 271.713728
31 40 39 0.453955 0.285631 0.260414 229.216412 269.883138
31 40 39 0.680450 0.208951 0.110599 236.735975 261.481739
31 40 39 0.057683 0.336672 0.605645 215.064504 282.027702
31 40 39 0.582217 0.004151 0.413632 224.222674 264.136021
31 40 39 0.457771 0.294103 0.248126 230.811785 268.080427
31 40 39 0.160703 0.140825 0.698472 211.255287 277.235436
31 40 39 0.284611 0.329129 0.386260 223.587746 276.198713
31 40 39 0.581968 0.336690 0.081342 234.018855 266.136454
31 32 40 0.577672 0.261964 0.160364 254.254804 250.292144
31 32 40 0.401094 0.504462 0.094443 259.762719 249.802841
31 32 40 0.371911 0.178142 0.449947 245.046239 263.724153
31 32 40 0.363261 0.039304 0.597434 239.019567 268.536636
31 32 40 0.331108 0.107955 0.560937 246.453400 271.513779
31 32 40 0.338865 0.197401 0.463734 246.973135 263.907868
31 32 40 0.167619 0.571936 0.260444 264.776220 260.340997
31 32 40 0.461383 0.527827 0.010790 265.302403 246.021316
31 32 40 0.622112 0.254170 0.123718 254.464458 251.696080
31 32 40 0.268522 0.729791 0.001687 270.995834 242.408205
32 41 40 0.953840 0.001415 0.044745 280.844539 244.894213
32 41 40 0.247637 0.078118 0.674245 252.879096 279.523738
32 41 40 0.835513 0.079868 0.084619 280.535399 249.931644
32 41 40 0.958594 0.025486 0.015920 280.333992 245.504814
32 41 40 0.076983 0.460026 0.462991 262.131553 284.290857
32 41 40 0.317458 0.261736 0.420806 267.535124 274.753364
32 41 40 0.449909 0.460196 0.089894 277.804147 268.935597
32 41 40 0.194326 0.675897 0.129777 277.573267 278.038296
32 41 40 0.452608 0.340749 0.206643 276.858312 266.789494
32 41 40 0.481950 0.424399 0.093651 278.148579 266.924084
32 33 41 0.134201 0.771934 0.093865 316.167157 248.788373
32 33 41 0.730388 0.122006 0.147606 290.382677 250.044368
32 33 41 0.916799 0.025146 0.058055 281.285837 247.326115
32 33 41 0.372091 0.062029 0.565879 286.422984 270.463704
32 33 41 0.415700 0.415818 0.168482 302.977280 253.301769
32 33 41 0.337668 0.042343 0.619989 283.342972 271.226394
32 33 41 0.998612 0.000037 0.001351 280.269645 247.009558
32 33 41 0.858413 0.019868 0.121719 288.395982 252.485910
32 33 41 0.324041 0.482569 0.193390 304.638571 253.649207
32 33 41 0.087403 0.871842 0.040755 320.609082 243.669095
33 42 41 0.639631 0.242130 0.118239 321.127871 263.147594
33 42 41 0.282440 0.615486 0.102073 324.877199 276.972891
33 42 41 0.598942 0.235150 0.165908 324.148597 263.254365
33 42 41 0.067951 0.089579 0.842470 294.454476 282.642135
33 42 41 0.937421 0.019702 0.042877 324.136850 246.990857
33 42 41 0.785185 0.182301 0.032513 328.114154 252.637470
33 42 41 0.134577 0.122729 0.742694 294.625477 284.271287
33 42 41 0.300807 0.153474 0.545719 304.168347 273.624861
33 42 41 0.198048 0.346258 0.455694 308.199918 277.834495
33 42 41 0.056786 0.455960 0.487254 308.873359 287.438290
33 34 42 0.772886 0.064804 0.162310 329.093507 250.178141
33 34 42 0.361964 0.207920 0.430115 336.196603 264.207974
33 34 42 0.245153 0.127166 0.627680 331.574719 268.419166
33 34 42 0.778539 0.213850 0.007610 335.873985 244.553295
33 34 42 0.727865 0.141717 0.130418 332.119476 244.486628
33 34 42 0.492308 0.145745 0.361947 332.581928 260.417233
33 34 42 0.038509 0.383162 0.578329 344.022530 269.775440
33 34 42 0.363105 0.551486 0.085409 352.983142 248.245046
33 34 42 0.888041 0.045533 0.066426 331.792038 248.119156
33 34 42 0.587558 0.116595 0.295847 330.919292 257.922102
34 43 42 0.441824 0.434955 0.123221 364.239561 272.923592
34 43 42 0.208438 0.161164 0.630397 346.392281 279.823957
34 43 42 0.875607 0.055076 0.069317 369.637692 248.738923
34 43 42 0.065724 0.806667 0.127609 364.897358 283.476018
34 43 42 0.723674 0.002348 0.273979 361.771965 255.586788
34 43 42 0.263494 0.085615 0.650891 340.734688 275.907795
34 43 42 0.139121 0.538778 0.322101 357.720511 281.101683
34 43 42 0.852438 0.109359 0.038203 375.487376 250.660229
34 43 42 0.922542 0.055408 0.022051 373.440449 248.205456
34 43 42 0.989190 0.010730 0.000081 372.513812 246.740964
34 35 43 0.177173 0.583089 0.239738 403.129467 256.533375
34 35 43 0.599085 0.051781 0.349134 374.978066 256.432046
34 35 43 0.901451 0.085605 0.012944 377.594414 247.351696
34 35 43 0.490727 0.189439 0.319834 381.630658 258.945556
34 35 43 0.126942 0.593896 0.279161 400.808344 255.582976
34 35 43 0.794828 0.097857 0.107316 377.803988 246.932281
34 35 43 0.549361 0.321579 0.129060 389.584430 253.067719
34 35 43 0.624963 0.326101 0.048936 388.812732 248.557451
34 35 43 0.660438 0.147995 0.191567 378.701356 254.674255
34 35 43 0.173354 0.089571 0.737075 379.505844 274.883970
35 44 43 0.318421 0.045358 0.636221 390.238254 278.123309
35 44 43 0.898159 0.096664 0.005177 422.261426 248.167719
35 44 43 0.029757 0.512607 0.457636 396.593043 285.136137
35 44 43 0.670970 0.086094 0.242936 407.280071 255.221958
35 44 43 0.053046 0.549513 0.397441 397.618218 285.106944
35 44 43 0.788560 0.059093 0.152346 411.546160 255.289875
35 44 43 0.495525 0.390012 0.114462 409.914957 264.195968
35 44 43 0.553213 0.121117 0.325670 403.299896 261.924017
35 44 43 0.467964 0.150644 0.381392 399.649900 267.534514
35 44 43 0.813470 0.135975 0.050555 419.115087 255.502899
36 37 45 0.484227 0.392053 0.123720 101.490750 286.945205
36 37 45 0.327245 0.528836 0.143918 111.697738 285.510415
36 37 45 0.685892 0.191934 0.122174 90.369003 286.971521
36 37 45 0.492363 0.281790 0.225847 99.632215 288.894188
36 37 45 0.225442 0.283087 0.491471 101.622125 295.167481
36 37 45 0.238494 0.676065 0.085441 111.225421 288.695832
36 37 45 0.999125 0.000694 0.000182 86.058569 282.095002
36 37 45 0.559902 0.220951 0.219147 95.925778 289.071441
36 37 45 0.457080 0.526285 0.016635 106.459856 283.003814
36 37 45 0.082709 0.280200 0.637091 105.732213 299.008058
37 46 45 0.321390 0.456999 0.221611 122.471726 302.911274
37 46 45 0.735385 0.065106 0.199509 121.380271 291.935743
37 46 45 0.238330 0.214514 0.547156 113.536386 302.543077
37 46 45 0.368472 0.106349 0.525179 111.710126 298.382168
37 46 45 0.354568 0.211915 0.433518 112.218132 302.785158
37 46 45 0.465746 0.266473 0.267780 120.434893 298.738191
37 46 45 0.674341 0.111374 0.214285 121.940805 292.306241
37 46 45 0.916463 0.005033 0.078504 118.418641 285.090853
37 46 45 0.577151 0.054375 0.368475 111.783185 293.775176
37 46 45 0.862474 0.104769 0.032757 123.210275 287.684847
37 38 46 0.828270 0.140471 0.031258 130.793228 283.429851
37 38 46 0.727788 0.022534 0.249678 127.884248 289.330833
37 38 46 0.731200 0.109085 0.159714 130.496679 288.692931
37 38 46 0.598621 0.201991 0.199388 135.813898 289.889756
37 38 46 0.971716 0.008232 0.020051 126.167502 283.796176
37 38 46 0.817039 0.089771 0.093189 128.607691 286.588423
37 38 46 0.132367 0.412398 0.455235 139.868835 300.788211
37 38 46 0.604397 0.229932 0.165671 135.342383 290.741769
37 38 46 0.448915 0.492183 0.058902 148.851942 282.901243
37 38 46 0.161225 0.073474 0.765301 135.054949 306.218050
38 47 46 0.581395 0.181819 0.236786 155.716043 295.799040
38 47 46 0.427798 0.468142 0.104060 163.752234 304.480352
38 47 46 0.105273 0.532759 0.361969 155.868285 315.222189
38 47 46 0.082742 0.137884 0.779374 137.575926 315.178026
38 47 46 0.883284 0.002930 0.113786 155.911437 288.830464
38 47 46 0.041137 0.342229 0.616635 145.833046 311.526394
38 47 46 0.475176 0.377991 0.146833 163.160477 301.298806
38 47 46 0.523786 0.367097 0.109116 157.155652 300.681735
38 47 46 0.655370 0.008810 0.335820 147.611632 295.953823
38 47 46 0.723151 0.232771 0.044078 161.089321 295.071127
38 39 47 0.291541 0.243081 0.465377 175.980202 300.596769
38 39 47 0.342363 0.505144 0.152493 183.155394 290.897874
38 39 47 0.349472 0.424452 0.226077 180.174221 296.077196
38 39 47 0.753723 0.138871 0.107406 165.199669 292.517694
38 39 47 0.824562 0.146103 0.029335 169.161414 284.762480
38 39 47 0.169471 0.555531 0.274999 180.944710 292.845238
38 39 47 0.805136 0.027999 0.166865 165.999886 293.638711
38 39 47 0.208759 0.045344 0.745896 170.383224 305.325298
38 39 47 0.357201 0.420682 0.222118 182.370058 294.143375
38 39 47 0.298942 0.569954 0.131104 183.766910 288.882807
39 48 47 0.540569 0.249910 0.209521 198.035429 300.979567
39 48 47 0.852895 0.006854 0.140251 196.411195 291.725307
39 48 47 0.847678 0.038092 0.114230 196.049680 291.589480
39 48 47 0.275468 0.412639 0.311894 193.089499 309.524964
39 48 47 0.081660 0.159052 0.759288 176.655977 315.702083
39 48 47 0.828515 0.037117 0.134368 196.081834 289.885892
39 48 47 0.149506 0.091886 0.758608 173.274977 312.754510
39 48 47 0.909585 0.076314 0.014102 199.998780 291.769241
39 48 47 0.282979 0.132954 0.584067 178.695396 312.089013
39 48 47 0.417123 0.531685 0.051192 200.961721 305.645596
39 40 48 0.860902 0.128761 0.010337 203.894918 287.639754
39 40 48 0.390839 0.566175 0.042985 222.875587 288.997461
39 40 48 0.600858 0.353769 0.045373 213.257503 287.244723
39 40 48 0.586834 0.294343 0.118823 214.838075 292.135999
39 40 48 0.971131 0.019052 0.009817 204.446632 285.982530
39 40 48 0.428303 0.532737 0.038960 220.552261 291.717587
39 40 48 0.294897 0.514305 0.190798 220.827203 296.447553
39 40 48 0.935175 0.036656 0.028169 203.662291 286.880359
39 40 48 0.880121 0.016315 0.103564 204.417311 292.370459
39 40 48 0.522963 0.322819 0.154218 211.198607 291.011271
40 49 48 0.271873 0.367206 0.360921 227.453422 311.217700
40 49 48 0.921502 0.034175 0.044323 238.294863 291.143641
40 49 48 0.243703 0.299771 0.456526 224.401125 308.569250
40 49 48 0.154955 0.801551 0.043494 240.078868 312.724256
40 49 48 0.513871 0.248764 0.237365 230.225910 304.154704
40 49 48 0.566099 0.314812 0.119089 237.646511 303.120855
40 49 48 0.885295 0.113355 0.001350 242.140316 294.656468
40 49 48 0.035747 0.825185 0.139069 237.903160 317.157545
40 49 48 0.780162 0.143204 0.076634 238.938605 296.112288
40 49 48 0.267456 0.364946 0.367599 229.690082 312.768552
40 41 49 0.926708 0.067637 0.005655 243.974037 288.065959
40 41 49 0.313298 0.226981 0.459721 249.869200 300.150363
40 41 49 0.876229 0.030463 0.093309 239.790384 290.999871
40 41 49 0.486676 0.157902 0.355422 248.073105 300.145569
40 41 49 0.951453 0.003907 0.044640 235.241649 292.013935
40 41 49 0.049525 0.396872 0.553604 258.746423 307.155119
40 41 49 0.903613 0.057534 0.038853 242.109739 288.066060
40 41 49 0.494439 0.341324 0.164237 256.226545 292.628212
40 41 49 0.503739 0.230352 0.265909 254.858478 296.390124
40 41 49 0.552755 0.419560 0.027685 258.884961 286.078833
41 50 49 0.584969 0.017556 0.397475 266.162246 301.984728
41 50 49 0.126780 0.648354 0.224866 275.678837 315.081732
41 50 49 0.651226 0.081655 0.267118 274.858381 299.640978
41 50 49 0.042235 0.877214 0.080552 279.634621 319.761964
41 50 49 0.539402 0.331244 0.129354 280.351158 301.964806
41 50 49 0.221889 0.128280 0.649831 253.716731 313.663062
41 50 49 0.342767 0.378651 0.278582 271.000475 307.593918
41 50 49 0.636784 0.075181 0.288035 272.536281 299.952059
41 50 49 0.870431 0.009003 0.120566 279.043438 293.963402
41 50 49 0.543730 0.217389 0.238881 276.294790 304.867818
41 42 50 0.386716 0.500711 0.112573 305.337655 291.886311
41 42 50 0.340486 0.295180 0.364334 295.766702 298.764960
41 42 50 0.117682 0.004906 0.877412 283.107041 316.250603
41 42 50 0.245948 0.617289 0.136763 308.166449 292.875133
41 42 50 0.712048 0.191214 0.096739 291.927999 294.539638
41 42 50 0.976162 0.013857 0.009981 285.370791 291.118922
41 42 50 0.169049 0.245695 0.585255 296.411665 306.150882
41 42 50 0.448728 0.182275 0.368997 291.989294 299.311099
41 42 50 0.205344 0.697332 0.097323 313.654300 290.685519
41 42 50 0.066828 0.160718 0.772455 290.640353 313.136659
42 51 50 0.798611 0.005340 0.196049 317.871098 293.730638
42 51 50 0.643674 0.075083 0.281243 314.653445 300.967557
42 51 50 0.083458 0.586397 0.330145 311.062108 322.189350
42 51 50 0.824013 0.014564 0.161422 319.102110 292.712894
42 51 50 0.566447 0.307978 0.125575 319.962589 303.948048
42 51 50 0.945539 0.003855 0.050606 320.547956 287.608660
42 51 50 0.768691 0.117116 0.114193 319.130241 296.957813
42 51 50 0.143359 0.574636 0.282005 313.959061 319.245003
42 51 50 0.180521 0.561788 0.257690 314.698953 315.728817
42 51 50 0.188209 0.629893 0.181898 318.202049 320.174927
42 43 51 0.234844 0.176162 0.588994 334.237787 308.496320
42 43 51 0.290243 0.655205 0.054552 355.326401 293.030905
42 43 51 0.105705 0.741427 0.152868 358.857274 287.690451
42 43 51 0.049151 0.949466 0.001383 369.781196 289.720466
42 43 51 0.230019 0.695675 0.074306 359.437239 287.631659
42 43 51 0.597353 0.245043 0.157604 337.331710 296.281371
42 43 51 0.352652 0.318642 0.328706 343.969219 301.161333
42 43 51 0.188726 0.297121 0.514153 337.219899 308.902558
42 43 51 0.687069 0.296579 0.016352 338.089178 288.143141
42 43 51 0.971081 0.026051 0.002868 327.816364 286.858161
43 52 51 0.388331 0.517791 0.093878 367.164364 310.951266
43 52 51 0.239820 0.671299 0.088881 364.350263 318.468969
43 52 51 0.978848 0.003630 0.017522 370.169289 286.156385
43 52 51 0.315782 0.164329 0.519888 348.644029 313.916013
43 52 51 0.352051 0.554156 0.093794 364.583032 310.584142
43 52 51 0.031011 0.563807 0.405181 349.300853 323.799886
43 52 51 0.643039 0.195698 0.161264 362.430111 303.121412
43 52 51 0.868749 0.120084 0.011167 370.332095 295.048140
43 52 51 0.710765 0.088531 0.200704 362.736280 299.275387
43 52 51 0.381121 0.338189 0.280690 356.697032 309.893185
43 44 52 0.060247 0.428782 0.510972 387.139687 311.776033
43 44 52 0.790470 0.018532 0.190997 369.925759 298.545805
43 44 52 0.516700 0.458661 0.024639 389.216977 288.313515
43 44 52 0.650847 0.075402 0.273751 375.727002 296.207044
43 44 52 0.055845 0.028655 0.915500 366.388099 320.656067
43 44 52 0.891116 0.011729 0.097155 371.189310 292.256963
43 44 52 0.730756 0.055623 0.213621 371.770622 293.472627
43 44 52 0.643840 0.178803 0.177357 379.304134 293.355970
43 44 52 0.049685 0.620058 0.330257 399.499080 304.448911
43 44 52 0.096721 0.621246 0.282034 396.771484 297.443488
44 53 52 0.347688 0.165999 0.486313 390.969770 312.748280
44 53 52 0.125408 0.250307 0.624285 385.231303 325.055507
44 53 52 0.907848 0.050584 0.041568 416.391411 292.970604
44 53 52 0.528305 0.248632 0.223063 407.529585 304.762216
44 53 52 0.585424 0.208425 0.206151 409.986005 307.768305
44 53 52 0.002678 0.926832 0.070491 406.456576 328.133742
44 53 52 0.653155 0.174791 0.172054 404.937053 301.976515
44 53 52 0.002598 0.257585 0.739817 374.570723 325.645203
44 53 52 0.566728 0.029863 0.403409 398.957856 303.410679
44 53 52 0.514638 0.264176 0.221185 405.815315 308.649081
45 46 54 0.389570 0.214437 0.395994 111.287528 316.306488
45 46 54 0.284759 0.593722 0.121518 118.366010 316.238086
45 46 54 0.039770 0.705169 0.255062 126.370529 320.510005
45 46 54 0.426038 0.475644 0.098318 117.679633 311.252603
45 46 54 0.117339 0.703435 0.179227 124.702099 315.527566
45 46 54 0.421093 0.274774 0.304133 111.326221 318.599344
45 46 54 0.836011 0.113627 0.050362 105.378690 313.810656
45 46 54 0.789858 0.040725 0.169416 108.138997 312.786333
45 46 54 0.094816 0.459344 0.445840 120.922042 322.682360
45 46 54 0.907124 0.014392 0.078484 97.337555 312.061004
46 55 54 0.414949 0.339501 0.245551 132.105156 328.792010
46 55 54 0.097840 0.826970 0.075190 142.806230 332.391728
46 55 54 0.770467 0.135077 0.094457 134.151617 316.611257
46 55 54 0.833136 0.133230 0.033634 132.203575 316.700952
46 55 54 0.664993 0.099192 0.235814 126.372812 319.279557
46 55 54 0.868273 0.020628 0.111099 133.078223 315.883811
46 55 54 0.893362 0.040329 0.066309 131.784528 314.709950
46 55 54 0.157735 0.484499 0.357766 134.516174 329.134591
46 55 54 0.694566 0.141582 0.163852 129.118748 315.288696
46 55 54 0.506530 0.117135 0.376335 126.840627 323.844058
46 47 55 0.211599 0.488994 0.299408 154.684811 320.298254
46 47 55 0.842841 0.012106 0.145053 137.512276 315.234530
46 47 55 0.038979 0.877987 0.083034 164.822926 316.724589
46 47 55 0.920049 0.033848 0.046103 137.642757 314.085404
46 47 55 0.787490 0.094703 0.117808 139.980590 312.511214
46 47 55 0.746592 0.158345 0.095063 142.939015 317.356497
46 47 55 0.495357 0.003784 0.500859 140.076762 324.398711
46 47 55 0.888006 0.047305 0.064689 137.340202 313.940463
46 47 55 0.659928 0.236468 0.103604 141.675451 309.273464
46 47 55 0.532371 0.452222 0.015407 152.588088 314.231357
47 56 55 0.280845 0.076520 0.642635 152.296020 330.632685
47 56 55 0.231838 0.525491 0.242671 168.252019 332.847142
47 56 55 0.106899 0.419849 0.473251 162.433225 330.789890
47 56 55 0.591340 0.039706 0.368954 162.678501 326.818783
47 56 55 0.961104 0.014576 0.024320 167.561849 316.205979
47 56 55 0.870421 0.069713 0.059866 167.472885 318.609790
47 56 55 0.692602 0.021753 0.285645 158.275572 323.218444
47 56 55 0.625920 0.054570 0.319510 159.793028 322.707054
47 56 55 0.992707 0.006934 0.000359 170.257249 314.710921
47 56 55 0.129842 0.821031 0.049127 174.075951 336.369208
47 48 56 0.800331 0.081475 0.118195 178.171023 318.216687
47 48 56 0.298186 0.584676 0.117138 189.626344 318.710024
47 48 56 0.617669 0.113935 0.268395 177.536308 320.992673
47 48 56 0.448726 0.451991 0.099283 186.759185 317.472298
47 48 56 0.846263 0.068187 0.085550 173.165676 319.128094
47 48 56 0.492999 0.448296 0.058705 185.812047 315.424370
47 48 56 0.348594 0.585925 0.065481 189.473245 314.405169
47 48 56 0.190196 0.630038 0.179766 192.500419 317.464651
47 48 56 0.475089 0.488249 0.036662 188.154751 316.601013
47 48 56 0.776576 0.053886 0.169538 175.506658 318.744183
48 57 56 0.907003 0.053442 0.039555 205.182807 321.483597
48 57 56 0.129699 0.519212 0.351089 199.522602 336.766403
48 57 56 0.920269 0.044267 0.035463 204.887165 321.459583
48 57 56 0.523877 0.056679 0.419444 191.156086 331.087958
48 57 56 0.043020 0.262079 0.694901 189.199153 337.578093
48 57 56 0.924356 0.071338 0.004305 205.603746 316.868594
48 57 56 0.307019 0.342582 0.350399 198.109459 333.652676
48 57 56 0.316914 0.028705 0.654381 187.233702 333.878102
48 57 56 0.130028 0.228706 0.641266 192.700277 332.230710
48 57 56 0.755983 0.197093 0.046925 206.339489 329.376526
48 49 57 0.332998 0.041492 0.625510 212.012835 331.313790
48 49 57 0.887320 0.009839 0.102841 205.551552 317.905774
48 49 57 0.887241 0.065922 0.046837 206.970736 319.902179
48 49 57 0.140911 0.244188 0.614902 217.050353 329.640880
48 49 57 0.904211 0.017726 0.078062 202.727927 318.352484
48 49 57 0.126397 0.676348 0.197256 233.182031 320.321113
48 49 57 0.743251 0.106693 0.150056 209.615723 320.935785
48 49 57 0.851603 0.002879 0.145518 205.263422 324.092886
48 49 57 0.356852 0.470597 0.172552 224.742268 326.238290
48 49 57 0.836431 0.017233 0.146337 207.116960 323.941114
49 58 57 0.268961 0.473620 0.257419 239.409758 332.407289
49 58 57 0.231884 0.391201 0.376915 234.914115 336.114218
49 58 57 0.743805 0.194651 0.061545 243.361921 327.376292
49 58 57 0.113658 0.743330 0.143011 240.002710 340.336070
49 58 57 0.291431 0.457219 0.251350 238.004054 336.539781
49 58 57 0.766868 0.071234 0.161898 240.741494 324.402540
49 58 57 0.600606 0.363273 0.036121 243.166090 330.945114
49 58 57 0.808485 0.028807 0.162708 235.705254 322.970706
49 58 57 0.255496 0.238170 0.506333 227.443618 335.546630
49 58 57 0.200778 0.406300 0.392922 233.509739 336.325457
49 50 58 0.730220 0.024353 0.245426 243.734912 329.837136
49 50 58 0.905422 0.016119 0.078458 243.739420 321.303212
49 50 58 0.786739 0.172853 0.040408 251.544426 320.617571
49 50 58 0.643463 0.242314 0.114223 254.567159 322.907051
49 50 58 0.963969 0.006866 0.029164 243.576259 318.157333
49 50 58 0.485831 0.124205 0.389964 249.614462 331.459858
49 50 58 0.342195 0.007660 0.650145 246.604929 333.590872
49 50 58 0.581665 0.236435 0.181900 255.587914 326.331435
49 50 58 0.099881 0.393045 0.507073 261.324552 332.598311
49 50 58 0.216217 0.050610 0.733173 248.344783 336.437476
50 59 58 0.062206 0.383823 0.553971 263.594992 344.194112
50 59 58 0.356386 0.347114 0.296500 270.982777 340.723887
50 59 58 0.543509 0.434361 0.022130 282.543112 336.844883
50 59 58 0.087849 0.082836 0.829314 253.189863 341.627456
50 59 58 0.811584 0.172184 0.016231 283.765209 324.971927
50 59 58 0.788898 0.020683 0.190419 276.916395 327.294192
50 59 58 0.101764 0.668270 0.229966 277.364377 347.955878
50 59 58 0.399974 0.505869 0.094157 282.790852 338.117563
50 59 58 0.619032 0.117209 0.263759 272.791506 329.650262
50 59 58 0.592034 0.347917 0.060049 279.968736 331.004633
50 51 59 0.616962 0.378413 0.004624 303.769250 323.652368
50 51 59 0.100865 0.021797 0.877338 286.032395 345.059216
50 51 59 0.667047 0.247935 0.085018 297.974623 325.556655
50 51 59 0.381434 0.546895 0.071671 302.883134 322.424031
50 51 59 0.327886 0.163753 0.508361 292.207411 339.001638
50 51 59 0.305798 0.428732 0.265469 300.327628 331.496263
50 51 59 0.114257 0.727135 0.158608 316.720944 331.462277
50 51 59 0.015292 0.016344 0.968364 282.819085 347.979303
50 51 59 0.811152 0.148421 0.040427 290.357661 324.660612
50 51 59 0.183139 0.633164 0.183697 312.735743 328.331258
51 60 59 0.342934 0.452795 0.204271 315.359419 343.701145
51 60 59 0.481342 0.080973 0.437685 308.475142 337.706949
51 60 59 0.747010 0.144893 0.108096 316.872497 331.224883
51 60 59 0.140042 0.046297 0.813661 288.947143 344.763583
51 60 59 0.928854 0.036255 0.034892 323.631314 325.865167
51 60 59 0.238791 0.153625 0.607584 297.609016 343.637516
51 60 59 0.800260 0.069744 0.129996 317.182842 327.985045
51 60 59 0.463066 0.414801 0.122133 317.785297 341.758183
51 60 59 0.254900 0.391030 0.354070 310.779657 343.957750
51 60 59 0.298126 0.671653 0.030221 322.851358 345.168361
51 52 60 0.679547 0.267105 0.053348 338.730638 325.059964
51 52 60 0.230763 0.218943 0.550294 332.979125 336.928217
51 52 60 0.042328 0.423898 0.533774 342.219265 340.990794
51 52 60 0.470858 0.246606 0.282536 334.886879 332.982980
51 52 60 0.612262 0.141621 0.246116 331.469499 330.125955
51 52 60 0.201981 0.230707 0.567311 330.816179 342.255885
51 52 60 0.014501 0.462079 0.523420 342.605205 340.514069
51 52 60 0.089120 0.457155 0.453725 344.637114 337.639632
51 52 60 0.336336 0.050630 0.613034 327.317587 340.232177
51 52 60 0.455508 0.348166 0.196326 337.661777 329.940747
52 61 60 0.040383 0.073976 0.885641 327.161768 351.747837
52 61 60 0.325352 0.000911 0.673737 336.854425 343.278898
52 61 60 0.417274 0.030382 0.552344 342.137893 343.336343
52 61 60 0.174267 0.818015 0.007718 361.540391 349.230795
52 61 60 0.847816 0.108011 0.044173 366.385206 331.070232
52 61 60 0.536666 0.437981 0.025353 363.847381 342.652158
52 61 60 0.675230 0.180739 0.144031 355.882799 337.761203
52 61 60 0.503569 0.198589 0.297842 352.852458 338.222791
52 61 60 0.850214 0.124511 0.025274 363.907526 332.587646
52 61 60 0.978741 0.020615 0.000645 364.923458 326.977953
52 53 61 0.374225 0.532276 0.093500 389.211455 329.019943
52 53 61 0.186194 0.105926 0.707880 369.552006 347.115861
52 53 61 0.783834 0.084928 0.131237 371.507509 329.461232
52 53 61 0.234408 0.192529 0.573063 370.802154 340.274729
52 53 61 0.989114 0.010049 0.000837 363.773047 328.083900
52 53 61 0.534600 0.186114 0.279286 373.435774 336.805823
52 53 61 0.412618 0.336764 0.250618 380.033623 336.006997
52 53 61 0.499478 0.135385 0.365138 371.999888 339.195937
52 53 61 0.888825 0.086511 0.024665 369.392998 325.775379
52 53 61 0.598948 0.262746 0.138307 376.815519 334.104203
53 62 61 0.440114 0.391827 0.168058 401.474920 345.313907
53 62 61 0.322916 0.241529 0.435555 389.642436 344.064772
53 62 61 0.552939 0.233039 0.214022 400.258335 337.105291
53 62 61 0.907900 0.052387 0.039713 411.972813 331.194171
53 62 61 0.027862 0.277935 0.694203 374.003647 352.335262
53 62 61 0.305550 0.537935 0.156515 402.077367 346.612250
53 62 61 0.708078 0.092609 0.199313 398.733495 335.280325
53 62 61 0.834401 0.095884 0.069715 407.889656 335.382702
53 62 61 0.919001 0.006553 0.074446 409.486410 331.385355
53 62 61 0.456018 0.487286 0.056696 405.025321 339.118352
54 55 63 0.292274 0.550863 0.156863 133.674517 332.526152
54 55 63 0.029626 0.093902 0.876473 123.870646 345.118721
54 55 63 0.341981 0.518221 0.139798 132.090911 333.049632
54 55 63 0.420359 0.203056 0.376584 122.215271 338.440635
54 55 63 0.338143 0.536692 0.125165 129.519045 335.957057
54 55 63 0.839715 0.015987 0.144298 112.921601 334.646503
54 55 63 0.643275 0.052061 0.304664 119.623454 340.841081
54 55 63 0.077775 0.054902 0.867322 121.926694 351.865622
54 55 63 0.799379 0.083585 0.117036 116.080521 333.373562
54 55 63 0.317827 0.264592 0.417580 123.878186 343.624983
55 64 63 0.949416 0.037324 0.013261 145.900834 334.576342
55 64 63 0.333164 0.075279 0.591557 131.975655 345.732870
55 64 63 0.424344 0.400573 0.175083 146.824793 343.904860
55 64 63 0.348427 0.385911 0.265662 144.079152 345.731686
55 64 63 0.026258 0.398807 0.574935 137.797115 349.627851
55 64 63 0.475119 0.027381 0.497500 134.350636 342.883034
55 64 63 0.203825 0.298809 0.497366 137.860197 346.355101
55 64 63 0.636408 0.333035 0.030557 147.111582 340.603627
55 64 63 0.553979 0.258486 0.187535 141.284240 344.247639
55 64 63 0.442115 0.137678 0.420208 135.757523 345.404957
55 56 64 0.677102 0.139288 0.183609 152.170128 336.807709
55 56 64 0.432136 0.039849 0.528015 149.684895 343.961179
55 56 64 0.914810 0.001025 0.084165 145.921449 334.035823
55 56 64 0.749630 0.179572 0.070798 153.700589 336.537402
55 56 64 0.757734 0.241972 0.000293 152.381464 334.221873
55 56 64 0.345296 0.480374 0.174329 163.551853 344.273072
55 56 64 0.983955 0.014622 0.001423 143.167177 333.598043
55 56 64 0.504937 0.016021 0.479042 149.080135 341.567406
55 56 64 0.581213 0.281769 0.137018 152.965479 335.951486
55 56 64 0.858153 0.135296 0.006551 146.358409 333.030649
56 65 64 0.434030 0.553808 0.012162 185.507940 346.557292
56 65 64 0.956502 0.036485 0.007013 182.656665 338.915284
56 65 64 0.770566 0.099534 0.129899 176.850491 340.997105
56 65 64 0.453930 0.166348 0.379722 173.369495 345.796405
56 65 64 0.453208 0.245659 0.301133 173.704235 345.763775
56 65 64 0.341888 0.393163 0.264950 175.025385 346.830962
56 65 64 0.392013 0.059396 0.548591 166.299545 348.212557
56 65 64 0.860531 0.010797 0.128672 180.125448 341.461134
56 65 64 0.336163 0.073334 0.590503 165.685669 346.970337
56 65 64 0.849057 0.072311 0.078632 178.198320 338.394594
56 57 65 0.332800 0.432175 0.235025 196.981351 341.607908
56 57 65 0.379071 0.048600 0.572329 183.487742 344.923987
56 57 65 0.918993 0.045897 0.035111 181.469538 337.172050
56 57 65 0.358655 0.366043 0.275302 193.516395 345.051767
56 57 65 0.982453 0.014592 0.002956 178.819359 341.269897
56 57 65 0.728534 0.080455 0.191012 182.713546 339.940697
56 57 65 0.097145 0.133272 0.769583 190.691469 351.334642
56 57 65 0.100981 0.853872 0.045147 209.028299 337.965814
56 57 65 0.954398 0.008794 0.036808 178.677073 336.996616
56 57 65 0.736619 0.056100 0.207282 180.763498 344.571712
57 66 65 0.324044 0.624655 0.051302 215.031803 351.479191
57 66 65 0.620717 0.087721 0.291562 205.688311 346.948386
57 66 65 0.029033 0.467970 0.502997 204.851966 350.792170
57 66 65 0.924701 0.033443 0.041856 213.097710 339.254531
57 66 65 0.964022 0.019710 0.016268 212.451229 340.554117
57 66 65 0.853378 0.047625 0.098997 207.705407 346.034346
57 66 65 0.859195 0.037930 0.102875 214.193616 344.267608
57 66 65 0.221152 0.457376 0.321472 207.621449 353.441175
57 66 65 0.391751 0.518639 0.089610 210.216937 351.162993
57 66 65 0.483990 0.090240 0.425770 203.235081 346.704441
57 58 66 0.884418 0.081688 0.033894 215.297067 340.285500
57 58 66 0.819118 0.153684 0.027197 219.074021 339.304124
57 58 66 0.968460 0.027055 0.004486 215.479768 339.030365
57 58 66 0.781504 0.034311 0.184185 213.018942 341.026259
57 58 66 0.734352 0.168830 0.096817 219.350531 340.922689
57 58 66 0.067214 0.152034 0.780752 222.512581 350.759314
57 58 66 0.353779 0.340720 0.305501 224.279909 350.245530
57 58 66 0.422193 0.305635 0.272172 223.841966 346.758801
57 58 66 0.006876 0.137148 0.855977 221.198968 352.450844
57 58 66 0.785881 0.027134 0.186985 214.678730 343.877880
58 67 66 0.332618 0.456978 0.210404 245.543758 352.821239
58 67 66 0.412039 0.319024 0.268937 245.767336 353.242401
58 67 66 0.909230 0.063978 0.026792 248.952764 340.870587
58 67 66 0.200072 0.150571 0.649357 229.544345 353.060235
58 67 66 0.423671 0.243343 0.332986 240.961915 350.126844
58 67 66 0.619671 0.175808 0.204521 245.271283 350.973856
58 67 66 0.669115 0.211618 0.119266 245.096700 345.037546
58 67 66 0.314297 0.350725 0.334978 236.615665 351.954349
58 67 66 0.661074 0.234542 0.104384 248.041304 349.198494
58 67 66 0.929486 0.064595 0.005918 248.589669 338.372486
58 59 67 0.426256 0.042727 0.531017 253.901896 354.890961
58 59 67 0.852757 0.042367 0.104877 255.146357 350.201531
58 59 67 0.253667 0.041719 0.704614 254.108484 352.902317
58 59 67 0.072945 0.531249 0.395806 267.216854 350.885919
58 59 67 0.214559 0.061963 0.723478 254.193887 359.001607
58 59 67 0.127321 0.175555 0.697124 258.383885 353.946062
58 59 67 0.764352 0.156424 0.079224 252.617067 340.076477
58 59 67 0.913834 0.009387 0.076780 249.061742 342.022644
58 59 67 0.734417 0.047154 0.218429 250.448529 344.622946
58 59 67 0.649604 0.005026 0.345370 252.563106 345.509819
59 68 67 0.411094 0.507788 0.081118 281.000634 357.267897
59 68 67 0.169581 0.163407 0.667012 262.578574 359.147277
59 68 67 0.401915 0.563799 0.034286 284.281191 354.776319
59 68 67 0.814931 0.136819 0.048250 278.979424 348.847763
59 68 67 0.778760 0.046690 0.174550 276.069289 350.973504
59 68 67 0.124923 0.673175 0.201903 279.173162 360.392346
59 68 67 0.362043 0.613772 0.024185 282.410516 359.221985
59 68 67 0.863229 0.001595 0.135176 280.576222 349.537579
59 68 67 0.419885 0.576278 0.003837 282.972990 356.673129
59 68 67 0.783699 0.136226 0.080075 280.067700 350.327007
59 60 68 0.805315 0.131676 0.063009 289.735880 349.010945
59 60 68 0.638143 0.207461 0.154396 291.397542 350.743781
59 60 68 0.342264 0.058401 0.599335 286.104640 355.239925
59 60 68 0.702481 0.241076 0.056443 298.177198 352.091434
59 60 68 0.615351 0.208305 0.176345 293.187231 350.541092
59 60 68 0.408739 0.262503 0.328758 290.066624 356.152654
59 60 68 0.554069 0.435547 0.010384 300.893274 345.459851
59 60 68 0.276411 0.425406 0.298183 299.196995 352.879196
59 60 68 0.040141 0.028508 0.931352 287.401770 359.488501
59 60 68 0.889613 0.013315 0.097072 283.766887 346.364852
60 69 68 0.810116 0.098887 0.090998 317.309209 356.156084
60 69 68 0.401994 0.046181 0.551824 299.912338 360.990032
60 69 68 0.240497 0.547133 0.212369 314.690424 358.738092
60 69 68 0.704461 0.274120 0.021419 320.835927 358.154361
60 69 68 0.812888 0.006903 0.180210 314.468429 350.721684
60 69 68 0.271643 0.476333 0.252024 309.573092 364.191205
60 69 68 0.821018 0.057837 0.121144 316.778188 356.167769
60 69 68 0.820219 0.101442 0.078339 318.809525 357.738086
60 69 68 0.712040 0.280648 0.007312 320.363054 357.739845
60 69 68 0.218330 0.717120 0.064550 318.206236 367.026936
60 61 69 0.745816 0.187770 0.066414 330.037303 355.110006
60 61 69 0.956873 0.034128 0.008999 323.223978 354.732011
60 61 69 0.699366 0.128395 0.172239 330.024567 355.031340
60 61 69 0.954011 0.039225 0.006764 321.401977 352.433971
60 61 69 0.994296 0.000221 0.005483 326.230851 352.656226
60 61 69 0.087743 0.688116 0.224141 349.273153 359.377537
60 61 69 0.755180 0.028057 0.216763 322.440101 357.586982
60 61 69 0.709639 0.047855 0.242506 321.930751 354.113723
60 61 69 0.990614 0.000289 0.009097 318.118127 350.536686
60 61 69 0.044408 0.091215 0.864377 325.969752 368.322694
61 70 69 0.450325 0.063656 0.486019 338.155226 362.542953
61 70 69 0.675700 0.027726 0.296573 348.459652 361.387588
61 70 69 0.406089 0.463117 0.130794 351.859867 366.221401
61 70 69 0.788807 0.057181 0.154011 358.260238 357.846106
61 70 69 0.591058 0.115590 0.293352 347.551831 358.879096
61 70 69 0.347807 0.165190 0.487004 337.151925 364.056334
61 70 69 0.641714 0.069827 0.288459 347.866922 358.959357
61 70 69 0.970324 0.014188 0.015488 363.034531 360.763061
61 70 69 0.442259 0.282375 0.275366 349.850638 366.083096
61 70 69 0.230210 0.576635 0.193155 351.664299 368.933187
61 62 70 0.746988 0.178572 0.074440 368.528356 356.277858
61 62 70 0.055895 0.574857 0.369248 384.521650 365.203075
61 62 70 0.514381 0.070461 0.415157 366.451777 363.249311
61 62 70 0.908787 0.020314 0.070899 360.581291 358.334682
61 62 70 0.165820 0.137936 0.696243 362.830997 369.622079
61 62 70 0.127988 0.120421 0.751591 361.344655 372.609198
61 62 70 0.626026 0.205631 0.168344 370.046104 358.194111
61 62 70 0.713393 0.157690 0.128917 366.963277 352.244431
61 62 70 0.357645 0.556369 0.085986 386.334347 359.601127
61 62 70 0.478815 0.150247 0.370938 365.326995 360.788958
62 71 70 0.956710 0.016679 0.026611 403.632704 357.286008
62 71 70 0.667028 0.270525 0.062447 400.301663 359.779807
62 71 70 0.293671 0.249826 0.456502 382.078662 372.014033
62 71 70 0.136946 0.001710 0.861344 364.239678 372.223009
62 71 70 0.983768 0.012900 0.003331 405.025036 356.062971
62 71 70 0.255387 0.194956 0.549657 374.281983 367.995027
62 71 70 0.613107 0.223637 0.163257 392.647512 364.464148
62 71 70 0.355621 0.366565 0.277814 390.574989 369.427880
62 71 70 0.037204 0.436110 0.526686 376.577509 380.252330
62 71 70 0.005647 0.006393 0.987959 357.524576 371.905946
63 64 72 0.113201 0.136974 0.749825 134.985148 361.402577
63 64 72 0.849508 0.011517 0.138976 126.233348 354.528812
63 64 72 0.612855 0.287031 0.100114 133.582914 349.156773
63 64 72 0.089972 0.632142 0.277885 145.698820 352.641221
63 64 72 0.605057 0.244830 0.150113 136.088468 350.698295
63 64 72 0.235052 0.408602 0.356346 140.567972 356.722857
63 64 72 0.624721 0.034757 0.340521 129.179399 355.288880
63 64 72 0.958688 0.019735 0.021577 127.262812 353.655606
63 64 72 0.015784 0.017108 0.967108 137.772900 362.587454
63 64 72 0.566714 0.361195 0.072091 139.087376 349.330552
64 73 72 0.596887 0.135369 0.267744 148.017138 354.376241
64 73 72 0.700500 0.260609 0.038891 159.662181 357.153384
64 73 72 0.172708 0.073257 0.754035 140.823062 361.981420
64 73 72 0.570884 0.071828 0.357288 148.865258 358.142714
64 73 72 0.936541 0.016014 0.047445 153.936522 351.768951
64 73 72 0.965161 0.024754 0.010086 153.240356 349.366750
64 73 72 0.459982 0.113948 0.426071 145.079753 357.399734
64 73 72 0.123694 0.077950 0.798356 140.805641 365.858183
64 73 72 0.943896 0.052009 0.004095 155.347941 348.545656
64 73 72 0.502334 0.478278 0.019388 160.879290 356.758217
64 65 73 0.882661 0.093462 0.023878 162.727106 348.216028
64 65 73 0.189749 0.794195 0.016056 177.338614 351.623913
64 65 73 0.481217 0.438911 0.079872 166.275954 354.480415
64 65 73 0.401181 0.259536 0.339283 165.719286 354.399355
64 65 73 0.490725 0.066618 0.442657 159.383525 357.819992
64 65 73 0.177429 0.272994 0.549577 171.541207 357.548171
64 65 73 0.735938 0.038399 0.225663 158.107406 358.271567
64 65 73 0.020059 0.026023 0.953918 165.785276 364.865953
64 65 73 0.926451 0.006723 0.066826 157.557217 353.105609
64 65 73 0.376136 0.346924 0.276940 167.415922 357.688034
65 74 73 0.059658 0.205304 0.735038 171.296307 366.588751
65 74 73 0.113936 0.603713 0.282351 181.881632 366.195673
65 74 73 0.775887 0.060417 0.163695 183.982054 353.030811
65 74 73 0.264052 0.235753 0.500195 179.845355 365.875957
65 74 73 0.084804 0.465068 0.450128 179.514732 362.839357
65 74 73 0.800624 0.172521 0.026856 185.288987 354.337756
65 74 73 0.375307 0.613468 0.011225 190.111910 361.307389
65 74 73 0.590416 0.394715 0.014869 189.410403 360.627711
65 74 73 0.884785 0.012838 0.102377 187.142073 353.272517
65 74 73 0.846886 0.104040 0.049074 183.836890 358.614552
65 66 74 0.804669 0.111907 0.083423 187.699870 352.336196
65 66 74 0.663062 0.325138 0.011800 195.938720 353.923025
65 66 74 0.444231 0.202468 0.353301 196.081247 357.181592
65 66 74 0.681656 0.209247 0.109097 193.918578 357.295279
65 66 74 0.382738 0.013927 0.603335 194.328203 361.998694
65 66 74 0.094681 0.673063 0.232256 207.859819 356.472642
65 66 74 0.750106 0.082307 0.167587 189.972385 353.697847
65 66 74 0.361347 0.337067 0.301586 200.302969 359.594370
65 66 74 0.409999 0.357072 0.232929 199.926485 355.337576
65 66 74 0.194968 0.200435 0.604598 197.129437 363.325573
66 75 74 0.512074 0.075689 0.412237 211.808151 359.405501
66 75 74 0.427785 0.143686 0.428528 210.797081 367.416502
66 75 74 0.634328 0.093322 0.272349 211.276439 363.440156
66 75 74 0.938661 0.058196 0.003143 215.483986 357.721576
66 75 74 0.992963 0.001569 0.005468 218.234813 355.746613
66 75 74 0.343902 0.566660 0.089438 219.432819 364.137564
66 75 74 0.233807 0.306673 0.459519 205.878690 365.008829
66 75 74 0.795103 0.170223 0.034674 218.074118 355.201906
66 75 74 0.324897 0.254775 0.420328 211.891283 362.096772
66 75 74 0.719614 0.054438 0.225948 215.770664 360.419816
66 67 75 0.099895 0.824496 0.075610 246.168585 360.486456
66 67 75 0.548240 0.132879 0.318881 227.499422 360.816103
66 67 75 0.277202 0.132921 0.589877 229.050180 363.231492
66 67 75 0.593062 0.060418 0.346520 223.852466 361.416346
66 67 75 0.469692 0.404921 0.125387 231.288054 359.523865
66 67 75 0.532711 0.254870 0.212419 225.852424 359.365902
66 67 75 0.605318 0.165616 0.229065 223.430463 362.307759
66 67 75 0.631257 0.329671 0.039072 230.410331 357.406316
66 67 75 0.211538 0.460880 0.327582 240.695320 364.204818
66 67 75 0.737107 0.029085 0.233808 222.221868 358.679600
67 76 75 0.907461 0.048158 0.044380 247.750504 358.171105
67 76 75 0.568596 0.089947 0.341457 242.979357 363.519740
67 76 75 0.480698 0.216249 0.303053 245.384451 366.667430
67 76 75 0.502820 0.435635 0.061546 250.188678 366.538005
67 76 75 0.239042 0.044705 0.716253 231.537983 371.469132
67 76 75 0.638138 0.286724 0.075138 251.422017 368.132667
67 76 75 0.621981 0.059563 0.318456 245.244185 365.888806
67 76 75 0.690336 0.287127 0.022536 255.474321 362.493898
67 76 75 0.273952 0.540453 0.185595 249.354207 363.462253
67 76 75 0.097141 0.042483 0.860376 231.381279 366.736471
67 68 76 0.545516 0.070316 0.384169 258.492718 368.049837
67 68 76 0.729966 0.162097 0.107937 257.502219 362.017591
67 68 76 0.046224 0.190525 0.763250 264.923395 372.639206
67 68 76 0.454166 0.486477 0.059357 271.048534 363.719961
67 68 76 0.337117 0.074136 0.588747 258.482841 368.562764
67 68 76 0.758237 0.211660 0.030103 260.892236 360.610450
67 68 76 0.448175 0.190110 0.361715 262.769448 364.110664
67 68 76 0.092431 0.278846 0.628723 264.768303 372.073273
67 68 76 0.013435 0.786749 0.199816 276.651282 366.740322
67 68 76 0.969167 0.007655 0.023177 252.648700 360.485581
68 77 76 0.157639 0.686071 0.156290 283.081670 377.782470
68 77 76 0.006130 0.469689 0.524181 269.406881 373.810786
68 77 76 0.811602 0.081268 0.107131 282.185964 363.577582
68 77 76 0.038702 0.292529 0.668769 269.381877 375.742881
68 77 76 0.568061 0.394694 0.037246 284.649906 367.663032
68 77 76 0.129197 0.055439 0.815363 258.453475 373.629150
68 77 76 0.806744 0.031761 0.161495 279.619478 366.227107
68 77 76 0.034016 0.553672 0.412311 272.168810 371.908415
68 77 76 0.253270 0.334776 0.411954 276.255251 369.745617
68 77 76 0.437233 0.013061 0.549705 268.510784 370.774758
68 69 77 0.359911 0.505043 0.135046 304.982229 366.554755
68 69 77 0.812294 0.015393 0.172313 287.734511 364.316840
68 69 77 0.417600 0.231646 0.350754 293.864144 368.350566
68 69 77 0.955622 0.027725 0.016653 288.569816 364.722706
68 69 77 0.937647 0.022515 0.039838 285.069544 364.886933
68 69 77 0.783631 0.058108 0.158262 287.451206 369.550939
68 69 77 0.153312 0.785919 0.060770 313.825020 369.456921
68 69 77 0.130737 0.200305 0.668958 293.183777 374.537474
68 69 77 0.454122 0.166548 0.379330 290.706224 367.966294
68 69 77 0.751689 0.157950 0.090362 291.706665 364.009499
69 78 77 0.546208 0.141228 0.312564 310.288173 372.341539
69 78 77 0.879823 0.102267 0.017910 323.374477 371.807306
69 78 77 0.933760 0.028292 0.037948 321.162594 373.865007
69 78 77 0.232040 0.674218 0.093742 316.208927 376.089328
69 78 77 0.875003 0.074515 0.050483 316.068690 370.222971
69 78 77 0.878346 0.060779 0.060875 317.941177 370.950900
69 78 77 0.425320 0.280153 0.294527 308.527951 372.614696
69 78 77 0.203430 0.016730 0.779841 288.544943 373.096241
69 78 77 0.379180 0.327607 0.293213 308.551137 375.334422
69 78 77 0.627845 0.328454 0.043701 318.000298 374.543970
69 70 78 0.631676 0.135033 0.233290 322.797533 370.618919
69 70 78 0.274091 0.643343 0.082566 340.327723 377.528889
69 70 78 0.536650 0.364103 0.099247 335.205583 373.236708
69 70 78 0.405011 0.260112 0.334877 329.412392 375.985714
69 70 78 0.041684 0.951493 0.006823 350.538557 376.445474
69 70 78 0.642036 0.347444 0.010520 332.466175 372.030596
69 70 78 0.496909 0.040162 0.462929 321.045284 376.462303
69 70 78 0.579656 0.185521 0.234823 323.952922 371.622611
69 70 78 0.420567 0.346346 0.233087 327.734880 374.451984
69 70 78 0.019766 0.647614 0.332620 342.015528 377.414450
70 79 78 0.796370 0.091346 0.112283 352.061453 378.055537
70 79 78 0.740927 0.124589 0.134484 351.645363 378.678302
70 79 78 0.810877 0.090499 0.098624 352.662645 376.474960
70 79 78 0.187344 0.313290 0.499365 337.974699 385.973103
70 79 78 0.077452 0.408671 0.513878 335.762224 389.208798
70 79 78 0.016710 0.014917 0.968373 321.063010 384.352237
70 79 78 0.777997 0.219085 0.002918 360.819997 385.126851
70 79 78 0.822356 0.063239 0.114405 354.542968 372.734014
70 79 78 0.370950 0.204336 0.424714 340.639338 381.466292
70 79 78 0.458087 0.023124 0.518789 332.936984 380.961968
70 71 79 0.646104 0.331995 0.021901 371.695526 375.449478
70 71 79 0.685717 0.205258 0.109025 365.197564 375.004683
70 71 79 0.632111 0.193655 0.174234 364.681070 379.421423
70 71 79 0.600533 0.234084 0.165382 363.305663 377.489668
70 71 79 0.667235 0.203178 0.129587 365.290525 379.458087
70 71 79 0.838778 0.028696 0.132527 361.181922 378.963900
70 71 79 0.552658 0.326814 0.120528 368.290125 378.763853
70 71 79 0.130106 0.701832 0.168061 386.409581 381.701901
70 71 79 0.269546 0.484470 0.245984 378.668993 381.857261
70 71 79 0.950810 0.024671 0.024518 356.126773 374.636665
71 80 79 0.713218 0.231381 0.055400 392.669060 383.161762
71 80 79 0.993498 0.006190 0.000313 397.531753 381.640461
71 80 79 0.462265 0.100609 0.437126 375.359938 386.267666
71 80 79 0.154694 0.624598 0.220708 386.209415 395.242192
71 80 79 0.962342 0.016895 0.020763 394.469197 379.272072
71 80 79 0.928867 0.048409 0.022724 396.134808 377.849131
71 80 79 0.821143 0.089291 0.089566 391.852796 384.377850
71 80 79 0.841591 0.079797 0.078612 390.885390 379.035341
71 80 79 0.811117 0.031488 0.157394 389.978877 380.715302
71 80 79 0.513781 0.367169 0.119050 395.169313 385.460861
