0 1 9 0.134435 0.414797 0.450768 105.008104 153.131598
0 1 9 0.370965 0.068183 0.560851 94.997404 153.481201
0 1 9 0.837877 0.107695 0.054427 99.417936 141.800913
0 1 9 0.135307 0.851214 0.013480 126.944539 139.522111
0 1 9 0.755159 0.048732 0.196109 95.437959 142.223932
0 1 9 0.286793 0.328289 0.384919 104.556376 151.020666
0 1 9 0.908722 0.039471 0.051806 98.520833 141.576714
0 1 9 0.401904 0.465662 0.132435 113.859871 146.020259
0 1 9 0.227117 0.035578 0.737305 87.916274 159.506852
0 1 9 0.595756 0.076899 0.327345 96.084031 147.114375
1 10 9 0.312179 0.361897 0.325924 113.329908 158.224039
1 10 9 0.219234 0.418692 0.362074 111.682082 158.203141
1 10 9 0.553921 0.020175 0.425903 116.070819 150.810243
1 10 9 0.888941 0.029167 0.081892 126.989649 144.482770
1 10 9 0.548284 0.327901 0.123815 122.146110 147.316936
1 10 9 0.639736 0.114644 0.245620 123.034369 149.192575
1 10 9 0.601844 0.182005 0.216151 122.161276 147.915820
1 10 9 0.327798 0.455948 0.216253 116.840833 153.596281
1 10 9 0.364589 0.487286 0.148125 118.343608 157.779538
1 10 9 0.428909 0.358075 0.213016 120.385060 154.260758
1 2 10 0.258083 0.133303 0.608615 134.152599 155.249290
1 2 10 0.176837 0.339400 0.483762 141.922573 150.813626
1 2 10 0.568097 0.142157 0.289747 136.156353 148.288451
1 2 10 0.113043 0.534450 0.352507 150.706505 146.562580
1 2 10 0.806646 0.133577 0.059776 134.316295 139.737932
1 2 10 0.586329 0.003870 0.409800 128.674382 148.665832
1 2 10 0.364710 0.295820 0.339470 140.524815 149.561882
1 2 10 0.625782 0.125264 0.248954 136.097852 147.046631
1 2 10 0.038854 0.769270 0.191875 159.157208 142.528466
1 2 10 0.829673 0.151352 0.018975 138.248232 139.479047
2 11 10 0.269319 0.295914 0.434767 148.670361 157.293687
2 11 10 0.985982 0.012809 0.001209 167.791823 138.839653
2 11 10 0.716897 0.068037 0.215066 159.548035 146.732121
2 11 10 0.465690 0.470776 0.063534 162.855722 151.153846
2 11 10 0.664221 0.164875 0.170904 163.141003 147.972210
2 11 10 0.419070 0.102591 0.478339 147.577288 152.622190
2 11 10 0.653400 0.058265 0.288336 153.975996 145.941423
2 11 10 0.396173 0.384138 0.219689 161.893954 153.975227
2 11 10 0.199007 0.691199 0.109794 160.498946 160.246159
2 11 10 0.250424 0.256858 0.492717 144.182159 158.757929
2 3 11 0.490625 0.460248 0.049126 186.720592 141.240525
2 3 11 0.762733 0.044498 0.192769 170.049442 141.382487
2 3 11 0.433941 0.467175 0.098885 183.660579 141.251993
2 3 11 0.267536 0.468888 0.263576 185.800988 147.423589
2 3 11 0.966120 0.030690 0.003190 167.072935 138.587196
2 3 11 0.739515 0.209304 0.051181 176.177175 140.932417
2 3 11 0.147903 0.299417 0.552680 176.685563 153.283913
2 3 11 0.032227 0.364082 0.603690 176.323357 150.623992
2 3 11 0.078581 0.119288 0.802131 165.499556 156.851771
2 3 11 0.159550 0.428526 0.411924 181.702110 150.044929
3 12 11 0.527780 0.212758 0.259462 194.152442 149.149945
3 12 11 0.687406 0.192589 0.120005 199.302262 147.080204
3 12 11 0.978406 0.000681 0.020912 205.948615 136.824662
3 12 11 0.703377 0.269491 0.027132 204.820458 146.693263
3 12 11 0.837052 0.076224 0.086725 203.242387 140.668929
3 12 11 0.977224 0.001802 0.020974 207.015816 140.437924
3 12 11 0.156440 0.069502 0.774058 175.891109 159.752132
3 12 11 0.089606 0.904352 0.006042 205.708268 164.648998
3 12 11 0.552383 0.149767 0.297850 195.462787 149.785426
3 12 11 0.534465 0.461076 0.004458 204.298882 143.008449
3 4 12 0.164290 0.106881 0.728829 210.630146 160.133672
3 4 12 0.605135 0.013615 0.381249 206.716662 147.129554
3 4 12 0.973262 0.022518 0.004219 206.158219 138.218807
3 4 12 0.711174 0.215885 0.072941 216.720434 141.137308
3 4 12 0.433265 0.428018 0.138717 223.213341 139.621371
3 4 12 0.452823 0.128018 0.419159 210.170660 147.292491
3 4 12 0.135131 0.852388 0.012482 237.098096 139.080097
3 4 12 0.944318 0.033340 0.022341 207.464898 137.574061
3 4 12 0.680982 0.175610 0.143408 214.821078 138.476166
3 4 12 0.323079 0.422018 0.254903 218.276668 144.419306
4 13 12 0.276542 0.661229 0.062228 237.343203 157.058211
4 13 12 0.640161 0.143007 0.216832 234.034329 150.176234
4 13 12 0.711668 0.166713 0.121619 239.084497 146.117326
4 13 12 0.694247 0.148535 0.157217 237.083505 147.396939
4 13 12 0.377089 0.143609 0.479302 227.719947 155.966361
4 13 12 0.275962 0.485772 0.238265 235.032113 152.593623
4 13 12 0.352443 0.283715 0.363842 229.650133 151.973356
4 13 12 0.609605 0.383707 0.006688 244.392526 150.615960
4 13 12 0.944258 0.023495 0.032247 240.425326 142.932535
4 13 12 0.753971 0.060550 0.185479 234.582295 143.900230
4 5 13 0.984909 0.010923 0.004168 242.955843 137.536953
4 5 13 0.736640 0.048063 0.215297 245.298463 145.699797
4 5 13 0.581019 0.337420 0.081561 256.083690 142.345142
4 5 13 0.559388 0.253076 0.187537 252.773936 145.270307
4 5 13 0.568686 0.247600 0.183714 255.852735 142.138555
4 5 13 0.778428 0.104581 0.116991 247.665980 143.994135
4 5 13 0.858270 0.133790 0.007940 250.007718 139.005458
4 5 13 0.324154 0.556144 0.119702 264.650557 142.596093
4 5 13 0.498175 0.129449 0.372376 247.481166 147.078330
4 5 13 0.219845 0.075333 0.704822 248.827289 158.498747
5 14 13 0.747716 0.025528 0.226756 275.359935 147.923075
5 14 13 0.691799 0.292043 0.016159 282.475927 143.071712
5 14 13 0.254783 0.401894 0.343322 271.033579 154.538962
5 14 13 0.486796 0.501183 0.012020 287.222673 149.359402
5 14 13 0.563101 0.219566 0.217333 273.201632 149.754457
5 14 13 0.934052 0.034213 0.031735 281.860369 141.241484
5 14 13 0.505552 0.108399 0.386049 269.459769 157.703085
5 14 13 0.160679 0.710169 0.129151 277.958045 156.948660
5 14 13 0.898671 0.043209 0.058119 282.855193 143.117564
5 14 13 0.856254 0.002570 0.141176 275.705174 141.955176
5 6 14 0.089860 0.204423 0.705717 291.890791 155.698867
5 6 14 0.363860 0.149587 0.486552 289.959436 150.318471
5 6 14 0.456592 0.337499 0.205909 298.684698 147.575748
5 6 14 0.083189 0.844915 0.071896 317.876619 139.931602
5 6 14 0.916806 0.061444 0.021751 287.337666 140.898066
5 6 14 0.372555 0.463258 0.164187 302.749936 140.933772
5 6 14 0.221044 0.591356 0.187599 307.974803 145.833899
5 6 14 0.422953 0.213320 0.363727 296.313040 147.565052
5 6 14 0.502053 0.440116 0.057831 300.237309 142.235941
5 6 14 0.887165 0.000601 0.112234 288.306649 141.851892
6 15 14 0.279690 0.688875 0.031436 325.274158 157.473025
6 15 14 0.750849 0.147496 0.101655 320.569335 145.348905
6 15 14 0.968197 0.017579 0.014225 321.155830 139.924332
6 15 14 0.406660 0.242914 0.350426 311.628004 153.631354
6 15 14 0.870110 0.124008 0.005882 322.558836 141.327167
6 15 14 0.439469 0.383848 0.176683 318.988157 154.312840
6 15 14 0.436611 0.478808 0.084581 319.689404 150.744425
6 15 14 0.572360 0.156616 0.271023 315.396360 151.418449
6 15 14 0.133087 0.739680 0.127232 323.385522 162.460389
6 15 14 0.617025 0.042066 0.340909 310.154617 146.504074
6 7 15 0.704749 0.079057 0.216193 328.415655 144.527247
6 7 15 0.885594 0.103431 0.010975 326.486211 141.371328
6 7 15 0.418679 0.432035 0.149286 336.995735 142.696265
6 7 15 0.616266 0.036202 0.347533 325.654840 148.777954
6 7 15 0.536859 0.035093 0.428048 323.836264 151.043170
6 7 15 0.812714 0.027741 0.159545 323.388847 145.187103
6 7 15 0.522108 0.074135 0.403756 329.718401 151.110018
6 7 15 0.628376 0.086526 0.285098 322.018561 144.822612
6 7 15 0.673654 0.217271 0.109075 330.463633 140.272525
6 7 15 0.098268 0.884582 0.017150 359.665861 138.694487
7 16 15 0.019040 0.441084 0.539876 350.126357 166.836531
7 16 15 0.311729 0.064289 0.623982 343.797641 161.778059
7 16 15 0.219962 0.236599 0.543439 345.565807 156.414592
7 16 15 0.741395 0.119080 0.139526 356.823514 146.766275
7 16 15 0.152124 0.470841 0.377035 351.761735 159.228119
7 16 15 0.313663 0.282303 0.404034 349.117662 157.696226
7 16 15 0.075504 0.701511 0.222985 361.180151 162.165680
7 16 15 0.273408 0.605978 0.120614 363.613570 157.298115
7 16 15 0.140441 0.840135 0.019424 367.958862 156.316390
7 16 15 0.272090 0.472748 0.255162 355.643568 154.267513
7 8 16 0.113015 0.602313 0.284672 387.764960 148.232906
7 8 16 0.144841 0.557392 0.297767 383.967377 148.861663
7 8 16 0.591945 0.262782 0.145273 374.188516 145.571531
7 8 16 0.977219 0.013851 0.008930 363.995045 143.159876
7 8 16 0.686769 0.120311 0.192920 369.771048 144.756283
7 8 16 0.374624 0.261738 0.363639 374.514773 149.991730
7 8 16 0.943993 0.027425 0.028581 364.005044 142.494065
7 8 16 0.783700 0.083971 0.132328 367.235820 143.392092
7 8 16 0.559937 0.130283 0.309779 371.555522 145.626653
7 8 16 0.287659 0.295360 0.416981 376.669236 149.986822
8 17 16 0.122624 0.080203 0.797173 376.686193 160.874749
8 17 16 0.907822 0.019800 0.072377 399.199585 141.980651
8 17 16 0.669778 0.303226 0.026996 401.973573 149.278000
8 17 16 0.234708 0.239444 0.525848 384.635180 154.552540
8 17 16 0.003682 0.091377 0.904941 371.856190 162.974003
8 17 16 0.907977 0.061067 0.030957 401.631311 139.281548
8 17 16 0.874499 0.072234 0.053267 398.398365 147.419865
8 17 16 0.228651 0.338241 0.433108 390.689974 159.160865
8 17 16 0.669396 0.258591 0.072013 399.730804 145.766666
8 17 16 0.921112 0.055019 0.023869 397.991050 142.661133
9 10 18 0.790697 0.083279 0.126023 87.616262 170.546301
9 10 18 0.257941 0.026246 0.715813 85.974863 190.305964
9 10 18 0.334073 0.154762 0.511165 88.658009 185.420890
9 10 18 0.682118 0.088694 0.229188 84.745508 172.352861
9 10 18 0.312778 0.422786 0.264436 101.896848 176.580966
9 10 18 0.866596 0.079277 0.054127 87.508826 166.938680
9 10 18 0.918577 0.018958 0.062465 82.024213 167.358582
9 10 18 0.090149 0.035189 0.874662 81.260903 196.921154
9 10 18 0.207549 0.265118 0.527333 88.116972 185.712020
9 10 18 0.760095 0.174961 0.064945 92.370375 167.116749
10 19 18 0.606127 0.308508 0.085365 116.871187 181.845490
10 19 18 0.468150 0.097549 0.434300 102.128676 188.407278
10 19 18 0.197768 0.282787 0.519445 96.013392 192.349941
10 19 18 0.323135 0.301621 0.375245 103.394461 191.514566
10 19 18 0.929618 0.005558 0.064825 119.467318 164.159212
10 19 18 0.696907 0.292843 0.010250 119.753690 175.461960
10 19 18 0.620745 0.363647 0.015609 122.729879 181.286616
10 19 18 0.539206 0.248451 0.212343 111.748691 175.587914
10 19 18 0.239346 0.715006 0.045648 116.512800 195.090791
10 19 18 0.852510 0.126461 0.021029 123.177911 169.316613
10 11 19 0.903523 0.001699 0.094777 123.719023 167.967297
10 11 19 0.784709 0.090001 0.125290 125.858613 169.001509
10 11 19 0.215889 0.207390 0.576721 130.592673 187.308530
10 11 19 0.091759 0.859889 0.048352 156.301141 167.938759
10 11 19 0.639593 0.121311 0.239096 129.627887 171.596032
10 11 19 0.303660 0.290074 0.406266 129.995438 181.541154
10 11 19 0.463806 0.407296 0.128898 136.026778 169.705243
10 11 19 0.343511 0.359040 0.297450 138.442045 174.930412
10 11 19 0.137848 0.762467 0.099685 155.140105 168.533912
10 11 19 0.343075 0.085411 0.571514 122.937691 187.253578
11 20 19 0.781955 0.090025 0.128020 153.532001 174.898611
11 20 19 0.565772 0.068892 0.365336 146.426652 180.951078
11 20 19 0.927064 0.047881 0.025055 163.667903 165.241127
11 20 19 0.728117 0.018271 0.253613 150.104823 175.757367
11 20 19 0.111831 0.675486 0.212683 149.706153 199.440550
11 20 19 0.060820 0.693367 0.245813 148.637765 201.771140
11 20 19 0.339201 0.252730 0.408069 144.259644 191.556435
11 20 19 0.865680 0.119314 0.015006 160.194426 168.443669
11 20 19 0.304430 0.543300 0.152270 151.497659 190.497664
11 20 19 0.207664 0.610054 0.182282 157.465979 194.459771
11 12 20 0.927198 0.067366 0.005437 166.345032 162.410537
11 12 20 0.346250 0.327868 0.325883 177.252294 175.439703
11 12 20 0.934375 0.059023 0.006602 166.077475 164.607008
11 12 20 0.876276 0.015824 0.107900 164.468898 170.205835
11 12 20 0.043088 0.907480 0.049432 198.424458 166.269951
11 12 20 0.019058 0.029681 0.951261 162.907368 198.902227
11 12 20 0.981102 0.000668 0.018231 165.071279 166.494751
11 12 20 0.321792 0.415833 0.262375 177.611030 173.235420
11 12 20 0.935815 0.064159 0.000026 167.320020 162.014645
11 12 20 0.745093 0.211733 0.043174 168.342235 168.773709
12 21 20 0.707647 0.021341 0.271012 191.172176 172.595141
12 21 20 0.280325 0.488917 0.230758 187.311440 190.020627
12 21 20 0.016061 0.878056 0.105883 193.822191 198.990162
12 21 20 0.746068 0.059290 0.194642 196.407197 174.566448
12 21 20 0.715230 0.140360 0.144410 198.009529 174.703458
12 21 20 0.876574 0.028697 0.094729 200.919878 167.882459
12 21 20 0.891962 0.027978 0.080060 203.006662 170.047764
12 21 20 0.182146 0.493507 0.324347 187.412101 195.964532
12 21 20 0.194778 0.519804 0.285418 189.148969 191.369267
12 21 20 0.297085 0.513066 0.189849 190.248289 188.060049
12 13 21 0.592045 0.071371 0.336584 205.540933 177.207807
12 13 21 0.154861 0.260626 0.584513 208.648475 186.249115
12 13 21 0.061866 0.826811 0.111323 232.788050 168.278709
12 13 21 0.367252 0.368964 0.263784 217.496682 175.475910
12 13 21 0.047430 0.313569 0.639001 214.912646 188.150562
12 13 21 0.680867 0.304408 0.014725 220.155538 165.691894
12 13 21 0.114639 0.797061 0.088300 232.559580 171.030835
12 13 21 0.109641 0.296310 0.594049 215.043845 187.575934
12 13 21 0.613871 0.237669 0.148460 211.703027 168.215188
12 13 21 0.249739 0.524535 0.225726 221.715181 179.221021
13 22 21 0.802894 0.036664 0.160442 234.484015 168.504172
13 22 21 0.332008 0.294595 0.373397 225.558629 187.201185
13 22 21 0.310833 0.090329 0.598837 217.814661 188.193397
13 22 21 0.435226 0.484681 0.080094 240.546235 186.767344
13 22 21 0.417341 0.477270 0.105389 238.261346 184.858351
13 22 21 0.894382 0.102321 0.003297 244.101393 170.891268
13 22 21 0.734998 0.206652 0.058350 240.954843 174.263989
13 22 21 0.776058 0.067444 0.156498 231.896493 175.268061
13 22 21 0.644954 0.127134 0.227912 231.646071 179.019561
13 22 21 0.586443 0.191150 0.222407 230.335997 178.153003
13 14 22 0.815087 0.136667 0.048245 252.083994 163.819060
13 14 22 0.198157 0.309475 0.492368 256.738660 179.720942
13 14 22 0.935079 0.064608 0.000313 245.867149 163.146331
13 14 22 0.707594 0.259754 0.032652 250.259862 164.052810
13 14 22 0.691823 0.273892 0.034285 254.007599 167.315157
13 14 22 0.340067 0.047800 0.612133 245.041748 186.641877
13 14 22 0.982031 0.001905 0.016065 240.187690 165.486569
13 14 22 0.855683 0.119917 0.024400 245.952274 163.031880
13 14 22 0.349827 0.620299 0.029874 269.202080 166.655372
13 14 22 0.549869 0.005428 0.444703 241.343854 183.277905
14 23 22 0.677102 0.084396 0.238502 272.264413 176.449874
14 23 22 0.878432 0.017362 0.104205 281.570508 168.127829
14 23 22 0.311704 0.335763 0.352533 272.854946 190.817285
14 23 22 0.399385 0.053095 0.547520 261.029979 186.169692
14 23 22 0.840895 0.102619 0.056486 283.593730 171.481978
14 23 22 0.340519 0.027748 0.631733 256.336263 189.960892
14 23 22 0.247573 0.506246 0.246181 276.309274 192.806696
14 23 22 0.104995 0.511977 0.383028 266.578713 199.269439
14 23 22 0.311812 0.612160 0.076028 282.444716 191.217522
14 23 22 0.132719 0.706357 0.160923 276.404926 196.778219
14 15 23 0.757339 0.009529 0.233133 287.377478 171.847772
14 15 23 0.504257 0.317153 0.178590 296.799577 171.389152
14 15 23 0.227267 0.692204 0.080529 311.616576 166.502138
14 15 23 0.079006 0.855659 0.065335 324.206516 167.511632
14 15 23 0.118477 0.734849 0.146675 317.092785 172.307310
14 15 23 0.945152 0.009386 0.045463 284.806028 166.372980
14 15 23 0.407529 0.308731 0.283741 302.416040 173.629441
14 15 23 0.363609 0.568688 0.067703 310.364356 164.121503
14 15 23 0.278757 0.472302 0.248941 304.250446 174.127935
14 15 23 0.042698 0.927598 0.029704 325.537254 166.434345
15 24 23 0.468105 0.387274 0.144621 321.329315 187.201471
15 24 23 0.341359 0.382403 0.276239 317.117069 188.733091
15 24 23 0.601743 0.267503 0.130754 321.481436 179.555569
15 24 23 0.695658 0.025651 0.278691 315.067053 173.981781
15 24 23 0.356430 0.608713 0.034857 325.443479 187.685030
15 24 23 0.433968 0.162370 0.403662 313.584586 183.648459
15 24 23 0.287755 0.645763 0.066482 326.275753 191.045122
15 24 23 0.783453 0.201207 0.015340 327.410421 172.026266
15 24 23 0.949172 0.027483 0.023345 329.415967 169.228916
15 24 23 0.964635 0.030993 0.004372 325.811704 165.680797
15 16 24 0.673064 0.124795 0.202141 332.355440 172.119056
15 16 24 0.523935 0.313964 0.162101 336.807673 173.731581
15 16 24 0.643864 0.279223 0.076913 339.661977 168.572096
15 16 24 0.172413 0.383639 0.443948 344.441523 179.725958
15 16 24 0.869103 0.031817 0.099080 326.568306 167.460144
15 16 24 0.639971 0.037953 0.322076 330.441813 179.206497
15 16 24 0.068728 0.638809 0.292463 353.955837 175.906099
15 16 24 0.439862 0.552674 0.007464 353.099422 165.174809
15 16 24 0.536539 0.146316 0.317145 332.957477 180.477269
15 16 24 0.769838 0.184241 0.045922 331.116105 168.357781
16 25 24 0.828207 0.070289 0.101503 366.984018 172.392183
16 25 24 0.113088 0.676880 0.210033 364.585648 199.944415
16 25 24 0.411988 0.374406 0.213607 360.278797 185.089445
16 25 24 0.573725 0.280758 0.145517 363.069831 183.409076
16 25 24 0.854612 0.125547 0.019842 369.893982 171.527888
16 25 24 0.624114 0.017898 0.357988 356.163997 180.215218
16 25 24 0.098810 0.363394 0.537795 348.298608 196.974121
16 25 24 0.505025 0.311018 0.183957 364.504406 183.046961
16 25 24 0.268099 0.396343 0.335559 353.069706 188.051601
16 25 24 0.707439 0.291208 0.001353 371.003902 172.532922
16 17 25 0.503269 0.175227 0.321505 377.637978 174.097845
16 17 25 0.139500 0.065028 0.795472 373.659599 193.477965
16 17 25 0.922746 0.066638 0.010615 370.171431 166.585715
16 17 25 0.613555 0.033825 0.352621 373.332923 175.627415
16 17 25 0.755812 0.170576 0.073612 376.882267 167.446297
16 17 25 0.176474 0.334335 0.489190 385.346280 186.064957
16 17 25 0.194155 0.317725 0.488120 381.057491 181.772540
16 17 25 0.328087 0.586873 0.085041 395.774785 166.500750
16 17 25 0.959226 0.032745 0.008028 370.792746 167.516813
16 17 25 0.951767 0.001874 0.046360 370.550854 165.043870
17 26 25 0.471436 0.109793 0.418771 392.804951 176.535101
17 26 25 0.263452 0.046919 0.689630 381.381860 192.181682
17 26 25 0.154653 0.638811 0.206536 405.959222 192.045134
17 26 25 0.615205 0.207118 0.177677 405.534444 176.469388
17 26 25 0.700651 0.186450 0.112899 406.348589 176.187184
17 26 25 0.563220 0.162225 0.274555 400.395546 176.824916
17 26 25 0.971424 0.011890 0.016686 407.329251 162.428834
17 26 25 0.141001 0.261177 0.597822 389.636938 193.971696
17 26 25 0.151650 0.287782 0.560568 389.203461 196.865419
17 26 25 0.177189 0.345490 0.477321 391.662006 196.316785
18 19 27 0.309630 0.161929 0.528442 82.175411 224.585832
18 19 27 0.067252 0.392833 0.539915 89.442916 228.572635
18 19 27 0.010023 0.836659 0.153318 108.993722 207.969094
18 19 27 0.067748 0.762954 0.169298 107.552741 211.032285
18 19 27 0.007256 0.231276 0.761467 88.043072 235.030782
18 19 27 0.048062 0.379837 0.572101 89.344044 226.603590
18 19 27 0.904034 0.092364 0.003602 79.262926 200.152957
18 19 27 0.781608 0.185953 0.032439 86.094526 202.128570
18 19 27 0.292352 0.158773 0.548875 83.959924 225.286881
18 19 27 0.870779 0.002007 0.127215 75.521860 210.206618
19 28 27 0.990501 0.007066 0.002433 120.780682 200.915938
19 28 27 0.769690 0.004883 0.225427 106.061449 212.301940
19 28 27 0.285558 0.375904 0.338538 108.038590 231.622712
19 28 27 0.091812 0.379560 0.528628 97.656869 240.034773
19 28 27 0.210894 0.096801 0.692305 88.870953 237.050049
19 28 27 0.442033 0.339254 0.218714 108.321384 227.039044
19 28 27 0.512094 0.355727 0.132179 110.414778 219.999303
19 28 27 0.580033 0.009295 0.410672 100.267831 216.136738
19 28 27 0.153594 0.494964 0.351442 104.884552 241.309222
19 28 27 0.706788 0.260416 0.032796 117.440353 212.958131
19 20 28 0.323948 0.574469 0.101584 140.857934 204.976517
19 20 28 0.889132 0.098377 0.012491 120.274402 204.032573
19 20 28 0.705518 0.013745 0.280737 115.244390 214.450300
19 20 28 0.646103 0.277878 0.076019 129.896348 211.176830
19 20 28 0.217805 0.419402 0.362792 133.660172 218.124929
19 20 28 0.797959 0.059838 0.142203 121.059148 211.658535
19 20 28 0.672080 0.191976 0.135944 123.938056 206.466015
19 20 28 0.587873 0.130607 0.281520 121.986651 214.057342
19 20 28 0.478272 0.509090 0.012638 137.173705 201.546101
19 20 28 0.961930 0.024920 0.013150 119.863980 202.193844
20 29 28 0.482838 0.375658 0.141503 151.448594 224.472951
20 29 28 0.618362 0.058852 0.322786 146.154567 218.336911
20 29 28 0.252355 0.724518 0.023128 156.698822 233.026871
20 29 28 0.799909 0.142016 0.058074 154.486377 208.461671
20 29 28 0.863734 0.072406 0.063860 158.774702 211.482291
20 29 28 0.433434 0.113732 0.452834 141.657913 230.019878
20 29 28 0.180575 0.041676 0.777749 123.678263 238.429651
20 29 28 0.481062 0.045307 0.473630 137.721108 225.827291
20 29 28 0.966924 0.026928 0.006148 160.207147 209.543137
20 29 28 0.882488 0.062593 0.054919 153.698498 207.392977
20 21 29 0.425499 0.123848 0.450653 162.617099 218.719331
20 21 29 0.869564 0.066836 0.063599 161.499471 209.334320
20 21 29 0.941949 0.007523 0.050528 159.167839 202.918579
20 21 29 0.458404 0.365209 0.176387 171.488264 210.396110
20 21 29 0.844455 0.017045 0.138500 160.091357 208.608927
20 21 29 0.494373 0.351396 0.154231 174.294089 212.688135
20 21 29 0.578544 0.107983 0.313473 160.238666 217.314566
20 21 29 0.054680 0.679953 0.265366 182.968914 212.949443
20 21 29 0.571408 0.287911 0.140681 172.221360 208.930905
20 21 29 0.224037 0.618361 0.157601 183.590881 206.967828
21 30 29 0.519217 0.455381 0.025402 199.663998 220.095126
21 30 29 0.134228 0.061965 0.803807 169.208605 237.806803
21 30 29 0.989705 0.010129 0.000166 194.992289 201.025561
21 30 29 0.075308 0.384110 0.540583 175.508439 242.367533
21 30 29 0.811720 0.180647 0.007633 200.544616 211.563114
21 30 29 0.337653 0.432265 0.230082 188.771130 233.339227
21 30 29 0.342892 0.300266 0.356842 184.577014 231.403581
21 30 29 0.348863 0.225302 0.425835 180.982822 229.260582
21 30 29 0.609734 0.162547 0.227718 184.793275 214.509241
21 30 29 0.295968 0.592498 0.111534 197.540206 227.896139
21 22 30 0.413410 0.420761 0.165829 217.823014 207.179810
21 22 30 0.704588 0.023396 0.272017 200.437306 210.382390
21 22 30 0.949947 0.010436 0.039617 197.513016 201.279288
21 22 30 0.630254 0.209075 0.160670 210.420906 210.849327
21 22 30 0.851089 0.029602 0.119309 201.334260 207.242942
21 22 30 0.470387 0.509765 0.019848 221.691173 199.810182
21 22 30 0.606300 0.338888 0.054811 207.891800 203.540347
21 22 30 0.213814 0.272976 0.513211 211.860844 225.027808
21 22 30 0.729980 0.199627 0.070393 207.411805 205.074021
21 22 30 0.767981 0.180829 0.051190 208.070267 202.788954
22 31 30 0.464060 0.376865 0.159075 231.322803 220.463047
22 31 30 0.553121 0.126587 0.320292 225.566172 216.814418
22 31 30 0.201797 0.356280 0.441923 225.149117 234.423885
22 31 30 0.339436 0.007362 0.653201 210.216199 230.025198
22 31 30 0.722595 0.014276 0.263129 226.422915 212.095193
22 31 30 0.964902 0.019145 0.015954 240.589653 201.752425
22 31 30 0.393759 0.423360 0.182881 230.582143 227.648429
22 31 30 0.003448 0.259319 0.737233 209.116560 242.853704
22 31 30 0.002042 0.610568 0.387390 222.864474 245.829677
22 31 30 0.487556 0.250630 0.261814 227.689123 222.454570
22 23 31 0.558293 0.360774 0.080933 257.509999 203.702356
22 23 31 0.477892 0.145193 0.376915 248.252288 216.761417
22 23 31 0.931591 0.014617 0.053791 242.484516 203.253572
22 23 31 0.408657 0.295880 0.295463 250.825277 212.594734
22 23 31 0.210831 0.085548 0.703621 246.317376 229.968557
22 23 31 0.184404 0.193518 0.622078 250.095038 229.920435
22 23 31 0.613880 0.370664 0.015456 257.490614 202.827067
22 23 31 0.499465 0.424971 0.075565 262.541539 204.954659
22 23 31 0.769951 0.074706 0.155343 246.178993 207.946246
22 23 31 0.546507 0.372674 0.080819 257.162325 203.026408
23 32 31 0.275137 0.048683 0.676180 257.437350 232.916211
23 32 31 0.606440 0.066692 0.326868 267.826559 217.395206
23 32 31 0.541979 0.104014 0.354007 269.459986 216.550634
23 32 31 0.807670 0.178175 0.014155 287.328358 209.230884
23 32 31 0.826771 0.021406 0.151823 281.993310 208.996196
23 32 31 0.210354 0.731216 0.058430 282.733965 236.900781
23 32 31 0.130903 0.755900 0.113196 279.338216 239.840750
23 32 31 0.980024 0.016878 0.003098 284.792509 200.951224
23 32 31 0.470269 0.469528 0.060203 283.771766 223.527807
23 32 31 0.697175 0.023944 0.278881 277.855668 215.479259
23 24 32 0.126581 0.531782 0.341637 306.846629 217.250680
23 24 32 0.899933 0.047911 0.052156 288.806204 203.960915
23 24 32 0.538075 0.020048 0.441877 284.330521 219.915022
23 24 32 0.131740 0.474540 0.393721 301.387728 220.106561
23 24 32 0.293978 0.145336 0.560686 292.784949 226.850504
23 24 32 0.937983 0.058902 0.003115 289.438542 204.704166
23 24 32 0.517095 0.260054 0.222851 296.650413 210.572009
23 24 32 0.852400 0.115678 0.031922 293.667429 200.572912
23 24 32 0.847253 0.144709 0.008038 289.417389 203.119614
23 24 32 0.248208 0.682498 0.069293 315.464754 204.280139
24 33 32 0.879261 0.043183 0.077556 321.856755 208.066452
24 33 32 0.522317 0.018776 0.458906 308.611996 224.875765
24 33 32 0.779295 0.022240 0.198466 316.282600 209.181748
24 33 32 0.586933 0.292517 0.120550 319.505986 221.726872
24 33 32 0.637559 0.135008 0.227433 314.814518 216.413092
24 33 32 0.635556 0.347445 0.016999 327.277810 216.919771
24 33 32 0.891954 0.021131 0.086915 322.530049 205.463923
24 33 32 0.923987 0.061093 0.014920 325.400723 199.971158
24 33 32 0.837007 0.138816 0.024177 327.574806 205.299712
24 33 32 0.167512 0.473681 0.358807 313.095114 234.678856
24 25 33 0.008024 0.768411 0.223565 361.955019 209.026070
24 25 33 0.128868 0.195061 0.676071 336.820290 226.714133
24 25 33 0.721176 0.274439 0.004384 336.517392 201.188615
24 25 33 0.397862 0.474114 0.128024 345.993146 205.707571
24 25 33 0.268632 0.657160 0.074208 354.123714 200.349543
24 25 33 0.162289 0.643886 0.193825 356.618374 210.170371
24 25 33 0.509161 0.356111 0.134728 341.693979 207.702122
24 25 33 0.775159 0.108530 0.116311 334.804279 205.762011
24 25 33 0.338481 0.059808 0.601711 334.547059 228.608914
24 25 33 0.612493 0.041964 0.345543 324.029659 216.723480
25 34 33 0.114389 0.009129 0.876483 334.134845 234.778617
25 34 33 0.311827 0.427206 0.260967 363.538347 229.638322
25 34 33 0.343555 0.512137 0.144308 365.369667 227.058981
25 34 33 0.087515 0.333567 0.578918 346.829583 238.239247
25 34 33 0.719936 0.218412 0.061652 368.237154 209.597417
25 34 33 0.974821 0.004622 0.020557 371.682295 200.716646
25 34 33 0.084207 0.478755 0.437038 350.773895 237.542971
25 34 33 0.729919 0.121916 0.148165 367.507242 211.866659
25 34 33 0.291244 0.281956 0.426800 354.281284 230.232138
25 34 33 0.957293 0.018550 0.024156 362.173437 206.210409
25 26 34 0.140775 0.283037 0.576188 385.597726 228.138008
25 26 34 0.237849 0.621926 0.140225 396.591897 207.230910
25 26 34 0.681334 0.225176 0.093489 383.767083 204.902622
25 26 34 0.926026 0.032311 0.041663 374.096307 201.049486
25 26 34 0.341051 0.589210 0.069739 398.797233 199.674513
25 26 34 0.830136 0.008965 0.160899 374.789098 208.699937
25 26 34 0.831013 0.024895 0.144092 372.834827 205.997849
25 26 34 0.516822 0.450075 0.033103 389.969580 203.796754
25 26 34 0.123598 0.399265 0.477136 389.023219 219.232924
25 26 34 0.383995 0.096121 0.519885 375.837806 222.315780
26 35 34 0.741006 0.071138 0.187856 409.009253 212.420699
26 35 34 0.431433 0.408651 0.159916 407.261236 219.541191
26 35 34 0.116053 0.852801 0.031146 418.495314 239.605352
26 35 34 0.943448 0.040723 0.015829 419.210943 201.185031
26 35 34 0.679386 0.052423 0.268192 403.734887 216.051856
26 35 34 0.964741 0.014272 0.020988 416.613406 197.207804
26 35 34 0.540693 0.421185 0.038121 415.727344 222.532210
26 35 34 0.650645 0.153080 0.196276 408.680058 218.217896
26 35 34 0.099211 0.499834 0.400955 399.600993 238.222498
26 35 34 0.798322 0.141103 0.060575 411.987760 211.966303
27 28 36 0.576691 0.121593 0.301716 83.881844 257.116583
27 28 36 0.724816 0.041156 0.234028 80.742923 254.780043
27 28 36 0.356956 0.232718 0.410325 92.101514 260.617538
27 28 36 0.855645 0.061579 0.082775 78.728262 246.019864
27 28 36 0.605953 0.307310 0.086738 91.271908 245.988873
27 28 36 0.588383 0.405426 0.006191 89.191465 243.421896
27 28 36 0.774793 0.180569 0.044638 86.324627 249.187334
27 28 36 0.313174 0.220981 0.465844 87.439182 259.641427
27 28 36 0.225821 0.484475 0.289703 102.850917 255.858767
27 28 36 0.464168 0.417975 0.117857 93.667565 252.801990
28 37 36 0.111333 0.453730 0.434938 107.229558 279.540589
28 37 36 0.518855 0.414484 0.066661 115.874824 264.416603
28 37 36 0.007766 0.147351 0.844883 95.426381 284.634630
28 37 36 0.352313 0.400612 0.247075 109.428453 267.405913
28 37 36 0.608412 0.306709 0.084879 119.463959 261.122379
28 37 36 0.130458 0.140761 0.728781 98.629936 280.265565
28 37 36 0.921778 0.011230 0.066992 114.178023 250.553846
28 37 36 0.075640 0.569492 0.354869 110.393493 281.517039
28 37 36 0.337460 0.174111 0.488430 102.771013 267.949767
28 37 36 0.534425 0.379652 0.085922 112.766006 260.297335
28 29 37 0.145158 0.408424 0.446418 133.416395 258.982813
28 29 37 0.913197 0.005219 0.081585 118.015513 251.094518
28 29 37 0.160487 0.807378 0.032136 152.296953 247.186207
28 29 37 0.275854 0.476513 0.247633 142.195152 255.183281
28 29 37 0.686611 0.277804 0.035584 128.283605 244.986436
28 29 37 0.850136 0.145008 0.004855 125.460703 244.600686
28 29 37 0.011244 0.948898 0.039858 153.342983 245.026628
28 29 37 0.017999 0.228374 0.753627 132.045005 277.546955
28 29 37 0.477572 0.317144 0.205284 132.911672 254.016470
28 29 37 0.221210 0.070925 0.707865 126.093723 271.203945
29 38 37 0.258987 0.641945 0.099068 156.862302 272.447400
29 38 37 0.617651 0.314504 0.067845 152.851635 257.411605
29 38 37 0.969252 0.007783 0.022965 156.306101 244.246341
29 38 37 0.195782 0.420062 0.384156 150.540044 277.143173
29 38 37 0.229290 0.557513 0.213197 149.093197 273.705016
29 38 37 0.240307 0.701839 0.057853 157.789143 275.222000
29 38 37 0.933085 0.009686 0.057229 155.334103 249.437536
29 38 37 0.551227 0.349559 0.099214 155.939215 260.768877
29 38 37 0.943815 0.042625 0.013560 157.871690 247.738640
29 38 37 0.341137 0.517396 0.141468 154.221885 271.275166
29 30 38 0.125935 0.556728 0.317338 179.584344 257.291630
29 30 38 0.008736 0.655506 0.335758 186.965974 256.657652
29 30 38 0.031845 0.013453 0.954702 164.356622 282.232862
29 30 38 0.867970 0.091472 0.040558 162.313258 245.754238
29 30 38 0.438812 0.335357 0.225830 171.198466 257.475699
29 30 38 0.787690 0.050960 0.161350 159.176707 249.454964
29 30 38 0.522919 0.285614 0.191467 171.274612 251.621094
29 30 38 0.099324 0.440710 0.459966 178.969359 261.904466
29 30 38 0.469287 0.310235 0.220478 175.898989 251.178477
29 30 38 0.811951 0.000639 0.187411 156.789571 251.135356
30 39 38 0.077683 0.687746 0.234571 193.257857 279.706657
30 39 38 0.550750 0.157446 0.291805 187.627322 266.214497
30 39 38 0.273668 0.149629 0.576703 175.261392 274.740706
30 39 38 0.170019 0.171509 0.658472 173.727131 281.830460
30 39 38 0.962605 0.020770 0.016625 202.316338 247.766291
30 39 38 0.491875 0.468067 0.040058 201.473216 268.077717
30 39 38 0.121983 0.053787 0.824230 170.325700 281.520614
30 39 38 0.443399 0.423342 0.133259 195.490938 268.119074
30 39 38 0.444535 0.219824 0.335641 187.396098 267.654403
30 39 38 0.675588 0.065101 0.259311 189.276846 257.520656
30 31 39 0.006974 0.516601 0.476425 223.626683 264.054614
30 31 39 0.993893 0.003688 0.002419 200.749968 245.454569
30 31 39 0.130802 0.172481 0.696717 205.922957 275.336059
30 31 39 0.375764 0.492127 0.132108 221.651239 250.690977
30 31 39 0.745762 0.100411 0.153827 202.177667 253.581417
30 31 39 0.876726 0.083789 0.039485 202.760431 247.087390
30 31 39 0.768447 0.230010 0.001544 209.449388 243.700333
30 31 39 0.948906 0.004549 0.046546 199.545892 244.515071
30 31 39 0.271086 0.537042 0.191872 221.569009 250.787562
30 31 39 0.300086 0.542679 0.157235 221.414824 251.153396
31 40 39 0.895126 0.025881 0.078993 238.796227 248.126886
31 40 39 0.885610 0.035131 0.079258 236.198558 249.982170
31 40 39 0.507181 0.456220 0.036599 240.419800 266.283750
31 40 39 0.682128 0.021827 0.296046 224.179176 256.780374
31 40 39 0.833669 0.132472 0.033859 238.624329 252.119627
31 40 39 0.825985 0.089760 0.084256 238.254195 250.295742
31 40 39 0.342471 0.555002 0.102528 235.622018 269.996803
31 40 39 0.854314 0.099420 0.046266 242.113445 254.281310
31 40 39 0.100785 0.584823 0.314392 227.606304 281.000078
31 40 39 0.565849 0.120542 0.313609 231.812730 261.606493
31 32 40 0.050028 0.914376 0.035596 278.963532 245.536839
31 32 40 0.521712 0.056567 0.421721 243.692301 261.183428
31 32 40 0.579800 0.404128 0.016072 255.946169 245.566630
31 32 40 0.126030 0.318302 0.555669 256.696372 269.429269
31 32 40 0.819998 0.058892 0.121110 244.014215 249.879350
31 32 40 0.235819 0.688362 0.075818 271.751816 245.628697
31 32 40 0.489051 0.184079 0.326870 248.299894 263.117953
31 32 40 0.402925 0.194133 0.402942 252.782353 258.050878
31 32 40 0.624241 0.252601 0.123158 253.673045 248.497377
31 32 40 0.916662 0.002396 0.080942 243.014923 248.188208
32 41 40 0.014317 0.407532 0.578151 256.446555 285.860441
32 41 40 0.458802 0.356079 0.185119 279.040564 266.032150
32 41 40 0.293319 0.531652 0.175029 278.741634 274.745954
32 41 40 0.160175 0.389909 0.449916 268.846576 283.470609
32 41 40 0.860639 0.042766 0.096595 277.908822 249.394257
32 41 40 0.648645 0.111813 0.239542 273.160674 258.065387
32 41 40 0.286595 0.165511 0.547894 260.072607 275.823504
32 41 40 0.939421 0.030748 0.029831 281.874036 246.805314
32 41 40 0.156323 0.357032 0.486646 263.339802 279.366716
32 41 40 0.410167 0.030431 0.559401 259.758046 269.615209
32 33 41 0.357335 0.421004 0.221662 302.980278 250.557565
32 33 41 0.041366 0.511376 0.447259 305.384367 263.553934
32 33 41 0.460460 0.365021 0.174518 301.577913 247.501703
32 33 41 0.921338 0.060210 0.018452 285.285726 244.673980
32 33 41 0.573680 0.056597 0.369723 283.335791 259.151796
32 33 41 0.841412 0.102269 0.056319 285.502697 244.924399
32 33 41 0.798943 0.190661 0.010396 292.715949 241.163193
32 33 41 0.734904 0.152265 0.112831 289.870650 247.963148
32 33 41 0.038159 0.098748 0.863092 290.099545 274.766450
32 33 41 0.346533 0.240944 0.412523 297.813509 258.044385
33 42 41 0.953426 0.007534 0.039040 325.852120 243.221770
33 42 41 0.241045 0.230463 0.528493 306.686167 275.913450
33 42 41 0.277228 0.333332 0.389440 311.642166 275.659328
33 42 41 0.711477 0.085773 0.202750 318.959720 257.296000
33 42 41 0.073897 0.052447 0.873656 290.816136 282.054059
33 42 41 0.969060 0.025997 0.004943 329.676223 241.778339
33 42 41 0.794107 0.089278 0.116615 323.929212 250.515395
33 42 41 0.347796 0.375155 0.277049 313.410720 272.045076
33 42 41 0.192843 0.380070 0.427086 306.777863 277.072353
33 42 41 0.997768 0.001557 0.000675 329.245891 241.835177
33 34 42 0.471066 0.248342 0.280592 341.499757 255.319860
33 34 42 0.691158 0.188222 0.120620 334.214311 247.898118
33 34 42 0.991273 0.007831 0.000895 324.477063 238.185277
33 34 42 0.247897 0.082280 0.669823 331.612790 275.083995
33 34 42 0.056247 0.444651 0.499102 347.226654 265.016002
33 34 42 0.801721 0.066865 0.131414 328.945169 249.973844
33 34 42 0.102786 0.852827 0.044387 366.224364 243.376567
33 34 42 0.438048 0.359523 0.202429 344.909780 252.776152
33 34 42 0.549367 0.101691 0.348941 330.958007 255.802653
33 34 42 0.472202 0.082450 0.445349 330.535928 265.384831
34 43 42 0.587477 0.327782 0.084741 373.628599 256.165894
34 43 42 0.857214 0.016763 0.126023 366.488792 247.794024
34 43 42 0.886981 0.111089 0.001930 372.997857 248.439602
34 43 42 0.709844 0.123390 0.166766 365.044886 256.561891
34 43 42 0.401980 0.286318 0.311701 356.886027 268.805943
34 43 42 0.354520 0.231644 0.413837 357.193730 267.400572
34 43 42 0.582998 0.242252 0.174750 366.781156 264.196771
34 43 42 0.556393 0.025943 0.417664 353.043069 263.635113
34 43 42 0.497145 0.153685 0.349170 354.812328 264.611683
34 43 42 0.363006 0.204021 0.432972 354.667609 268.484970
34 35 43 0.503000 0.036185 0.460815 369.139972 259.965833
34 35 43 0.828975 0.067254 0.103771 374.831645 246.572406
34 35 43 0.590210 0.203001 0.206789 379.618339 251.123817
34 35 43 0.663199 0.157178 0.179623 380.188797 252.912578
34 35 43 0.592509 0.103844 0.303648 376.748865 258.369945
34 35 43 0.195483 0.661025 0.143491 401.785452 247.210859
34 35 43 0.773576 0.202160 0.024264 379.631135 240.982675
34 35 43 0.310340 0.039192 0.650467 373.444716 275.011306
34 35 43 0.323772 0.467505 0.208722 392.490418 253.287800
34 35 43 0.374063 0.163060 0.462877 373.964613 261.579319
35 44 43 0.751328 0.154490 0.094181 413.966611 250.714255
35 44 43 0.199097 0.164751 0.636151 387.218122 276.977058
35 44 43 0.408127 0.129350 0.462523 393.419714 271.071418
35 44 43 0.070727 0.243735 0.685538 383.757037 279.056304
35 44 43 0.343064 0.048797 0.608139 385.888815 271.114173
35 44 43 0.670687 0.291984 0.037329 416.594697 255.082512
35 44 43 0.876041 0.006364 0.117595 410.184478 245.792133
35 44 43 0.976356 0.021898 0.001746 422.159636 244.177484
35 44 43 0.095065 0.011171 0.893764 378.212064 282.685217
35 44 43 0.941218 0.055699 0.003084 417.383304 243.064275
36 37 45 0.548893 0.389631 0.061477 100.596144 286.969081
36 37 45 0.790593 0.027987 0.181420 90.645212 286.939234
36 37 45 0.800682 0.134909 0.064408 92.810909 288.469348
36 37 45 0.536898 0.457124 0.005978 100.434441 282.026817
36 37 45 0.298626 0.414597 0.286776 104.824024 293.217452
36 37 45 0.343667 0.102337 0.553996 100.788607 300.534146
36 37 45 0.868517 0.066395 0.065089 89.506173 284.710810
36 37 45 0.339979 0.608218 0.051804 106.886078 284.642604
36 37 45 0.761368 0.139498 0.099134 93.036893 286.143740
36 37 45 0.929654 0.059787 0.010559 88.767855 282.222924
37 46 45 0.401317 0.350393 0.248289 122.204802 298.513721
37 46 45 0.925581 0.004900 0.069519 120.414651 287.578795
37 46 45 0.547841 0.039551 0.412608 112.708757 296.643395
37 46 45 0.590322 0.085230 0.324448 115.178023 297.926671
37 46 45 0.055767 0.120718 0.823516 104.372967 312.193418
37 46 45 0.631615 0.032423 0.335962 112.465901 297.294467
37 46 45 0.728859 0.097540 0.173601 122.056329 289.060265
37 46 45 0.240959 0.451270 0.307771 120.656580 306.176861
37 46 45 0.595507 0.302350 0.102143 126.474380 295.620072
37 46 45 0.497986 0.269877 0.232137 117.364879 297.746121
37 38 46 0.317197 0.682569 0.000234 148.588155 282.346769
37 38 46 0.661150 0.099291 0.239559 129.287075 294.108593
37 38 46 0.543603 0.131684 0.324713 131.943919 291.495989
37 38 46 0.422998 0.198614 0.378388 133.235139 296.369454
37 38 46 0.829752 0.137967 0.032281 129.428338 288.248549
37 38 46 0.479116 0.062162 0.458722 128.229325 296.649928
37 38 46 0.255482 0.130255 0.614263 135.146134 303.584742
37 38 46 0.970908 0.014255 0.014837 122.644614 282.338174
37 38 46 0.831296 0.130123 0.038581 128.732687 282.733054
37 38 46 0.126865 0.504244 0.368891 143.983387 295.679407
38 47 46 0.373703 0.338693 0.287604 154.800914 305.286561
38 47 46 0.613802 0.188327 0.197871 158.036301 296.783789
38 47 46 0.697984 0.189647 0.112370 156.188381 296.099692
38 47 46 0.138202 0.583749 0.278050 159.022933 311.288174
38 47 46 0.743322 0.174087 0.082591 159.358118 290.999152
38 47 46 0.694634 0.305117 0.000249 164.352300 295.013498
38 47 46 0.013499 0.358413 0.628089 146.923048 313.749165
38 47 46 0.354348 0.349375 0.296277 154.280784 308.378314
38 47 46 0.806864 0.086291 0.106846 160.935021 292.794215
38 47 46 0.091639 0.828503 0.079858 167.482970 314.139749
38 39 47 0.844752 0.079899 0.075349 166.161060 289.637311
38 39 47 0.935959 0.025815 0.038226 161.140841 285.065741
38 39 47 0.288293 0.235651 0.476056 179.899699 300.437475
38 39 47 0.980092 0.003145 0.016764 160.953405 285.226756
38 39 47 0.759106 0.180421 0.060473 167.582033 292.127836
38 39 47 0.922442 0.060125 0.017433 164.912333 284.652033
38 39 47 0.745460 0.144722 0.109818 169.393350 286.708825
38 39 47 0.984480 0.012423 0.003097 161.239666 283.850040
38 39 47 0.632929 0.161701 0.205370 168.525702 289.790792
38 39 47 0.613451 0.067381 0.319168 167.393568 294.849352
39 48 47 0.481703 0.081338 0.436959 189.277623 302.132135
39 48 47 0.017346 0.320856 0.661798 179.977007 315.734515
39 48 47 0.907566 0.090426 0.002008 200.090475 291.342608
39 48 47 0.205974 0.451153 0.342873 189.873774 309.947338
39 48 47 0.993040 0.004293 0.002667 200.946789 282.743347
39 48 47 0.839246 0.134011 0.026743 200.170675 289.649817
39 48 47 0.081501 0.268326 0.650173 182.913280 312.257766
39 48 47 0.829267 0.044000 0.126733 197.275755 291.865551
39 48 47 0.981167 0.010607 0.008226 199.273771 284.699202
39 48 47 0.286924 0.165857 0.547219 182.296343 308.636785
39 40 48 0.242476 0.081393 0.676131 205.837710 307.394592
39 40 48 0.155925 0.052056 0.792019 205.099512 313.424021
39 40 48 0.892738 0.052027 0.055235 202.122765 290.422648
39 40 48 0.603774 0.095967 0.300259 203.239352 293.684833
39 40 48 0.503004 0.460176 0.036820 220.261675 286.279620
39 40 48 0.865894 0.088821 0.045286 202.637949 288.526940
39 40 48 0.969066 0.023830 0.007103 202.586798 286.543870
39 40 48 0.196663 0.178858 0.624480 211.026071 307.297580
39 40 48 0.682018 0.231847 0.086135 209.479396 288.893004
39 40 48 0.652458 0.038261 0.309281 204.373003 298.468724
40 49 48 0.629967 0.033673 0.336361 227.370152 298.635991
40 49 48 0.495958 0.329338 0.174704 238.578707 298.863981
40 49 48 0.634720 0.198497 0.166784 232.116694 299.287910
40 49 48 0.097805 0.633609 0.268586 233.480428 318.022273
40 49 48 0.979571 0.007846 0.012583 241.476785 284.736134
40 49 48 0.746397 0.084658 0.168945 234.744438 295.392729
40 49 48 0.171931 0.776466 0.051602 241.974136 314.419361
40 49 48 0.367348 0.621885 0.010767 242.711850 306.332000
40 49 48 0.660644 0.296630 0.042726 239.749745 298.114269
40 49 48 0.319473 0.236855 0.443671 221.681981 310.853965
40 41 49 0.970757 0.005733 0.023510 243.105967 288.938462
40 41 49 0.865268 0.071354 0.063378 242.067149 289.225699
40 41 49 0.929735 0.053900 0.016365 241.732502 290.219623
40 41 49 0.281954 0.295479 0.422567 253.725215 301.075940
40 41 49 0.853472 0.018016 0.128512 242.605533 292.579213
40 41 49 0.818042 0.127874 0.054084 250.001014 289.881160
40 41 49 0.136394 0.179382 0.684224 249.290982 311.242869
40 41 49 0.889594 0.060149 0.050257 243.047184 293.365051
40 41 49 0.246189 0.153855 0.599956 247.400554 303.214850
40 41 49 0.795368 0.007208 0.197425 241.282768 293.385241
41 50 49 0.214510 0.670912 0.114579 276.059243 312.948299
41 50 49 0.000081 0.529468 0.470450 266.602503 318.811300
41 50 49 0.996820 0.002683 0.000497 284.905688 289.088256
41 50 49 0.464288 0.395005 0.140706 279.804708 307.576070
41 50 49 0.985036 0.013339 0.001626 285.570279 287.602053
41 50 49 0.279685 0.288899 0.431416 268.785554 313.046295
41 50 49 0.428852 0.324505 0.246643 273.675944 309.442245
41 50 49 0.902589 0.075964 0.021447 281.790162 291.356134
41 50 49 0.856555 0.135842 0.007603 285.012945 293.015105
41 50 49 0.536720 0.239432 0.223849 274.886638 304.923803
41 42 50 0.717832 0.008003 0.274165 283.730413 297.106994
41 42 50 0.999276 0.000143 0.000581 285.010162 286.111570
41 42 50 0.234454 0.645350 0.120196 311.028243 289.923549
41 42 50 0.808769 0.184833 0.006398 296.991318 286.299171
41 42 50 0.795121 0.180306 0.024573 295.480811 287.230674
41 42 50 0.244648 0.082664 0.672688 290.838484 310.555061
41 42 50 0.086499 0.572062 0.341439 309.876176 298.782869
41 42 50 0.665428 0.047182 0.287390 288.258523 292.345489
41 42 50 0.736047 0.105309 0.158644 291.058322 291.114708
41 42 50 0.493939 0.203085 0.302976 291.491339 298.776536
42 51 50 0.133964 0.124625 0.741411 292.844990 317.949744
42 51 50 0.178243 0.575258 0.246499 312.896320 316.913302
42 51 50 0.299341 0.551332 0.149326 321.535599 308.185576
42 51 50 0.595681 0.119672 0.284646 316.337672 300.691478
42 51 50 0.711665 0.212258 0.076077 321.446827 297.753116
42 51 50 0.084516 0.429924 0.485559 307.042763 317.481789
42 51 50 0.573116 0.160107 0.266777 313.430844 300.762027
42 51 50 0.349023 0.330691 0.320286 310.666131 309.672290
42 51 50 0.382257 0.323930 0.293813 316.414030 311.182268
42 51 50 0.544177 0.188497 0.267326 315.343219 302.073206
42 43 51 0.806069 0.081336 0.112594 331.138930 288.568100
42 43 51 0.849035 0.123976 0.026989 329.839258 286.413341
42 43 51 0.349729 0.131401 0.518870 333.343461 305.102324
42 43 51 0.010045 0.670486 0.319469 354.262499 299.830886
42 43 51 0.217512 0.197198 0.585291 334.492007 309.635435
42 43 51 0.085847 0.015398 0.898755 326.791162 320.141055
42 43 51 0.003519 0.430682 0.565799 346.880557 305.389920
42 43 51 0.264920 0.180327 0.554753 335.487279 309.327465
42 43 51 0.374085 0.141863 0.484052 334.357697 306.101107
42 43 51 0.509556 0.015755 0.474689 326.907761 304.702479
43 52 51 0.828421 0.009546 0.162033 362.643364 291.786421
43 52 51 0.180984 0.580322 0.238694 355.464530 315.727430
43 52 51 0.362569 0.353245 0.284186 357.413957 311.058686
43 52 51 0.177964 0.351442 0.470594 346.128693 315.554623
43 52 51 0.207222 0.288458 0.504320 345.616315 316.440878
43 52 51 0.050971 0.757622 0.191407 358.065655 320.303886
43 52 51 0.620563 0.009938 0.369499 357.629791 304.510627
43 52 51 0.541911 0.138966 0.319123 357.826409 303.188277
43 52 51 0.923881 0.041116 0.035003 369.112220 287.117207
43 52 51 0.159617 0.244264 0.596119 344.612249 316.216549
43 44 52 0.681642 0.273682 0.044676 384.923686 288.699765
43 44 52 0.958631 0.012071 0.029298 372.443913 287.870652
43 44 52 0.277710 0.240284 0.482006 382.951939 302.106856
43 44 52 0.364327 0.318708 0.316966 384.710881 296.607507
43 44 52 0.717449 0.180498 0.102053 380.104161 289.823644
43 44 52 0.806869 0.003676 0.189455 370.056935 293.303917
43 44 52 0.658690 0.181265 0.160045 379.772891 295.245077
43 44 52 0.973253 0.001566 0.025181 376.076918 289.110746
43 44 52 0.044842 0.231110 0.724048 378.296033 315.025264
43 44 52 0.812109 0.020376 0.167514 371.502896 294.595524
44 53 52 0.991755 0.000509 0.007736 415.518711 285.678408
44 53 52 0.190590 0.193191 0.616220 384.333261 319.382015
44 53 52 0.159331 0.755143 0.085525 409.688918 323.983161
44 53 52 0.152097 0.270678 0.577225 387.224678 322.133142
44 53 52 0.139454 0.424922 0.435624 391.185725 318.376410
44 53 52 0.422014 0.488805 0.089181 414.731301 308.568583
44 53 52 0.283383 0.585595 0.131022 407.612783 309.779394
44 53 52 0.701601 0.107900 0.190498 407.531120 300.435670
44 53 52 0.690570 0.181615 0.127815 415.313674 297.328792
44 53 52 0.210207 0.354846 0.434947 392.678791 318.160917
45 46 54 0.419276 0.492772 0.087952 117.048163 315.744381
45 46 54 0.362546 0.561713 0.075742 120.682791 316.605830
45 46 54 0.248089 0.466230 0.285681 116.401986 322.881055
45 46 54 0.267446 0.527465 0.205089 118.890160 319.675043
45 46 54 0.700090 0.255816 0.044094 105.224985 312.793630
45 46 54 0.762959 0.109772 0.127269 103.417982 313.150855
45 46 54 0.805088 0.112342 0.082570 102.642719 310.863583
45 46 54 0.219572 0.407165 0.373263 116.382977 320.903762
45 46 54 0.633476 0.120016 0.246508 107.469815 319.284800
45 46 54 0.936933 0.022425 0.040642 96.064587 312.468515
46 55 54 0.518566 0.207686 0.273748 128.378813 322.452428
46 55 54 0.461957 0.501809 0.036234 136.793225 322.849166
46 55 54 0.810898 0.071519 0.117583 130.891563 316.627390
46 55 54 0.810708 0.005192 0.184100 131.076747 319.029111
46 55 54 0.044982 0.940963 0.014055 141.645013 335.227910
46 55 54 0.065328 0.008066 0.926605 112.474598 331.158518
46 55 54 0.118201 0.530479 0.351320 131.628586 335.061296
46 55 54 0.810997 0.044635 0.144368 129.180502 320.653639
46 55 54 0.113939 0.644357 0.241704 135.019743 334.081969
46 55 54 0.383971 0.074437 0.541592 119.342298 325.100978
46 47 55 0.346459 0.651326 0.002215 156.309815 318.195837
46 47 55 0.994728 0.000859 0.004414 136.095138 315.701534
46 47 55 0.921956 0.004387 0.073657 131.883402 315.951722
46 47 55 0.804234 0.054643 0.141123 135.543815 317.636237
46 47 55 0.810452 0.003063 0.186485 136.929046 322.939594
46 47 55 0.981733 0.002323 0.015944 134.319067 314.471204
46 47 55 0.956062 0.001564 0.042374 129.588495 313.941185
46 47 55 0.545169 0.055063 0.399768 141.144476 324.814588
46 47 55 0.902671 0.066907 0.030421 136.729459 315.035327
46 47 55 0.598231 0.092881 0.308888 140.563275 324.358266
47 56 55 0.061076 0.187615 0.751309 151.000125 338.838784
47 56 55 0.351930 0.005368 0.642703 153.093260 330.109511
47 56 55 0.261703 0.584528 0.153770 172.950626 331.692315
47 56 55 0.349064 0.615957 0.034979 175.168766 334.375662
47 56 55 0.095008 0.241901 0.663091 149.611950 337.086003
47 56 55 0.381592 0.197966 0.420442 162.293017 333.444115
47 56 55 0.019641 0.546783 0.433576 158.572335 337.680026
47 56 55 0.135846 0.214643 0.649511 153.870225 334.155481
47 56 55 0.470169 0.402048 0.127783 171.011074 329.249511
47 56 55 0.338084 0.426008 0.235908 165.854001 327.693457
47 48 56 0.052260 0.521432 0.426308 188.856949 329.545952
47 48 56 0.400493 0.308252 0.291255 184.132327 322.549769
47 48 56 0.101434 0.205321 0.693244 182.691402 338.717756
47 48 56 0.774218 0.019830 0.205952 172.624660 322.757586
47 48 56 0.180534 0.771004 0.048462 191.772339 319.289971
47 48 56 0.273050 0.249564 0.477385 181.518772 331.199821
47 48 56 0.464947 0.190050 0.345003 179.990288 325.014851
47 48 56 0.572896 0.135442 0.291663 175.791982 321.720033
47 48 56 0.740497 0.231772 0.027731 178.289987 317.502232
47 48 56 0.708274 0.030516 0.261209 172.104909 323.969586
48 57 56 0.254801 0.207663 0.537536 194.533828 335.653994
48 57 56 0.194497 0.709161 0.096342 203.443521 337.854896
48 57 56 0.470040 0.522951 0.007009 209.501915 329.614807
48 57 56 0.831681 0.069407 0.098912 204.287772 326.270589
48 57 56 0.868358 0.103760 0.027882 204.623782 321.848284
48 57 56 0.022659 0.001726 0.975614 180.878364 338.809527
48 57 56 0.181236 0.284952 0.533812 193.783104 340.578640
48 57 56 0.096556 0.572906 0.330537 199.891604 334.797252
48 57 56 0.916364 0.066860 0.016777 203.659242 321.995980
48 57 56 0.711030 0.248306 0.040664 206.101338 325.314720
48 49 57 0.778288 0.216386 0.005326 213.767979 321.735878
48 49 57 0.774318 0.089344 0.136338 207.087441 323.151824
48 49 57 0.481129 0.402338 0.116533 215.295051 323.810294
48 49 57 0.005458 0.218925 0.775617 217.480107 335.856938
48 49 57 0.418550 0.165575 0.415875 213.886098 328.434630
48 49 57 0.955961 0.034022 0.010018 207.253790 318.569271
48 49 57 0.970911 0.000361 0.028728 203.456170 320.723478
48 49 57 0.175201 0.245710 0.579089 217.947399 332.750228
48 49 57 0.873072 0.117894 0.009034 209.613120 315.041940
48 49 57 0.006681 0.024873 0.968446 211.908094 340.828947
49 58 57 0.915557 0.022259 0.062184 241.669865 320.985751
49 58 57 0.064512 0.563330 0.372157 233.113325 339.604515
49 58 57 0.630459 0.176702 0.192838 240.669889 332.093925
49 58 57 0.346958 0.474935 0.178106 236.998459 336.584737
49 58 57 0.940530 0.015933 0.043537 241.871066 319.931568
49 58 57 0.824856 0.163946 0.011198 243.679714 325.262893
49 58 57 0.035230 0.256164 0.708605 221.340195 344.985497
49 58 57 0.666970 0.041787 0.291243 231.678914 328.547412
49 58 57 0.356631 0.372031 0.271337 236.156474 333.564353
49 58 57 0.985486 0.004778 0.009736 239.381629 320.398313
49 50 58 0.829301 0.013127 0.157572 243.643974 325.830090
49 50 58 0.310557 0.577393 0.112050 268.829306 325.991656
49 50 58 0.063156 0.328917 0.607927 259.156242 333.473655
49 50 58 0.569477 0.146034 0.284489 251.550020 325.239638
49 50 58 0.931257 0.024168 0.044575 243.576885 318.816629
49 50 58 0.068770 0.860698 0.070532 279.060827 317.186937
49 50 58 0.718467 0.167891 0.113643 249.325847 323.953754
49 50 58 0.296518 0.681088 0.022394 274.300967 317.968777
49 50 58 0.645521 0.278166 0.076313 254.509479 322.383385
49 50 58 0.223554 0.168909 0.607537 254.208574 334.258011
50 59 58 0.519903 0.461529 0.018568 286.403324 332.311943
50 59 58 0.650641 0.082466 0.266893 275.431681 327.146409
50 59 58 0.611597 0.019594 0.368810 273.018750 334.002719
50 59 58 0.866946 0.014738 0.118315 280.814934 330.638988
50 59 58 0.723431 0.121191 0.155379 277.986540 324.437909
50 59 58 0.460053 0.039353 0.500595 264.780579 333.644662
50 59 58 0.194909 0.609354 0.195737 279.956099 341.720369
50 59 58 0.554973 0.074750 0.370277 269.010903 333.235967
50 59 58 0.410384 0.375362 0.214254 278.005535 338.881758
50 59 58 0.316527 0.394846 0.288627 274.484508 340.622550
50 51 59 0.774429 0.014134 0.211437 284.284045 331.927743
50 51 59 0.260437 0.188890 0.550673 293.047041 335.672657
50 51 59 0.777592 0.142968 0.079440 294.186057 325.423843
50 51 59 0.286614 0.485997 0.227390 303.774833 329.834926
50 51 59 0.926414 0.013828 0.059757 280.434593 323.096440
50 51 59 0.477365 0.436952 0.085684 300.546171 321.759917
50 51 59 0.513579 0.068037 0.418385 286.484059 332.394611
50 51 59 0.474134 0.314329 0.211537 295.748544 330.033084
50 51 59 0.123981 0.137234 0.738785 289.963758 343.250386
50 51 59 0.391075 0.221002 0.387923 293.629462 330.867323
51 60 59 0.164682 0.727092 0.108226 320.995065 344.149970
51 60 59 0.092572 0.197805 0.709623 297.196464 345.202115
51 60 59 0.543133 0.377907 0.078960 320.914522 337.495717
51 60 59 0.836679 0.139575 0.023745 327.425208 325.011407
51 60 59 0.535097 0.433018 0.031885 326.759111 338.079722
51 60 59 0.714515 0.145331 0.140154 318.842663 328.033803
51 60 59 0.931921 0.010162 0.057917 319.598751 323.035943
51 60 59 0.633226 0.163168 0.203606 316.005758 336.741309
51 60 59 0.751985 0.218748 0.029267 321.329704 329.878365
51 60 59 0.158400 0.581520 0.260080 315.029065 345.519842
51 52 60 0.767301 0.108284 0.124415 332.782589 327.796032
51 52 60 0.451682 0.544505 0.003813 353.676274 326.118347
51 52 60 0.487388 0.434635 0.077978 341.777525 325.892699
51 52 60 0.185469 0.193947 0.620584 328.136004 344.409812
51 52 60 0.189825 0.388953 0.421222 338.625929 336.842909
51 52 60 0.736147 0.135310 0.128542 333.534047 326.464916
51 52 60 0.537415 0.369725 0.092860 342.489105 328.783772
51 52 60 0.611344 0.352106 0.036550 337.986308 322.674650
51 52 60 0.759523 0.228354 0.012123 333.110802 322.489298
51 52 60 0.348624 0.171374 0.480002 332.785409 335.744664
52 61 60 0.007674 0.790509 0.201817 356.807779 351.727813
52 61 60 0.589154 0.029676 0.381170 350.144756 336.500628
52 61 60 0.327126 0.215675 0.457198 349.758734 346.629731
52 61 60 0.090922 0.053992 0.855087 326.590293 354.540037
52 61 60 0.407542 0.150374 0.442084 345.940350 342.675409
52 61 60 0.689095 0.001413 0.309492 351.578287 333.059363
52 61 60 0.103702 0.466031 0.430267 344.408855 349.898470
52 61 60 0.977716 0.021363 0.000921 370.941921 323.319012
52 61 60 0.052000 0.485842 0.462158 346.960201 351.893738
52 61 60 0.311786 0.037454 0.650760 336.074229 345.980661
52 53 61 0.563048 0.257143 0.179808 378.261030 329.590717
52 53 61 0.906118 0.037304 0.056577 368.195055 327.931472
52 53 61 0.154590 0.255435 0.589974 374.325726 345.335213
52 53 61 0.032404 0.567807 0.399789 387.016098 338.004281
52 53 61 0.213615 0.672026 0.114359 394.757365 331.073243
52 53 61 0.219639 0.738988 0.041374 400.585609 330.913596
52 53 61 0.460260 0.220757 0.318983 373.275437 334.329476
52 53 61 0.701678 0.253022 0.045301 379.682943 325.619416
52 53 61 0.910939 0.046074 0.042987 370.136993 329.480850
52 53 61 0.037085 0.518991 0.443923 389.418126 339.282718
53 62 61 0.418758 0.234523 0.346719 394.096683 348.000194
53 62 61 0.358390 0.334618 0.306992 394.814252 350.119058
53 62 61 0.823488 0.034574 0.141937 404.706084 333.842152
53 62 61 0.804550 0.038035 0.157416 408.508932 332.289043
53 62 61 0.248630 0.618675 0.132695 400.678851 344.952962
53 62 61 0.995218 0.003945 0.000837 414.152088 325.932538
53 62 61 0.200517 0.110874 0.688609 380.321939 350.506401
53 62 61 0.466283 0.173665 0.360053 392.398874 341.113706
53 62 61 0.798982 0.006376 0.194642 402.474615 332.136516
53 62 61 0.114901 0.746853 0.138246 398.351408 345.961657
54 55 63 0.859974 0.059153 0.080873 109.785473 334.274773
54 55 63 0.792191 0.166918 0.040890 116.154173 338.996821
54 55 63 0.485106 0.089409 0.425486 119.000234 342.783850
54 55 63 0.811928 0.105759 0.082313 113.872342 338.050126
54 55 63 0.885083 0.064784 0.050133 114.129785 335.356036
54 55 63 0.838931 0.037044 0.124024 111.500458 336.794571
54 55 63 0.436450 0.362558 0.200991 122.513477 340.637809
54 55 63 0.811913 0.169932 0.018155 117.073499 335.659932
54 55 63 0.455374 0.173319 0.371306 121.653399 347.480132
54 55 63 0.749412 0.235250 0.015338 114.833540 332.758835
55 64 63 0.474365 0.142131 0.383504 134.628805 347.539410
55 64 63 0.327283 0.142517 0.530200 130.894331 351.107177
55 64 63 0.366327 0.175554 0.458119 136.224874 348.541496
55 64 63 0.866515 0.007423 0.126062 138.659837 340.174960
55 64 63 0.240219 0.255740 0.504041 135.701019 346.571448
55 64 63 0.117743 0.251724 0.630534 129.226754 353.335477
55 64 63 0.207740 0.631274 0.160986 148.566756 348.319487
55 64 63 0.479242 0.339379 0.181378 138.049053 346.289272
55 64 63 0.739985 0.230378 0.029637 141.762514 340.664273
55 64 63 0.731861 0.223802 0.044338 144.053191 342.859387
55 56 64 0.947680 0.039872 0.012448 139.916994 337.114023
55 56 64 0.436253 0.428274 0.135474 161.762524 340.927258
55 56 64 0.564482 0.422842 0.012676 156.658936 337.883232
55 56 64 0.801339 0.053745 0.144917 146.697049 340.563221
55 56 64 0.129800 0.466272 0.403929 162.255849 347.235222
55 56 64 0.630674 0.050013 0.319314 146.337538 343.861641
55 56 64 0.110816 0.750571 0.138613 169.743727 345.207260
55 56 64 0.389087 0.571190 0.039723 159.745525 339.895772
55 56 64 0.273317 0.533824 0.192859 168.465174 340.086918
55 56 64 0.433270 0.131475 0.435255 150.955620 346.837188
56 65 64 0.369385 0.045819 0.584796 165.910399 347.396932
56 65 64 0.837384 0.137554 0.025063 184.319999 344.558083
56 65 64 0.217280 0.094111 0.688610 161.464254 350.663097
56 65 64 0.667311 0.065271 0.267418 171.919799 344.080778
56 65 64 0.575689 0.262820 0.161491 176.229265 344.266811
56 65 64 0.712403 0.093742 0.193855 171.430452 342.870133
56 65 64 0.253898 0.273619 0.472483 166.334916 352.264474
56 65 64 0.931985 0.024645 0.043370 180.750479 340.645569
56 65 64 0.544046 0.429951 0.026003 182.134878 350.849445
56 65 64 0.300667 0.174391 0.524942 166.592788 351.218658
56 57 65 0.678239 0.041475 0.280286 181.128868 343.103333
56 57 65 0.920511 0.003345 0.076144 177.681781 342.215270
56 57 65 0.380019 0.614506 0.005474 201.764596 339.086881
56 57 65 0.481584 0.094187 0.424229 184.641199 348.983407
56 57 65 0.566061 0.218147 0.215792 190.786024 342.307528
56 57 65 0.788872 0.162512 0.048617 182.671369 341.086914
56 57 65 0.544518 0.302478 0.153004 189.551859 340.955222
56 57 65 0.670917 0.134592 0.194491 185.773472 342.645082
56 57 65 0.665168 0.055362 0.279470 181.756461 344.443668
56 57 65 0.083582 0.757572 0.158846 206.287519 346.801281
57 66 65 0.450064 0.093331 0.456605 201.294851 350.158798
57 66 65 0.497104 0.077564 0.425332 200.932445 348.905139
57 66 65 0.048203 0.030000 0.921797 188.084259 354.237190
57 66 65 0.414134 0.456040 0.129826 210.643788 352.695355
57 66 65 0.528205 0.119590 0.352205 201.952025 346.004818
57 66 65 0.038158 0.551660 0.410182 205.147301 358.167585
57 66 65 0.390401 0.486597 0.123003 213.054421 351.213782
57 66 65 0.337181 0.349658 0.313162 202.821322 351.587495
57 66 65 0.456349 0.112414 0.431237 200.210935 347.703528
57 66 65 0.868324 0.012673 0.119002 211.028842 344.721003
57 58 66 0.096233 0.709621 0.194146 238.166539 345.934107
57 58 66 0.634927 0.320584 0.044489 221.921657 344.341396
57 58 66 0.384716 0.573917 0.041367 235.027041 341.165561
57 58 66 0.277888 0.214561 0.507552 221.481624 351.061881
57 58 66 0.233754 0.653530 0.112716 235.171781 346.087666
57 58 66 0.295891 0.043731 0.660378 219.888610 349.063478
57 58 66 0.021274 0.256788 0.721938 222.735193 354.249303
57 58 66 0.519768 0.054223 0.426009 217.531735 345.748579
57 58 66 0.920037 0.044858 0.035104 212.727271 343.359399
57 58 66 0.851040 0.107123 0.041837 217.754988 343.197888
58 67 66 0.448212 0.233194 0.318593 239.605006 355.125539
58 67 66 0.607911 0.355702 0.036386 249.672691 354.181457
58 67 66 0.647438 0.183422 0.169140 242.196202 347.996343
58 67 66 0.857883 0.000314 0.141802 242.048116 349.256100
58 67 66 0.170572 0.034231 0.795197 224.747782 359.300694
58 67 66 0.149263 0.462230 0.388506 236.539869 357.076773
58 67 66 0.753642 0.217085 0.029273 243.833445 350.281650
58 67 66 0.380376 0.336099 0.283526 239.395529 354.212239
58 67 66 0.207782 0.339545 0.452673 233.586789 358.710876
58 67 66 0.669235 0.235826 0.094939 242.754545 354.268449
58 59 67 0.550957 0.085853 0.363190 255.598425 354.431766
58 59 67 0.210079 0.493914 0.296007 267.815857 352.331447
58 59 67 0.378749 0.072745 0.548506 252.212707 354.026969
58 59 67 0.730817 0.016443 0.252740 249.090059 348.121428
58 59 67 0.855591 0.091007 0.053401 251.206829 346.618752
58 59 67 0.993288 0.000615 0.006097 247.888211 348.544623
58 59 67 0.243715 0.672430 0.083855 273.315986 348.110088
58 59 67 0.142291 0.798624 0.059085 278.714556 347.133563
58 59 67 0.249674 0.557748 0.192578 269.847502 350.620540
58 59 67 0.001395 0.229995 0.768610 256.912323 357.563888
59 68 67 0.649738 0.030549 0.319713 274.731392 350.262850
59 68 67 0.376042 0.474667 0.149291 276.847243 357.545437
59 68 67 0.750524 0.221731 0.027745 284.045134 351.296224
59 68 67 0.169729 0.639521 0.190751 281.168456 364.589599
59 68 67 0.612958 0.207058 0.179984 280.114320 355.108429
59 68 67 0.277492 0.492509 0.229999 273.041468 364.575799
59 68 67 0.848369 0.120200 0.031431 285.280969 353.079460
59 68 67 0.435756 0.129604 0.434641 270.136204 353.500536
59 68 67 0.439292 0.002199 0.558509 264.405359 357.711754
59 68 67 0.058806 0.405361 0.535833 266.244978 360.368722
59 60 68 0.333010 0.525328 0.141662 304.061483 351.623397
59 60 68 0.784754 0.115847 0.099398 286.948303 350.192094
59 60 68 0.625425 0.305746 0.068829 294.704922 346.180801
59 60 68 0.207076 0.358437 0.434487 298.803234 360.032627
59 60 68 0.237524 0.669089 0.093387 309.949911 354.951191
59 60 68 0.114120 0.519406 0.366475 302.826596 359.697672
59 60 68 0.515275 0.186296 0.298429 290.070862 350.606889
59 60 68 0.102320 0.556276 0.341404 306.241492 354.777518
59 60 68 0.126865 0.157596 0.715539 288.733713 361.007760
59 60 68 0.238629 0.686274 0.075098 310.853469 349.929590
60 69 68 0.723474 0.121623 0.154903 316.464177 358.530849
60 69 68 0.703394 0.102033 0.194573 312.790669 356.233980
60 69 68 0.416784 0.270377 0.312839 308.997071 358.838659
60 69 68 0.750922 0.114394 0.134684 321.066361 355.062153
60 69 68 0.939901 0.015453 0.044646 323.222695 351.552536
60 69 68 0.445297 0.462854 0.091848 320.914944 365.839598
60 69 68 0.130607 0.132052 0.737341 292.444599 362.268141
60 69 68 0.517915 0.007270 0.474815 304.482977 356.399420
60 69 68 0.958035 0.009725 0.032240 319.931163 349.920365
60 69 68 0.000550 0.686509 0.312942 308.659890 370.725213
60 61 69 0.367543 0.203550 0.428907 327.475093 359.809074
60 61 69 0.808967 0.120964 0.070069 326.512305 350.935021
60 61 69 0.013817 0.798098 0.188085 355.027502 357.185801
60 61 69 0.981052 0.007159 0.011789 320.933709 349.230878
60 61 69 0.786940 0.050292 0.162768 325.074218 355.822748
60 61 69 0.937012 0.027972 0.035016 321.954218 351.336291
60 61 69 0.748642 0.153581 0.097777 326.620894 354.478925
60 61 69 0.707257 0.148777 0.143966 331.953273 356.512955
60 61 69 0.718670 0.104068 0.177262 330.143307 355.360068
60 61 69 0.246193 0.090553 0.663254 319.487942 363.386325
61 70 69 0.364529 0.500981 0.134490 354.973611 370.102118
61 70 69 0.845640 0.048484 0.105876 360.896609 356.073894
61 70 69 0.744227 0.246839 0.008934 362.895696 359.916606
61 70 69 0.851833 0.132721 0.015446 364.374705 358.023421
61 70 69 0.173622 0.810617 0.015761 357.934765 369.753233
61 70 69 0.757753 0.010263 0.231983 353.873480 358.806869
61 70 69 0.470997 0.427435 0.101569 352.013921 366.003569
61 70 69 0.415001 0.441451 0.143547 353.059410 364.614593
61 70 69 0.515353 0.027029 0.457618 342.825738 362.780185
61 70 69 0.463475 0.472330 0.064195 358.344420 369.537498
61 62 70 0.455986 0.135490 0.408524 368.315179 358.857291
61 62 70 0.719599 0.218133 0.062268 374.347821 357.077853
61 62 70 0.842152 0.079521 0.078327 364.316529 356.040813
61 62 70 0.398133 0.263369 0.338498 371.888175 359.878334
61 62 70 0.863543 0.060058 0.076399 365.827671 357.017766
61 62 70 0.112543 0.668304 0.219153 391.660136 356.784600
61 62 70 0.635627 0.127256 0.237117 362.870789 358.257763
61 62 70 0.107220 0.342426 0.550354 376.685671 366.337853
61 62 70 0.251939 0.744310 0.003751 397.270640 355.828805
61 62 70 0.276120 0.574865 0.149015 387.235853 353.994254
62 71 70 0.121131 0.595458 0.283411 386.831078 375.549968
62 71 70 0.386222 0.279694 0.334085 388.179004 370.168538
62 71 70 0.569059 0.002263 0.428678 385.501567 365.259151
62 71 70 0.937818 0.050201 0.011981 403.631154 358.974518
62 71 70 0.105242 0.377587 0.517171 375.930344 375.838596
62 71 70 0.640377 0.319843 0.039780 399.676393 364.913210
62 71 70 0.546231 0.163925 0.289844 388.034594 368.493274
62 71 70 0.531306 0.163316 0.305378 389.924170 364.526863
62 71 70 0.175245 0.611294 0.213461 388.447648 375.838746
62 71 70 0.741545 0.108921 0.149535 400.103374 357.151440
63 64 72 0.946658 0.011264 0.042078 121.303901 355.221848
63 64 72 0.391148 0.422261 0.186591 135.749222 355.248230
63 64 72 0.864273 0.024482 0.111245 123.683639 356.888432
63 64 72 0.036031 0.325775 0.638194 137.743471 363.513964
63 64 72 0.395232 0.385022 0.219746 133.757396 358.358034
63 64 72 0.496533 0.486644 0.016822 135.173563 353.308046
63 64 72 0.787188 0.130268 0.082544 129.042745 358.596076
63 64 72 0.476797 0.284337 0.238866 134.213736 357.187543
63 64 72 0.289093 0.353132 0.357775 134.024988 356.161752
63 64 72 0.241217 0.731938 0.026845 146.434808 355.398170
64 73 72 0.923070 0.049464 0.027467 149.963975 357.430078
64 73 72 0.019086 0.527768 0.453146 148.731996 365.307501
64 73 72 0.523897 0.316881 0.159223 151.823857 362.427473
64 73 72 0.063966 0.821055 0.114979 162.053098 369.439372
64 73 72 0.155702 0.764239 0.080059 160.318929 365.439031
64 73 72 0.825756 0.022067 0.152177 151.466759 353.576438
64 73 72 0.989912 0.009441 0.000646 152.927209 355.791906
64 73 72 0.996315 0.001654 0.002030 154.832652 357.563151
64 73 72 0.039546 0.587107 0.373347 153.257925 367.875982
64 73 72 0.218985 0.341268 0.439746 149.006387 362.318292
64 65 73 0.892202 0.028083 0.079715 152.245862 355.802902
64 65 73 0.012864 0.716089 0.271047 180.439087 362.589029
64 65 73 0.485474 0.319495 0.195031 170.553317 357.024986
64 65 73 0.727998 0.135841 0.136161 160.185296 356.994339
64 65 73 0.446101 0.198297 0.355602 162.024573 359.731022
64 65 73 0.590681 0.219804 0.189515 161.552685 357.716858
64 65 73 0.668395 0.133114 0.198491 160.512258 359.539278
64 65 73 0.113529 0.699111 0.187360 175.579876 357.264885
64 65 73 0.839109 0.000370 0.160520 157.028977 356.268725
64 65 73 0.908383 0.049801 0.041817 157.791560 353.569114
65 74 73 0.615263 0.377039 0.007698 186.779138 362.151293
65 74 73 0.241914 0.550883 0.207203 186.295419 365.198328
65 74 73 0.081430 0.057829 0.860741 167.308513 368.646620
65 74 73 0.620467 0.089330 0.290203 179.264187 361.082016
65 74 73 0.173015 0.421886 0.405099 182.271256 364.802981
65 74 73 0.976324 0.005567 0.018109 186.064368 354.509820
65 74 73 0.105385 0.568646 0.325968 182.624236 366.030064
65 74 73 0.551578 0.191290 0.257132 183.886218 358.938428
65 74 73 0.714820 0.216556 0.068624 187.977588 360.000659
65 74 73 0.139417 0.460711 0.399871 180.671908 369.500836
65 66 74 0.648831 0.192726 0.158443 190.843219 356.285945
65 66 74 0.173406 0.460900 0.365694 203.160518 359.113867
65 66 74 0.075309 0.695902 0.228789 209.680955 362.058015
65 66 74 0.241621 0.656693 0.101686 207.060120 356.848138
65 66 74 0.528178 0.184398 0.287424 197.743891 359.957176
65 66 74 0.594318 0.134781 0.270901 188.833955 358.024941
65 66 74 0.961441 0.004517 0.034042 185.476061 357.805730
65 66 74 0.073670 0.384489 0.541841 201.564790 360.226159
65 66 74 0.089787 0.007077 0.903136 193.407635 370.267525
65 66 74 0.040693 0.691173 0.268133 209.604596 360.218437
66 75 74 0.084515 0.357664 0.557821 208.666740 369.317159
66 75 74 0.305607 0.686404 0.007989 218.262846 369.421288
66 75 74 0.212279 0.720535 0.067186 220.112757 368.120342
66 75 74 0.719796 0.098089 0.182115 213.865751 362.054891
66 75 74 0.173289 0.439335 0.387376 215.061772 368.507521
66 75 74 0.449224 0.219915 0.330861 214.548889 366.524001
66 75 74 0.238267 0.109258 0.652474 201.355231 365.345163
66 75 74 0.711580 0.266279 0.022141 220.667273 361.479085
66 75 74 0.831110 0.032796 0.136094 215.152635 359.481938
66 75 74 0.134857 0.673338 0.191805 218.341308 372.025836
66 67 75 0.196345 0.681384 0.122271 239.969611 360.136671
66 67 75 0.074403 0.272786 0.652811 229.841692 368.516566
66 67 75 0.211179 0.191342 0.597479 229.413589 367.024348
66 67 75 0.181695 0.409641 0.408665 231.006738 366.057202
66 67 75 0.396108 0.577597 0.026295 242.336959 360.578868
66 67 75 0.421374 0.256125 0.322501 229.494742 364.556506
66 67 75 0.432285 0.069321 0.498394 225.686182 364.767306
66 67 75 0.559526 0.089441 0.351033 223.856977 362.230500
66 67 75 0.359197 0.522597 0.118206 236.446493 361.261943
66 67 75 0.735927 0.226874 0.037199 224.996806 359.704925
67 76 75 0.247457 0.149819 0.602724 237.181023 370.065973
67 76 75 0.313995 0.184268 0.501737 239.388959 368.462198
67 76 75 0.027247 0.626604 0.346149 242.728964 373.321687
67 76 75 0.739497 0.000023 0.260480 243.440802 365.618274
67 76 75 0.905223 0.048402 0.046375 251.181706 361.056114
67 76 75 0.386700 0.261610 0.351690 242.642839 374.471914
67 76 75 0.061956 0.479135 0.458909 239.201869 373.091925
67 76 75 0.719421 0.016680 0.263899 244.541468 364.711871
67 76 75 0.136171 0.446019 0.417810 237.408422 374.567396
67 76 75 0.805283 0.182295 0.012422 256.686431 367.457459
67 68 76 0.501102 0.322102 0.176795 265.724315 366.509845
67 68 76 0.479967 0.061316 0.458717 253.974176 367.744298
67 68 76 0.257797 0.154368 0.587835 260.696857 369.891453
67 68 76 0.962537 0.033036 0.004426 253.969400 361.879529
67 68 76 0.042919 0.209021 0.748060 262.456115 373.377368
67 68 76 0.065646 0.598874 0.335480 268.597741 367.166782
67 68 76 0.604560 0.280424 0.115016 262.679972 368.153465
67 68 76 0.363780 0.193068 0.443152 262.454789 369.952186
67 68 76 0.972199 0.021804 0.005997 252.547549 363.564307
67 68 76 0.283767 0.651185 0.065049 276.629211 362.935292
68 77 76 0.085192 0.464621 0.450188 274.321221 379.026615
68 77 76 0.053843 0.795256 0.150900 282.420993 380.027122
68 77 76 0.071642 0.268380 0.659978 267.127081 379.481819
68 77 76 0.943735 0.054366 0.001899 287.360420 367.032272
68 77 76 0.946509 0.022957 0.030535 284.785577 365.853989
68 77 76 0.371452 0.165462 0.463085 271.288603 372.465820
68 77 76 0.961844 0.037015 0.001141 284.262925 367.066344
68 77 76 0.185151 0.454099 0.360750 278.332789 375.646613
68 77 76 0.715067 0.107395 0.177537 278.728811 365.942808
68 77 76 0.699768 0.012695 0.287537 280.006733 368.385595
68 69 77 0.510420 0.063258 0.426322 286.717838 370.697750
68 69 77 0.059752 0.513336 0.426912 300.089500 373.103759
68 69 77 0.249429 0.133535 0.617036 293.631781 375.209088
68 69 77 0.359790 0.255391 0.384819 295.111937 372.684269
68 69 77 0.263243 0.152398 0.584359 294.781197 375.371179
68 69 77 0.461475 0.433393 0.105133 300.356006 370.824738
68 69 77 0.351718 0.326541 0.321742 296.900488 371.444281
68 69 77 0.458029 0.505854 0.036116 305.527355 368.436032
68 69 77 0.910209 0.053447 0.036344 286.662694 368.906703
68 69 77 0.725948 0.103221 0.170830 289.655111 366.918057
69 78 77 0.848849 0.000933 0.150219 317.922419 370.828265
69 78 77 0.860184 0.012314 0.127502 315.242997 372.170276
69 78 77 0.121670 0.751637 0.126693 313.398057 383.820699
69 78 77 0.253269 0.101016 0.645714 296.061139 378.985569
69 78 77 0.843446 0.149625 0.006928 319.886984 374.059221
69 78 77 0.147383 0.122439 0.730178 293.769099 380.550399
69 78 77 0.588081 0.258100 0.153819 314.503608 374.467936
69 78 77 0.256030 0.704650 0.039320 322.506177 381.820058
69 78 77 0.957462 0.014391 0.028147 320.840848 370.868302
69 78 77 0.284107 0.712792 0.003101 319.805145 382.910835
69 70 78 0.119349 0.386884 0.493766 336.424035 377.761325
69 70 78 0.222525 0.386456 0.391019 338.809147 378.512829
69 70 78 0.950675 0.044117 0.005209 322.720260 370.189738
69 70 78 0.884866 0.014233 0.100901 319.273783 374.077418
69 70 78 0.714715 0.272614 0.012671 330.466321 373.559153
69 70 78 0.166497 0.442302 0.391200 335.544526 378.162778
69 70 78 0.449995 0.017670 0.532335 326.371428 375.750677
69 70 78 0.689662 0.308869 0.001469 333.882478 370.472670
69 70 78 0.161926 0.402074 0.436000 331.557231 378.508113
69 70 78 0.658627 0.268357 0.073016 328.866834 371.300254
70 79 78 0.423258 0.156442 0.420300 342.346939 382.958297
70 79 78 0.447865 0.413774 0.138361 354.099297 382.264292
70 79 78 0.895032 0.100746 0.004221 357.476507 380.270228
70 79 78 0.144497 0.736356 0.119146 352.891017 388.834136
70 79 78 0.508481 0.113269 0.378250 344.066254 381.025057
70 79 78 0.424790 0.494375 0.080835 354.081774 388.019096
70 79 78 0.769722 0.102034 0.128245 354.352823 378.658272
70 79 78 0.345112 0.509648 0.145240 351.378973 386.845151
70 79 78 0.139874 0.767555 0.092570 353.274567 390.813658
70 79 78 0.279402 0.235598 0.484999 341.080884 385.531089
70 71 79 0.530705 0.160314 0.308980 364.742131 383.173646
70 71 79 0.824443 0.076802 0.098755 361.055254 379.403083
70 71 79 0.215357 0.633237 0.151405 385.038977 382.385703
70 71 79 0.544669 0.321760 0.133571 370.591159 381.625752
70 71 79 0.942840 0.007605 0.049555 357.838716 378.804890
70 71 79 0.796605 0.082992 0.120403 359.563114 379.282113
70 71 79 0.022848 0.119755 0.857397 360.502308 389.281382
70 71 79 0.095220 0.483065 0.421715 374.982049 382.365183
70 71 79 0.848712 0.023310 0.127978 356.419808 377.370584
70 71 79 0.164724 0.754746 0.080530 387.712339 378.263548
71 80 79 0.791386 0.148192 0.060422 394.390971 381.844371
71 80 79 0.973003 0.005704 0.021292 394.598511 381.278450
71 80 79 0.475385 0.477884 0.046731 395.850220 390.392536
71 80 79 0.635736 0.320001 0.044263 394.524402 388.705027
71 80 79 0.848873 0.082328 0.068800 397.068167 380.797771
71 80 79 0.759863 0.222953 0.017183 396.305184 385.375833
71 80 79 0.621067 0.210290 0.168643 388.861825 385.734245
71 80 79 0.143567 0.171088 0.685346 365.823663 391.624430
71 80 79 0.472113 0.470009 0.057878 393.817691 387.816454
71 80 79 0.437442 0.342279 0.220279 384.334256 389.964664
