0 1 9 0.058735 0.183892 0.757373 99.416985 160.717693
0 1 9 0.317610 0.646622 0.035768 126.148189 148.894845
0 1 9 0.482369 0.482084 0.035547 116.052281 148.475563
0 1 9 0.672740 0.309263 0.017996 110.549387 148.341691
0 1 9 0.204309 0.243369 0.552322 101.555698 155.551470
0 1 9 0.712487 0.240205 0.047307 108.385481 145.325836
0 1 9 0.760408 0.083643 0.155948 101.145859 151.835897
0 1 9 0.966590 0.029828 0.003582 102.071964 147.925188
0 1 9 0.365363 0.417088 0.217550 112.669753 145.969471
0 1 9 0.015498 0.762350 0.222152 126.059849 148.342168
1 10 9 0.516513 0.182860 0.300627 116.273032 155.177980
1 10 9 0.875760 0.054550 0.069690 130.814287 151.305315
1 10 9 0.509758 0.289654 0.200588 124.985294 157.311646
1 10 9 0.040329 0.498335 0.461336 110.054495 165.104983
1 10 9 0.075605 0.193972 0.730423 99.340237 166.781781
1 10 9 0.350483 0.503192 0.146325 128.469605 158.545164
1 10 9 0.239274 0.235337 0.525389 109.596209 163.215010
1 10 9 0.300997 0.324967 0.374035 116.792192 158.487336
1 10 9 0.116694 0.461876 0.421431 111.485386 163.617990
1 10 9 0.134426 0.701505 0.164068 119.387056 165.178449
1 2 10 0.715488 0.076307 0.208205 132.483533 150.811959
1 2 10 0.810134 0.049655 0.140211 140.280620 145.908453
1 2 10 0.971489 0.010786 0.017725 132.895932 142.558125
1 2 10 0.818637 0.069021 0.112342 139.742921 147.424570
1 2 10 0.527290 0.293771 0.178940 145.147109 146.227717
1 2 10 0.886267 0.034079 0.079654 137.350478 145.430182
1 2 10 0.060761 0.450099 0.489139 146.862917 154.854461
1 2 10 0.193236 0.172422 0.634343 135.343891 160.685078
1 2 10 0.441313 0.127108 0.431578 138.630885 154.405516
1 2 10 0.962858 0.004077 0.033065 136.805527 142.692715
2 11 10 0.146644 0.778128 0.075228 167.647016 161.496013
2 11 10 0.415373 0.120429 0.464198 153.784542 159.390536
2 11 10 0.228377 0.097164 0.674459 142.431059 164.114931
2 11 10 0.428553 0.261865 0.309581 157.978456 153.581439
2 11 10 0.645462 0.321702 0.032836 170.833349 152.665332
2 11 10 0.894727 0.069316 0.035957 170.580607 143.167613
2 11 10 0.838626 0.006345 0.155030 165.515706 147.503684
2 11 10 0.157004 0.720913 0.122083 163.209857 163.788391
2 11 10 0.440468 0.257675 0.301857 158.226638 158.995209
2 11 10 0.048436 0.353474 0.598091 141.915334 167.072704
2 3 11 0.251939 0.334116 0.413945 179.655886 150.205752
2 3 11 0.676724 0.104602 0.218674 173.166544 149.614337
2 3 11 0.339254 0.066509 0.594237 169.945345 156.682574
2 3 11 0.051757 0.265348 0.682894 176.438040 156.019899
2 3 11 0.980566 0.011650 0.007784 173.099527 140.873911
2 3 11 0.607367 0.025028 0.367605 172.478188 149.799210
2 3 11 0.145953 0.010752 0.843295 166.924561 163.324260
2 3 11 0.217202 0.216136 0.566662 174.269689 159.336574
2 3 11 0.766351 0.100496 0.133153 171.733932 147.853065
2 3 11 0.291929 0.475774 0.232297 186.902477 149.292405
3 12 11 0.825841 0.113141 0.061018 206.957946 145.146256
3 12 11 0.484224 0.330976 0.184800 197.381752 157.740083
3 12 11 0.840336 0.120447 0.039217 206.525189 144.217800
3 12 11 0.802327 0.019366 0.178308 204.361879 149.637028
3 12 11 0.649147 0.179739 0.171113 200.605177 150.957833
3 12 11 0.189624 0.145990 0.664387 180.628638 164.636542
3 12 11 0.989989 0.005559 0.004452 211.242563 142.895379
3 12 11 0.700654 0.025402 0.273944 199.111605 149.100637
3 12 11 0.579924 0.040029 0.380047 190.219763 152.511453
3 12 11 0.809549 0.117559 0.072892 209.663452 147.470073
3 4 12 0.624308 0.198265 0.177427 217.188099 150.965750
3 4 12 0.534408 0.106788 0.358803 211.295090 151.123124
3 4 12 0.479326 0.209789 0.310885 214.149322 150.173000
3 4 12 0.140879 0.426588 0.432533 223.514044 156.606305
3 4 12 0.836160 0.099571 0.064269 212.546069 146.005235
3 4 12 0.981270 0.004006 0.014724 210.010717 141.960967
3 4 12 0.665059 0.173983 0.160958 213.584848 145.399212
3 4 12 0.714637 0.166767 0.118596 215.972408 145.389784
3 4 12 0.257932 0.039174 0.702894 207.359156 157.443764
3 4 12 0.039746 0.543948 0.416306 229.536186 150.563806
4 13 12 0.128757 0.568993 0.302250 235.318988 163.079685
4 13 12 0.808288 0.070624 0.121088 240.862383 144.302443
4 13 12 0.931892 0.002572 0.065535 242.336720 144.521209
4 13 12 0.809464 0.184187 0.006348 242.088141 149.272216
4 13 12 0.555225 0.174947 0.269828 232.398010 151.446700
4 13 12 0.680160 0.228876 0.090964 243.493750 149.023671
4 13 12 0.529091 0.262583 0.208325 234.148466 150.563516
4 13 12 0.291455 0.537063 0.171481 236.559771 163.618214
4 13 12 0.906893 0.010102 0.083005 239.869822 145.533634
4 13 12 0.457194 0.191535 0.351271 231.314062 158.333369
4 5 13 0.113189 0.860434 0.026377 280.629325 142.441758
4 5 13 0.343212 0.030204 0.626584 248.408378 161.417775
4 5 13 0.509984 0.343107 0.146909 259.078685 142.750947
4 5 13 0.896753 0.043840 0.059406 247.759798 141.844664
4 5 13 0.000950 0.440087 0.558964 261.772154 153.549478
4 5 13 0.610490 0.306567 0.082944 258.325476 144.557697
4 5 13 0.064852 0.052513 0.882635 243.190401 160.232168
4 5 13 0.353158 0.159920 0.486921 251.439062 157.113828
4 5 13 0.644921 0.306195 0.048884 260.088932 146.175293
4 5 13 0.200590 0.280125 0.519285 253.103182 157.326333
5 14 13 0.268864 0.491389 0.239747 274.953475 160.844039
5 14 13 0.417724 0.511151 0.071125 282.845247 153.072176
5 14 13 0.695670 0.285318 0.019013 285.251552 147.348931
5 14 13 0.054054 0.045232 0.900714 249.702597 167.121987
5 14 13 0.935855 0.018606 0.045539 282.314700 146.810931
5 14 13 0.193569 0.277431 0.529001 262.761856 158.852409
5 14 13 0.566071 0.038653 0.395276 270.300955 152.865905
5 14 13 0.059280 0.893766 0.046955 284.169055 164.177801
5 14 13 0.557938 0.247132 0.194930 277.114816 148.917675
5 14 13 0.422737 0.512820 0.064443 287.362702 156.194465
5 6 14 0.645746 0.051670 0.302584 284.116013 151.314852
5 6 14 0.990842 0.007020 0.002138 285.496339 139.939718
5 6 14 0.088306 0.797303 0.114391 315.282865 145.580687
5 6 14 0.953049 0.013169 0.033782 286.965392 139.867208
5 6 14 0.794046 0.093524 0.112430 289.450386 145.069106
5 6 14 0.692802 0.010528 0.296670 285.495816 144.771324
5 6 14 0.224401 0.064514 0.711085 291.791129 162.153861
5 6 14 0.793447 0.165681 0.040872 293.749328 143.342771
5 6 14 0.549163 0.336988 0.113849 295.405604 148.060001
5 6 14 0.386015 0.357473 0.256512 300.010936 148.036440
6 15 14 0.516784 0.230481 0.252735 314.202745 154.332296
6 15 14 0.813844 0.076036 0.110120 315.009895 145.277229
6 15 14 0.264613 0.699688 0.035699 327.527142 160.080032
6 15 14 0.506307 0.086882 0.406811 310.226131 153.049683
6 15 14 0.339575 0.440807 0.219618 316.992948 157.613340
6 15 14 0.405736 0.254801 0.339463 311.916096 154.361666
6 15 14 0.644819 0.303224 0.051957 322.758681 147.993264
6 15 14 0.379811 0.318743 0.301446 312.985600 158.879828
6 15 14 0.090803 0.120244 0.788953 296.025193 167.627936
6 15 14 0.622763 0.295969 0.081268 317.720738 150.923626
6 7 15 0.329934 0.583456 0.086610 346.163952 143.951722
6 7 15 0.486198 0.490244 0.023557 343.451649 142.245406
6 7 15 0.055653 0.262230 0.682117 336.063084 159.944600
6 7 15 0.749690 0.230347 0.019964 333.206509 144.896859
6 7 15 0.641532 0.170444 0.188025 329.152335 146.814454
6 7 15 0.742574 0.146454 0.110972 329.486914 144.702312
6 7 15 0.932130 0.048208 0.019662 325.560021 144.471113
6 7 15 0.469748 0.195685 0.334567 332.302470 147.533440
6 7 15 0.220750 0.530675 0.248575 342.633710 151.453567
6 7 15 0.366014 0.386998 0.246989 338.834669 150.454795
7 16 15 0.214758 0.151233 0.634009 342.197411 162.994981
7 16 15 0.889033 0.044364 0.066603 364.735305 144.854603
7 16 15 0.289478 0.065413 0.645110 342.621182 161.874941
7 16 15 0.422444 0.518676 0.058880 363.852444 154.200928
7 16 15 0.363654 0.222033 0.414313 349.903260 157.118941
7 16 15 0.317834 0.434780 0.247386 355.076619 160.747852
7 16 15 0.803945 0.066617 0.129438 355.948778 145.073071
7 16 15 0.366141 0.458646 0.175212 359.696679 160.252448
7 16 15 0.044633 0.624209 0.331158 351.364640 163.690937
7 16 15 0.873164 0.047889 0.078948 362.315435 147.997744
7 8 16 0.464723 0.113096 0.422180 369.559829 153.534961
7 8 16 0.100432 0.894815 0.004752 398.025293 141.212221
7 8 16 0.541012 0.100818 0.358170 369.364953 152.815739
7 8 16 0.303969 0.304328 0.391704 379.891408 151.812480
7 8 16 0.899275 0.064070 0.036655 364.249199 144.079518
7 8 16 0.261115 0.466484 0.272401 381.181982 149.886415
7 8 16 0.320243 0.674364 0.005393 388.264753 140.759843
7 8 16 0.097027 0.366419 0.536554 378.463297 154.034288
7 8 16 0.468777 0.489322 0.041901 379.725746 146.485970
7 8 16 0.341950 0.222430 0.435620 376.778244 150.432882
8 17 16 0.917174 0.031454 0.051372 400.545993 146.465860
8 17 16 0.714884 0.257763 0.027352 399.955780 150.801379
8 17 16 0.979183 0.002368 0.018448 396.014066 147.584566
8 17 16 0.798627 0.155353 0.046020 399.562051 147.271990
8 17 16 0.362249 0.621808 0.015943 404.687177 153.535989
8 17 16 0.574377 0.242446 0.183177 393.891321 150.890047
8 17 16 0.445906 0.313741 0.240353 395.971810 156.399783
8 17 16 0.262507 0.657960 0.079533 402.358338 155.212036
8 17 16 0.115837 0.561190 0.322973 394.556478 161.686866
8 17 16 0.896956 0.064230 0.038813 395.206463 142.561163
9 10 18 0.487843 0.395147 0.117010 106.148113 172.403980
9 10 18 0.634349 0.005226 0.360424 88.441478 177.327722
9 10 18 0.520494 0.251769 0.227737 101.626204 177.707373
9 10 18 0.878695 0.038116 0.083189 89.770078 170.370587
9 10 18 0.653097 0.010265 0.336638 87.524167 177.263239
9 10 18 0.244511 0.016207 0.739282 86.220213 194.822534
9 10 18 0.306839 0.586192 0.106969 108.152939 174.024554
9 10 18 0.874038 0.067541 0.058421 89.753967 170.676616
9 10 18 0.998001 0.001022 0.000976 87.701881 171.591780
9 10 18 0.294280 0.373668 0.332052 98.883116 178.619367
10 19 18 0.728775 0.214214 0.057012 125.519638 176.820123
10 19 18 0.326534 0.361600 0.311867 111.390721 188.084140
10 19 18 0.664072 0.281304 0.054625 123.751356 178.458178
10 19 18 0.655862 0.124336 0.219803 116.626770 183.711148
10 19 18 0.420822 0.058347 0.520831 103.315288 182.887421
10 19 18 0.451179 0.229910 0.318911 109.114914 187.965831
10 19 18 0.196613 0.629365 0.174022 114.266901 197.003841
10 19 18 0.047784 0.163014 0.789202 87.452676 198.755716
10 19 18 0.752162 0.204991 0.042847 120.864189 172.499057
10 19 18 0.838928 0.140909 0.020163 127.869998 171.325212
10 11 19 0.918131 0.069524 0.012345 129.680507 166.908618
10 11 19 0.942921 0.026681 0.030397 129.366685 168.779683
10 11 19 0.532909 0.138109 0.328982 132.472990 178.040289
10 11 19 0.099783 0.396998 0.503218 138.547909 182.248362
10 11 19 0.531808 0.114975 0.353218 128.191707 185.143455
10 11 19 0.706898 0.146183 0.146919 131.870585 169.664343
10 11 19 0.807222 0.191259 0.001518 135.640672 167.739873
10 11 19 0.251937 0.006210 0.741852 121.778842 192.444336
10 11 19 0.429718 0.065784 0.504497 124.142275 185.991026
10 11 19 0.520115 0.117500 0.362385 129.462161 179.086749
11 20 19 0.054783 0.154818 0.790399 126.950971 198.721879
11 20 19 0.881921 0.082423 0.035656 163.442555 167.331493
11 20 19 0.309585 0.572886 0.117529 152.241801 190.884691
11 20 19 0.489754 0.128934 0.381312 148.950408 183.426775
11 20 19 0.501868 0.218956 0.279176 152.434970 184.135890
11 20 19 0.427206 0.476763 0.096031 159.548649 191.277470
11 20 19 0.908969 0.009767 0.081264 164.612171 172.746083
11 20 19 0.340747 0.066710 0.592543 136.689867 193.413970
11 20 19 0.039799 0.790816 0.169384 149.157731 203.115989
11 20 19 0.527532 0.319370 0.153098 156.803335 186.742681
11 12 20 0.332549 0.077954 0.589497 165.800075 188.868424
11 12 20 0.420315 0.099001 0.480684 169.954168 183.458869
11 12 20 0.946883 0.025376 0.027741 164.891901 169.697945
11 12 20 0.080108 0.051347 0.868545 160.762140 196.236430
11 12 20 0.931926 0.013397 0.054677 161.993425 166.923884
11 12 20 0.000666 0.418455 0.580879 181.197101 187.874169
11 12 20 0.326013 0.643278 0.030710 193.567417 168.046567
11 12 20 0.670903 0.075790 0.253307 167.725637 172.622049
11 12 20 0.094688 0.091347 0.813965 163.733837 199.178401
11 12 20 0.299805 0.252580 0.447615 174.651254 184.077751
12 21 20 0.716746 0.145938 0.137316 200.501312 175.400922
12 21 20 0.781727 0.044211 0.174061 199.607273 178.056307
12 21 20 0.999944 0.000041 0.000015 203.802995 165.399406
12 21 20 0.324577 0.524503 0.150920 193.539923 190.952579
12 21 20 0.060501 0.507753 0.431746 181.385494 199.322674
12 21 20 0.417195 0.461221 0.121584 197.489178 186.887557
12 21 20 0.371540 0.469427 0.159033 193.320423 186.460917
12 21 20 0.755598 0.114030 0.130372 200.465506 173.743187
12 21 20 0.377352 0.462504 0.160144 197.429604 188.606417
12 21 20 0.087650 0.251698 0.660652 175.553612 198.282671
12 13 21 0.492550 0.288542 0.218908 221.309578 172.323775
12 13 21 0.124201 0.744509 0.131290 234.731313 172.690957
12 13 21 0.373490 0.183856 0.442654 209.504240 179.895610
12 13 21 0.343664 0.504470 0.151866 224.637697 170.008714
12 13 21 0.887116 0.061097 0.051787 207.752581 172.753112
12 13 21 0.517333 0.444755 0.037912 225.828185 171.888260
12 13 21 0.649422 0.238787 0.111790 214.067886 170.348801
12 13 21 0.234170 0.558497 0.207333 231.447410 175.537324
12 13 21 0.864075 0.001533 0.134392 205.670958 172.672128
12 13 21 0.940249 0.010044 0.049706 209.488073 168.621078
13 22 21 0.898632 0.000317 0.101050 238.669749 169.664688
13 22 21 0.533511 0.145120 0.321369 229.860467 182.611789
13 22 21 0.606528 0.100347 0.293125 231.448222 180.495501
13 22 21 0.702104 0.129922 0.167974 236.003672 178.563082
13 22 21 0.677873 0.288539 0.033588 243.941443 176.711261
13 22 21 0.560996 0.220650 0.218354 231.536870 179.659015
13 22 21 0.330757 0.619100 0.050143 238.587267 187.824213
13 22 21 0.769674 0.205509 0.024818 245.121805 174.320987
13 22 21 0.011652 0.654751 0.333597 226.392412 201.378787
13 22 21 0.894430 0.086952 0.018618 244.028174 169.895078
13 14 22 0.131469 0.762173 0.106357 275.762213 167.015197
13 14 22 0.676117 0.137650 0.186234 251.857004 176.331574
13 14 22 0.431924 0.060084 0.507992 245.969639 183.861971
13 14 22 0.545065 0.029965 0.424970 246.909490 182.166846
13 14 22 0.012416 0.001132 0.986452 243.295056 197.268169
13 14 22 0.494265 0.313143 0.192591 256.582045 174.681682
13 14 22 0.913717 0.011549 0.074734 247.244910 168.601157
13 14 22 0.576365 0.217379 0.206256 256.510318 172.863684
13 14 22 0.775826 0.080060 0.144114 247.939375 170.363894
13 14 22 0.013829 0.704408 0.281763 277.036032 176.116289
14 23 22 0.364556 0.028903 0.606541 261.087535 185.371354
14 23 22 0.270097 0.617685 0.112219 283.788684 189.475611
14 23 22 0.213540 0.221859 0.564601 264.145351 190.762707
14 23 22 0.692073 0.115744 0.192183 281.988980 176.558597
14 23 22 0.633524 0.140183 0.226293 277.023558 179.619111
14 23 22 0.994680 0.000935 0.004384 288.998494 165.559052
14 23 22 0.283144 0.138099 0.578757 261.199380 190.501538
14 23 22 0.406012 0.345721 0.248267 278.395693 189.076737
14 23 22 0.175022 0.069507 0.755471 254.429315 195.446236
14 23 22 0.863698 0.099323 0.036979 288.933064 171.028748
14 15 23 0.517242 0.474776 0.007982 304.165809 167.398107
14 15 23 0.155003 0.751497 0.093500 318.355700 168.977459
14 15 23 0.831076 0.033764 0.135159 284.235706 171.850790
14 15 23 0.917441 0.029873 0.052686 288.562810 165.729817
14 15 23 0.220376 0.733857 0.045767 314.646315 171.306752
14 15 23 0.031196 0.425049 0.543755 306.949442 184.342488
14 15 23 0.206852 0.420136 0.373013 308.175215 177.544811
14 15 23 0.958658 0.021128 0.020214 288.225686 168.224849
14 15 23 0.732937 0.130687 0.136376 292.403951 165.763489
14 15 23 0.598999 0.059780 0.341221 290.229838 174.285110
15 24 23 0.584771 0.127455 0.287774 318.532225 183.676015
15 24 23 0.127980 0.167425 0.704596 300.806753 197.099772
15 24 23 0.087193 0.017830 0.894976 292.885457 199.838687
15 24 23 0.017345 0.249070 0.733584 299.723739 198.746403
15 24 23 0.805279 0.067065 0.127656 321.743266 175.727331
15 24 23 0.036425 0.138093 0.825483 295.479642 195.546082
15 24 23 0.869320 0.032755 0.097925 322.907274 175.760852
15 24 23 0.996132 0.000048 0.003820 327.982312 163.961905
15 24 23 0.263298 0.568498 0.168205 322.874570 196.323922
15 24 23 0.785848 0.020139 0.194013 323.108269 174.000191
15 16 24 0.713026 0.181953 0.105021 335.296539 170.890312
15 16 24 0.205785 0.515356 0.278859 350.343674 175.261350
15 16 24 0.408744 0.447854 0.143401 348.062386 176.325300
15 16 24 0.290757 0.014188 0.695055 332.080141 190.251934
15 16 24 0.213291 0.636990 0.149719 353.741765 167.179805
15 16 24 0.400693 0.032914 0.566393 325.790461 189.801383
15 16 24 0.817285 0.095451 0.087264 333.069860 174.628820
15 16 24 0.916846 0.064727 0.018427 329.350274 169.286935
15 16 24 0.034722 0.831245 0.134033 363.891583 171.789496
15 16 24 0.401447 0.111554 0.486999 331.828389 179.771615
16 25 24 0.844127 0.032445 0.123428 363.049446 174.482107
16 25 24 0.339900 0.618161 0.041938 370.480529 189.985263
16 25 24 0.826300 0.003759 0.169941 362.278491 174.643515
16 25 24 0.590288 0.017089 0.392623 355.853537 180.725636
16 25 24 0.423697 0.546241 0.030062 367.790086 185.983357
16 25 24 0.572024 0.311608 0.116367 367.533910 181.005317
16 25 24 0.512231 0.273931 0.213838 364.386763 180.717661
16 25 24 0.476969 0.132625 0.390406 351.250227 185.681932
16 25 24 0.734225 0.251630 0.014145 372.732705 176.990808
16 25 24 0.604774 0.055691 0.339535 352.232550 179.229934
16 17 25 0.550726 0.314094 0.135180 381.245656 169.963922
16 17 25 0.887684 0.092047 0.020270 373.892599 166.315051
16 17 25 0.074023 0.370900 0.555077 381.882431 185.540928
16 17 25 0.084233 0.884046 0.031721 402.859264 167.743619
16 17 25 0.679688 0.115673 0.204639 372.611557 174.291767
16 17 25 0.125806 0.426003 0.448191 387.728533 178.841397
16 17 25 0.898658 0.091838 0.009504 370.826058 164.619083
16 17 25 0.849422 0.059262 0.091316 369.587378 171.130742
16 17 25 0.744280 0.194244 0.061476 377.642034 166.493290
16 17 25 0.175219 0.485032 0.339749 387.142236 177.500512
17 26 25 0.074060 0.883709 0.042230 414.083257 197.271242
17 26 25 0.695060 0.101367 0.203573 397.274886 175.787981
17 26 25 0.203192 0.224182 0.572625 389.045492 191.341613
17 26 25 0.728049 0.268044 0.003907 410.216489 175.401448
17 26 25 0.753166 0.005164 0.241670 398.866089 174.151521
17 26 25 0.260693 0.477904 0.261402 403.117500 191.033348
17 26 25 0.632343 0.185993 0.181664 400.634218 176.595968
17 26 25 0.124363 0.815783 0.059854 415.883272 197.283056
17 26 25 0.767903 0.028061 0.204036 400.330028 174.126147
17 26 25 0.243922 0.613852 0.142226 405.088558 189.845438
18 19 27 0.575115 0.118911 0.305974 80.002099 215.041507
18 19 27 0.562733 0.105537 0.331730 81.059569 211.398029
18 19 27 0.704649 0.291886 0.003465 90.754690 202.087288
18 19 27 0.318406 0.256558 0.425036 87.811644 217.158066
18 19 27 0.841587 0.042810 0.115603 81.020347 206.260431
18 19 27 0.731070 0.229701 0.039229 87.866821 202.193992
18 19 27 0.820152 0.128228 0.051620 85.918790 207.374258
18 19 27 0.323023 0.183588 0.493390 85.418878 219.946373
18 19 27 0.622098 0.116898 0.261004 81.310874 210.304188
18 19 27 0.907994 0.046399 0.045607 83.161877 207.570294
19 28 27 0.791996 0.065933 0.142071 111.502454 211.451463
19 28 27 0.085544 0.881272 0.033184 119.096837 241.150520
19 28 27 0.405218 0.500188 0.094594 114.955502 226.815343
19 28 27 0.748269 0.225696 0.026035 117.386214 214.826089
19 28 27 0.910644 0.038410 0.050946 117.060099 205.806378
19 28 27 0.881411 0.069471 0.049118 115.687025 207.426087
19 28 27 0.383464 0.511776 0.104760 113.919575 228.752627
19 28 27 0.848769 0.141651 0.009579 115.028989 211.379442
19 28 27 0.073403 0.587101 0.339496 103.292173 245.357206
19 28 27 0.643801 0.281369 0.074830 113.587380 218.435945
19 20 28 0.564978 0.024565 0.410458 121.536066 217.278087
19 20 28 0.207911 0.525034 0.267054 137.873837 213.869012
19 20 28 0.612910 0.067760 0.319330 120.267236 216.157166
19 20 28 0.535774 0.391654 0.072572 136.639405 204.786290
19 20 28 0.529294 0.285986 0.184720 128.234704 208.711202
19 20 28 0.062511 0.866339 0.071149 158.545235 200.758951
19 20 28 0.174895 0.268943 0.556162 129.592501 226.984995
19 20 28 0.847975 0.066498 0.085527 119.793768 204.427166
19 20 28 0.727419 0.172835 0.099746 128.101376 206.446953
19 20 28 0.692851 0.225949 0.081200 128.419581 204.727158
20 29 28 0.995495 0.000906 0.003599 156.914193 204.025410
20 29 28 0.196968 0.280066 0.522967 138.041001 234.532962
20 29 28 0.233409 0.690788 0.075803 156.541006 232.574940
20 29 28 0.516618 0.326927 0.156455 156.702789 222.763503
20 29 28 0.865892 0.056858 0.077250 157.041213 208.644176
20 29 28 0.829826 0.161343 0.008830 158.892534 212.292545
20 29 28 0.808411 0.069843 0.121747 152.697984 211.069730
20 29 28 0.207442 0.608574 0.183984 152.642585 237.171672
20 29 28 0.350439 0.293616 0.355945 145.444134 231.208371
20 29 28 0.084432 0.357050 0.558518 134.123483 239.991732
20 21 29 0.097815 0.886489 0.015696 195.119920 206.186212
20 21 29 0.612657 0.019812 0.367531 161.823508 217.593356
20 21 29 0.704391 0.081798 0.213811 163.042645 215.815556
20 21 29 0.595446 0.390653 0.013901 172.652978 203.428593
20 21 29 0.178986 0.281845 0.539169 174.240026 222.665417
20 21 29 0.944990 0.011659 0.043352 160.888257 203.575715
20 21 29 0.726480 0.066672 0.206847 166.256988 212.396652
20 21 29 0.030958 0.327702 0.641340 172.519475 228.813830
20 21 29 0.565400 0.121324 0.313275 161.119302 213.042055
20 21 29 0.838078 0.006920 0.155002 159.495739 209.371903
21 30 29 0.624253 0.029421 0.346326 189.317735 216.353038
21 30 29 0.016457 0.744831 0.238712 193.172975 241.540706
21 30 29 0.041554 0.031881 0.926565 159.181426 243.650597
21 30 29 0.899992 0.026125 0.073883 194.125226 209.069221
21 30 29 0.989855 0.008811 0.001334 202.740006 203.926031
21 30 29 0.673630 0.035304 0.291066 188.667048 219.986549
21 30 29 0.436815 0.386962 0.176223 191.860297 227.203741
21 30 29 0.498700 0.405841 0.095459 196.170003 224.072381
21 30 29 0.602957 0.121303 0.275740 189.570201 218.784390
21 30 29 0.356353 0.389397 0.254250 188.950718 227.069167
21 22 30 0.623321 0.212988 0.163691 209.429535 207.463971
21 22 30 0.322127 0.609131 0.068743 227.502434 204.955936
21 22 30 0.785551 0.145486 0.068963 203.308354 203.646236
21 22 30 0.198870 0.592837 0.208293 226.719582 211.446156
21 22 30 0.994443 0.001778 0.003779 202.326638 201.081671
21 22 30 0.973842 0.024259 0.001899 204.093776 200.655288
21 22 30 0.251408 0.335272 0.413320 219.008937 214.618436
21 22 30 0.068325 0.742162 0.189513 233.445476 209.824595
21 22 30 0.067525 0.794453 0.138021 234.041404 205.485397
21 22 30 0.248711 0.193140 0.558149 208.685527 227.411501
22 31 30 0.104987 0.063487 0.831526 207.000628 242.870559
22 31 30 0.786461 0.122271 0.091268 239.511186 210.594423
22 31 30 0.098053 0.809474 0.092472 239.211584 236.337094
22 31 30 0.384457 0.213676 0.401867 226.639550 225.652785
22 31 30 0.133352 0.261080 0.605568 221.262997 241.681445
22 31 30 0.785057 0.079189 0.135754 237.443992 212.174146
22 31 30 0.263515 0.428003 0.308482 232.173495 232.577545
22 31 30 0.122147 0.305478 0.572376 218.324456 238.615696
22 31 30 0.730507 0.123382 0.146111 234.774537 208.047849
22 31 30 0.677101 0.225070 0.097829 239.444455 215.152892
22 23 31 0.708084 0.144184 0.147732 250.067030 209.681971
22 23 31 0.881322 0.035743 0.082936 245.433611 208.553640
22 23 31 0.672897 0.244090 0.083012 253.722980 205.277991
22 23 31 0.919050 0.017467 0.063484 247.041901 206.418105
22 23 31 0.911931 0.034391 0.053678 245.892075 200.799868
22 23 31 0.680020 0.223222 0.096758 254.928248 204.049226
22 23 31 0.064216 0.169836 0.765949 251.523961 233.203240
22 23 31 0.424428 0.108564 0.467008 246.655035 224.144288
22 23 31 0.069309 0.068245 0.862446 248.697574 238.775599
22 23 31 0.130363 0.779151 0.090486 276.658704 204.291355
23 32 31 0.913370 0.037787 0.048843 282.126081 203.792793
23 32 31 0.208779 0.146307 0.644915 256.947202 236.265584
23 32 31 0.892538 0.076161 0.031301 289.815748 210.620158
23 32 31 0.346224 0.142761 0.511015 264.374948 230.619726
23 32 31 0.933815 0.026459 0.039726 284.680262 207.338329
23 32 31 0.618993 0.081575 0.299431 274.765310 217.917730
23 32 31 0.039566 0.854017 0.106417 281.824659 243.194842
23 32 31 0.011535 0.829527 0.158938 278.993905 241.064536
23 32 31 0.224680 0.073609 0.701711 257.652057 233.114452
23 32 31 0.998649 0.000087 0.001264 288.606857 202.445918
23 24 32 0.900129 0.006363 0.093508 288.719184 207.477713
23 24 32 0.756319 0.050469 0.193212 287.483848 210.108830
23 24 32 0.711453 0.270515 0.018032 297.452796 206.728271
23 24 32 0.162947 0.461083 0.375970 304.914139 217.248026
23 24 32 0.649604 0.201641 0.148755 293.753644 210.532050
23 24 32 0.409571 0.175987 0.414442 291.812339 216.731434
23 24 32 0.925302 0.043381 0.031317 287.693489 204.005051
23 24 32 0.487765 0.190097 0.322138 295.286204 214.465238
23 24 32 0.896854 0.065015 0.038130 291.720564 203.551315
23 24 32 0.559674 0.301789 0.138537 297.984178 205.806694
24 33 32 0.108261 0.844559 0.047181 328.702813 242.038627
24 33 32 0.924543 0.016012 0.059445 324.415627 204.326017
24 33 32 0.912233 0.007747 0.080020 327.633566 207.745504
24 33 32 0.440729 0.326569 0.232702 323.118295 223.124115
24 33 32 0.350786 0.058522 0.590692 303.418808 231.682155
24 33 32 0.687810 0.244213 0.067977 320.444840 211.679980
24 33 32 0.572711 0.334187 0.093102 326.610372 222.017777
24 33 32 0.043397 0.336364 0.620239 300.982284 241.529414
24 33 32 0.023569 0.739746 0.236685 320.572387 241.012757
24 33 32 0.523560 0.260030 0.216410 319.124372 221.388640
24 25 33 0.971399 0.024760 0.003842 329.598097 199.783299
24 25 33 0.289053 0.335177 0.375770 343.772675 219.755687
24 25 33 0.857884 0.134507 0.007609 334.093749 200.667869
24 25 33 0.312818 0.151743 0.535439 336.182212 220.378545
24 25 33 0.157621 0.727017 0.115362 359.551462 207.435299
24 25 33 0.914794 0.006447 0.078759 330.430278 200.630058
24 25 33 0.661218 0.131054 0.207729 333.531546 210.256560
24 25 33 0.289135 0.574796 0.136069 355.475691 205.956767
24 25 33 0.818587 0.119221 0.062192 334.600505 206.248448
24 25 33 0.469866 0.383430 0.146704 348.442822 207.146167
25 34 33 0.662511 0.217747 0.119742 366.187787 212.311498
25 34 33 0.373666 0.026289 0.600046 346.180140 227.736485
25 34 33 0.025870 0.448841 0.525289 350.074083 246.355049
25 34 33 0.768222 0.010621 0.221156 361.590838 214.507320
25 34 33 0.053524 0.329793 0.616683 348.819637 240.004252
25 34 33 0.208032 0.598313 0.193654 365.152211 234.360704
25 34 33 0.671863 0.159312 0.168824 365.984898 213.939852
25 34 33 0.354054 0.324784 0.321162 360.092895 228.119652
25 34 33 0.205184 0.623096 0.171720 363.337340 234.081533
25 34 33 0.313558 0.282226 0.404216 357.014745 229.936091
25 26 34 0.578929 0.366046 0.055025 385.089107 205.749886
25 26 34 0.430307 0.052670 0.517022 371.856789 220.468578
25 26 34 0.066822 0.780680 0.152499 405.983694 206.345927
25 26 34 0.959338 0.019492 0.021170 374.284708 202.115016
25 26 34 0.390024 0.142282 0.467694 376.003860 218.684484
25 26 34 0.468406 0.149315 0.382279 382.370557 215.109639
25 26 34 0.261863 0.301155 0.436982 390.797627 220.402190
25 26 34 0.441787 0.057613 0.500600 376.778059 221.750640
25 26 34 0.580101 0.228173 0.191726 382.085751 208.960356
25 26 34 0.962383 0.016802 0.020816 370.357895 203.449982
26 35 34 0.555164 0.437615 0.007220 419.031419 217.193066
26 35 34 0.693246 0.052701 0.254053 407.942407 212.680057
26 35 34 0.535414 0.247150 0.217436 406.282982 220.986054
26 35 34 0.013441 0.287235 0.699324 389.757784 241.184716
26 35 34 0.823665 0.045074 0.131261 409.988328 205.070662
26 35 34 0.553825 0.115814 0.330362 399.014949 217.764979
26 35 34 0.559269 0.180116 0.260615 403.590487 219.289667
26 35 34 0.294235 0.577001 0.128765 413.890801 231.507621
26 35 34 0.270180 0.411270 0.318550 404.028952 232.752606
26 35 34 0.664742 0.025452 0.309806 401.903685 216.523809
27 28 36 0.156633 0.642105 0.201262 105.486571 251.380246
27 28 36 0.951673 0.032693 0.015634 80.215240 246.572737
27 28 36 0.240397 0.498292 0.261311 103.146479 255.681669
27 28 36 0.853147 0.128665 0.018188 82.624674 245.066215
27 28 36 0.475066 0.289900 0.235034 89.258369 260.496554
27 28 36 0.708269 0.252252 0.039480 83.535427 247.807871
27 28 36 0.195395 0.481512 0.323093 97.477682 257.232158
27 28 36 0.224310 0.081744 0.693947 78.920198 275.530058
27 28 36 0.656081 0.223292 0.120627 84.239327 249.153208
27 28 36 0.688373 0.299750 0.011876 88.627145 247.555546
28 37 36 0.110532 0.881444 0.008024 121.902387 281.663888
28 37 36 0.582567 0.049505 0.367927 105.172633 261.877521
28 37 36 0.954984 0.015347 0.029669 122.000908 244.736903
28 37 36 0.080131 0.860947 0.058922 116.862115 277.622932
28 37 36 0.886673 0.014747 0.098580 114.466225 246.916919
28 37 36 0.640473 0.336341 0.023187 120.649253 258.119637
28 37 36 0.633611 0.185595 0.180794 112.127385 261.055790
28 37 36 0.082450 0.824876 0.092673 116.805042 280.922892
28 37 36 0.727028 0.153823 0.119149 114.916410 256.740935
28 37 36 0.978534 0.019115 0.002351 118.489105 245.308290
28 29 37 0.874869 0.002068 0.123063 120.889127 250.346353
28 29 37 0.649335 0.188183 0.162481 128.628836 249.864366
28 29 37 0.670225 0.060521 0.269254 121.060720 254.362291
28 29 37 0.456128 0.296003 0.247869 129.481534 255.676731
28 29 37 0.067173 0.725154 0.207673 146.824652 252.097313
28 29 37 0.317153 0.008474 0.674374 121.361983 273.195894
28 29 37 0.614147 0.278933 0.106920 131.911854 245.669311
28 29 37 0.894123 0.089880 0.015997 122.334553 245.437562
28 29 37 0.258593 0.238375 0.503033 127.304581 265.224288
28 29 37 0.637822 0.283071 0.079107 126.868478 247.105788
29 38 37 0.471497 0.409272 0.119231 156.862582 267.730766
29 38 37 0.635987 0.146805 0.217208 149.642026 258.504792
29 38 37 0.900491 0.036723 0.062786 153.759033 249.232578
29 38 37 0.098790 0.000462 0.900748 122.020845 280.008223
29 38 37 0.341342 0.490226 0.168432 154.154434 271.639948
29 38 37 0.219111 0.191156 0.589733 140.413600 273.943213
29 38 37 0.170170 0.392872 0.436958 142.159309 273.171350
29 38 37 0.450747 0.107355 0.441898 141.280977 264.833864
29 38 37 0.559708 0.246963 0.193329 155.382636 263.222584
29 38 37 0.077330 0.265113 0.657557 131.991701 282.336911
29 30 38 0.735563 0.134378 0.130059 165.859564 247.453768
29 30 38 0.420080 0.542662 0.037257 181.703257 248.913261
29 30 38 0.614245 0.227643 0.158112 171.156702 250.109412
29 30 38 0.480615 0.479716 0.039669 176.978161 246.089071
29 30 38 0.056179 0.889820 0.054001 197.541298 246.249169
29 30 38 0.798530 0.190451 0.011019 168.314426 243.940435
29 30 38 0.249999 0.413063 0.336938 175.548639 259.091042
29 30 38 0.359901 0.201684 0.438415 166.379824 261.826076
29 30 38 0.119446 0.332696 0.547858 171.571730 263.727582
29 30 38 0.088542 0.732469 0.178989 185.102923 250.979259
30 39 38 0.890471 0.084909 0.024620 200.934445 246.621979
30 39 38 0.631688 0.310358 0.057954 200.667638 257.830832
30 39 38 0.485403 0.433004 0.081593 197.240573 269.157723
30 39 38 0.690358 0.185125 0.124517 194.588565 257.486486
30 39 38 0.282105 0.112807 0.605088 174.859003 275.121371
30 39 38 0.309579 0.605740 0.084682 198.659658 273.295747
30 39 38 0.004319 0.331576 0.664105 175.472827 284.526372
30 39 38 0.826561 0.168322 0.005117 202.052559 252.107873
30 39 38 0.498855 0.263102 0.238043 193.784498 269.306703
30 39 38 0.074421 0.645391 0.280189 188.914286 282.396030
30 31 39 0.401639 0.350219 0.248142 215.483348 253.375213
30 31 39 0.088922 0.697645 0.213433 232.921068 255.066332
30 31 39 0.722050 0.069565 0.208385 204.805158 251.093093
30 31 39 0.249009 0.176698 0.574294 209.404017 268.581947
30 31 39 0.994258 0.000816 0.004925 202.314040 243.195314
30 31 39 0.435914 0.043436 0.520650 201.886496 263.494829
30 31 39 0.779267 0.025383 0.195349 203.874640 249.753307
30 31 39 0.365898 0.356985 0.277117 214.381481 260.314813
30 31 39 0.362585 0.600712 0.036702 225.756992 245.560970
30 31 39 0.398666 0.136741 0.464593 207.381573 263.079753
31 40 39 0.497795 0.154012 0.348193 230.083841 266.615949
31 40 39 0.268580 0.484239 0.247181 231.995239 276.056399
31 40 39 0.594850 0.320411 0.084739 238.276553 260.486442
31 40 39 0.719638 0.034926 0.245436 232.862387 258.300900
31 40 39 0.379143 0.560485 0.060373 236.362407 271.764157
31 40 39 0.409158 0.418342 0.172499 235.029564 270.881236
31 40 39 0.006878 0.104552 0.888570 206.322180 285.201218
31 40 39 0.129536 0.037995 0.832469 207.603022 275.868688
31 40 39 0.854621 0.104028 0.041351 242.596667 251.785955
31 40 39 0.897787 0.020613 0.081601 238.716772 247.007111
31 32 40 0.380637 0.301516 0.317847 261.008992 259.642735
31 32 40 0.650151 0.102275 0.247574 247.924442 252.699480
31 32 40 0.114148 0.497524 0.388328 264.160789 259.459974
31 32 40 0.550478 0.256561 0.192961 256.899221 251.881984
31 32 40 0.765769 0.089168 0.145063 247.733419 249.854553
31 32 40 0.062189 0.411967 0.525844 261.822944 265.042696
31 32 40 0.304193 0.552248 0.143560 264.262733 249.609740
31 32 40 0.748358 0.231413 0.020229 252.767645 245.736348
31 32 40 0.489963 0.163737 0.346300 250.334460 261.651674
31 32 40 0.254675 0.615246 0.130079 270.431375 247.834594
32 41 40 0.395556 0.039490 0.564955 258.294904 272.610312
32 41 40 0.008604 0.349419 0.641977 259.315490 283.116561
32 41 40 0.714084 0.202240 0.083676 281.040448 253.186465
32 41 40 0.961125 0.020220 0.018654 287.650945 250.626351
32 41 40 0.637708 0.177625 0.184667 279.560141 260.560482
32 41 40 0.777379 0.150521 0.072100 282.361686 253.760759
32 41 40 0.556344 0.046680 0.396976 269.583467 261.794411
32 41 40 0.381669 0.441255 0.177076 280.407318 272.436028
32 41 40 0.389450 0.523492 0.087058 283.077596 266.621804
32 41 40 0.392512 0.222133 0.385355 270.468987 270.275591
32 33 41 0.304522 0.424164 0.271315 303.636774 254.831444
32 33 41 0.044630 0.278175 0.677195 298.576703 273.755587
32 33 41 0.260315 0.557211 0.182475 313.468697 250.205342
32 33 41 0.834925 0.064820 0.100255 287.835843 248.683922
32 33 41 0.177644 0.734925 0.087432 314.698387 250.995605
32 33 41 0.837452 0.115653 0.046896 294.599923 246.299491
32 33 41 0.265886 0.073804 0.660310 288.690557 271.196566
32 33 41 0.477350 0.369714 0.152935 301.363302 244.491456
32 33 41 0.909885 0.070943 0.019172 285.559286 245.670977
32 33 41 0.599502 0.201821 0.198677 293.731363 252.830699
33 42 41 0.058806 0.421914 0.519280 308.190571 283.961931
33 42 41 0.725426 0.207195 0.067379 325.897602 255.050608
33 42 41 0.757268 0.228924 0.013808 331.523286 254.632317
33 42 41 0.070674 0.207941 0.721385 298.231910 281.457715
33 42 41 0.156855 0.731654 0.111491 323.967386 277.730468
33 42 41 0.936992 0.058650 0.004359 332.358941 241.984143
33 42 41 0.251037 0.492320 0.256643 322.500203 276.422730
33 42 41 0.787197 0.085349 0.127453 325.472223 252.201811
33 42 41 0.011346 0.608832 0.379823 313.857881 287.632970
33 42 41 0.331618 0.630195 0.038187 327.644410 269.135725
33 34 42 0.062995 0.260646 0.676360 339.825741 273.940885
33 34 42 0.784837 0.177477 0.037687 333.452684 242.657722
33 34 42 0.373745 0.062508 0.563747 332.230313 266.185259
33 34 42 0.669797 0.084596 0.245607 332.544619 252.113966
33 34 42 0.611636 0.254589 0.133774 335.888951 246.943373
33 34 42 0.883321 0.096676 0.020003 335.552257 244.288558
33 34 42 0.286087 0.103727 0.610186 334.229456 268.561791
33 34 42 0.595694 0.333955 0.070351 345.909869 247.372794
33 34 42 0.545290 0.243003 0.211707 340.731455 252.184272
33 34 42 0.187705 0.016969 0.795326 330.295006 274.704805
34 43 42 0.873333 0.036312 0.090354 370.894188 248.870709
34 43 42 0.704883 0.259126 0.035991 374.895340 253.049555
34 43 42 0.340609 0.596575 0.062817 368.537774 269.478972
34 43 42 0.007765 0.714235 0.278000 361.299401 284.945331
34 43 42 0.268809 0.453887 0.277303 360.309349 273.327892
34 43 42 0.290342 0.453042 0.256616 363.656297 271.860944
34 43 42 0.987067 0.006836 0.006097 369.893083 247.041755
34 43 42 0.194042 0.323006 0.482952 352.645864 279.048862
34 43 42 0.683280 0.216447 0.100273 365.820784 257.358858
34 43 42 0.018108 0.127406 0.854486 334.198581 284.778863
34 35 43 0.185011 0.803961 0.011028 408.322088 241.186271
34 35 43 0.682879 0.258242 0.058879 383.317637 244.604229
34 35 43 0.871363 0.099846 0.028791 379.323407 244.052705
34 35 43 0.166941 0.572087 0.260972 396.093267 253.957926
34 35 43 0.096084 0.408037 0.495880 389.959880 262.873401
34 35 43 0.044462 0.739227 0.216312 407.331425 253.190402
34 35 43 0.444278 0.363019 0.192704 388.793807 250.131003
34 35 43 0.393736 0.279071 0.327193 384.346834 257.942538
34 35 43 0.304515 0.076649 0.618836 376.004186 271.399174
34 35 43 0.841634 0.052035 0.106330 380.790026 248.802080
35 44 43 0.430201 0.089284 0.480515 399.380927 264.565205
35 44 43 0.927131 0.031564 0.041305 415.581857 242.309717
35 44 43 0.250006 0.595315 0.154679 410.635643 278.143687
35 44 43 0.202301 0.126546 0.671153 384.714023 273.479052
35 44 43 0.847440 0.032654 0.119906 409.042734 248.582818
35 44 43 0.535807 0.195750 0.268443 403.213536 261.592271
35 44 43 0.817410 0.144105 0.038485 417.012538 252.869065
35 44 43 0.803050 0.036668 0.160283 412.389378 251.214314
35 44 43 0.029861 0.791834 0.178305 407.918000 281.896980
35 44 43 0.311980 0.659000 0.029019 417.384166 274.409603
36 37 45 0.657344 0.281748 0.060908 91.342867 289.538470
36 37 45 0.450655 0.348875 0.200471 96.363662 286.387162
36 37 45 0.585994 0.158768 0.255237 92.952639 293.003816
36 37 45 0.444225 0.357458 0.198317 94.070738 292.505690
36 37 45 0.501698 0.086851 0.411451 87.457198 303.289456
36 37 45 0.100319 0.422139 0.477542 99.957950 300.006925
36 37 45 0.963698 0.022529 0.013773 80.669111 287.621234
36 37 45 0.167194 0.398835 0.433971 95.976954 298.325499
36 37 45 0.744648 0.125721 0.129632 84.224215 287.033541
36 37 45 0.132806 0.745201 0.121993 110.026177 289.882499
37 46 45 0.958405 0.013518 0.028076 118.353890 286.214792
37 46 45 0.770748 0.059747 0.169505 118.398214 290.346861
37 46 45 0.134411 0.358686 0.506903 106.025402 313.241124
37 46 45 0.414411 0.424972 0.160617 116.172647 302.846201
37 46 45 0.580234 0.043439 0.376327 109.310116 299.763588
37 46 45 0.225740 0.471666 0.302594 115.459864 313.795307
37 46 45 0.960483 0.037766 0.001751 119.697752 289.490428
37 46 45 0.226593 0.227033 0.546374 99.605550 310.594172
37 46 45 0.937252 0.015319 0.047430 121.122918 286.227088
37 46 45 0.209991 0.486834 0.303175 117.296479 308.707788
37 38 46 0.004762 0.669115 0.326123 146.078596 297.094283
37 38 46 0.611974 0.134036 0.253991 130.638265 291.054131
37 38 46 0.028038 0.515090 0.456871 142.774496 300.990412
37 38 46 0.257702 0.572518 0.169780 144.023287 290.420587
37 38 46 0.889732 0.023579 0.086690 120.410112 286.726436
37 38 46 0.842044 0.144025 0.013931 128.417827 287.006255
37 38 46 0.799149 0.076591 0.124260 127.249051 289.413142
37 38 46 0.049385 0.806575 0.144041 155.960969 294.401429
37 38 46 0.991156 0.007762 0.001083 120.233399 282.226181
37 38 46 0.287836 0.128951 0.583213 130.496907 303.187933
38 47 46 0.607260 0.000550 0.392189 146.261779 299.772309
38 47 46 0.403916 0.498518 0.097566 161.330313 303.607537
38 47 46 0.455581 0.129191 0.415229 142.962495 302.537589
38 47 46 0.158879 0.658556 0.182565 161.856018 315.411309
38 47 46 0.125210 0.810779 0.064011 162.228325 318.080729
38 47 46 0.028455 0.201786 0.769759 137.424422 319.000640
38 47 46 0.112040 0.523218 0.364742 151.473404 320.025864
38 47 46 0.782490 0.007945 0.209564 154.494718 294.318742
38 47 46 0.140758 0.382484 0.476758 143.799374 316.177282
38 47 46 0.322090 0.004281 0.673628 138.398970 313.975823
38 39 47 0.571432 0.332535 0.096033 170.220184 289.668991
38 39 47 0.315493 0.133518 0.550989 168.537990 305.785550
38 39 47 0.925572 0.017008 0.057419 161.109564 292.355290
38 39 47 0.661787 0.072552 0.265661 163.700710 296.218544
38 39 47 0.168647 0.065570 0.765783 165.179998 310.982886
38 39 47 0.766975 0.209056 0.023970 168.741136 283.799436
38 39 47 0.539135 0.421939 0.038926 177.204806 285.697002
38 39 47 0.996925 0.000145 0.002930 156.807775 285.005202
38 39 47 0.995773 0.000993 0.003234 159.680104 283.583242
38 39 47 0.352449 0.121154 0.526397 169.977985 300.955391
39 48 47 0.714124 0.082702 0.203175 195.732525 298.832533
39 48 47 0.570339 0.201228 0.228433 194.361749 303.452341
39 48 47 0.175938 0.043160 0.780902 173.356877 314.719483
39 48 47 0.800648 0.097319 0.102033 197.017343 295.006243
39 48 47 0.151710 0.463507 0.384783 186.517696 315.358570
39 48 47 0.149091 0.847484 0.003425 202.076687 317.241237
39 48 47 0.363891 0.464829 0.171280 197.931044 306.718334
39 48 47 0.322920 0.049460 0.627620 179.906250 310.005082
39 48 47 0.074001 0.273134 0.652865 180.616514 315.772691
39 48 47 0.076518 0.633085 0.290398 192.062247 316.697188
39 40 48 0.676493 0.036841 0.286666 205.886647 301.393358
39 40 48 0.237980 0.495843 0.266176 225.268708 296.593639
39 40 48 0.404816 0.207629 0.387555 212.119039 301.465003
39 40 48 0.312859 0.184147 0.502995 210.136808 301.494063
39 40 48 0.639645 0.192271 0.168084 209.418361 293.354944
39 40 48 0.548074 0.381233 0.070693 215.950433 291.005996
39 40 48 0.563195 0.113344 0.323462 206.244523 294.538687
39 40 48 0.659747 0.185149 0.155104 209.057838 290.867275
39 40 48 0.839236 0.080173 0.080592 207.318483 288.146670
39 40 48 0.867623 0.113088 0.019289 207.006907 286.541979
40 49 48 0.817164 0.014295 0.168542 235.127032 291.413847
40 49 48 0.875615 0.090907 0.033478 242.407557 294.450675
40 49 48 0.256649 0.226781 0.516570 220.473405 312.489535
40 49 48 0.091480 0.773320 0.135200 239.259279 318.181417
40 49 48 0.415262 0.101817 0.482921 222.495300 304.775264
40 49 48 0.074592 0.547610 0.377799 227.261768 319.042123
40 49 48 0.252694 0.736362 0.010944 243.285214 312.099351
40 49 48 0.133902 0.745373 0.120725 242.130261 316.042419
40 49 48 0.864956 0.095910 0.039134 243.391196 291.925434
40 49 48 0.479870 0.225914 0.294215 233.198931 304.047522
40 41 49 0.570563 0.132532 0.296905 249.560252 300.235560
40 41 49 0.470568 0.028721 0.500711 242.989001 310.198573
40 41 49 0.056153 0.503730 0.440117 262.778024 302.540948
40 41 49 0.241017 0.077087 0.681896 246.397335 310.749533
40 41 49 0.844740 0.126777 0.028484 245.741642 287.839541
40 41 49 0.936824 0.006490 0.056686 244.839107 288.966268
40 41 49 0.687671 0.040965 0.271364 237.679205 296.371630
40 41 49 0.737169 0.208910 0.053921 252.981991 287.338376
40 41 49 0.589372 0.209299 0.201328 250.241063 293.453482
40 41 49 0.778695 0.167751 0.053553 249.050949 288.519763
41 50 49 0.941141 0.040690 0.018169 287.073059 286.654320
41 50 49 0.661501 0.163061 0.175438 279.330574 298.693652
41 50 49 0.070213 0.770400 0.159386 276.806636 318.123983
41 50 49 0.066284 0.818903 0.114813 280.490487 320.508595
41 50 49 0.852787 0.070651 0.076562 285.760826 290.760230
41 50 49 0.787126 0.190134 0.022741 284.943941 294.309309
41 50 49 0.692413 0.119396 0.188192 277.413072 296.656263
41 50 49 0.925907 0.040306 0.033788 284.992270 287.891728
41 50 49 0.229734 0.740301 0.029965 284.536395 312.620546
41 50 49 0.007390 0.746929 0.245681 276.024023 319.555644
41 42 50 0.478246 0.267823 0.253932 298.413745 295.958312
41 42 50 0.536351 0.255924 0.207725 295.728564 294.637481
41 42 50 0.048085 0.738375 0.213540 319.683204 295.557657
41 42 50 0.125506 0.753257 0.121237 317.922013 292.160015
41 42 50 0.863550 0.103130 0.033320 290.102528 288.381350
41 42 50 0.715260 0.215165 0.069575 294.213301 289.800574
41 42 50 0.814508 0.099707 0.085784 289.913193 289.524956
41 42 50 0.333133 0.074574 0.592293 289.554601 307.697652
41 42 50 0.873406 0.035280 0.091315 288.098195 287.156807
41 42 50 0.336256 0.597687 0.066057 316.723714 290.964692
42 51 50 0.246933 0.004233 0.748833 294.209223 311.927542
42 51 50 0.021645 0.967373 0.010982 325.736314 319.711426
42 51 50 0.895858 0.054262 0.049880 328.054001 293.024304
42 51 50 0.292179 0.460337 0.247483 316.434845 312.710518
42 51 50 0.818711 0.059496 0.121793 325.060786 290.171724
42 51 50 0.757613 0.172866 0.069521 328.202758 294.445794
42 51 50 0.499193 0.333552 0.167255 317.476564 305.067480
42 51 50 0.483313 0.051092 0.465595 309.273099 302.935586
42 51 50 0.988974 0.000957 0.010069 327.619013 287.007318
42 51 50 0.379581 0.528220 0.092200 325.302028 308.793118
42 43 51 0.744656 0.018670 0.236674 331.224243 295.168527
42 43 51 0.789397 0.013007 0.197595 325.190436 292.266093
42 43 51 0.003482 0.492423 0.504095 350.077831 302.153441
42 43 51 0.638471 0.328208 0.033320 341.667157 286.169914
42 43 51 0.725102 0.026940 0.247958 327.213289 294.177821
42 43 51 0.799344 0.021901 0.178755 329.995624 287.987575
42 43 51 0.177642 0.579591 0.242768 352.456436 296.883842
42 43 51 0.842798 0.076127 0.081075 330.732222 289.567004
42 43 51 0.810530 0.104239 0.085231 331.505679 285.332530
42 43 51 0.940522 0.030179 0.029300 330.797462 285.594637
43 52 51 0.066124 0.621437 0.312438 357.265598 324.327764
43 52 51 0.625824 0.057740 0.316436 358.347658 302.509286
43 52 51 0.023013 0.441798 0.535189 346.587239 319.163571
43 52 51 0.024849 0.248981 0.726170 337.904894 323.070105
43 52 51 0.906258 0.020547 0.073195 371.277622 290.603309
43 52 51 0.805467 0.178833 0.015700 370.809985 294.083641
43 52 51 0.814597 0.033666 0.151736 363.236471 294.048753
43 52 51 0.984569 0.003370 0.012062 372.421220 282.329141
43 52 51 0.642537 0.265056 0.092407 365.986941 303.675934
43 52 51 0.684811 0.050921 0.264268 359.797092 294.586458
43 44 52 0.509539 0.120085 0.370375 379.865968 300.541218
43 44 52 0.564109 0.025498 0.410393 369.903210 300.719114
43 44 52 0.777595 0.071393 0.151012 377.920771 294.355477
43 44 52 0.021114 0.078518 0.900369 373.587836 318.282168
43 44 52 0.198636 0.498464 0.302900 396.746573 296.029020
43 44 52 0.625688 0.082256 0.292055 371.109758 296.551142
43 44 52 0.479986 0.128092 0.391923 377.148239 302.293700
43 44 52 0.233047 0.333207 0.433746 388.643457 302.878000
43 44 52 0.904973 0.033843 0.061184 371.498802 286.146819
43 44 52 0.270819 0.335156 0.394024 387.089529 298.089746
44 53 52 0.708672 0.050008 0.241320 399.047572 297.644235
44 53 52 0.564372 0.151056 0.284572 399.056803 302.310117
44 53 52 0.906369 0.014776 0.078855 410.812629 288.764954
44 53 52 0.698692 0.224492 0.076817 413.200234 296.041496
44 53 52 0.897891 0.081046 0.021063 413.330863 286.917896
44 53 52 0.320385 0.337316 0.342299 396.783887 306.670962
44 53 52 0.931569 0.010646 0.057785 416.785900 292.370921
44 53 52 0.550020 0.087546 0.362434 398.425691 304.447744
44 53 52 0.961495 0.016734 0.021771 419.671441 287.417680
44 53 52 0.532859 0.099945 0.367196 399.520318 303.672587
45 46 54 0.385867 0.410871 0.203262 108.071196 323.495524
45 46 54 0.687933 0.199739 0.112327 95.136790 324.101498
45 46 54 0.096442 0.785186 0.118372 118.373506 323.440835
45 46 54 0.072483 0.231439 0.696078 105.931240 334.999330
45 46 54 0.991005 0.005453 0.003542 89.158008 318.156855
45 46 54 0.429006 0.187500 0.383494 102.273911 330.016348
45 46 54 0.386670 0.328410 0.284920 104.049131 323.371257
45 46 54 0.204766 0.648250 0.146984 112.176323 319.200915
45 46 54 0.184272 0.482487 0.333241 111.886531 325.481303
45 46 54 0.574259 0.286466 0.139275 102.450420 325.440264
46 55 54 0.742936 0.083745 0.173320 120.744743 326.076017
46 55 54 0.346557 0.205922 0.447521 120.664586 337.967619
46 55 54 0.881784 0.006786 0.111430 120.635325 324.628659
46 55 54 0.630362 0.216587 0.153051 124.935326 330.138297
46 55 54 0.368380 0.471847 0.159773 126.150144 332.189019
46 55 54 0.666149 0.100690 0.233161 119.337297 328.863809
46 55 54 0.672855 0.061710 0.265434 118.654245 327.457919
46 55 54 0.213096 0.700800 0.086105 130.134616 340.874566
46 55 54 0.090328 0.706594 0.203078 127.533041 341.181119
46 55 54 0.872865 0.023161 0.103974 124.389996 325.171789
46 47 55 0.849146 0.113865 0.036990 130.710668 323.139092
46 47 55 0.617141 0.131462 0.251396 134.305398 324.776668
46 47 55 0.192279 0.570858 0.236863 148.403706 329.559367
46 47 55 0.772110 0.022078 0.205812 133.063484 325.336279
46 47 55 0.999215 0.000136 0.000649 127.068562 319.937720
46 47 55 0.231181 0.349857 0.418962 145.247598 331.342927
46 47 55 0.554444 0.376617 0.068939 144.458438 323.110949
46 47 55 0.350315 0.455213 0.194473 148.456225 324.922780
46 47 55 0.789426 0.167953 0.042621 134.144876 320.819500
46 47 55 0.110903 0.270947 0.618150 141.420056 336.558184
47 56 55 0.670897 0.003966 0.325137 156.166295 327.755432
47 56 55 0.727430 0.107149 0.165421 160.225856 329.455206
47 56 55 0.718779 0.010395 0.270826 156.476841 325.528408
47 56 55 0.183656 0.364949 0.451395 156.080324 339.599856
47 56 55 0.902363 0.094079 0.003558 167.705749 325.100796
47 56 55 0.603411 0.105241 0.291348 159.746527 328.664488
47 56 55 0.119485 0.305938 0.574577 149.459466 341.928385
47 56 55 0.381991 0.306636 0.311373 161.511965 335.512741
47 56 55 0.672695 0.211999 0.115306 166.738030 330.067135
47 56 55 0.653506 0.307761 0.038733 166.560409 327.605954
47 48 56 0.415946 0.104460 0.479593 175.347310 331.444795
47 48 56 0.849413 0.130729 0.019858 173.667180 319.797104
47 48 56 0.704153 0.104648 0.191199 171.132681 322.540224
47 48 56 0.629649 0.201048 0.169303 173.302356 327.406858
47 48 56 0.876216 0.058225 0.065559 167.827243 323.341010
47 48 56 0.813626 0.118858 0.067517 169.699302 323.151246
47 48 56 0.452886 0.351027 0.196087 179.079843 327.428999
47 48 56 0.580172 0.216011 0.203817 176.959748 322.296329
47 48 56 0.632532 0.258125 0.109343 179.458652 321.141729
47 48 56 0.602127 0.299871 0.098002 177.567915 325.825252
48 57 56 0.390680 0.361287 0.248033 199.497024 339.631539
48 57 56 0.168686 0.040461 0.790853 177.509728 340.165132
48 57 56 0.317033 0.061537 0.621430 186.322346 339.367423
48 57 56 0.612289 0.184401 0.203310 198.709406 332.757398
48 57 56 0.711153 0.229358 0.059489 202.974373 329.214494
48 57 56 0.613618 0.073473 0.312909 193.087978 330.808927
48 57 56 0.004778 0.018808 0.976414 171.750318 348.171135
48 57 56 0.284394 0.329599 0.386007 192.455325 342.774723
48 57 56 0.078676 0.426972 0.494352 190.957603 348.145479
48 57 56 0.865127 0.008919 0.125953 196.709454 323.768283
48 49 57 0.600939 0.001861 0.397200 205.299727 332.774281
48 49 57 0.173639 0.232177 0.594184 214.601257 339.258532
48 49 57 0.279868 0.357131 0.363001 218.703810 328.088929
48 49 57 0.658646 0.320455 0.020899 216.586388 322.500679
48 49 57 0.076893 0.331323 0.591785 217.642521 337.547059
48 49 57 0.978542 0.016098 0.005360 203.445816 321.799767
48 49 57 0.646298 0.053814 0.299888 207.869488 327.707449
48 49 57 0.935095 0.038691 0.026214 205.721959 324.414603
48 49 57 0.797638 0.088277 0.114085 206.582902 326.019898
48 49 57 0.272575 0.648478 0.078947 232.177042 325.203548
49 58 57 0.039265 0.033834 0.926901 209.954234 342.922801
49 58 57 0.635402 0.299003 0.065595 245.227706 331.004776
49 58 57 0.188395 0.120422 0.691183 217.832962 340.209460
49 58 57 0.933670 0.051629 0.014701 241.047417 320.846228
49 58 57 0.926565 0.012178 0.061256 242.325219 324.893776
49 58 57 0.084652 0.315885 0.599463 223.847172 344.467103
49 58 57 0.832338 0.082430 0.085231 240.871759 328.785263
49 58 57 0.829059 0.055444 0.115496 240.495537 325.301577
49 58 57 0.783579 0.058253 0.158168 237.088512 325.244744
49 58 57 0.071869 0.101217 0.826914 216.474289 342.944164
49 50 58 0.752684 0.112579 0.134737 249.042175 325.122228
49 50 58 0.252780 0.373678 0.373542 257.390987 333.035959
49 50 58 0.275099 0.018857 0.706045 246.986777 341.266430
49 50 58 0.675269 0.090109 0.234621 247.393809 325.542009
49 50 58 0.756718 0.161322 0.081960 250.916875 322.436405
49 50 58 0.549162 0.418751 0.032087 263.711683 319.224820
49 50 58 0.338190 0.511895 0.149914 264.596239 324.162352
49 50 58 0.764982 0.148248 0.086770 248.956282 321.507150
49 50 58 0.155816 0.688222 0.155962 271.914168 327.246260
49 50 58 0.372878 0.617732 0.009390 269.010796 323.562321
50 59 58 0.306733 0.485809 0.207457 276.892684 336.906384
50 59 58 0.107925 0.037633 0.854442 250.664391 345.293519
50 59 58 0.140765 0.732865 0.126370 276.316610 343.185857
50 59 58 0.954425 0.041148 0.004427 288.656243 321.071152
50 59 58 0.590076 0.140070 0.269854 276.711423 334.827237
50 59 58 0.602618 0.191654 0.205727 280.310242 327.477331
50 59 58 0.456159 0.070430 0.473412 270.947226 335.329018
50 59 58 0.577638 0.062906 0.359457 270.540013 336.144210
50 59 58 0.872450 0.001221 0.126329 281.100707 324.163258
50 59 58 0.882217 0.104481 0.013302 283.191188 325.970980
50 51 59 0.107782 0.841292 0.050926 317.744157 326.486656
50 51 59 0.089865 0.194599 0.715536 290.275666 342.974693
50 51 59 0.330141 0.422354 0.247505 304.572723 328.343647
50 51 59 0.004362 0.787975 0.207663 315.091140 326.533601
50 51 59 0.949498 0.034363 0.016139 283.986304 319.429686
50 51 59 0.654540 0.152835 0.192625 291.475081 327.479983
50 51 59 0.613022 0.129358 0.257620 288.140798 326.901137
50 51 59 0.109561 0.392742 0.497697 304.181122 338.997619
50 51 59 0.987907 0.000801 0.011292 288.074566 322.163267
50 51 59 0.529419 0.252118 0.218462 291.979534 328.429164
51 60 59 0.466044 0.077940 0.456016 307.546601 340.916745
51 60 59 0.302051 0.539318 0.158632 315.066840 338.594860
51 60 59 0.612885 0.206398 0.180717 319.042179 337.089538
51 60 59 0.854813 0.042627 0.102559 324.123306 326.021074
51 60 59 0.118659 0.001732 0.879609 288.538625 349.044785
51 60 59 0.545378 0.067542 0.387079 311.275578 336.203758
51 60 59 0.943842 0.007846 0.048312 323.557332 321.414546
51 60 59 0.269272 0.182279 0.548449 303.229603 342.421704
51 60 59 0.525342 0.001637 0.473022 309.645828 334.237976
51 60 59 0.194744 0.760150 0.045106 320.169331 342.299347
51 52 60 0.668654 0.285581 0.045765 342.445017 325.311138
51 52 60 0.161080 0.114761 0.724159 329.670275 344.665457
51 52 60 0.508378 0.413100 0.078522 343.797225 326.499609
51 52 60 0.542129 0.388129 0.069742 343.645684 326.051487
51 52 60 0.394825 0.425262 0.179913 343.789035 330.688430
51 52 60 0.277542 0.108678 0.613780 328.355197 334.459872
51 52 60 0.249689 0.338928 0.411383 338.555581 333.158069
51 52 60 0.845776 0.030030 0.124195 327.795716 325.081404
51 52 60 0.994166 0.000325 0.005508 326.023693 320.096874
51 52 60 0.828322 0.001235 0.170443 325.415121 327.299372
52 61 60 0.176174 0.146708 0.677118 336.408621 346.387565
52 61 60 0.426828 0.429732 0.143439 356.332649 338.551319
52 61 60 0.232799 0.131848 0.635353 337.765754 343.019616
52 61 60 0.124806 0.391510 0.483684 341.382165 347.630938
52 61 60 0.977614 0.021244 0.001142 367.533660 322.523362
52 61 60 0.614255 0.178120 0.207624 353.172719 339.963428
52 61 60 0.901598 0.022592 0.075809 364.512561 326.212154
52 61 60 0.690274 0.120395 0.189331 358.154319 332.752071
52 61 60 0.693770 0.277707 0.028523 364.038136 334.105744
52 61 60 0.832730 0.011118 0.156152 363.430058 325.834551
52 53 61 0.323379 0.054239 0.622382 366.854707 340.257476
52 53 61 0.290252 0.373677 0.336071 378.216374 333.522562
52 53 61 0.899086 0.039097 0.061816 365.601549 321.928156
52 53 61 0.877494 0.024792 0.097715 368.840061 324.968228
52 53 61 0.407350 0.179235 0.413415 369.346630 333.668506
52 53 61 0.141699 0.817585 0.040716 407.647361 324.426433
52 53 61 0.125731 0.679511 0.194759 399.043982 325.640531
52 53 61 0.080135 0.126679 0.793185 368.201704 349.124919
52 53 61 0.544621 0.299303 0.156076 378.081958 329.161234
52 53 61 0.204278 0.769070 0.026652 401.063997 320.722882
53 62 61 0.169386 0.460642 0.369971 389.348557 345.244405
53 62 61 0.559966 0.142324 0.297710 394.125336 336.942392
53 62 61 0.259510 0.089745 0.650745 377.126486 344.676130
53 62 61 0.662909 0.248460 0.088631 405.181813 337.664770
53 62 61 0.500894 0.248357 0.250749 393.197622 337.418383
53 62 61 0.361396 0.033018 0.605586 380.542659 343.292551
53 62 61 0.846019 0.031607 0.122373 401.266573 329.696017
53 62 61 0.964425 0.030130 0.005445 410.043911 326.108684
53 62 61 0.512612 0.244150 0.243239 395.442878 332.561917
53 62 61 0.038504 0.604737 0.356759 385.059723 349.454105
54 55 63 0.674398 0.132386 0.193217 108.021041 349.380219
54 55 63 0.089321 0.408425 0.502254 120.231602 353.879151
54 55 63 0.708936 0.021527 0.269537 103.359523 349.237969
54 55 63 0.314930 0.447549 0.237521 116.874001 347.272387
54 55 63 0.143355 0.709225 0.147419 123.962751 345.334580
54 55 63 0.713012 0.079877 0.207111 103.294227 343.729207
54 55 63 0.389249 0.188639 0.422112 113.204193 354.595838
54 55 63 0.145971 0.643219 0.210810 125.553413 348.829088
54 55 63 0.400117 0.400992 0.198891 116.656319 348.272172
54 55 63 0.228086 0.712978 0.058936 122.990776 344.581640
55 64 63 0.898445 0.008913 0.092642 133.790706 345.348280
55 64 63 0.948548 0.012867 0.038585 137.575017 346.468980
55 64 63 0.600594 0.120585 0.278821 129.834434 353.318510
55 64 63 0.494265 0.236545 0.269190 131.039995 356.966740
55 64 63 0.041894 0.925880 0.032226 145.679307 356.577604
55 64 63 0.799630 0.106120 0.094251 134.054094 348.794560
55 64 63 0.836740 0.133362 0.029898 132.947827 349.397150
55 64 63 0.115361 0.198362 0.686278 118.709815 358.469551
55 64 63 0.787302 0.143528 0.069170 136.432165 346.858437
55 64 63 0.185752 0.790232 0.024016 144.879515 359.279334
55 56 64 0.655610 0.114549 0.229840 147.417852 349.096727
55 56 64 0.626325 0.337344 0.036331 147.438870 347.726072
55 56 64 0.053939 0.479048 0.467013 157.429447 352.863558
55 56 64 0.129735 0.334717 0.535548 153.778447 354.141689
55 56 64 0.669331 0.318244 0.012425 148.822340 347.137818
55 56 64 0.722900 0.040026 0.237074 140.750327 345.303946
55 56 64 0.165837 0.531446 0.302717 160.106410 350.170360
55 56 64 0.542841 0.149161 0.307998 141.858298 350.789138
55 56 64 0.459051 0.409298 0.131651 154.982529 346.460323
55 56 64 0.192609 0.261565 0.545825 151.984695 355.173372
56 65 64 0.857171 0.097312 0.045517 172.718000 350.708338
56 65 64 0.842192 0.142858 0.014950 175.334431 350.301916
56 65 64 0.828362 0.148625 0.023012 174.984570 350.716196
56 65 64 0.666905 0.172589 0.160505 170.630263 350.310116
56 65 64 0.809160 0.113201 0.077639 171.090500 351.989197
56 65 64 0.628621 0.130216 0.241163 170.539144 354.359352
56 65 64 0.087546 0.513503 0.398951 167.157648 357.605855
56 65 64 0.418552 0.002089 0.579359 155.399618 354.797574
56 65 64 0.676580 0.174131 0.149290 167.311787 351.156708
56 65 64 0.911498 0.085934 0.002568 176.037162 347.662663
56 57 65 0.576620 0.064726 0.358654 179.838510 353.821663
56 57 65 0.348810 0.032281 0.618910 179.519063 357.104150
56 57 65 0.383365 0.283004 0.333631 184.993451 353.093002
56 57 65 0.600767 0.163926 0.235307 183.563724 352.276614
56 57 65 0.651190 0.124414 0.224397 179.253417 353.079974
56 57 65 0.112049 0.101895 0.786057 179.176970 360.949998
56 57 65 0.070829 0.307531 0.621640 187.478350 357.960733
56 57 65 0.295737 0.132820 0.571443 183.890733 355.100344
56 57 65 0.330864 0.601601 0.067535 194.024188 348.539727
56 57 65 0.387379 0.093034 0.519587 182.811619 354.478289
57 66 65 0.348716 0.594360 0.056924 214.365749 357.101604
57 66 65 0.065938 0.398400 0.535662 194.392637 361.120120
57 66 65 0.160002 0.433476 0.406523 198.650221 362.207289
57 66 65 0.550245 0.073802 0.375953 196.635892 354.723362
57 66 65 0.326008 0.273180 0.400812 195.671165 359.756925
57 66 65 0.264216 0.574864 0.160919 207.977299 355.716683
57 66 65 0.034688 0.048258 0.917054 181.248505 360.635109
57 66 65 0.574822 0.266270 0.158908 206.303302 357.101277
57 66 65 0.823777 0.111893 0.064329 203.632793 348.427597
57 66 65 0.650134 0.024189 0.325677 196.197870 353.091424
57 58 66 0.100959 0.712357 0.186683 237.697958 352.996170
57 58 66 0.129829 0.279945 0.590226 221.529359 357.409354
57 58 66 0.279875 0.378880 0.341245 229.274240 355.158113
57 58 66 0.668017 0.078104 0.253879 212.836577 349.067810
57 58 66 0.558397 0.149103 0.292500 217.012973 350.323750
57 58 66 0.240788 0.394865 0.364348 225.050085 356.876118
57 58 66 0.387715 0.085082 0.527202 217.966653 357.015790
57 58 66 0.023077 0.008665 0.968258 214.756890 360.905373
57 58 66 0.150673 0.108562 0.740765 216.609012 359.542904
57 58 66 0.891813 0.007323 0.100863 210.561118 347.220409
58 67 66 0.513640 0.286849 0.199511 240.897064 351.822795
58 67 66 0.532679 0.098196 0.369125 239.074545 358.997828
58 67 66 0.917074 0.047874 0.035052 246.786052 346.928491
58 67 66 0.834322 0.145937 0.019741 247.179081 349.361900
58 67 66 0.163814 0.737050 0.099136 248.345250 364.578584
58 67 66 0.440484 0.496812 0.062704 247.507004 357.532902
58 67 66 0.168845 0.528079 0.303076 235.379914 363.047714
58 67 66 0.256816 0.187827 0.555357 225.624741 360.077886
58 67 66 0.979402 0.005696 0.014902 243.339914 350.993181
58 67 66 0.559803 0.156274 0.283923 239.009140 355.070802
58 59 67 0.029895 0.875014 0.095091 276.225906 350.718484
58 59 67 0.391559 0.295372 0.313068 255.308618 352.879675
58 59 67 0.637688 0.030190 0.332123 246.090658 352.240593
58 59 67 0.368387 0.196653 0.434959 251.732148 351.770361
58 59 67 0.525103 0.462979 0.011918 263.249312 345.869282
58 59 67 0.848876 0.115138 0.035987 251.273374 352.051869
58 59 67 0.483592 0.030018 0.486391 247.170275 357.296363
58 59 67 0.725444 0.077041 0.197515 242.518100 350.811848
58 59 67 0.735087 0.133034 0.131879 247.596572 350.105258
58 59 67 0.820479 0.042221 0.137300 246.738142 350.728580
59 68 67 0.796247 0.073225 0.130528 279.015290 351.119847
59 68 67 0.364029 0.036690 0.599281 260.912969 360.178576
59 68 67 0.018735 0.087458 0.893807 250.316481 363.341239
59 68 67 0.060318 0.213806 0.725876 259.017480 362.981490
59 68 67 0.035331 0.177644 0.787025 255.266205 365.944704
59 68 67 0.135827 0.118657 0.745516 259.080134 357.254239
59 68 67 0.785806 0.162764 0.051430 282.086294 355.276392
59 68 67 0.050557 0.129539 0.819904 256.493416 362.672258
59 68 67 0.189307 0.242609 0.568083 265.429276 359.308983
59 68 67 0.952957 0.038393 0.008650 284.738035 350.719986
59 60 68 0.628851 0.272941 0.098208 287.402210 350.662420
59 60 68 0.824214 0.043922 0.131864 284.662147 352.681207
59 60 68 0.126551 0.370520 0.502930 302.697158 357.409374
59 60 68 0.627430 0.055003 0.317566 286.861089 353.463661
59 60 68 0.648239 0.272801 0.078960 291.332481 345.042054
59 60 68 0.449964 0.291986 0.258050 295.793273 355.267879
59 60 68 0.831273 0.139447 0.029280 287.191929 348.483980
59 60 68 0.792663 0.030755 0.176582 289.240284 350.301658
59 60 68 0.087176 0.028654 0.884170 286.461283 363.501955
59 60 68 0.834510 0.052118 0.113373 288.893777 348.448852
60 69 68 0.992462 0.004982 0.002556 321.480461 350.430874
60 69 68 0.318367 0.462036 0.219597 312.861198 355.736317
60 69 68 0.807413 0.005319 0.187268 315.741102 354.054212
60 69 68 0.780032 0.051387 0.168582 313.480692 353.934241
60 69 68 0.283324 0.085960 0.630716 295.680312 364.349043
60 69 68 0.499461 0.104576 0.395963 306.540199 360.945637
60 69 68 0.941996 0.029438 0.028565 320.240414 346.710320
60 69 68 0.043423 0.941115 0.015463 320.351430 361.412790
60 69 68 0.760752 0.126607 0.112641 320.305445 353.417779
60 69 68 0.188460 0.273711 0.537829 299.154734 366.502665
60 61 69 0.602330 0.138045 0.259625 324.727545 354.630929
60 61 69 0.109522 0.117010 0.773468 323.423190 363.528947
60 61 69 0.668460 0.135992 0.195548 324.570688 353.743316
60 61 69 0.611576 0.354271 0.034153 336.885499 348.525865
60 61 69 0.554490 0.163051 0.282459 327.505675 356.503060
60 61 69 0.835999 0.089255 0.074747 322.173242 352.900875
60 61 69 0.793831 0.093647 0.112522 326.393240 352.292615
60 61 69 0.746001 0.142605 0.111394 325.234854 354.026378
60 61 69 0.706157 0.023406 0.270437 321.810136 353.059578
60 61 69 0.329780 0.042149 0.628072 321.266558 361.645953
61 70 69 0.640553 0.073196 0.286251 346.978938 356.484862
61 70 69 0.905202 0.016632 0.078166 360.231299 355.498241
61 70 69 0.396869 0.169695 0.433437 338.424463 358.451864
61 70 69 0.703305 0.271202 0.025494 355.612832 356.885119
61 70 69 0.204453 0.772563 0.022984 352.118919 363.957441
61 70 69 0.240120 0.195970 0.563910 335.090377 362.699416
61 70 69 0.364541 0.616451 0.019008 358.904659 362.398217
61 70 69 0.134012 0.245771 0.620217 332.810471 363.763517
61 70 69 0.118912 0.451816 0.429272 341.729604 362.897134
61 70 69 0.972785 0.018705 0.008510 360.546771 348.266542
61 62 70 0.636097 0.030862 0.333041 360.295483 354.182827
61 62 70 0.488499 0.406740 0.104761 378.490363 353.926176
61 62 70 0.391996 0.263652 0.344352 369.657901 356.860286
61 62 70 0.106905 0.288858 0.604236 368.458031 359.716615
61 62 70 0.669332 0.293837 0.036831 373.255493 351.694492
61 62 70 0.642603 0.123662 0.233735 360.143230 352.128716
61 62 70 0.318797 0.472395 0.208808 379.707680 354.771129
61 62 70 0.509188 0.430604 0.060208 378.483398 352.511744
61 62 70 0.283264 0.082686 0.634050 356.836090 363.562046
61 62 70 0.887191 0.099434 0.013375 365.846432 353.175818
62 71 70 0.412236 0.329466 0.258298 384.926458 358.046739
62 71 70 0.258326 0.221176 0.520498 371.293474 363.684930
62 71 70 0.620074 0.302071 0.077854 397.427577 355.575266
62 71 70 0.620841 0.341848 0.037311 398.021197 360.227550
62 71 70 0.341537 0.533071 0.125392 390.931531 362.376556
62 71 70 0.708893 0.117768 0.173340 389.371860 355.291602
62 71 70 0.827326 0.109417 0.063257 397.606672 352.371272
62 71 70 0.524908 0.188435 0.286658 386.647807 361.952794
62 71 70 0.749397 0.121371 0.129232 394.778512 352.889243
62 71 70 0.664084 0.140411 0.195505 388.533778 355.839589
63 64 72 0.508055 0.395599 0.096346 126.752056 366.512935
63 64 72 0.017818 0.707688 0.274495 136.726603 363.886736
63 64 72 0.955756 0.025888 0.018356 116.824384 358.720964
63 64 72 0.030906 0.216453 0.752641 127.276522 369.508051
63 64 72 0.282772 0.079609 0.637619 121.720967 369.100720
63 64 72 0.127836 0.680919 0.191245 137.535910 359.872569
63 64 72 0.787803 0.201246 0.010952 114.683963 361.443749
63 64 72 0.049117 0.700018 0.250864 139.720007 363.922427
63 64 72 0.361133 0.064118 0.574749 117.158482 365.086555
63 64 72 0.514666 0.091969 0.393365 117.129657 362.236595
64 73 72 0.576468 0.101960 0.321572 142.438401 366.627240
64 73 72 0.661466 0.194894 0.143641 139.470679 369.476605
64 73 72 0.705318 0.115679 0.179004 142.884622 365.469260
64 73 72 0.615966 0.318075 0.065959 148.006559 368.173290
64 73 72 0.829981 0.015282 0.154737 143.311469 364.012428
64 73 72 0.642822 0.105703 0.251475 141.317347 365.439995
64 73 72 0.720473 0.040636 0.238891 140.155639 364.417160
64 73 72 0.694376 0.201835 0.103789 144.775651 362.685611
64 73 72 0.336475 0.090126 0.573399 132.371231 369.841796
64 73 72 0.685081 0.314689 0.000230 149.809197 362.927806
64 65 73 0.787799 0.010348 0.201853 150.370239 361.187136
64 65 73 0.552548 0.403205 0.044247 161.913320 363.882468
64 65 73 0.571986 0.232156 0.195859 154.078639 361.540577
64 65 73 0.259520 0.387227 0.353254 161.450289 370.166069
64 65 73 0.316516 0.340986 0.342497 161.877161 364.421169
64 65 73 0.548830 0.188322 0.262848 151.206269 368.213814
64 65 73 0.337707 0.226587 0.435705 158.431198 365.763259
64 65 73 0.225631 0.212753 0.561616 158.586571 366.928914
64 65 73 0.956533 0.038074 0.005393 146.109624 359.604712
64 65 73 0.050209 0.770102 0.179690 172.202780 363.646018
65 74 73 0.131458 0.620207 0.248335 180.035738 368.220186
65 74 73 0.375737 0.397197 0.227067 175.531458 366.077537
65 74 73 0.185645 0.787319 0.027036 187.917059 370.377483
65 74 73 0.413289 0.559284 0.027427 187.534900 366.720220
65 74 73 0.825729 0.003661 0.170610 175.410891 361.034259
65 74 73 0.112826 0.871950 0.015224 184.322180 370.579388
65 74 73 0.699544 0.159189 0.141267 176.300975 363.413785
65 74 73 0.526676 0.246262 0.227061 179.156324 368.755414
65 74 73 0.864487 0.104548 0.030965 181.356283 363.777073
65 74 73 0.001934 0.273963 0.724103 163.211350 373.906630
65 66 74 0.209870 0.459463 0.330667 197.450936 365.816376
65 66 74 0.503397 0.090167 0.406436 183.573332 364.223091
65 66 74 0.901336 0.046535 0.052129 180.516484 359.034963
65 66 74 0.848058 0.073857 0.078086 182.808180 365.079240
65 66 74 0.834905 0.058792 0.106303 179.217304 363.497317
65 66 74 0.180913 0.403941 0.415146 193.023210 365.648817
65 66 74 0.654533 0.249164 0.096303 190.405555 362.641499
65 66 74 0.647508 0.129257 0.223235 187.366785 363.625134
65 66 74 0.792214 0.052809 0.154977 185.339665 364.107881
65 66 74 0.501852 0.357197 0.140951 193.056620 364.365830
66 75 74 0.485217 0.270700 0.244083 209.017404 367.884686
66 75 74 0.872297 0.117361 0.010342 216.061254 364.473935
66 75 74 0.570619 0.407782 0.021598 217.003335 369.195535
66 75 74 0.387974 0.190813 0.421213 202.386462 369.883862
66 75 74 0.816399 0.137909 0.045692 213.306236 367.454978
66 75 74 0.593430 0.201904 0.204666 210.830596 368.640082
66 75 74 0.883450 0.069909 0.046640 212.756837 365.631088
66 75 74 0.475693 0.489011 0.035296 216.591702 368.596476
66 75 74 0.463816 0.210034 0.326150 209.771822 370.088395
66 75 74 0.210073 0.396767 0.393159 204.939996 369.949553
66 67 75 0.087019 0.729081 0.183900 238.057936 362.405117
66 67 75 0.404153 0.390890 0.204957 228.340072 364.583969
66 67 75 0.728011 0.207383 0.064606 222.546435 366.131447
66 67 75 0.967550 0.007806 0.024644 215.770142 361.110733
66 67 75 0.825714 0.157135 0.017151 222.554663 361.841543
66 67 75 0.581493 0.311464 0.107044 228.014736 368.423998
66 67 75 0.951448 0.010332 0.038220 212.050042 360.645555
66 67 75 0.029528 0.119591 0.850881 224.014014 371.592294
66 67 75 0.005604 0.631166 0.363230 238.434248 365.017622
66 67 75 0.152136 0.154182 0.693682 221.765351 370.414252
67 76 75 0.143571 0.243574 0.612854 229.616063 368.470478
67 76 75 0.123300 0.338283 0.538417 235.389009 372.779695
67 76 75 0.211924 0.038239 0.749837 224.045801 373.599161
67 76 75 0.379943 0.394084 0.225973 245.026386 371.141205
67 76 75 0.367619 0.551566 0.080816 247.533520 371.644131
67 76 75 0.297685 0.570504 0.131811 246.497773 370.491980
67 76 75 0.458603 0.347234 0.194164 245.344356 370.512409
67 76 75 0.645047 0.183603 0.171350 245.851753 365.352826
67 76 75 0.352490 0.240149 0.407361 234.241777 369.724403
67 76 75 0.495226 0.164055 0.340719 238.917732 370.981441
67 68 76 0.077986 0.496050 0.425964 265.893454 369.620595
67 68 76 0.363723 0.541346 0.094931 266.325352 363.957385
67 68 76 0.443550 0.440271 0.116179 264.488538 363.891253
67 68 76 0.641828 0.114455 0.243717 254.054770 364.365979
67 68 76 0.195697 0.286335 0.517967 258.007514 369.011379
67 68 76 0.745095 0.121915 0.132990 253.666079 367.185116
67 68 76 0.053364 0.248142 0.698494 260.465433 372.398243
67 68 76 0.416129 0.146549 0.437322 254.757145 369.635196
67 68 76 0.541690 0.053968 0.404343 250.173008 369.648383
67 68 76 0.076616 0.071400 0.851984 252.494831 369.534483
68 77 76 0.318107 0.330860 0.351033 272.974441 368.980924
68 77 76 0.288033 0.655620 0.056347 280.981655 370.510431
68 77 76 0.855929 0.000685 0.143386 278.606096 363.007162
68 77 76 0.725678 0.060975 0.213347 273.654740 365.460976
68 77 76 0.031955 0.636006 0.332040 270.074454 373.120383
68 77 76 0.257282 0.717289 0.025429 283.483649 373.307910
68 77 76 0.942986 0.029456 0.027558 281.127912 366.593262
68 77 76 0.606243 0.199105 0.194652 276.401851 371.942266
68 77 76 0.353686 0.056486 0.589828 260.739724 371.552814
68 77 76 0.885813 0.021894 0.092293 276.286353 365.337807
68 69 77 0.809667 0.030345 0.159988 282.570810 370.839794
68 69 77 0.169329 0.007159 0.823513 283.764785 373.868551
68 69 77 0.816561 0.181223 0.002215 288.441297 365.647059
68 69 77 0.919058 0.036171 0.044772 281.086462 362.318436
68 69 77 0.847967 0.078879 0.073155 286.451582 362.937905
68 69 77 0.857926 0.068465 0.073609 286.138000 367.442173
68 69 77 0.811256 0.073550 0.115195 283.676865 364.004418
68 69 77 0.806444 0.102088 0.091468 287.058216 367.191208
68 69 77 0.023231 0.168303 0.808466 286.056704 370.768467
68 69 77 0.891234 0.080365 0.028402 284.279005 364.566270
69 78 77 0.201032 0.086550 0.712418 293.436725 374.701835
69 78 77 0.065615 0.085470 0.848915 289.203184 372.631336
69 78 77 0.846831 0.080005 0.073164 313.741777 365.611696
69 78 77 0.686484 0.090143 0.223373 306.156208 371.546502
69 78 77 0.793877 0.160477 0.045646 316.253536 369.765692
69 78 77 0.637303 0.314706 0.047992 315.369340 371.525115
69 78 77 0.880031 0.058276 0.061693 314.383643 367.494189
69 78 77 0.939796 0.004446 0.055758 319.615608 367.089736
69 78 77 0.963129 0.027261 0.009611 318.847743 367.312510
69 78 77 0.300257 0.629838 0.069906 318.039773 372.117058
69 70 78 0.529375 0.415558 0.055067 333.392584 366.878055
69 70 78 0.809896 0.159532 0.030572 325.525767 367.018531
69 70 78 0.350226 0.474021 0.175752 335.807937 371.045345
69 70 78 0.182635 0.789775 0.027590 348.257190 367.759465
69 70 78 0.760873 0.234534 0.004593 326.544822 365.373569
69 70 78 0.219021 0.044864 0.736115 319.554588 372.885953
69 70 78 0.931850 0.010781 0.057370 319.037161 365.275509
69 70 78 0.691161 0.032347 0.276493 316.066099 369.904044
69 70 78 0.434889 0.420146 0.144966 331.114539 368.169014
69 70 78 0.256392 0.358520 0.385088 327.580613 368.253556
70 79 78 0.094240 0.763715 0.142045 343.093986 376.128687
70 79 78 0.164904 0.340852 0.494244 333.332462 376.517724
70 79 78 0.780416 0.111554 0.108030 351.555760 366.625674
70 79 78 0.074971 0.660365 0.264663 340.287109 371.761618
70 79 78 0.342616 0.631558 0.025826 352.540794 375.868936
70 79 78 0.327935 0.628588 0.043477 349.516149 373.575449
70 79 78 0.501456 0.266976 0.231568 343.941976 375.383511
70 79 78 0.400854 0.583011 0.016135 348.458939 373.627622
70 79 78 0.412960 0.429446 0.157594 345.121095 375.114477
70 79 78 0.021090 0.731130 0.247780 339.977251 378.132160
70 71 79 0.248906 0.012126 0.738968 352.040414 375.218126
70 71 79 0.499052 0.267551 0.233396 366.555022 368.748873
70 71 79 0.643611 0.154752 0.201637 357.570609 370.409352
70 71 79 0.759223 0.139925 0.100852 362.206521 370.549043
70 71 79 0.335597 0.221555 0.442848 364.051241 375.822736
70 71 79 0.679233 0.297269 0.023497 365.822660 369.642665
70 71 79 0.324704 0.670347 0.004949 380.643096 367.741844
70 71 79 0.990018 0.001748 0.008234 356.634220 367.504873
70 71 79 0.182566 0.033406 0.784028 353.902646 374.523604
70 71 79 0.991066 0.000675 0.008259 352.846904 366.081893
71 80 79 0.792745 0.042827 0.164427 385.508375 373.944156
71 80 79 0.583235 0.124785 0.291980 380.266527 373.392569
71 80 79 0.997938 0.001224 0.000838 388.850906 365.654309
71 80 79 0.007694 0.019199 0.973107 351.915119 381.677809
71 80 79 0.193623 0.736666 0.069711 382.093421 380.927754
71 80 79 0.360868 0.082246 0.556885 367.189220 374.552252
71 80 79 0.051436 0.168070 0.780494 357.704047 376.251426
71 80 79 0.197555 0.186333 0.616113 366.223929 375.729802
71 80 79 0.438547 0.259764 0.301688 379.482370 373.174669
71 80 79 0.388323 0.525263 0.086413 382.541987 374.004963
