0 1 9 0.005891 0.268734 0.725374 97.013665 155.108721
0 1 9 0.671743 0.014874 0.313383 86.845779 137.420041
0 1 9 0.198417 0.125095 0.676488 89.585529 153.409889
0 1 9 0.222120 0.739071 0.038809 112.461985 127.346407
0 1 9 0.619293 0.376435 0.004271 98.032386 123.311475
0 1 9 0.064798 0.487548 0.447655 107.227288 139.451253
0 1 9 0.642000 0.129690 0.228311 91.203912 135.576087
0 1 9 0.285350 0.146845 0.567805 92.624259 148.738501
0 1 9 0.247099 0.719994 0.032908 111.764082 122.366563
0 1 9 0.055296 0.220175 0.724529 94.192240 154.762887
1 10 9 0.022255 0.222916 0.754829 95.177048 167.271603
1 10 9 0.028645 0.305614 0.665741 106.222673 163.907027
1 10 9 0.844944 0.119239 0.035817 124.571213 130.845455
1 10 9 0.897489 0.016084 0.086427 121.022492 130.336098
1 10 9 0.708005 0.278809 0.013186 121.974584 133.930351
1 10 9 0.557629 0.017401 0.424970 111.199236 143.630096
1 10 9 0.760985 0.010169 0.228846 116.948407 132.883664
1 10 9 0.215508 0.438536 0.345956 113.768067 152.550328
1 10 9 0.213143 0.625759 0.161097 122.376374 154.369564
1 10 9 0.629482 0.111061 0.259457 116.394902 137.133824
1 2 10 0.499573 0.222084 0.278343 135.332433 136.775011
1 2 10 0.554569 0.306165 0.139266 136.545643 129.837859
1 2 10 0.175383 0.587233 0.237385 147.010461 129.451570
1 2 10 0.925374 0.052846 0.021781 124.476698 123.335602
1 2 10 0.530720 0.433223 0.036057 139.242169 127.134169
1 2 10 0.256503 0.515480 0.228016 144.135791 132.068113
1 2 10 0.803732 0.164789 0.031478 127.526140 126.870927
1 2 10 0.796565 0.009515 0.193919 121.790732 130.539406
1 2 10 0.283391 0.003729 0.712880 122.936044 148.447942
1 2 10 0.889973 0.065173 0.044853 124.477076 127.774355
2 11 10 0.827217 0.095502 0.077280 155.826422 128.958493
2 11 10 0.581801 0.248982 0.169218 158.341805 136.117332
2 11 10 0.557121 0.089378 0.353501 147.619904 142.762037
2 11 10 0.303197 0.457777 0.239026 152.263737 146.573691
2 11 10 0.931432 0.015093 0.053475 157.732631 125.015721
2 11 10 0.056340 0.730771 0.212889 155.851087 157.952982
2 11 10 0.894547 0.072986 0.032466 157.787033 125.292617
2 11 10 0.840236 0.079934 0.079829 155.936607 128.865338
2 11 10 0.050586 0.872708 0.076706 159.433306 160.732875
2 11 10 0.956469 0.007520 0.036011 160.250969 125.805650
2 3 11 0.035061 0.466191 0.498748 177.291951 138.781753
2 3 11 0.001952 0.318696 0.679352 176.158519 145.000533
2 3 11 0.506216 0.289814 0.203970 172.314610 127.990346
2 3 11 0.886524 0.095935 0.017541 163.314803 120.540429
2 3 11 0.501661 0.006513 0.491826 161.880100 142.670522
2 3 11 0.723411 0.095242 0.181347 168.798655 126.638728
2 3 11 0.655162 0.085936 0.258902 164.206547 127.890220
2 3 11 0.384002 0.281051 0.334947 173.325374 135.413293
2 3 11 0.896277 0.054970 0.048753 163.513063 125.267828
2 3 11 0.037698 0.782288 0.180014 187.121677 127.917358
3 12 11 0.784841 0.020471 0.194687 191.445441 129.180105
3 12 11 0.293268 0.336010 0.370721 184.567532 145.424576
3 12 11 0.126637 0.610245 0.263118 193.803437 156.210267
3 12 11 0.146992 0.271459 0.581550 179.315423 157.332675
3 12 11 0.307527 0.659244 0.033230 205.680601 147.878183
3 12 11 0.914247 0.070926 0.014827 200.900928 119.602935
3 12 11 0.431211 0.135440 0.433349 183.712038 141.461832
3 12 11 0.880032 0.069193 0.050774 200.187530 123.083986
3 12 11 0.180132 0.510609 0.309259 192.045286 154.495393
3 12 11 0.856966 0.106994 0.036040 196.670260 124.113694
3 4 12 0.247376 0.279553 0.473071 212.052954 137.192190
3 4 12 0.097901 0.529373 0.372727 221.216143 132.669550
3 4 12 0.611727 0.065386 0.322886 202.554160 127.460929
3 4 12 0.873882 0.087481 0.038637 202.719448 119.464000
3 4 12 0.116957 0.394119 0.488924 213.311261 140.992239
3 4 12 0.715544 0.136127 0.148328 204.970558 121.922432
3 4 12 0.986125 0.000883 0.012992 201.755694 119.594086
3 4 12 0.537426 0.286231 0.176342 213.476400 124.633761
3 4 12 0.065188 0.512220 0.422592 220.419791 136.632720
3 4 12 0.138681 0.253328 0.607990 212.664763 141.957846
4 13 12 0.847145 0.139700 0.013155 238.737610 123.956489
4 13 12 0.637356 0.032493 0.330151 224.173413 134.857023
4 13 12 0.719216 0.127129 0.153655 231.507258 127.115480
4 13 12 0.064631 0.378959 0.556409 224.666782 154.524483
4 13 12 0.529497 0.193757 0.276746 229.865299 133.428083
4 13 12 0.190057 0.723083 0.086860 237.863079 150.864066
4 13 12 0.596950 0.328424 0.074626 239.379762 132.091047
4 13 12 0.983211 0.000401 0.016388 236.655750 121.772866
4 13 12 0.529291 0.459811 0.010898 240.164799 136.856965
4 13 12 0.803681 0.151917 0.044402 236.274583 122.707834
4 5 13 0.673440 0.299130 0.027430 249.497105 118.162492
4 5 13 0.765865 0.204576 0.029559 249.397021 120.741122
4 5 13 0.152136 0.695145 0.152719 269.069471 123.759578
4 5 13 0.364343 0.047796 0.587861 240.457348 140.833166
4 5 13 0.001462 0.690971 0.307567 268.725375 133.649599
4 5 13 0.997075 0.002553 0.000372 237.266783 122.862062
4 5 13 0.825399 0.148394 0.026207 246.881734 117.223952
4 5 13 0.069907 0.861873 0.068221 276.277532 119.172050
4 5 13 0.648050 0.163458 0.188492 242.558026 125.762216
4 5 13 0.742857 0.101461 0.155681 240.201451 124.472105
5 14 13 0.354641 0.002369 0.642991 256.176725 144.525306
5 14 13 0.890388 0.053761 0.055851 274.467315 119.760922
5 14 13 0.962261 0.020150 0.017589 278.933431 117.835403
5 14 13 0.295298 0.011580 0.693122 253.241179 146.994816
5 14 13 0.069552 0.527950 0.402498 267.368825 153.514315
5 14 13 0.119256 0.097886 0.782857 248.981246 154.061081
5 14 13 0.614451 0.352130 0.033418 275.295978 132.329433
5 14 13 0.828609 0.078291 0.093100 279.719297 123.429721
5 14 13 0.924317 0.018792 0.056891 278.575049 118.668004
5 14 13 0.358124 0.389287 0.252589 268.806266 138.321309
5 6 14 0.498336 0.314755 0.186909 295.443462 120.934722
5 6 14 0.300892 0.169802 0.529306 289.190903 134.487599
5 6 14 0.293233 0.476838 0.229929 299.406018 121.909315
5 6 14 0.175856 0.458749 0.365395 298.943997 129.458179
5 6 14 0.698989 0.294711 0.006300 291.291189 116.035170
5 6 14 0.054585 0.728291 0.217124 306.977177 122.518770
5 6 14 0.961622 0.018753 0.019624 282.081590 119.535793
5 6 14 0.187991 0.121298 0.690711 287.533710 144.504127
5 6 14 0.567234 0.285218 0.147549 292.641015 119.347456
5 6 14 0.103327 0.160237 0.736436 288.377207 142.071443
6 15 14 0.325312 0.058775 0.615913 295.515515 140.019577
6 15 14 0.681723 0.161589 0.156688 315.527707 126.099092
6 15 14 0.482680 0.019333 0.497987 300.096531 133.228812
6 15 14 0.961983 0.027142 0.010875 319.811973 118.920290
6 15 14 0.114115 0.319407 0.566479 295.837849 149.123580
6 15 14 0.873965 0.096528 0.029507 320.914128 122.672470
6 15 14 0.459576 0.352784 0.187639 315.462468 139.127014
6 15 14 0.948022 0.003322 0.048657 321.986631 116.483921
6 15 14 0.770576 0.119164 0.110260 314.119713 121.787217
6 15 14 0.006044 0.118740 0.875216 287.428034 156.635876
6 7 15 0.552142 0.109592 0.338266 324.623566 130.500836
6 7 15 0.528638 0.308072 0.163290 329.883409 120.039276
6 7 15 0.760117 0.147814 0.092069 331.605417 121.132167
6 7 15 0.537998 0.252972 0.209031 333.031253 122.813241
6 7 15 0.932182 0.010281 0.057538 321.892596 115.309644
6 7 15 0.106573 0.723751 0.169676 352.350983 124.110044
6 7 15 0.917352 0.038913 0.043735 323.480846 114.358459
6 7 15 0.016117 0.493782 0.490101 343.317765 133.344932
6 7 15 0.335258 0.032289 0.632453 322.007091 141.002341
6 7 15 0.008990 0.323774 0.667236 334.411385 143.021307
7 16 15 0.522422 0.230778 0.246801 355.036975 135.311110
7 16 15 0.011531 0.561025 0.427445 344.420377 151.551401
7 16 15 0.963548 0.010665 0.025788 357.410020 113.185344
7 16 15 0.589076 0.036368 0.374557 343.199672 133.074804
7 16 15 0.084398 0.394492 0.521110 343.116964 151.101223
7 16 15 0.067341 0.820920 0.111740 359.241726 152.104159
7 16 15 0.883334 0.079825 0.036841 360.208070 121.160370
7 16 15 0.239388 0.259182 0.501429 344.206792 141.916907
7 16 15 0.320439 0.326187 0.353374 342.942025 144.227118
7 16 15 0.239449 0.269785 0.490765 342.373368 144.301663
7 8 16 0.715118 0.076400 0.208483 362.625461 120.973834
7 8 16 0.271062 0.166171 0.562766 368.795009 133.556058
7 8 16 0.666176 0.259743 0.074081 373.730924 114.195208
7 8 16 0.682808 0.247240 0.069953 372.160062 118.497553
7 8 16 0.119215 0.274802 0.605983 374.745849 132.226382
7 8 16 0.329791 0.520833 0.149376 378.990072 117.130023
7 8 16 0.190601 0.384947 0.424452 377.177421 129.662113
7 8 16 0.183185 0.065182 0.751633 362.106151 145.113265
7 8 16 0.888783 0.066136 0.045081 363.733248 117.151329
7 8 16 0.364435 0.447659 0.187905 380.026798 115.329918
8 17 16 0.319859 0.164881 0.515260 380.386828 142.301724
8 17 16 0.830858 0.050070 0.119072 395.872611 116.645178
8 17 16 0.988547 0.001655 0.009798 395.364580 107.320532
8 17 16 0.772242 0.092310 0.135449 395.913292 117.531684
8 17 16 0.176113 0.261462 0.562425 381.313411 140.043634
8 17 16 0.158135 0.555105 0.286760 385.126816 146.790664
8 17 16 0.529232 0.097064 0.373704 390.012817 128.524036
8 17 16 0.266639 0.157896 0.575465 378.764682 141.214759
8 17 16 0.478307 0.336697 0.184996 393.607153 132.432079
8 17 16 0.065933 0.216674 0.717393 374.590358 152.112193
9 10 18 0.840296 0.016629 0.143075 91.009636 169.131524
9 10 18 0.220248 0.364776 0.414976 101.471572 183.362882
9 10 18 0.019096 0.722557 0.258348 116.667946 173.205247
9 10 18 0.620914 0.347590 0.031496 102.608082 164.410638
9 10 18 0.289664 0.613161 0.097174 107.214665 167.440256
9 10 18 0.925144 0.024560 0.050296 87.880575 167.040947
9 10 18 0.840279 0.077673 0.082048 90.349272 170.100382
9 10 18 0.535730 0.093776 0.370494 93.550125 181.735764
9 10 18 0.544791 0.234354 0.220855 99.441961 173.784862
9 10 18 0.983351 0.003135 0.013514 89.382406 166.797102
10 19 18 0.126908 0.741656 0.131436 121.716028 199.773649
10 19 18 0.755785 0.179746 0.064469 121.324919 173.158098
10 19 18 0.526097 0.100305 0.373598 117.111448 185.898662
10 19 18 0.318896 0.339077 0.342027 117.796220 191.750267
10 19 18 0.776111 0.060559 0.163330 121.696810 167.630680
10 19 18 0.313938 0.098063 0.587999 106.439291 189.848924
10 19 18 0.382414 0.401117 0.216470 119.100616 194.915766
10 19 18 0.685357 0.193438 0.121206 122.184839 176.449757
10 19 18 0.666730 0.141657 0.191612 119.964604 175.006795
10 19 18 0.105049 0.738083 0.156868 122.364496 199.258568
10 11 19 0.311418 0.393246 0.295336 140.862355 175.117621
10 11 19 0.440351 0.155725 0.403924 130.866568 180.534226
10 11 19 0.680645 0.024750 0.294606 125.532463 177.081219
10 11 19 0.890161 0.042960 0.066878 128.515060 167.538775
10 11 19 0.449994 0.308393 0.241613 137.580531 170.657827
10 11 19 0.150692 0.824103 0.025206 156.880633 164.293805
10 11 19 0.091753 0.427191 0.481056 141.301234 182.609441
10 11 19 0.891944 0.085020 0.023036 132.421322 168.436127
10 11 19 0.476893 0.471713 0.051394 146.474722 167.548953
10 11 19 0.338190 0.019688 0.642122 129.113179 188.863608
11 20 19 0.385922 0.002274 0.611804 140.590299 188.048832
11 20 19 0.802255 0.130067 0.067678 163.376852 168.162919
11 20 19 0.995278 0.000893 0.003829 164.910514 162.928917
11 20 19 0.200879 0.728610 0.070511 164.332288 192.879008
11 20 19 0.691293 0.125943 0.182764 158.742659 171.131949
11 20 19 0.500178 0.074777 0.425045 147.410928 181.488782
11 20 19 0.399585 0.261625 0.338791 154.484151 184.052839
11 20 19 0.227020 0.724450 0.048530 166.004864 194.183507
11 20 19 0.564254 0.030522 0.405224 149.109696 175.140012
11 20 19 0.271624 0.309038 0.419339 148.024571 193.232322
11 12 20 0.434921 0.378010 0.187070 179.201189 167.948581
11 12 20 0.051223 0.753594 0.195183 196.319469 167.491498
11 12 20 0.990983 0.000557 0.008460 162.798826 160.716513
11 12 20 0.245550 0.112946 0.641503 169.216233 190.878242
11 12 20 0.624310 0.108836 0.266854 168.328897 171.957869
11 12 20 0.493005 0.496719 0.010276 184.398186 157.293859
11 12 20 0.079104 0.367466 0.553429 179.295664 184.971692
11 12 20 0.310910 0.296795 0.392295 173.162519 175.414969
11 12 20 0.140298 0.214601 0.645101 167.677688 186.913899
11 12 20 0.728090 0.267955 0.003955 173.113938 161.685109
12 21 20 0.935760 0.021466 0.042774 199.489339 159.434260
12 21 20 0.705594 0.240410 0.053996 198.805184 171.163263
12 21 20 0.041165 0.680013 0.278821 192.501743 203.245049
12 21 20 0.103096 0.689984 0.206920 196.184936 191.370323
12 21 20 0.760980 0.025278 0.213742 195.769472 169.632043
12 21 20 0.036119 0.322668 0.641213 175.179474 199.805704
12 21 20 0.465761 0.114146 0.420093 184.346983 182.700036
12 21 20 0.488527 0.440639 0.070834 200.501700 174.978831
12 21 20 0.750852 0.243571 0.005577 201.347409 169.073054
12 21 20 0.295208 0.442311 0.262481 191.307777 192.170556
12 13 21 0.434228 0.345403 0.220369 216.439578 167.353790
12 13 21 0.780345 0.009745 0.209910 198.923457 165.406418
12 13 21 0.308930 0.290113 0.400957 213.524113 177.140708
12 13 21 0.644276 0.104250 0.251474 208.119394 167.838565
12 13 21 0.159129 0.619933 0.220938 226.191556 167.564773
12 13 21 0.968526 0.022040 0.009434 201.743974 157.819459
12 13 21 0.795358 0.184478 0.020164 213.842769 157.688311
12 13 21 0.997612 0.000858 0.001530 203.448218 156.826890
12 13 21 0.155698 0.153121 0.691181 209.468985 188.394282
12 13 21 0.372280 0.524155 0.103565 218.629064 162.153611
13 22 21 0.112253 0.299342 0.588405 218.478482 193.192541
13 22 21 0.674777 0.056830 0.268393 228.700596 172.688613
13 22 21 0.840991 0.036663 0.122346 237.776323 163.824976
13 22 21 0.030332 0.584922 0.384746 226.797325 195.872958
13 22 21 0.831459 0.047014 0.121526 239.286519 166.513323
13 22 21 0.160347 0.757738 0.081915 235.916280 191.005368
13 22 21 0.686283 0.238864 0.074854 239.407656 168.637038
13 22 21 0.788415 0.201248 0.010337 240.932804 169.080930
13 22 21 0.205058 0.699608 0.095334 235.142345 192.726335
13 22 21 0.247452 0.309520 0.443028 225.157234 185.220689
13 14 22 0.120429 0.810705 0.068866 275.449984 158.274992
13 14 22 0.832132 0.051034 0.116834 244.406747 160.633469
13 14 22 0.982757 0.012190 0.005053 241.033449 158.995297
13 14 22 0.764761 0.160777 0.074462 250.647253 162.832186
13 14 22 0.934183 0.048626 0.017191 240.708708 158.111606
13 14 22 0.055430 0.462693 0.481877 261.761874 177.583913
13 14 22 0.776791 0.133185 0.090024 249.721018 162.225689
13 14 22 0.039539 0.913806 0.046655 278.524059 159.962644
13 14 22 0.147480 0.331486 0.521034 254.345214 176.420894
13 14 22 0.203654 0.041210 0.755136 246.682517 187.801423
14 23 22 0.002200 0.133747 0.864054 249.186655 196.881283
14 23 22 0.110357 0.149667 0.739976 249.570107 190.534778
14 23 22 0.334126 0.216155 0.449719 263.517194 184.758000
14 23 22 0.616236 0.275090 0.108674 275.128948 168.477504
14 23 22 0.980797 0.007575 0.011628 281.345338 155.867200
14 23 22 0.707021 0.124257 0.168722 277.920782 166.633678
14 23 22 0.261337 0.417827 0.320836 271.631283 187.932669
14 23 22 0.172288 0.367081 0.460631 262.407700 190.514403
14 23 22 0.831903 0.083850 0.084247 276.614487 159.774876
14 23 22 0.437916 0.281848 0.280236 272.449479 180.661799
14 15 23 0.735955 0.117219 0.146826 290.894908 162.582061
14 15 23 0.241801 0.232642 0.525556 291.296829 178.789517
14 15 23 0.092212 0.282943 0.624844 291.235689 179.758454
14 15 23 0.222108 0.318239 0.459652 296.307876 174.719741
14 15 23 0.384901 0.137467 0.477632 289.006403 176.850701
14 15 23 0.130537 0.338986 0.530476 297.744086 174.270879
14 15 23 0.937461 0.036000 0.026539 285.298902 155.859721
14 15 23 0.620253 0.275024 0.104723 291.638675 161.630608
14 15 23 0.971413 0.023257 0.005330 283.054199 157.636007
14 15 23 0.522573 0.332350 0.145077 297.457731 163.908968
15 24 23 0.701405 0.004991 0.293603 311.432912 168.487862
15 24 23 0.767085 0.219867 0.013048 320.553118 167.781661
15 24 23 0.283764 0.318556 0.397680 308.818808 185.104251
15 24 23 0.798022 0.176004 0.025974 324.718376 164.650279
15 24 23 0.177526 0.303616 0.518858 301.091943 187.236582
15 24 23 0.312096 0.475290 0.212614 311.891281 181.892380
15 24 23 0.965515 0.020443 0.014042 323.961380 153.627232
15 24 23 0.767979 0.063058 0.168963 310.232224 163.849009
15 24 23 0.114280 0.047156 0.838564 286.952668 190.720022
15 24 23 0.258809 0.120120 0.621071 300.635054 185.708631
15 16 24 0.517458 0.314294 0.168248 333.604835 160.115632
15 16 24 0.982654 0.002843 0.014503 322.786228 157.876906
15 16 24 0.662453 0.059801 0.277746 322.997531 165.089272
15 16 24 0.754319 0.075349 0.170332 322.450827 163.454898
15 16 24 0.100601 0.148527 0.750873 329.178246 184.471799
15 16 24 0.587916 0.349522 0.062562 337.096897 155.507934
15 16 24 0.351550 0.017608 0.630843 324.562627 182.041040
15 16 24 0.812069 0.159733 0.028198 326.860938 158.490862
15 16 24 0.846108 0.108868 0.045023 326.930402 157.957342
15 16 24 0.566513 0.421464 0.012023 340.510202 153.412000
16 25 24 0.160674 0.493600 0.345726 347.986056 187.293970
16 25 24 0.501652 0.289222 0.209127 354.941028 174.701855
16 25 24 0.125414 0.824290 0.050297 356.427723 189.980668
16 25 24 0.975907 0.010956 0.013137 360.810417 156.821218
16 25 24 0.531318 0.068429 0.400254 345.864928 175.267126
16 25 24 0.539347 0.296534 0.164119 355.279732 170.534914
16 25 24 0.024294 0.618711 0.356995 348.171829 194.680332
16 25 24 0.157085 0.581056 0.261859 351.662129 188.820559
16 25 24 0.110688 0.501107 0.388205 346.178399 187.120929
16 25 24 0.725158 0.055669 0.219174 354.180589 163.214096
16 17 25 0.554213 0.221549 0.224238 371.986393 162.666680
16 17 25 0.586297 0.194524 0.219179 370.837883 166.234378
16 17 25 0.162331 0.639787 0.197882 387.322923 162.183606
16 17 25 0.373077 0.244266 0.382657 370.082676 169.216086
16 17 25 0.964103 0.012782 0.023115 360.363372 156.084589
16 17 25 0.191544 0.603783 0.204672 382.156206 159.977000
16 17 25 0.168433 0.447586 0.383980 380.314397 166.130564
16 17 25 0.410259 0.433563 0.156178 377.314951 159.945354
16 17 25 0.022892 0.122694 0.854415 364.745678 187.068240
16 17 25 0.390129 0.184504 0.425368 367.359012 169.932534
17 26 25 0.948407 0.011407 0.040186 397.472627 154.952908
17 26 25 0.764123 0.144448 0.091428 392.456852 163.820852
17 26 25 0.253928 0.521043 0.225029 393.531964 182.181256
17 26 25 0.419676 0.437986 0.142338 394.839990 177.901386
17 26 25 0.944910 0.015429 0.039661 399.935923 152.915013
17 26 25 0.194542 0.138285 0.667173 375.924575 187.324893
17 26 25 0.888799 0.087866 0.023335 398.489215 159.327000
17 26 25 0.242373 0.291279 0.466348 380.706988 177.991618
17 26 25 0.096867 0.898104 0.005030 402.341020 186.967387
17 26 25 0.382900 0.521389 0.095710 398.100789 176.173340
18 19 27 0.096453 0.786765 0.116782 122.777183 208.321309
18 19 27 0.595755 0.030656 0.373589 92.882269 219.170155
18 19 27 0.761029 0.068219 0.170752 93.290349 209.243466
18 19 27 0.874453 0.066307 0.059241 94.278253 207.932324
18 19 27 0.890892 0.077766 0.031342 94.552031 203.085223
18 19 27 0.502505 0.071433 0.426062 92.528252 219.998454
18 19 27 0.358779 0.470746 0.170475 114.637759 205.224738
18 19 27 0.530711 0.121427 0.347862 97.942855 214.959269
18 19 27 0.382410 0.242064 0.375526 99.091123 219.442438
18 19 27 0.511031 0.312400 0.176569 104.892419 212.746582
19 28 27 0.057033 0.941094 0.001873 128.479379 237.600209
19 28 27 0.136685 0.211372 0.651943 108.747282 238.299178
19 28 27 0.766766 0.054544 0.178690 119.156732 213.294316
19 28 27 0.354271 0.206046 0.439683 112.155133 232.586878
19 28 27 0.288135 0.710685 0.001180 127.976877 232.859988
19 28 27 0.754819 0.059507 0.185674 119.219253 213.368308
19 28 27 0.839363 0.083603 0.077034 121.937734 208.941146
19 28 27 0.861757 0.028720 0.109523 125.353675 210.053666
19 28 27 0.669477 0.175522 0.155001 118.473601 216.780699
19 28 27 0.028226 0.737540 0.234234 120.787029 240.223971
19 20 28 0.581929 0.369652 0.048419 140.943260 205.880190
19 20 28 0.182830 0.587026 0.230143 151.486358 209.399409
19 20 28 0.126432 0.192459 0.681109 140.183918 231.644028
19 20 28 0.591415 0.071432 0.337153 129.690746 217.839708
19 20 28 0.015486 0.381773 0.602742 143.257407 229.263270
19 20 28 0.700408 0.042322 0.257270 128.144916 213.986425
19 20 28 0.513661 0.282277 0.204062 137.044648 210.653822
19 20 28 0.561076 0.135126 0.303798 130.531354 218.909029
19 20 28 0.816131 0.131196 0.052673 128.047479 207.176408
19 20 28 0.645427 0.232203 0.122370 131.415314 206.606998
20 29 28 0.069685 0.694918 0.235397 158.818352 240.696577
20 29 28 0.749025 0.089720 0.161254 157.134722 218.182999
20 29 28 0.057081 0.668834 0.274085 159.305126 237.976676
20 29 28 0.782199 0.188617 0.029184 161.844220 213.456205
20 29 28 0.911548 0.038632 0.049820 162.591208 207.558807
20 29 28 0.756761 0.106406 0.136833 162.499952 215.394165
20 29 28 0.944681 0.049370 0.005949 164.027231 206.651284
20 29 28 0.378627 0.208743 0.412629 154.252374 226.959733
20 29 28 0.633795 0.201203 0.165002 166.028027 218.704146
20 29 28 0.952013 0.032856 0.015131 165.650622 206.966731
20 21 29 0.049977 0.836781 0.113242 197.196083 206.186719
20 21 29 0.357501 0.577397 0.065102 187.238183 205.975198
20 21 29 0.145225 0.111257 0.743518 174.947774 231.992477
20 21 29 0.893294 0.045721 0.060984 171.192580 203.639972
20 21 29 0.887348 0.004235 0.108417 167.161600 209.342454
20 21 29 0.499669 0.305308 0.195023 177.609489 210.418219
20 21 29 0.402989 0.351305 0.245706 182.363913 211.595422
20 21 29 0.992288 0.003433 0.004279 165.634148 201.843576
20 21 29 0.787830 0.032996 0.179174 168.813085 207.774348
20 21 29 0.406235 0.212552 0.381212 174.296405 217.370188
21 30 29 0.027725 0.673283 0.298992 197.254502 239.719124
21 30 29 0.872063 0.017017 0.110920 201.287720 202.960654
21 30 29 0.939130 0.001417 0.059453 200.927975 204.359758
21 30 29 0.040667 0.209272 0.750062 176.731417 236.111065
21 30 29 0.249938 0.631508 0.118554 205.874205 230.069511
21 30 29 0.429205 0.246511 0.324284 190.224581 221.962843
21 30 29 0.947142 0.029210 0.023647 202.932713 198.588489
21 30 29 0.982738 0.008024 0.009238 199.821954 198.265729
21 30 29 0.917594 0.055719 0.026687 204.049577 200.750547
21 30 29 0.196027 0.580260 0.223713 196.081424 233.549516
21 22 30 0.449200 0.452997 0.097803 219.340233 200.743340
21 22 30 0.188357 0.257023 0.554621 214.523943 219.672542
21 22 30 0.657348 0.093303 0.249349 206.526251 210.130227
21 22 30 0.085730 0.300887 0.613383 213.218338 225.097697
21 22 30 0.201159 0.704373 0.094468 230.253561 205.179640
21 22 30 0.870259 0.069134 0.060607 205.063047 199.131950
21 22 30 0.346158 0.429634 0.224208 220.876716 206.752109
21 22 30 0.052732 0.299082 0.648186 218.075696 225.681206
21 22 30 0.543556 0.400753 0.055691 219.981773 198.250692
21 22 30 0.686056 0.106342 0.207602 208.856386 205.761243
22 31 30 0.400782 0.294282 0.304936 231.668127 221.296585
22 31 30 0.704244 0.065845 0.229911 234.176030 207.686334
22 31 30 0.993988 0.005299 0.000713 241.318839 199.851529
22 31 30 0.338180 0.645311 0.016509 245.886217 223.605233
22 31 30 0.115981 0.464546 0.419474 227.313077 231.777612
22 31 30 0.266156 0.459979 0.273865 232.794784 226.464726
22 31 30 0.870848 0.018064 0.111088 240.613838 204.270402
22 31 30 0.300107 0.026363 0.673530 220.448594 229.424379
22 31 30 0.908433 0.066999 0.024569 242.780858 201.620616
22 31 30 0.271928 0.256021 0.472051 229.288820 228.297891
22 23 31 0.452349 0.291106 0.256545 251.440448 209.263951
22 23 31 0.062248 0.686612 0.251140 273.661468 207.075511
22 23 31 0.553337 0.187906 0.258757 250.221984 207.091094
22 23 31 0.038227 0.762768 0.199005 273.546229 208.411064
22 23 31 0.664171 0.236990 0.098838 252.177601 199.618964
22 23 31 0.239276 0.437365 0.323359 264.036742 210.434617
22 23 31 0.781420 0.106272 0.112308 246.491313 203.777480
22 23 31 0.168208 0.468876 0.362916 265.016771 214.207192
22 23 31 0.478590 0.477398 0.044012 261.451674 201.144543
22 23 31 0.328876 0.626885 0.044239 273.868988 200.281022
23 32 31 0.254457 0.315839 0.429704 265.486798 227.346723
23 32 31 0.236099 0.683039 0.080863 280.287243 228.282632
23 32 31 0.204282 0.522848 0.272870 274.940098 227.736298
23 32 31 0.665090 0.121528 0.213382 278.587413 211.545578
23 32 31 0.825563 0.172461 0.001977 285.971798 203.026070
23 32 31 0.456784 0.326100 0.217116 277.496268 218.676736
23 32 31 0.757980 0.114016 0.128004 276.306070 209.138450
23 32 31 0.399499 0.240380 0.360120 267.810962 220.012949
23 32 31 0.488728 0.500994 0.010279 281.245844 215.549762
23 32 31 0.161671 0.422804 0.415524 268.555818 233.737499
23 24 32 0.333662 0.563407 0.102932 303.515081 199.351105
23 24 32 0.755793 0.175445 0.068762 290.165758 200.682681
23 24 32 0.504405 0.037909 0.457686 285.390259 212.981664
23 24 32 0.693377 0.017033 0.289590 286.068970 208.669649
23 24 32 0.998804 0.000714 0.000482 284.235470 196.065750
23 24 32 0.379525 0.186195 0.434280 289.897902 217.493732
23 24 32 0.432496 0.566186 0.001319 305.591092 194.445834
23 24 32 0.184733 0.804266 0.011002 312.404886 194.626666
23 24 32 0.043085 0.735129 0.221786 313.816668 207.838344
23 24 32 0.679655 0.023314 0.297031 287.602900 208.039198
24 33 32 0.546735 0.041048 0.412217 308.198352 215.248267
24 33 32 0.893911 0.006122 0.099966 318.733644 200.366565
24 33 32 0.614263 0.294862 0.090875 319.521149 211.511744
24 33 32 0.796151 0.087530 0.116319 319.534591 205.975711
24 33 32 0.462148 0.030998 0.506854 302.167331 220.536444
24 33 32 0.235140 0.124724 0.640136 299.402174 222.640193
24 33 32 0.435578 0.508947 0.055475 318.484416 216.153977
24 33 32 0.761233 0.024834 0.213933 310.452650 209.131689
24 33 32 0.328780 0.184083 0.487137 300.506494 225.153657
24 33 32 0.099107 0.000631 0.900262 287.214849 229.846049
24 25 33 0.354469 0.460405 0.185126 340.445616 202.224426
24 25 33 0.351714 0.051257 0.597029 322.324067 218.899120
24 25 33 0.813350 0.132255 0.054395 325.453123 200.309386
24 25 33 0.888294 0.076232 0.035474 327.695277 196.552976
24 25 33 0.152703 0.466793 0.380505 342.199271 208.724034
24 25 33 0.030539 0.235995 0.733466 335.650482 223.612002
24 25 33 0.899747 0.027483 0.072771 323.267776 199.047499
24 25 33 0.710824 0.190889 0.098287 328.568827 194.882640
24 25 33 0.566005 0.286362 0.147633 336.332550 199.653454
24 25 33 0.502703 0.020192 0.477105 321.763404 211.335177
25 34 33 0.869594 0.090537 0.039869 359.000290 198.741992
25 34 33 0.659722 0.242738 0.097540 353.948698 206.522332
25 34 33 0.407193 0.233527 0.359280 349.919714 219.662323
25 34 33 0.879954 0.050162 0.069884 360.516102 197.330995
25 34 33 0.891861 0.026358 0.081781 361.150579 198.281892
25 34 33 0.553130 0.186932 0.259937 348.729976 211.973272
25 34 33 0.906118 0.060952 0.032930 359.687900 197.629075
25 34 33 0.415710 0.570857 0.013433 361.608405 219.606639
25 34 33 0.682700 0.144357 0.172944 356.437294 207.804019
25 34 33 0.959129 0.035421 0.005451 358.505284 191.126523
25 26 34 0.414170 0.092192 0.493637 366.113445 210.880060
25 26 34 0.728747 0.184896 0.086357 366.432665 197.808797
25 26 34 0.462525 0.260004 0.277472 370.618455 208.480830
25 26 34 0.417690 0.101514 0.480796 367.027373 211.362812
25 26 34 0.055390 0.267700 0.676911 372.783904 221.117018
25 26 34 0.612901 0.147297 0.239801 370.599867 202.590518
25 26 34 0.146581 0.297936 0.555484 371.962240 214.794526
25 26 34 0.298057 0.440839 0.261104 384.379118 204.134263
25 26 34 0.162714 0.513484 0.323803 384.011430 205.412297
25 26 34 0.078656 0.335010 0.586334 376.877386 216.651324
26 35 34 0.067570 0.777532 0.154898 395.398715 227.483605
26 35 34 0.589453 0.326603 0.083945 396.315173 204.720132
26 35 34 0.708370 0.235274 0.056356 402.364336 203.639438
26 35 34 0.692783 0.060379 0.246838 394.533691 204.616952
26 35 34 0.700435 0.023259 0.276306 391.349069 207.700460
26 35 34 0.924486 0.074540 0.000974 400.558530 196.977876
26 35 34 0.872826 0.106929 0.020245 401.323516 200.397001
26 35 34 0.723871 0.165890 0.110239 396.829763 209.501746
26 35 34 0.583607 0.264764 0.151629 398.757863 208.220819
26 35 34 0.302270 0.033083 0.664647 377.710584 221.145373
27 28 36 0.533766 0.238121 0.228114 102.410917 252.924423
27 28 36 0.502125 0.474844 0.023032 110.314146 246.439989
27 28 36 0.793970 0.070677 0.135354 95.644419 251.078763
27 28 36 0.682554 0.167800 0.149646 101.009359 251.129237
27 28 36 0.948199 0.045868 0.005933 95.646112 243.474980
27 28 36 0.720796 0.049018 0.230186 94.489225 253.530260
27 28 36 0.106168 0.501334 0.392498 109.979068 258.720412
27 28 36 0.784280 0.187702 0.028018 98.285864 246.822098
27 28 36 0.615178 0.216285 0.168536 100.132090 248.749655
27 28 36 0.758078 0.178925 0.062997 99.404374 245.989685
28 37 36 0.104161 0.084713 0.811126 102.621353 275.221381
28 37 36 0.174773 0.819685 0.005542 132.161132 272.248397
28 37 36 0.191540 0.790875 0.017585 134.065790 272.162377
28 37 36 0.922104 0.001707 0.076189 129.066328 244.167342
28 37 36 0.247415 0.603472 0.149114 125.370978 267.912429
28 37 36 0.724990 0.142811 0.132199 123.811637 253.649276
28 37 36 0.839070 0.126651 0.034278 128.874902 249.521544
28 37 36 0.604572 0.008062 0.387366 116.766433 259.169756
28 37 36 0.431043 0.430651 0.138305 127.916190 261.931507
28 37 36 0.387729 0.495638 0.116633 128.266862 267.595959
28 29 37 0.322187 0.270281 0.407532 140.153003 257.275361
28 29 37 0.211073 0.747681 0.041246 158.501448 242.889744
28 29 37 0.907597 0.073846 0.018557 132.406186 243.827821
28 29 37 0.654078 0.179181 0.166741 139.095350 249.765474
28 29 37 0.191530 0.738201 0.070269 159.222995 244.578652
28 29 37 0.813379 0.182570 0.004050 138.509023 242.017919
28 29 37 0.865368 0.127869 0.006763 137.000251 241.980619
28 29 37 0.219576 0.639033 0.141391 152.886303 248.213785
28 29 37 0.507233 0.027981 0.464787 132.673681 256.317004
28 29 37 0.220508 0.250127 0.529365 144.505493 260.680349
29 38 37 0.631403 0.349237 0.019360 169.554287 254.844760
29 38 37 0.945352 0.017864 0.036784 167.755333 242.499698
29 38 37 0.988941 0.002233 0.008826 168.052872 243.092008
29 38 37 0.326269 0.220392 0.453338 153.984358 266.411564
29 38 37 0.959265 0.036307 0.004428 165.115870 242.957010
29 38 37 0.366311 0.361625 0.272064 159.118830 263.879250
29 38 37 0.647425 0.036863 0.315712 159.792530 254.041854
29 38 37 0.839746 0.044598 0.115656 163.670523 247.965067
29 38 37 0.385925 0.233816 0.380259 154.417938 267.489648
29 38 37 0.626160 0.214492 0.159347 164.512467 253.639674
29 30 38 0.686434 0.258589 0.054977 179.744410 243.667333
29 30 38 0.717913 0.195646 0.086441 179.317435 243.393449
29 30 38 0.796935 0.104223 0.098843 173.481733 245.349012
29 30 38 0.833974 0.159972 0.006054 172.283180 245.702941
29 30 38 0.460949 0.296240 0.242812 180.415996 249.730537
29 30 38 0.104865 0.463794 0.431341 185.433976 258.597427
29 30 38 0.611426 0.146992 0.241582 172.015352 249.392094
29 30 38 0.357239 0.094757 0.548004 175.570301 257.811746
29 30 38 0.602135 0.278972 0.118893 178.021473 243.924944
29 30 38 0.009604 0.038430 0.951967 170.865275 280.518219
30 39 38 0.427770 0.494550 0.077680 206.424890 260.720631
30 39 38 0.773320 0.088912 0.137768 201.932766 248.643442
30 39 38 0.439270 0.305619 0.255111 198.706046 260.380920
30 39 38 0.566226 0.132812 0.300962 195.085574 254.923360
30 39 38 0.110023 0.584166 0.305812 198.383845 277.969982
30 39 38 0.490536 0.222263 0.287201 193.407636 259.099235
30 39 38 0.436141 0.125959 0.437901 190.800171 264.473977
30 39 38 0.136738 0.855176 0.008085 210.658564 274.733945
30 39 38 0.813456 0.151584 0.034960 202.506130 245.817201
30 39 38 0.070385 0.515624 0.413991 190.583765 276.666903
30 31 39 0.956003 0.015616 0.028381 208.017118 245.033697
30 31 39 0.223219 0.627184 0.149598 232.833014 245.782787
30 31 39 0.747213 0.055012 0.197775 207.810245 245.069690
30 31 39 0.163123 0.499608 0.337268 224.691593 249.244904
30 31 39 0.010786 0.978937 0.010277 242.331705 235.340812
30 31 39 0.774969 0.109594 0.115438 207.230058 243.090407
30 31 39 0.959967 0.038185 0.001848 208.201874 236.868575
30 31 39 0.574277 0.251831 0.173892 215.313086 247.349120
30 31 39 0.644061 0.353942 0.001997 213.730190 237.704993
30 31 39 0.529871 0.161487 0.308642 211.885835 247.657448
31 40 39 0.720879 0.219814 0.059307 240.906669 248.533429
31 40 39 0.648476 0.315228 0.036295 244.943838 252.251499
31 40 39 0.173778 0.652691 0.173531 238.066257 269.923923
31 40 39 0.415142 0.377640 0.207218 234.371545 260.305574
31 40 39 0.935214 0.038815 0.025971 244.860755 239.689178
31 40 39 0.768868 0.082580 0.148552 240.179538 245.831920
31 40 39 0.793264 0.111527 0.095209 244.005726 242.448645
31 40 39 0.176001 0.575723 0.248275 235.173857 270.304827
31 40 39 0.155275 0.760787 0.083938 243.932677 275.061507
31 40 39 0.511671 0.295886 0.192443 238.686894 257.219281
31 32 40 0.690789 0.297362 0.011849 258.670728 240.710884
31 32 40 0.485567 0.145218 0.369215 249.057908 251.093069
31 32 40 0.794535 0.165636 0.039829 251.839560 238.596668
31 32 40 0.951820 0.035044 0.013137 244.969632 240.734193
31 32 40 0.295177 0.626715 0.078108 270.739429 239.409709
31 32 40 0.333352 0.649228 0.017420 270.855511 237.388847
31 32 40 0.247277 0.515521 0.237202 265.134107 247.249786
31 32 40 0.379186 0.584997 0.035816 266.269946 237.147865
31 32 40 0.043866 0.036992 0.919142 247.465174 272.733458
31 32 40 0.454085 0.049865 0.496049 246.467892 256.313619
32 41 40 0.776379 0.201859 0.021762 282.824312 246.804146
32 41 40 0.758880 0.229778 0.011342 282.685576 244.222878
32 41 40 0.265247 0.621539 0.113214 279.247462 264.513327
32 41 40 0.542343 0.072663 0.384994 269.770769 256.004866
32 41 40 0.241221 0.463364 0.295415 272.997399 265.991957
32 41 40 0.937640 0.017049 0.045311 282.136217 238.814116
32 41 40 0.586719 0.285643 0.127638 281.599109 254.108967
32 41 40 0.088308 0.181622 0.730071 255.473431 275.081931
32 41 40 0.330276 0.148417 0.521307 262.797410 260.703584
32 41 40 0.888306 0.092065 0.019630 278.280275 236.096927
32 33 41 0.633078 0.115209 0.251713 279.780845 242.466718
32 33 41 0.001316 0.473844 0.524840 302.540776 254.443847
32 33 41 0.632616 0.222531 0.144853 294.102794 243.757218
32 33 41 0.023406 0.462122 0.514472 303.935467 255.142686
32 33 41 0.797490 0.095588 0.106923 286.634878 239.704409
32 33 41 0.097412 0.654844 0.247744 306.162813 242.744809
32 33 41 0.622078 0.328124 0.049799 293.318444 239.529553
32 33 41 0.758489 0.022449 0.219062 285.193469 246.702188
32 33 41 0.090718 0.711230 0.198053 308.491073 239.351915
32 33 41 0.876580 0.053502 0.069918 286.645881 237.942539
33 42 41 0.570250 0.199036 0.230714 313.202663 253.859915
33 42 41 0.501760 0.071579 0.426661 305.973931 253.414236
33 42 41 0.769355 0.020151 0.210494 316.811851 247.537863
33 42 41 0.857947 0.115563 0.026490 322.468821 240.192294
33 42 41 0.604234 0.384619 0.011147 323.424467 248.968486
33 42 41 0.259858 0.481180 0.258961 311.589202 264.744477
33 42 41 0.101952 0.334129 0.563919 303.401190 269.481984
33 42 41 0.981507 0.013506 0.004988 321.512681 234.895566
33 42 41 0.452458 0.358526 0.189015 314.520388 253.308014
33 42 41 0.499838 0.404849 0.095313 317.557989 252.850845
33 34 42 0.110453 0.853574 0.035974 359.127677 232.239292
33 34 42 0.496374 0.423045 0.080580 339.885676 236.310499
33 34 42 0.751650 0.129623 0.118728 327.050975 239.158953
33 34 42 0.181653 0.039470 0.778876 324.905384 264.014347
33 34 42 0.017129 0.027145 0.955726 324.092804 273.717478
33 34 42 0.017826 0.552390 0.429785 346.658394 249.085197
33 34 42 0.024332 0.644947 0.330721 346.659693 247.655245
33 34 42 0.748878 0.175437 0.075684 331.652524 237.631643
33 34 42 0.791213 0.040448 0.168340 325.178054 236.987401
33 34 42 0.964422 0.024124 0.011454 321.414681 236.791810
34 43 42 0.505236 0.246529 0.248234 351.829330 252.856485
34 43 42 0.420373 0.337693 0.241934 354.437570 256.763343
34 43 42 0.057417 0.831937 0.110646 359.309627 266.604381
34 43 42 0.257868 0.372422 0.369710 350.674169 261.985354
34 43 42 0.220310 0.605944 0.173746 355.927780 264.136917
34 43 42 0.094584 0.430393 0.475023 343.430758 264.469556
34 43 42 0.172074 0.141370 0.686556 335.463681 266.110827
34 43 42 0.262579 0.515207 0.222214 351.293448 262.664744
34 43 42 0.028328 0.549065 0.422607 343.482824 269.442026
34 43 42 0.354695 0.414863 0.230442 356.554937 263.458074
34 35 43 0.334494 0.422881 0.242625 378.564184 248.357543
34 35 43 0.325087 0.634012 0.040901 391.524382 230.975186
34 35 43 0.018936 0.937247 0.043817 399.300159 230.873799
34 35 43 0.363670 0.570556 0.065773 388.261423 232.158865
34 35 43 0.609833 0.084623 0.305544 366.562718 242.867714
34 35 43 0.630379 0.361068 0.008553 373.022119 234.294849
34 35 43 0.589191 0.209420 0.201389 374.269553 237.976716
34 35 43 0.965016 0.014974 0.020010 362.460705 232.360603
34 35 43 0.148123 0.351940 0.499937 376.879133 251.090466
34 35 43 0.704246 0.293535 0.002219 371.521434 230.650720
35 44 43 0.585848 0.291783 0.122368 397.705371 249.347858
35 44 43 0.255671 0.283033 0.461296 381.112174 260.903590
35 44 43 0.231431 0.102808 0.665761 375.000346 261.386219
35 44 43 0.462630 0.293300 0.244070 392.941215 254.981678
35 44 43 0.309247 0.619152 0.071602 400.502951 258.064165
35 44 43 0.395967 0.363033 0.241000 391.050576 252.205491
35 44 43 0.008703 0.981556 0.009742 402.753615 266.940877
35 44 43 0.837350 0.130474 0.032176 399.749354 237.167794
35 44 43 0.526749 0.119265 0.353986 390.569993 249.579044
35 44 43 0.671252 0.116522 0.212226 390.393485 243.927510
36 37 45 0.982145 0.002015 0.015841 94.928449 285.289388
36 37 45 0.123894 0.276075 0.600031 107.507654 301.218925
36 37 45 0.667244 0.310228 0.022528 105.133383 279.584716
36 37 45 0.749613 0.109346 0.141041 101.589887 287.411576
36 37 45 0.013167 0.664455 0.322378 122.876864 295.628949
36 37 45 0.398926 0.115175 0.485899 99.656375 300.675213
36 37 45 0.420954 0.304145 0.274901 108.527439 292.672785
36 37 45 0.093538 0.043972 0.862490 103.888836 313.033750
36 37 45 0.909213 0.022593 0.068194 97.939947 285.241623
36 37 45 0.260900 0.249615 0.489484 109.762250 298.045661
37 46 45 0.392434 0.300791 0.306776 125.370092 301.052645
37 46 45 0.910706 0.018522 0.070773 129.037323 284.277585
37 46 45 0.030192 0.567172 0.402637 122.132293 313.784246
37 46 45 0.735836 0.106088 0.158076 123.946334 287.962641
37 46 45 0.973904 0.001054 0.025042 132.046385 281.171118
37 46 45 0.060729 0.590859 0.348413 119.540377 318.895099
37 46 45 0.969152 0.014486 0.016362 131.889153 280.647031
37 46 45 0.396728 0.116668 0.486604 119.682395 302.137439
37 46 45 0.057179 0.832041 0.110779 132.678456 313.802824
37 46 45 0.853420 0.017241 0.129339 125.048904 281.835841
37 38 46 0.932489 0.066653 0.000858 134.608837 276.616976
37 38 46 0.881219 0.001954 0.116827 134.846752 282.629523
37 38 46 0.515956 0.007576 0.476468 131.935767 297.774087
37 38 46 0.787232 0.110513 0.102254 138.399719 284.038423
37 38 46 0.516318 0.007267 0.476415 133.195871 298.952760
37 38 46 0.496931 0.054904 0.448165 136.056327 294.889645
37 38 46 0.829417 0.042642 0.127941 136.070372 284.758259
37 38 46 0.954037 0.011743 0.034220 133.141595 278.109797
37 38 46 0.679319 0.308536 0.012145 145.979522 279.388554
37 38 46 0.298828 0.694229 0.006943 156.366184 281.062176
38 47 46 0.190853 0.527008 0.282139 160.241696 309.619537
38 47 46 0.203042 0.040751 0.756207 143.546921 308.595671
38 47 46 0.296373 0.346243 0.357384 160.486076 307.732781
38 47 46 0.306098 0.540605 0.153297 165.548559 308.877497
38 47 46 0.646835 0.351994 0.001171 173.712285 290.890312
38 47 46 0.442835 0.066873 0.490292 148.557222 298.201526
38 47 46 0.131284 0.706181 0.162535 166.717628 312.953299
38 47 46 0.720654 0.113863 0.165483 166.918785 291.729307
38 47 46 0.424984 0.533196 0.041819 168.981677 299.554565
38 47 46 0.267351 0.508718 0.223931 164.116885 307.285460
38 39 47 0.573656 0.177858 0.248486 177.510780 291.135036
38 39 47 0.501543 0.174433 0.324024 177.797013 291.259279
38 39 47 0.213315 0.379502 0.407183 185.220797 294.883950
38 39 47 0.870741 0.022476 0.106783 172.051444 283.379550
38 39 47 0.952609 0.028147 0.019244 168.328380 281.924010
38 39 47 0.477729 0.211085 0.311187 178.360346 290.602296
38 39 47 0.143422 0.509536 0.347042 189.512943 295.087838
38 39 47 0.422109 0.366546 0.211345 185.441985 285.355572
38 39 47 0.202925 0.074279 0.722796 173.719271 303.881843
38 39 47 0.596972 0.007294 0.395734 171.050269 294.681314
39 48 47 0.658659 0.066404 0.274937 199.879469 289.818714
39 48 47 0.828259 0.133850 0.037890 208.015648 283.162964
39 48 47 0.179305 0.437131 0.383564 197.495439 312.587247
39 48 47 0.876067 0.027919 0.096014 202.224469 286.917657
39 48 47 0.732981 0.047829 0.219191 199.189655 289.110671
39 48 47 0.088899 0.761958 0.149142 202.109747 311.139752
39 48 47 0.272028 0.522940 0.205032 199.139548 303.211486
39 48 47 0.533243 0.220920 0.245837 198.068528 296.843270
39 48 47 0.330309 0.114984 0.554706 188.053634 307.202979
39 48 47 0.320244 0.383690 0.296066 196.512754 299.401171
39 40 48 0.678637 0.220938 0.100425 213.743979 279.311109
39 40 48 0.375452 0.416579 0.207969 224.923918 289.664631
39 40 48 0.410238 0.010352 0.579410 210.314205 295.215873
39 40 48 0.711392 0.106005 0.182604 210.954113 285.693664
39 40 48 0.155315 0.306231 0.538454 220.568285 298.768954
39 40 48 0.263822 0.644366 0.091811 234.401128 280.174319
39 40 48 0.289505 0.328420 0.382074 220.491517 290.251801
39 40 48 0.269647 0.465983 0.264370 227.804837 290.489934
39 40 48 0.169305 0.601830 0.228865 231.652768 283.116772
39 40 48 0.628331 0.262871 0.108798 214.439817 283.724573
40 49 48 0.827765 0.097494 0.074741 237.791095 284.375391
40 49 48 0.035635 0.456814 0.507551 228.732057 313.886602
40 49 48 0.034270 0.112200 0.853530 211.505436 315.061578
40 49 48 0.312122 0.675563 0.012315 247.891872 302.200722
40 49 48 0.206788 0.202676 0.590536 224.371729 308.523174
40 49 48 0.266517 0.459354 0.274129 240.561954 306.179479
40 49 48 0.759826 0.189625 0.050549 239.025830 285.940870
40 49 48 0.686601 0.098937 0.214462 239.529099 286.935021
40 49 48 0.760520 0.150331 0.089148 239.921757 285.447269
40 49 48 0.467804 0.413916 0.118280 240.373665 295.472949
40 41 49 0.541887 0.076153 0.381960 248.411812 289.515731
40 41 49 0.651373 0.239848 0.108779 253.964976 280.579706
40 41 49 0.940866 0.032703 0.026432 247.125810 277.631193
40 41 49 0.511919 0.265016 0.223065 253.657574 281.319522
40 41 49 0.234460 0.485841 0.279700 267.406702 284.523649
40 41 49 0.005209 0.956949 0.037842 283.617030 277.347907
40 41 49 0.922782 0.057136 0.020082 248.244182 274.222179
40 41 49 0.894072 0.050589 0.055338 243.201945 281.874473
40 41 49 0.175310 0.749967 0.074722 275.170102 279.136060
40 41 49 0.513086 0.113156 0.373758 248.459468 293.812626
41 50 49 0.295448 0.032988 0.671564 260.874364 302.339722
41 50 49 0.862961 0.098002 0.039037 284.624061 284.972770
41 50 49 0.029802 0.470599 0.499599 267.334825 309.613821
41 50 49 0.092613 0.724006 0.183382 275.878945 306.519121
41 50 49 0.643225 0.001874 0.354901 272.852014 288.611452
41 50 49 0.374612 0.204990 0.420398 268.024020 299.964538
41 50 49 0.327649 0.177510 0.494841 263.603812 301.198228
41 50 49 0.036412 0.706866 0.256722 273.775547 313.941207
41 50 49 0.351244 0.262200 0.386556 271.423087 299.297814
41 50 49 0.320269 0.390474 0.289257 274.503547 302.173612
41 42 50 0.045542 0.353250 0.601208 301.910688 293.034359
41 42 50 0.145260 0.221884 0.632856 294.396121 300.014430
41 42 50 0.770926 0.065321 0.163753 288.892590 283.018835
41 42 50 0.823669 0.077415 0.098916 288.695005 278.664452
41 42 50 0.335976 0.506516 0.157508 304.712857 282.358678
41 42 50 0.595297 0.204323 0.200380 295.445302 283.295621
41 42 50 0.534410 0.079253 0.386337 286.751844 289.391483
41 42 50 0.709786 0.138839 0.151375 292.083977 278.279862
41 42 50 0.572745 0.246854 0.180400 294.924928 283.931946
41 42 50 0.251530 0.712552 0.035919 311.515430 273.388739
42 51 50 0.905336 0.086678 0.007986 323.052635 276.740332
42 51 50 0.028664 0.452895 0.518442 308.228427 314.018341
42 51 50 0.100071 0.861346 0.038583 322.117060 303.935981
42 51 50 0.933661 0.019293 0.047047 322.459876 278.355110
42 51 50 0.509048 0.333043 0.157909 321.264371 288.166588
42 51 50 0.221112 0.016665 0.762223 293.264967 301.301489
42 51 50 0.267495 0.504887 0.227618 317.680297 304.230464
42 51 50 0.985353 0.001507 0.013140 322.463903 274.960107
42 51 50 0.358745 0.072536 0.568719 301.594450 300.020844
42 51 50 0.012005 0.878875 0.109119 319.238539 313.551714
42 43 51 0.477051 0.230841 0.292109 331.316781 284.564103
42 43 51 0.869625 0.026386 0.103989 321.991037 279.429285
42 43 51 0.447224 0.196543 0.356233 331.173738 283.733999
42 43 51 0.686046 0.068352 0.245602 329.109825 281.548965
42 43 51 0.970514 0.001148 0.028338 323.635071 273.213834
42 43 51 0.506166 0.317812 0.176022 333.556535 278.367404
42 43 51 0.729857 0.118154 0.151989 332.591811 278.705510
42 43 51 0.592870 0.242892 0.164238 331.620039 279.109096
42 43 51 0.834248 0.030264 0.135489 326.783407 280.097323
42 43 51 0.865871 0.110262 0.023867 325.622299 273.262100
43 52 51 0.503216 0.178026 0.318758 351.403278 288.936201
43 52 51 0.971267 0.010341 0.018392 364.422452 275.691003
43 52 51 0.475930 0.164847 0.359223 352.248139 289.504136
43 52 51 0.830083 0.067429 0.102488 356.967605 278.228595
43 52 51 0.431587 0.264791 0.303622 353.146849 296.684865
43 52 51 0.587290 0.155440 0.257270 354.713711 288.464240
43 52 51 0.905297 0.034477 0.060226 359.372846 272.856055
43 52 51 0.374485 0.372199 0.253316 351.091327 296.748967
43 52 51 0.473276 0.373246 0.153478 358.055052 291.759272
43 52 51 0.150219 0.654923 0.194858 354.389533 302.859519
43 44 52 0.605332 0.359484 0.035184 377.004858 272.798476
43 44 52 0.028417 0.574816 0.396767 387.389713 281.910256
43 44 52 0.273902 0.198910 0.527187 371.450834 292.250239
43 44 52 0.391822 0.322611 0.285567 379.515238 281.238597
43 44 52 0.147289 0.288659 0.564052 373.911289 292.985599
43 44 52 0.727919 0.110451 0.161630 366.040085 277.694419
43 44 52 0.434789 0.565089 0.000122 383.258371 272.195591
43 44 52 0.774719 0.167025 0.058256 371.243506 274.530474
43 44 52 0.003356 0.930908 0.065736 401.937796 273.352209
43 44 52 0.064532 0.170192 0.765276 366.929269 302.692905
44 53 52 0.667587 0.033472 0.298942 391.738818 280.705589
44 53 52 0.335496 0.368823 0.295680 391.803067 297.316085
44 53 52 0.400621 0.530715 0.068664 400.989514 296.607945
44 53 52 0.813410 0.110574 0.076016 398.167830 273.574515
44 53 52 0.179074 0.543209 0.277717 391.217321 301.021450
44 53 52 0.218033 0.568889 0.213077 394.347421 300.515162
44 53 52 0.314246 0.549878 0.135876 399.411103 296.622982
44 53 52 0.536514 0.300078 0.163408 396.244574 288.329760
44 53 52 0.029731 0.823573 0.146695 399.689429 306.112336
44 53 52 0.373145 0.318371 0.308483 392.283567 297.553687
45 46 54 0.240494 0.073757 0.685749 105.676819 346.087117
45 46 54 0.645525 0.302245 0.052230 114.238453 317.227697
45 46 54 0.800244 0.158519 0.041238 105.961667 322.112325
45 46 54 0.257838 0.651014 0.091148 122.733224 321.635307
45 46 54 0.630683 0.334520 0.034796 112.449738 316.110890
45 46 54 0.812779 0.028379 0.158842 100.585132 323.371376
45 46 54 0.422365 0.259301 0.318335 111.787484 329.489776
45 46 54 0.939736 0.052524 0.007740 103.492927 316.845621
45 46 54 0.955571 0.018641 0.025788 97.187196 321.912395
45 46 54 0.619998 0.321205 0.058798 109.168987 320.522816
46 55 54 0.319816 0.002425 0.677759 111.260523 342.728680
46 55 54 0.595149 0.034729 0.370123 122.907379 331.934548
46 55 54 0.685714 0.302133 0.012152 135.272427 331.028843
46 55 54 0.191257 0.247917 0.560825 117.380512 342.037683
46 55 54 0.899646 0.061897 0.038457 136.653076 323.824830
46 55 54 0.699168 0.008245 0.292587 129.052593 331.152884
46 55 54 0.587466 0.325954 0.086580 130.430477 330.072427
46 55 54 0.011375 0.240680 0.747945 112.664965 353.997930
46 55 54 0.722753 0.041851 0.235396 127.315524 327.759368
46 55 54 0.075277 0.050851 0.873872 106.843835 352.063236
46 47 55 0.471694 0.389158 0.139149 148.737789 321.019150
46 47 55 0.003404 0.196711 0.799885 143.847953 345.109233
46 47 55 0.352799 0.100376 0.546825 138.275614 337.536732
46 47 55 0.452274 0.419301 0.128426 152.382363 319.854554
46 47 55 0.523263 0.151098 0.325639 142.125236 329.175045
46 47 55 0.872490 0.036532 0.090978 136.424113 322.170183
46 47 55 0.882075 0.113576 0.004349 139.306978 315.128411
46 47 55 0.875311 0.096010 0.028678 141.300160 317.114497
46 47 55 0.910812 0.036668 0.052519 133.922078 319.827846
46 47 55 0.465425 0.051342 0.483233 140.143224 334.533932
47 56 55 0.377136 0.301114 0.321750 162.656778 338.663616
47 56 55 0.639418 0.192420 0.168163 169.915576 327.948635
47 56 55 0.335461 0.494332 0.170207 169.265120 340.473757
47 56 55 0.529782 0.053602 0.416615 160.028329 331.937772
47 56 55 0.746026 0.070829 0.183145 166.572184 326.462545
47 56 55 0.212034 0.715468 0.072498 173.694819 346.659018
47 56 55 0.202810 0.447986 0.349204 163.108683 346.252353
47 56 55 0.896870 0.089968 0.013162 172.858891 319.612225
47 56 55 0.128580 0.635951 0.235469 165.770661 349.407118
47 56 55 0.026339 0.526028 0.447633 158.866188 350.881305
47 48 56 0.063650 0.784549 0.151800 199.418251 326.906736
47 48 56 0.719492 0.222303 0.058205 182.762342 318.365946
47 48 56 0.738135 0.087686 0.174178 178.878507 326.591371
47 48 56 0.868252 0.022194 0.109553 171.458417 322.349111
47 48 56 0.630179 0.335077 0.034743 187.135295 317.076962
47 48 56 0.360020 0.078547 0.561433 175.457792 341.561431
47 48 56 0.367452 0.314498 0.318050 184.818191 326.044603
47 48 56 0.725308 0.023434 0.251258 174.472543 327.519203
47 48 56 0.210087 0.138856 0.651057 181.703603 338.111307
47 48 56 0.151000 0.034026 0.814974 174.605700 345.966434
48 57 56 0.086959 0.695466 0.217575 202.472055 351.323154
48 57 56 0.674899 0.175691 0.149410 201.999965 327.170301
48 57 56 0.980550 0.008637 0.010813 210.135682 317.227319
48 57 56 0.086535 0.511016 0.402449 196.663787 347.214500
48 57 56 0.332927 0.379841 0.287232 201.257796 339.251240
48 57 56 0.411355 0.190787 0.397858 194.865646 337.103511
48 57 56 0.811275 0.035267 0.153458 201.937163 322.634180
48 57 56 0.930021 0.002058 0.067921 207.488116 317.157249
48 57 56 0.833277 0.155162 0.011561 208.650132 321.763917
48 57 56 0.724896 0.092091 0.183013 203.080380 327.841688
48 49 57 0.540871 0.372004 0.087125 221.475685 318.832750
48 49 57 0.411463 0.069466 0.519070 209.262448 334.484429
48 49 57 0.334036 0.457190 0.208774 227.157175 323.624419
48 49 57 0.682132 0.250236 0.067632 215.383354 314.641710
48 49 57 0.759626 0.200692 0.039681 216.488407 318.228099
48 49 57 0.075111 0.530313 0.394576 231.573442 330.014106
48 49 57 0.802208 0.146459 0.051333 213.687320 317.577116
48 49 57 0.262612 0.558698 0.178690 227.535858 321.654004
48 49 57 0.998084 0.001175 0.000740 205.438508 313.716391
48 49 57 0.429352 0.176275 0.394374 216.915018 326.492063
49 58 57 0.571628 0.075798 0.352574 235.418974 328.892218
49 58 57 0.051714 0.613830 0.334456 237.937496 347.243654
49 58 57 0.593148 0.353537 0.053315 241.955782 323.804525
49 58 57 0.805119 0.160638 0.034243 248.924474 318.394128
49 58 57 0.623150 0.109605 0.267245 234.386664 321.398500
49 58 57 0.149671 0.504615 0.345714 236.815394 347.096652
49 58 57 0.887830 0.102565 0.009604 248.874070 321.705262
49 58 57 0.097727 0.642657 0.259616 240.095425 346.657255
49 58 57 0.763284 0.146978 0.089738 243.377037 322.194874
49 58 57 0.120104 0.292256 0.587640 225.707076 346.126127
49 50 58 0.108000 0.710285 0.181714 277.229836 318.823442
49 50 58 0.258897 0.728765 0.012338 274.109595 314.559880
49 50 58 0.269750 0.339519 0.390731 260.219912 327.262410
49 50 58 0.807389 0.043790 0.148821 248.424332 320.745663
49 50 58 0.388814 0.561151 0.050035 268.683076 317.348172
49 50 58 0.344435 0.397531 0.258033 262.283396 322.069946
49 50 58 0.246545 0.110960 0.642495 253.247540 333.875176
49 50 58 0.404710 0.398761 0.196529 264.111029 319.169736
49 50 58 0.542645 0.023100 0.434255 246.395252 327.345927
49 50 58 0.706442 0.128399 0.165159 253.478498 323.032712
50 59 58 0.948542 0.044239 0.007219 288.191014 312.788730
50 59 58 0.354915 0.055766 0.589319 263.927469 335.008188
50 59 58 0.342134 0.064501 0.593365 262.312381 337.859319
50 59 58 0.113585 0.665477 0.220938 280.744850 344.184678
50 59 58 0.862039 0.133378 0.004583 288.578890 320.592174
50 59 58 0.096807 0.012583 0.890609 254.446291 348.088020
50 59 58 0.791117 0.130731 0.078152 284.033544 319.511560
50 59 58 0.161206 0.445154 0.393640 276.881867 341.029593
50 59 58 0.765278 0.187633 0.047089 284.754457 316.978586
50 59 58 0.326153 0.636464 0.037383 285.818501 338.727037
50 51 59 0.728085 0.051851 0.220064 287.970642 322.928669
50 51 59 0.201590 0.047304 0.751106 289.805840 340.373640
50 51 59 0.677945 0.231820 0.090235 295.781357 318.002158
50 51 59 0.820916 0.113646 0.065438 289.828852 316.552047
50 51 59 0.016017 0.484821 0.499162 305.912803 332.000161
50 51 59 0.205854 0.139874 0.654272 290.800828 333.582328
50 51 59 0.909626 0.010815 0.079559 284.486876 318.174695
50 51 59 0.483738 0.034132 0.482130 292.296407 330.926721
50 51 59 0.581135 0.401556 0.017309 301.267492 310.668190
50 51 59 0.783528 0.032178 0.184294 288.068768 315.966806
51 60 59 0.135362 0.177039 0.687599 300.694356 342.776317
51 60 59 0.518253 0.470607 0.011140 324.971232 328.284156
51 60 59 0.774256 0.142583 0.083161 320.180876 318.866527
51 60 59 0.710626 0.141598 0.147776 319.351576 322.047574
51 60 59 0.702460 0.272218 0.025322 324.897405 321.949933
51 60 59 0.945396 0.036564 0.018040 322.814863 312.423468
51 60 59 0.418584 0.083153 0.498263 305.397040 333.109564
51 60 59 0.901445 0.077448 0.021106 324.004248 316.777697
51 60 59 0.701894 0.257715 0.040390 322.749804 319.870348
51 60 59 0.569964 0.424772 0.005265 326.189958 327.403222
51 52 60 0.904053 0.044632 0.051315 327.663749 311.506689
51 52 60 0.570649 0.225266 0.204085 334.200907 315.888606
51 52 60 0.600649 0.061292 0.338059 326.930988 326.571164
51 52 60 0.460914 0.191878 0.347207 329.431436 328.153089
51 52 60 0.350939 0.049345 0.599716 327.688105 334.253125
51 52 60 0.968410 0.031155 0.000435 323.833851 307.075981
51 52 60 0.578630 0.327661 0.093709 336.355591 313.581534
51 52 60 0.609285 0.080148 0.310567 328.149752 320.395306
51 52 60 0.935109 0.028597 0.036295 328.797600 311.394614
51 52 60 0.660105 0.239389 0.100506 334.549417 315.192002
52 61 60 0.165417 0.315070 0.519513 342.378036 342.223903
52 61 60 0.479554 0.048214 0.472232 347.575504 329.198218
52 61 60 0.062721 0.089314 0.847965 331.308674 348.249040
52 61 60 0.035196 0.648093 0.316710 353.361502 344.016393
52 61 60 0.793470 0.097776 0.108754 358.534614 319.434270
52 61 60 0.600720 0.140878 0.258403 352.122947 324.734203
52 61 60 0.922617 0.070508 0.006875 365.148193 311.229667
52 61 60 0.189560 0.473998 0.336442 350.772078 344.573218
52 61 60 0.505355 0.061708 0.432937 343.261727 330.713581
52 61 60 0.312321 0.576681 0.110997 359.312242 338.293280
52 53 61 0.039563 0.594034 0.366404 386.655845 322.768398
52 53 61 0.700678 0.122797 0.176525 365.220649 317.055347
52 53 61 0.566720 0.066783 0.366497 368.956283 325.288600
52 53 61 0.203314 0.742508 0.054178 394.774894 312.058782
52 53 61 0.725110 0.255293 0.019597 371.534448 312.974203
52 53 61 0.354490 0.494695 0.150814 383.406148 319.811498
52 53 61 0.914397 0.056013 0.029589 363.299438 312.924856
52 53 61 0.913678 0.048397 0.037925 364.599770 309.506040
52 53 61 0.085904 0.326883 0.587213 374.435562 331.670074
52 53 61 0.649998 0.343231 0.006770 373.273137 309.977059
53 62 61 0.876025 0.040930 0.083044 402.338538 315.894655
53 62 61 0.522435 0.345689 0.131876 400.281256 328.396560
53 62 61 0.753810 0.096359 0.149831 396.599182 317.244100
53 62 61 0.030779 0.502644 0.466577 388.218467 345.418833
53 62 61 0.234650 0.476790 0.288560 393.659907 342.458901
53 62 61 0.235504 0.184831 0.579665 379.272175 340.364709
53 62 61 0.368107 0.300591 0.331302 388.735995 331.486403
53 62 61 0.514601 0.155250 0.330149 390.035902 329.359429
53 62 61 0.180955 0.082811 0.736234 373.335649 340.472830
53 62 61 0.172727 0.593768 0.233506 397.879525 346.039317
54 55 63 0.458296 0.529038 0.012666 120.593620 355.664271
54 55 63 0.257223 0.174080 0.568697 108.099622 375.559127
54 55 63 0.179886 0.478871 0.341243 117.701277 364.882707
54 55 63 0.175358 0.587110 0.237532 120.723724 362.797662
54 55 63 0.834002 0.092843 0.073155 107.558313 358.770876
54 55 63 0.423234 0.011850 0.564916 101.957167 377.476269
54 55 63 0.733125 0.188848 0.078027 105.207959 355.404811
54 55 63 0.500817 0.285439 0.213745 112.765919 361.592775
54 55 63 0.568096 0.111528 0.320375 105.483916 366.334996
54 55 63 0.996064 0.000277 0.003659 100.253876 352.828221
55 64 63 0.496263 0.456252 0.047485 135.646633 371.037087
55 64 63 0.032485 0.908682 0.058833 134.348165 392.931465
55 64 63 0.997921 0.000657 0.001422 136.485332 354.442302
55 64 63 0.585411 0.295483 0.119106 134.252775 370.357305
55 64 63 0.609622 0.280965 0.109413 134.766165 368.315125
55 64 63 0.683575 0.175527 0.140899 132.471869 368.119544
55 64 63 0.792772 0.166943 0.040284 133.602461 363.507080
55 64 63 0.298667 0.032271 0.669062 110.324449 381.517140
55 64 63 0.125173 0.111851 0.762975 107.978362 390.617659
55 64 63 0.626713 0.201649 0.171638 132.974386 368.555012
55 56 64 0.214031 0.303894 0.482075 150.168175 370.720409
55 56 64 0.736556 0.069033 0.194411 139.774501 362.944246
55 56 64 0.402993 0.400144 0.196863 153.258797 362.462674
55 56 64 0.321290 0.521241 0.157469 158.208756 361.952053
55 56 64 0.427922 0.050082 0.521996 141.067170 373.921566
55 56 64 0.510881 0.423582 0.065538 154.925114 358.424153
55 56 64 0.992800 0.005310 0.001889 136.818467 355.099263
55 56 64 0.196078 0.787192 0.016729 166.977800 352.023675
55 56 64 0.273737 0.592798 0.133464 161.838354 358.562733
55 56 64 0.328604 0.350179 0.321217 149.579738 366.527391
56 65 64 0.988024 0.006150 0.005825 173.928021 350.826145
56 65 64 0.569944 0.300824 0.129232 166.747473 367.713033
56 65 64 0.598212 0.079081 0.322707 164.274236 368.207395
56 65 64 0.443169 0.222389 0.334443 164.431435 377.845330
56 65 64 0.043247 0.069986 0.886767 141.670708 392.601715
56 65 64 0.036698 0.458233 0.505068 159.219748 392.070144
56 65 64 0.437668 0.275637 0.286695 166.237581 376.618540
56 65 64 0.224597 0.335179 0.440224 156.797680 382.596909
56 65 64 0.864592 0.052488 0.082920 177.151627 357.453181
56 65 64 0.422950 0.248522 0.328528 165.005411 376.417572
56 57 65 0.328429 0.638491 0.033081 198.329678 353.417015
56 57 65 0.514623 0.311828 0.173549 183.907305 359.587943
56 57 65 0.447019 0.328033 0.224948 187.528958 359.106937
56 57 65 0.499312 0.161950 0.338739 182.826055 369.229223
56 57 65 0.891962 0.048449 0.059589 179.131074 356.858042
56 57 65 0.828515 0.148759 0.022726 178.299082 355.396530
56 57 65 0.134689 0.849576 0.015734 207.220848 349.361676
56 57 65 0.220469 0.604676 0.174855 196.009602 362.390320
56 57 65 0.192494 0.662678 0.144827 197.638076 358.858051
56 57 65 0.642410 0.067462 0.290128 175.224718 365.546841
57 66 65 0.534566 0.199396 0.266038 201.189147 369.498016
57 66 65 0.458459 0.148461 0.393081 198.538698 374.257583
57 66 65 0.539397 0.084430 0.376173 195.649421 372.045992
57 66 65 0.680798 0.239257 0.079945 213.613218 365.697662
57 66 65 0.276738 0.202360 0.520902 196.341262 377.807491
57 66 65 0.003272 0.983550 0.013178 214.716725 389.173708
57 66 65 0.643312 0.012864 0.343824 198.095554 364.814185
57 66 65 0.661047 0.112207 0.226746 204.965978 367.153448
57 66 65 0.482883 0.493136 0.023981 209.323801 374.154085
57 66 65 0.971035 0.014180 0.014784 213.674856 355.020047
57 58 66 0.534068 0.031597 0.434335 214.864075 369.158492
57 58 66 0.127184 0.632646 0.240170 238.702631 355.985512
57 58 66 0.901095 0.007209 0.091696 212.867080 356.988589
57 58 66 0.904069 0.071905 0.024026 215.362314 355.819823
57 58 66 0.038194 0.187067 0.774738 220.008055 381.742315
57 58 66 0.655647 0.301671 0.042681 225.336816 352.437367
57 58 66 0.716524 0.116697 0.166778 215.160798 355.604856
57 58 66 0.507280 0.241979 0.250741 222.695335 360.175520
57 58 66 0.327411 0.079288 0.593301 218.882830 374.863962
57 58 66 0.814607 0.074502 0.110891 213.563837 356.213979
58 67 66 0.026628 0.430100 0.543272 230.491239 390.287928
58 67 66 0.097062 0.222507 0.680431 226.988751 386.035093
58 67 66 0.618326 0.178902 0.202772 243.363580 363.584969
58 67 66 0.051003 0.683543 0.265454 240.106958 386.779126
58 67 66 0.481866 0.402355 0.115779 245.697361 370.973175
58 67 66 0.302044 0.397039 0.300917 238.062504 379.200005
58 67 66 0.971858 0.025023 0.003119 248.200048 350.191511
58 67 66 0.074599 0.125929 0.799472 221.320006 388.580457
58 67 66 0.958717 0.026162 0.015121 249.016691 349.944362
58 67 66 0.306737 0.023779 0.669484 226.393963 375.520933
58 59 67 0.032368 0.257395 0.710237 261.691685 377.663464
58 59 67 0.203601 0.039014 0.757385 247.723324 377.935292
58 59 67 0.917207 0.074109 0.008684 250.753781 349.684688
58 59 67 0.832849 0.037941 0.129210 250.555301 353.629155
58 59 67 0.257831 0.440641 0.301528 266.977737 363.635414
58 59 67 0.170528 0.027393 0.802078 253.003215 383.536248
58 59 67 0.541228 0.176384 0.282389 256.625330 362.058491
58 59 67 0.901469 0.091207 0.007324 254.787430 348.846716
58 59 67 0.823799 0.012396 0.163805 247.622351 361.244915
58 59 67 0.492902 0.078761 0.428337 251.046866 370.600474
59 68 67 0.585099 0.306972 0.107929 279.296232 364.909467
59 68 67 0.061171 0.244265 0.694564 261.005684 389.644146
59 68 67 0.706127 0.002212 0.291661 275.817485 361.414239
59 68 67 0.777738 0.209727 0.012535 291.523329 359.656987
59 68 67 0.386535 0.586608 0.026857 287.562531 373.321799
59 68 67 0.433915 0.217258 0.348827 277.417333 369.081528
59 68 67 0.250762 0.465592 0.283645 278.862321 382.782984
59 68 67 0.550465 0.438826 0.010709 285.565942 369.718329
59 68 67 0.979638 0.014957 0.005405 284.216202 352.302285
59 68 67 0.958436 0.001825 0.039738 287.814264 350.781247
59 60 68 0.993800 0.002939 0.003261 290.616069 351.600422
59 60 68 0.643575 0.248544 0.107881 294.550914 356.073110
59 60 68 0.408042 0.381327 0.210630 301.348469 359.068653
59 60 68 0.862125 0.122109 0.015766 292.215299 348.927847
59 60 68 0.242459 0.429231 0.328310 303.963994 362.937326
59 60 68 0.189357 0.210943 0.599700 296.844356 374.469749
59 60 68 0.555767 0.396196 0.048038 301.876145 353.223473
59 60 68 0.797799 0.074824 0.127377 293.079817 352.190255
59 60 68 0.331724 0.261051 0.407225 300.023498 367.897629
59 60 68 0.209814 0.565803 0.224384 308.368572 359.483588
60 69 68 0.427629 0.567222 0.005149 324.938766 372.849931
60 69 68 0.259356 0.343628 0.397016 309.778191 380.433540
60 69 68 0.122138 0.206616 0.671246 299.769964 386.703663
60 69 68 0.804875 0.134284 0.060840 321.799695 358.189826
60 69 68 0.066123 0.927928 0.005948 322.626112 386.274495
60 69 68 0.974511 0.010531 0.014958 324.441511 348.966020
60 69 68 0.770881 0.035433 0.193687 318.462266 357.301080
60 69 68 0.271261 0.254448 0.474291 306.929872 377.034963
60 69 68 0.255215 0.419297 0.325488 313.978109 375.436984
60 69 68 0.896098 0.089461 0.014440 324.583164 357.075316
60 61 69 0.487716 0.424706 0.087578 341.644231 353.843699
60 61 69 0.173854 0.643031 0.183116 352.724272 357.862380
60 61 69 0.331244 0.375527 0.293229 340.661367 360.607753
60 61 69 0.847197 0.148225 0.004578 331.493749 349.237987
60 61 69 0.999233 0.000387 0.000380 327.869884 348.238576
60 61 69 0.094050 0.454553 0.451397 342.471270 367.889362
60 61 69 0.184023 0.760696 0.055281 355.253831 350.043045
60 61 69 0.619521 0.356384 0.024095 336.120815 350.477100
60 61 69 0.810514 0.076216 0.113270 328.467732 357.499875
60 61 69 0.369521 0.232176 0.398303 335.842916 364.088196
61 70 69 0.305278 0.095060 0.599661 340.128934 379.003205
61 70 69 0.579577 0.090764 0.329659 351.860498 367.623510
61 70 69 0.129229 0.268724 0.602048 337.851013 382.236247
61 70 69 0.014772 0.639214 0.346014 349.799133 389.520152
61 70 69 0.550044 0.222677 0.227279 355.540785 368.813450
61 70 69 0.357104 0.353189 0.289706 356.776815 373.917122
61 70 69 0.485160 0.165971 0.348870 354.998628 370.947586
61 70 69 0.999206 0.000572 0.000223 366.041574 349.022621
61 70 69 0.662840 0.128034 0.209126 353.290021 360.310417
61 70 69 0.430936 0.201726 0.367339 346.639897 367.008652
61 62 70 0.928893 0.038558 0.032548 367.391582 351.170239
61 62 70 0.457775 0.157050 0.385175 371.197847 363.432312
61 62 70 0.792981 0.006028 0.200991 363.822721 356.796911
61 62 70 0.264040 0.348368 0.387592 374.950211 365.006438
61 62 70 0.364552 0.298582 0.336866 377.685120 359.462037
61 62 70 0.232004 0.175468 0.592529 373.461991 374.309901
61 62 70 0.469925 0.492869 0.037206 386.539834 349.938198
61 62 70 0.880600 0.081431 0.037969 366.696091 350.519157
61 62 70 0.823051 0.155289 0.021660 371.871239 351.519687
61 62 70 0.632623 0.021492 0.345885 365.614617 364.449207
62 71 70 0.023812 0.569397 0.406791 390.785986 389.204385
62 71 70 0.471250 0.141604 0.387146 390.329755 368.935698
62 71 70 0.156059 0.109803 0.734138 375.317787 380.964024
62 71 70 0.700569 0.252018 0.047414 404.978744 359.866805
62 71 70 0.814008 0.021860 0.164131 400.747152 354.145390
62 71 70 0.114091 0.221354 0.664554 376.807385 386.727139
62 71 70 0.997444 0.000601 0.001955 405.970297 347.102504
62 71 70 0.092858 0.023230 0.883912 368.250555 386.176505
62 71 70 0.637222 0.241836 0.120942 399.282293 361.844926
62 71 70 0.467834 0.202544 0.329622 391.587152 370.547743
63 64 72 0.286726 0.122709 0.590566 105.082716 415.042347
63 64 72 0.457541 0.494088 0.048371 119.237266 391.808000
63 64 72 0.492723 0.441527 0.065750 121.116554 395.982870
63 64 72 0.098900 0.011997 0.889103 99.797483 424.988586
63 64 72 0.029379 0.256854 0.713767 109.647437 418.809720
63 64 72 0.685804 0.064963 0.249233 107.159814 403.853965
63 64 72 0.108119 0.478515 0.413365 117.726478 406.767019
63 64 72 0.857558 0.101566 0.040877 104.582873 396.957277
63 64 72 0.391651 0.470322 0.138026 118.205980 397.349652
63 64 72 0.828554 0.002858 0.168588 98.782589 397.505981
64 73 72 0.804963 0.075163 0.119874 134.797498 397.755142
64 73 72 0.792051 0.204753 0.003196 140.203795 402.539985
64 73 72 0.108010 0.414903 0.477087 123.679347 423.048941
64 73 72 0.423397 0.163258 0.413344 124.791862 412.408549
64 73 72 0.096003 0.038965 0.865032 106.380940 425.710815
64 73 72 0.340009 0.611064 0.048928 139.413378 419.097270
64 73 72 0.200296 0.384536 0.415169 125.296798 421.644545
64 73 72 0.713401 0.131859 0.154739 134.495407 402.687685
64 73 72 0.565489 0.112554 0.321957 127.167484 410.033100
64 73 72 0.116020 0.351302 0.532678 121.017840 425.475514
64 65 73 0.366825 0.211722 0.421453 148.493197 409.504613
64 65 73 0.994064 0.002436 0.003500 138.056426 391.614660
64 65 73 0.654242 0.150351 0.195407 145.372652 398.171907
64 65 73 0.612040 0.345758 0.042201 152.036839 392.976310
64 65 73 0.226176 0.195129 0.578695 146.367586 412.269896
64 65 73 0.808966 0.033453 0.157580 141.338177 398.742378
64 65 73 0.180898 0.078129 0.740973 141.058109 419.702599
64 65 73 0.494143 0.207329 0.298528 145.014226 401.566325
64 65 73 0.855148 0.135631 0.009221 145.921376 392.799333
64 65 73 0.152791 0.248354 0.598854 149.279307 416.172488
65 74 73 0.637325 0.265823 0.096852 174.867835 406.140555
65 74 73 0.073014 0.502176 0.424809 161.502343 424.299258
65 74 73 0.601396 0.003055 0.395549 162.310983 405.414020
65 74 73 0.147665 0.568577 0.283758 167.877937 424.252446
65 74 73 0.207130 0.190640 0.602230 155.760155 423.902923
65 74 73 0.542103 0.267535 0.190363 170.390532 405.031692
65 74 73 0.994133 0.005777 0.000090 174.997886 389.778867
65 74 73 0.301488 0.222653 0.475859 160.205528 421.403548
65 74 73 0.277405 0.199142 0.523453 158.766480 421.793216
65 74 73 0.018394 0.721094 0.260512 168.829994 426.204085
65 66 74 0.231981 0.560854 0.207165 197.911544 399.171555
65 66 74 0.913579 0.001409 0.085013 172.622896 391.211324
65 66 74 0.746441 0.203009 0.050549 190.381715 395.652534
65 66 74 0.115680 0.879192 0.005129 209.702353 391.838863
65 66 74 0.938632 0.027637 0.033731 176.247350 391.860342
65 66 74 0.292866 0.010327 0.696808 176.258620 417.166907
65 66 74 0.127761 0.369182 0.503057 189.899907 407.032570
65 66 74 0.771834 0.202640 0.025526 183.818067 392.202537
65 66 74 0.462727 0.405126 0.132147 194.380017 394.668757
65 66 74 0.397291 0.005306 0.597404 177.927509 414.341133
66 75 74 0.733165 0.266568 0.000267 211.514138 398.413698
66 75 74 0.015931 0.529341 0.454728 196.377374 429.288271
66 75 74 0.648224 0.096474 0.255302 201.488102 404.384129
66 75 74 0.640860 0.229992 0.129148 210.412937 406.976451
66 75 74 0.593658 0.077718 0.328624 201.773190 403.706954
66 75 74 0.403666 0.268774 0.327560 206.163997 415.265955
66 75 74 0.350132 0.340643 0.309225 202.566509 417.243548
66 75 74 0.348785 0.060135 0.591080 193.201483 412.403542
66 75 74 0.318881 0.053071 0.628048 191.330421 418.214976
66 75 74 0.906638 0.034998 0.058365 214.714016 394.631071
66 67 75 0.221505 0.390927 0.387568 227.989456 405.113657
66 67 75 0.652052 0.037637 0.310310 215.243060 398.774520
66 67 75 0.517721 0.221925 0.260354 220.859207 398.893516
66 67 75 0.422275 0.110466 0.467259 218.260261 409.116591
66 67 75 0.366552 0.027562 0.605886 217.113230 413.303188
66 67 75 0.120861 0.650792 0.228348 235.841632 398.689517
66 67 75 0.806142 0.121801 0.072056 219.486980 393.632878
66 67 75 0.620870 0.177156 0.201974 219.676275 396.683494
66 67 75 0.442463 0.004033 0.553504 211.077384 407.501114
66 67 75 0.020195 0.771550 0.208255 243.849450 398.779589
67 76 75 0.625325 0.325292 0.049384 247.200519 403.195779
67 76 75 0.046517 0.320643 0.632841 231.144845 427.171575
67 76 75 0.962744 0.027990 0.009266 249.728593 391.342635
67 76 75 0.461596 0.131019 0.407385 237.417631 408.502825
67 76 75 0.772784 0.067843 0.159373 246.440971 396.312496
67 76 75 0.958156 0.018678 0.023166 250.081571 391.982865
67 76 75 0.340395 0.027693 0.631912 226.527495 415.016048
67 76 75 0.852400 0.123666 0.023934 248.714226 393.518293
67 76 75 0.596581 0.269712 0.133707 247.030112 402.921312
67 76 75 0.740388 0.246337 0.013274 251.161082 398.217703
67 68 76 0.058436 0.306352 0.635212 263.073070 415.265330
67 68 76 0.842317 0.015289 0.142394 254.418363 396.539935
67 68 76 0.381851 0.033235 0.584914 251.952345 413.074565
67 68 76 0.832785 0.031390 0.135824 255.328359 394.205548
67 68 76 0.042971 0.526961 0.430069 268.677383 407.050488
67 68 76 0.275573 0.531704 0.192724 270.192097 396.779305
67 68 76 0.208989 0.562963 0.228048 273.106415 397.849981
67 68 76 0.487352 0.194250 0.318398 258.081869 403.938810
67 68 76 0.829059 0.021356 0.149585 252.027599 394.807837
67 68 76 0.361506 0.353426 0.285068 262.830103 401.555524
68 77 76 0.626762 0.188507 0.184730 282.789507 404.917630
68 77 76 0.318851 0.311973 0.369176 277.531045 414.246709
68 77 76 0.346585 0.197664 0.455751 276.798005 414.275701
68 77 76 0.890710 0.045409 0.063882 286.768405 395.281359
68 77 76 0.398497 0.454619 0.146884 284.754743 412.124708
68 77 76 0.256257 0.686100 0.057643 284.110418 418.338690
68 77 76 0.717946 0.273731 0.008322 288.313742 401.284373
68 77 76 0.080472 0.301817 0.617711 263.708803 422.248578
68 77 76 0.508254 0.029427 0.462319 270.624863 410.032300
68 77 76 0.946413 0.005021 0.048566 285.105148 390.858650
68 69 77 0.434588 0.281128 0.284284 300.680306 403.725591
68 69 77 0.097070 0.480238 0.422692 305.592004 403.885950
68 69 77 0.618559 0.165741 0.215700 296.512282 397.633370
68 69 77 0.154908 0.381115 0.463977 302.508046 413.514131
68 69 77 0.964265 0.033979 0.001756 286.622784 388.543421
68 69 77 0.565650 0.410659 0.023691 301.970124 389.717261
68 69 77 0.162883 0.763912 0.073205 318.237786 391.919784
68 69 77 0.943156 0.017569 0.039275 287.446133 391.494652
68 69 77 0.260005 0.054391 0.685604 293.507901 414.914020
68 69 77 0.645276 0.155563 0.199161 295.901794 400.055308
69 78 77 0.619298 0.269162 0.111541 318.538331 404.778031
69 78 77 0.238803 0.658642 0.102556 325.105674 420.485871
69 78 77 0.172542 0.795617 0.031841 325.564068 421.762198
69 78 77 0.542730 0.360226 0.097044 321.464591 404.346701
69 78 77 0.564506 0.328910 0.106584 324.650398 405.348382
69 78 77 0.830680 0.133516 0.035804 323.202047 397.110929
69 78 77 0.255796 0.407418 0.336785 313.693561 418.439719
69 78 77 0.558084 0.402033 0.039883 323.767931 406.003626
69 78 77 0.488724 0.108727 0.402549 309.175192 408.719288
69 78 77 0.228655 0.611717 0.159629 322.449513 421.928190
69 70 78 0.274014 0.083309 0.642677 330.585531 413.824273
69 70 78 0.378693 0.099285 0.522022 329.407684 409.336563
69 70 78 0.461725 0.010906 0.527369 326.596359 414.502503
69 70 78 0.919628 0.007807 0.072565 323.699991 389.654225
69 70 78 0.926055 0.064195 0.009750 328.825238 388.496542
69 70 78 0.269693 0.301560 0.428747 337.206191 405.094398
69 70 78 0.921715 0.029310 0.048976 327.806110 391.587247
69 70 78 0.868277 0.021210 0.110513 325.299900 393.149449
69 70 78 0.390996 0.117469 0.491535 329.064414 405.231481
69 70 78 0.037840 0.826487 0.135673 359.276861 395.337487
70 79 78 0.389406 0.554521 0.056073 361.515084 413.365547
70 79 78 0.335407 0.030534 0.634059 342.543392 414.094650
70 79 78 0.632277 0.049491 0.318232 352.386185 401.090020
70 79 78 0.101344 0.651157 0.247499 358.876726 424.000676
70 79 78 0.384260 0.335261 0.280479 357.665293 412.057807
70 79 78 0.774045 0.090912 0.135044 357.986888 401.321568
70 79 78 0.139610 0.354041 0.506349 348.532292 423.278821
70 79 78 0.172689 0.358233 0.469078 348.093084 424.324767
70 79 78 0.819295 0.148378 0.032326 364.896612 396.502313
70 79 78 0.853017 0.001648 0.145336 356.901770 395.642517
70 71 79 0.553363 0.033618 0.413018 370.062596 404.454791
70 71 79 0.764698 0.011826 0.223476 363.448314 399.396337
70 71 79 0.705158 0.145060 0.149782 372.801240 395.905803
70 71 79 0.264188 0.010519 0.725292 369.532199 419.989634
70 71 79 0.645295 0.204578 0.150127 377.912103 393.065881
70 71 79 0.549114 0.203312 0.247574 376.067171 396.270556
70 71 79 0.738913 0.001037 0.260050 366.039574 405.009347
70 71 79 0.679241 0.220209 0.100549 374.573812 391.166884
70 71 79 0.145698 0.768408 0.085893 397.243974 390.979122
70 71 79 0.060907 0.930859 0.008234 405.498450 387.885421
71 80 79 0.365011 0.236436 0.398554 391.018068 413.437661
71 80 79 0.492449 0.323808 0.183742 399.021621 406.322318
71 80 79 0.933846 0.017681 0.048472 404.570899 388.634169
71 80 79 0.927138 0.055519 0.017342 407.848126 392.493232
71 80 79 0.244119 0.502111 0.253770 397.928622 420.655461
71 80 79 0.021277 0.737093 0.241630 400.390850 423.609925
71 80 79 0.612890 0.225281 0.161829 400.334115 405.091122
71 80 79 0.308278 0.004528 0.687194 378.895457 411.722966
71 80 79 0.266315 0.632813 0.100872 404.231529 416.989879
71 80 79 0.485562 0.415688 0.098750 403.503005 412.476558
