0 1 9 0.701584 0.190084 0.108331 91.088103 131.176185
0 1 9 0.800043 0.063383 0.136574 85.725757 132.612501
0 1 9 0.861093 0.019414 0.119493 86.499411 131.580767
0 1 9 0.656384 0.005335 0.338281 79.818525 141.960287
0 1 9 0.395578 0.228151 0.376271 88.005074 139.525554
0 1 9 0.857854 0.106378 0.035768 87.622876 131.237029
0 1 9 0.895060 0.077992 0.026948 85.265170 132.771833
0 1 9 0.970103 0.018627 0.011270 83.462360 129.588596
0 1 9 0.152844 0.545703 0.301454 103.306378 139.583930
0 1 9 0.279078 0.600784 0.120138 108.681570 132.873357
1 10 9 0.907022 0.038720 0.054258 121.498371 134.149418
1 10 9 0.788433 0.174034 0.037533 121.156248 134.757727
1 10 9 0.099012 0.023676 0.877312 81.875149 160.481430
1 10 9 0.937933 0.045339 0.016728 122.326140 132.848458
1 10 9 0.366413 0.119968 0.513620 98.013876 147.307850
1 10 9 0.023819 0.172309 0.803872 82.514150 162.471397
1 10 9 0.928390 0.051903 0.019708 123.047270 133.226353
1 10 9 0.956618 0.017871 0.025511 120.839362 130.941865
1 10 9 0.501313 0.008703 0.489984 100.122749 149.015524
1 10 9 0.536941 0.088218 0.374841 104.291693 143.857439
1 2 10 0.590135 0.129301 0.280564 125.117046 140.096439
1 2 10 0.284729 0.042976 0.672294 122.437613 152.186810
1 2 10 0.986209 0.006842 0.006949 123.657322 129.590441
1 2 10 0.838080 0.093401 0.068519 122.869360 132.648025
1 2 10 0.920248 0.024827 0.054925 125.867666 131.290743
1 2 10 0.570793 0.027567 0.401640 121.414002 140.278694
1 2 10 0.831184 0.108268 0.060548 126.321246 131.882323
1 2 10 0.597985 0.396969 0.005046 138.252854 129.539108
1 2 10 0.427264 0.262850 0.309886 133.212223 140.328046
1 2 10 0.759679 0.036348 0.203973 122.191932 134.447859
2 11 10 0.984634 0.011643 0.003722 163.043295 128.919831
2 11 10 0.518068 0.204858 0.277073 151.718736 144.768606
2 11 10 0.500801 0.447164 0.052035 155.297454 145.056271
2 11 10 0.352724 0.001038 0.646238 133.942001 151.957946
2 11 10 0.892339 0.082793 0.024868 163.738303 130.387290
2 11 10 0.764965 0.233067 0.001967 156.870369 138.407680
2 11 10 0.860118 0.071675 0.068207 160.074323 137.722777
2 11 10 0.589069 0.336179 0.074752 158.903024 140.714875
2 11 10 0.234179 0.568875 0.196946 151.071867 156.443288
2 11 10 0.391920 0.242408 0.365672 143.867788 149.290596
2 3 11 0.230611 0.139115 0.630274 165.020185 148.063191
2 3 11 0.845519 0.035310 0.119171 160.692725 134.002660
2 3 11 0.267444 0.189501 0.543056 167.899071 148.759182
2 3 11 0.981215 0.014195 0.004590 162.026658 133.578643
2 3 11 0.426238 0.235280 0.338482 174.599159 141.502680
2 3 11 0.014428 0.549445 0.436127 182.310859 145.861625
2 3 11 0.197614 0.522522 0.279864 184.322132 140.107172
2 3 11 0.664069 0.105031 0.230900 168.088944 136.748167
2 3 11 0.633411 0.297486 0.069104 172.833228 130.249512
2 3 11 0.094677 0.178536 0.726787 167.790301 152.307615
3 12 11 0.268346 0.408836 0.322818 189.473611 152.317305
3 12 11 0.423470 0.377335 0.199196 193.142715 148.899815
3 12 11 0.233987 0.668552 0.097461 196.067193 152.133202
3 12 11 0.616124 0.072952 0.310923 188.457924 146.235558
3 12 11 0.277409 0.484070 0.238521 189.575891 154.054712
3 12 11 0.510151 0.288250 0.201599 195.396971 146.635250
3 12 11 0.137876 0.642217 0.219907 191.065029 156.319191
3 12 11 0.263990 0.252172 0.483838 182.109518 151.621865
3 12 11 0.965596 0.025025 0.009379 203.753015 128.366951
3 12 11 0.899545 0.001745 0.098711 200.723089 137.674786
3 4 12 0.493682 0.356859 0.149459 213.611988 136.249744
3 4 12 0.910874 0.040264 0.048862 202.423604 128.478971
3 4 12 0.252727 0.571725 0.175548 224.650587 140.682834
3 4 12 0.184515 0.429055 0.386430 220.346267 143.060401
3 4 12 0.240671 0.315102 0.444227 218.095635 147.210859
3 4 12 0.604017 0.376566 0.019417 217.920464 130.083220
3 4 12 0.639786 0.176880 0.183333 211.025621 139.141817
3 4 12 0.365862 0.075068 0.559071 207.647682 151.085467
3 4 12 0.832923 0.099113 0.067963 209.974044 133.289776
3 4 12 0.415110 0.491302 0.093588 218.125826 136.196190
4 13 12 0.275075 0.702290 0.022636 240.194719 156.285516
4 13 12 0.885437 0.007662 0.106901 239.299413 132.212096
4 13 12 0.237102 0.617940 0.144958 235.839946 155.556485
4 13 12 0.290551 0.614523 0.094926 236.706851 153.223893
4 13 12 0.785779 0.087347 0.126874 234.183626 142.737019
4 13 12 0.651217 0.069364 0.279419 232.707426 141.218401
4 13 12 0.923184 0.048713 0.028103 239.574505 134.044868
4 13 12 0.644595 0.202249 0.153156 232.731309 146.568502
4 13 12 0.855734 0.081243 0.063023 240.506019 135.242885
4 13 12 0.706029 0.277161 0.016810 242.113782 145.808727
4 5 13 0.336443 0.440194 0.223362 258.754381 143.428274
4 5 13 0.922037 0.042274 0.035689 248.038022 133.893438
4 5 13 0.576711 0.123902 0.299387 246.193683 141.142186
4 5 13 0.383776 0.269969 0.346254 254.196334 143.759433
4 5 13 0.547845 0.054700 0.397455 246.119911 143.836773
4 5 13 0.253409 0.576340 0.170251 268.556542 140.377951
4 5 13 0.993848 0.003611 0.002540 242.673365 135.252723
4 5 13 0.099870 0.050581 0.849549 244.035750 161.522197
4 5 13 0.284051 0.376697 0.339252 257.611196 141.369935
4 5 13 0.102915 0.592326 0.304759 266.780853 142.983069
5 14 13 0.167538 0.152473 0.679989 253.462520 155.155915
5 14 13 0.708992 0.148775 0.142233 278.259080 143.223438
5 14 13 0.659758 0.022029 0.318213 268.024864 146.137109
5 14 13 0.434218 0.526945 0.038837 287.180314 151.712731
5 14 13 0.431030 0.528148 0.040822 283.381568 152.366651
5 14 13 0.451182 0.103593 0.445225 267.841785 151.427829
5 14 13 0.730591 0.207133 0.062275 284.334236 142.038096
5 14 13 0.067245 0.905631 0.027124 286.374576 160.622579
5 14 13 0.599693 0.274859 0.125448 281.936600 142.337585
5 14 13 0.878382 0.050683 0.070936 278.561170 136.007072
5 6 14 0.784470 0.112425 0.103105 286.881852 140.091167
5 6 14 0.370194 0.476694 0.153112 306.340352 138.103941
5 6 14 0.173279 0.565188 0.261533 307.428343 141.768361
5 6 14 0.219531 0.322870 0.457599 295.197103 148.629231
5 6 14 0.809602 0.004859 0.185539 283.198794 135.606417
5 6 14 0.765349 0.105649 0.129003 288.820465 138.534537
5 6 14 0.841358 0.058590 0.100051 289.111665 136.942234
5 6 14 0.762295 0.087257 0.150448 285.944858 139.183843
5 6 14 0.279242 0.217543 0.503215 293.449475 152.193558
5 6 14 0.766402 0.119025 0.114573 293.391334 140.342579
6 15 14 0.615100 0.304138 0.080762 327.067440 149.602908
6 15 14 0.206985 0.575151 0.217864 321.636360 157.542607
6 15 14 0.227380 0.679853 0.092767 326.513889 159.338186
6 15 14 0.464814 0.200802 0.334384 320.754645 149.919891
6 15 14 0.678421 0.021772 0.299807 313.443375 142.447817
6 15 14 0.128658 0.523069 0.348273 315.394726 157.206280
6 15 14 0.540796 0.232750 0.226454 319.525263 151.552451
6 15 14 0.847936 0.062656 0.089408 323.035165 136.764809
6 15 14 0.212233 0.594362 0.193404 323.204660 159.970568
6 15 14 0.888866 0.068286 0.042848 321.644578 141.088494
6 7 15 0.180160 0.474087 0.345753 347.233146 142.263530
6 7 15 0.640573 0.107650 0.251777 331.915933 142.851431
6 7 15 0.277511 0.473826 0.248663 348.936378 146.453250
6 7 15 0.679998 0.208953 0.111049 335.944171 141.607947
6 7 15 0.469346 0.314583 0.216071 342.644231 140.674861
6 7 15 0.909683 0.027890 0.062427 327.400546 137.221304
6 7 15 0.402719 0.180657 0.416624 332.140883 147.099608
6 7 15 0.602441 0.373057 0.024503 343.566196 139.690535
6 7 15 0.292308 0.660482 0.047210 352.993821 138.082766
6 7 15 0.334246 0.452131 0.213624 346.429999 142.832058
7 16 15 0.516534 0.459174 0.024292 369.581591 149.984436
7 16 15 0.968665 0.006547 0.024788 366.099205 139.928372
7 16 15 0.709887 0.151061 0.139051 363.969759 149.834830
7 16 15 0.868225 0.065717 0.066058 366.107269 140.150951
7 16 15 0.783065 0.111106 0.105828 365.226461 144.043168
7 16 15 0.076553 0.123474 0.799973 335.595752 163.115226
7 16 15 0.977293 0.016507 0.006200 367.835350 135.316827
7 16 15 0.072772 0.481481 0.445747 355.046578 161.374599
7 16 15 0.607157 0.254241 0.138602 367.056821 144.394995
7 16 15 0.759956 0.194379 0.045665 365.924938 146.951027
7 8 16 0.476474 0.028715 0.494811 369.515302 153.544335
7 8 16 0.449984 0.454538 0.095479 385.045268 141.853238
7 8 16 0.309073 0.642604 0.048322 391.528626 138.269664
7 8 16 0.282421 0.208642 0.508937 376.022625 151.345637
7 8 16 0.015823 0.940240 0.043937 403.299003 139.079559
7 8 16 0.651748 0.134509 0.213743 372.220581 145.176831
7 8 16 0.856693 0.014631 0.128676 370.364924 139.711493
7 8 16 0.122078 0.049064 0.828857 376.336915 157.064596
7 8 16 0.947516 0.029171 0.023313 369.585925 141.291615
7 8 16 0.102426 0.317026 0.580548 382.169757 152.800967
8 17 16 0.017005 0.770230 0.212766 407.397393 169.568080
8 17 16 0.949303 0.020193 0.030504 404.853852 140.754422
8 17 16 0.399988 0.282957 0.317055 400.555786 150.759534
8 17 16 0.217381 0.426893 0.355726 395.528290 156.267947
8 17 16 0.567225 0.052141 0.380634 393.045714 153.693621
8 17 16 0.365573 0.095260 0.539167 392.848958 152.901795
8 17 16 0.322705 0.264193 0.413102 394.234586 158.478356
8 17 16 0.453765 0.178394 0.367841 396.735527 147.561062
8 17 16 0.320211 0.411469 0.268321 402.159192 157.245489
8 17 16 0.907852 0.078809 0.013339 404.660804 140.367273
9 10 18 0.919235 0.073456 0.007308 79.941665 163.141726
9 10 18 0.218690 0.238215 0.543095 83.258881 186.526526
9 10 18 0.741179 0.080895 0.177927 78.703279 167.584569
9 10 18 0.533803 0.158608 0.307588 81.988548 174.561383
9 10 18 0.736350 0.043619 0.220031 75.561551 173.576168
9 10 18 0.341860 0.304969 0.353171 86.632504 177.234994
9 10 18 0.107294 0.595526 0.297180 101.333348 175.991687
9 10 18 0.603190 0.231451 0.165360 81.089457 172.471310
9 10 18 0.857833 0.011083 0.131085 77.834854 166.674609
9 10 18 0.960583 0.028375 0.011043 76.081910 161.031545
10 19 18 0.054004 0.876034 0.069962 106.677857 203.475259
10 19 18 0.172414 0.718080 0.109505 105.252736 198.108406
10 19 18 0.208486 0.021247 0.770267 85.093428 194.884617
10 19 18 0.000377 0.154794 0.844829 79.905465 208.863220
10 19 18 0.865753 0.118412 0.015835 112.787533 168.869826
10 19 18 0.348415 0.058533 0.593052 93.014026 189.439841
10 19 18 0.629896 0.211032 0.159072 111.326920 176.957741
10 19 18 0.512602 0.152690 0.334708 100.013404 185.198113
10 19 18 0.967818 0.021649 0.010533 116.232319 165.592037
10 19 18 0.794640 0.015515 0.189845 110.416667 169.857296
10 11 19 0.783863 0.074347 0.141789 123.556598 171.366477
10 11 19 0.515212 0.183909 0.300878 125.654627 178.613246
10 11 19 0.984720 0.001190 0.014090 118.293778 164.757706
10 11 19 0.647086 0.159775 0.193139 124.560011 170.656244
10 11 19 0.118126 0.400184 0.481690 129.866594 184.455102
10 11 19 0.883877 0.088008 0.028114 123.256335 165.444727
10 11 19 0.652491 0.099722 0.247787 119.072239 175.207139
10 11 19 0.250523 0.689709 0.059768 140.711225 163.402315
10 11 19 0.867290 0.076032 0.056679 122.462997 166.840153
10 11 19 0.624210 0.303739 0.072050 132.532205 168.311391
11 20 19 0.245090 0.565745 0.189165 145.858277 192.747736
11 20 19 0.393278 0.569675 0.037046 155.914626 187.214702
11 20 19 0.319476 0.448987 0.231537 144.893923 189.565282
11 20 19 0.410550 0.383114 0.206337 146.272465 186.172065
11 20 19 0.461650 0.050777 0.487573 133.547180 182.316928
11 20 19 0.639405 0.034714 0.325882 140.681548 178.611048
11 20 19 0.074975 0.482399 0.442627 138.880639 207.256824
11 20 19 0.022988 0.913614 0.063398 156.298447 209.460595
11 20 19 0.999323 0.000643 0.000034 157.968329 161.902321
11 20 19 0.474820 0.368786 0.156394 145.695530 185.082174
11 12 20 0.035027 0.838322 0.126652 196.117513 170.426923
11 12 20 0.908922 0.040107 0.050971 157.591289 163.523168
11 12 20 0.254719 0.695726 0.049555 188.829479 166.532515
11 12 20 0.489541 0.325933 0.184526 171.574291 171.336185
11 12 20 0.281585 0.182681 0.535734 166.171215 189.357902
11 12 20 0.793481 0.171421 0.035098 163.687451 165.980403
11 12 20 0.421595 0.230865 0.347540 164.908873 179.645271
11 12 20 0.180808 0.171806 0.647386 162.644388 193.711224
11 12 20 0.268952 0.141915 0.589133 161.272851 191.208609
11 12 20 0.406984 0.589210 0.003806 183.867135 160.779087
12 21 20 0.846263 0.064632 0.089105 200.079827 169.718352
12 21 20 0.772823 0.200676 0.026501 199.249104 174.264890
12 21 20 0.991067 0.008591 0.000342 203.843722 164.142786
12 21 20 0.453858 0.061884 0.484258 177.756266 181.029707
12 21 20 0.704076 0.144933 0.150991 192.949132 175.740965
12 21 20 0.590743 0.031168 0.378090 182.702133 181.909935
12 21 20 0.109470 0.065471 0.825059 165.625581 202.382174
12 21 20 0.040062 0.126094 0.833844 160.980375 205.904034
12 21 20 0.118206 0.423215 0.458579 175.688858 201.269606
12 21 20 0.686735 0.190575 0.122690 199.973096 176.546460
12 13 21 0.283429 0.025704 0.690867 197.964452 193.932880
12 13 21 0.865112 0.081574 0.053313 202.072534 165.320215
12 13 21 0.839401 0.125932 0.034667 207.366081 163.416407
12 13 21 0.948910 0.016167 0.034923 201.675120 162.985739
12 13 21 0.727335 0.206158 0.066507 212.528847 165.675711
12 13 21 0.394387 0.035846 0.569767 201.926016 185.383936
12 13 21 0.328395 0.656626 0.014979 228.154297 161.879294
12 13 21 0.769027 0.046462 0.184511 198.195576 168.468937
12 13 21 0.979598 0.000514 0.019888 200.476113 164.436235
12 13 21 0.272250 0.210162 0.517588 205.572868 182.975439
13 22 21 0.970439 0.018578 0.010983 241.739414 167.776081
13 22 21 0.150805 0.728028 0.121168 238.899675 196.857946
13 22 21 0.113839 0.602695 0.283465 230.135246 201.665969
13 22 21 0.713752 0.215680 0.070568 237.984271 174.721226
13 22 21 0.915481 0.032117 0.052403 235.929112 168.114006
13 22 21 0.690741 0.121854 0.187405 230.470692 176.349455
13 22 21 0.787500 0.013608 0.198892 233.191983 172.806637
13 22 21 0.720112 0.076355 0.203532 229.365848 177.112714
13 22 21 0.277113 0.190805 0.532082 220.738803 190.777587
13 22 21 0.590899 0.153898 0.255203 229.054582 182.960013
13 14 22 0.610414 0.343412 0.046174 257.585544 167.722396
13 14 22 0.544250 0.375174 0.080575 260.348643 168.368333
13 14 22 0.899745 0.079606 0.020648 242.790796 162.798996
13 14 22 0.295650 0.655600 0.048751 273.421742 165.436863
13 14 22 0.719964 0.088674 0.191362 245.775679 172.776479
13 14 22 0.825439 0.051711 0.122849 241.969315 170.125632
13 14 22 0.212058 0.686243 0.101699 275.370689 165.067815
13 14 22 0.810569 0.064775 0.124656 243.965991 171.138820
13 14 22 0.277530 0.005603 0.716867 239.015125 196.336068
13 14 22 0.006887 0.061772 0.931340 241.582496 202.428441
14 23 22 0.900080 0.086717 0.013203 289.278814 166.205925
14 23 22 0.913492 0.065778 0.020731 289.973206 168.989707
14 23 22 0.758092 0.227482 0.014425 286.658468 169.094106
14 23 22 0.306791 0.232985 0.460224 265.065283 192.275959
14 23 22 0.744805 0.090160 0.165035 279.513929 172.608372
14 23 22 0.237167 0.373868 0.388965 270.670294 195.385939
14 23 22 0.081015 0.085252 0.833733 248.644562 201.118754
14 23 22 0.751408 0.002011 0.246581 272.681597 175.761772
14 23 22 0.411958 0.369061 0.218981 276.689107 189.705774
14 23 22 0.035609 0.133876 0.830514 245.624245 204.334082
14 15 23 0.799613 0.109876 0.090510 290.667846 168.712645
14 15 23 0.545999 0.371925 0.082076 303.517459 166.448219
14 15 23 0.063323 0.072066 0.864611 287.180562 200.759636
14 15 23 0.992241 0.003664 0.004095 284.588381 162.864096
14 15 23 0.564412 0.139182 0.296406 289.444007 179.571925
14 15 23 0.249126 0.374028 0.376846 302.339422 180.550697
14 15 23 0.653690 0.158340 0.187970 289.777711 169.784945
14 15 23 0.381181 0.282953 0.335866 295.450501 176.654311
14 15 23 0.525613 0.446727 0.027661 307.210998 165.686094
14 15 23 0.759321 0.038171 0.202508 287.409425 172.809494
15 24 23 0.761380 0.091723 0.146897 322.723756 177.500415
15 24 23 0.172545 0.802032 0.025423 326.350084 198.099775
15 24 23 0.669903 0.086053 0.244044 315.834841 180.046482
15 24 23 0.126114 0.813539 0.060348 329.384587 203.066822
15 24 23 0.969317 0.003025 0.027658 326.419828 166.660966
15 24 23 0.642348 0.041261 0.316392 314.234912 179.761912
15 24 23 0.772933 0.224287 0.002780 331.340345 177.179919
15 24 23 0.585246 0.000250 0.414503 312.329363 188.060982
15 24 23 0.991090 0.001936 0.006975 327.841968 170.466206
15 24 23 0.545447 0.264206 0.190347 320.521004 188.028775
15 16 24 0.463587 0.465316 0.071097 352.192476 166.029365
15 16 24 0.211764 0.224171 0.564065 343.489845 189.527886
15 16 24 0.822061 0.015732 0.162208 330.076360 172.995654
15 16 24 0.557739 0.106192 0.336069 335.581921 183.704849
15 16 24 0.112366 0.009367 0.878267 330.044240 203.476695
15 16 24 0.695737 0.257075 0.047188 340.994850 169.855774
15 16 24 0.792824 0.087647 0.119529 332.163956 172.728580
15 16 24 0.662859 0.327589 0.009551 343.135821 165.740170
15 16 24 0.589080 0.407810 0.003111 348.434183 166.467240
15 16 24 0.889728 0.042943 0.067330 332.729902 172.493697
16 25 24 0.352461 0.050482 0.597057 345.020976 195.745625
16 25 24 0.746085 0.044336 0.209579 364.596568 176.054714
16 25 24 0.917374 0.045933 0.036692 370.486837 170.008354
16 25 24 0.016753 0.266935 0.716312 342.054589 208.387394
16 25 24 0.096515 0.450886 0.452599 355.305027 203.041302
16 25 24 0.243602 0.356347 0.400051 355.917775 198.252672
16 25 24 0.432649 0.264262 0.303089 359.906735 188.766893
16 25 24 0.675234 0.011467 0.313299 360.912400 176.686602
16 25 24 0.915816 0.042945 0.041239 376.127469 167.860943
16 25 24 0.480324 0.219346 0.300330 358.324788 188.791337
16 17 25 0.840626 0.114614 0.044760 376.799546 168.741426
16 17 25 0.658353 0.326148 0.015499 387.430617 166.875673
16 17 25 0.630923 0.364570 0.004507 390.829474 169.309345
16 17 25 0.407106 0.302305 0.290589 388.448595 177.753314
16 17 25 0.881708 0.018498 0.099795 374.130031 167.509579
16 17 25 0.197890 0.621270 0.180839 403.293557 174.204798
16 17 25 0.844604 0.154126 0.001270 380.900157 167.020966
16 17 25 0.334926 0.616052 0.049023 400.555574 171.843050
16 17 25 0.428628 0.232484 0.338888 385.133213 180.079678
16 17 25 0.504574 0.108772 0.386654 376.029346 177.527330
17 26 25 0.250345 0.237361 0.512294 395.703794 195.253773
17 26 25 0.099082 0.556781 0.344137 402.465536 204.254364
17 26 25 0.759843 0.109696 0.130461 409.638805 176.325465
17 26 25 0.846995 0.008218 0.144787 409.536736 173.481514
17 26 25 0.545993 0.255688 0.198318 406.889008 183.330847
17 26 25 0.103765 0.261139 0.635096 387.292944 204.162455
17 26 25 0.735426 0.035563 0.229012 409.464899 175.439680
17 26 25 0.944737 0.020740 0.034523 412.263202 169.138422
17 26 25 0.622484 0.080371 0.297145 402.913347 184.486332
17 26 25 0.173270 0.111498 0.715232 385.269502 199.278145
18 19 27 0.173043 0.250356 0.576601 84.788838 230.638295
18 19 27 0.322643 0.575610 0.101747 97.629907 212.152312
18 19 27 0.482683 0.183209 0.334108 80.682581 219.238173
18 19 27 0.365662 0.008392 0.625946 78.459478 233.892040
18 19 27 0.446128 0.036768 0.517104 77.786669 226.472123
18 19 27 0.213876 0.383871 0.402253 89.660955 220.775578
18 19 27 0.671537 0.235184 0.093279 80.670987 205.785437
18 19 27 0.348458 0.146101 0.505441 81.960998 231.222026
18 19 27 0.970637 0.005552 0.023811 72.237755 206.602202
18 19 27 0.945747 0.019776 0.034477 73.750548 204.312128
19 28 27 0.196898 0.754678 0.048424 117.449744 239.765586
19 28 27 0.751669 0.091215 0.157116 105.070412 215.371348
19 28 27 0.886404 0.044849 0.068747 110.297663 211.953549
19 28 27 0.183892 0.544746 0.271362 103.342063 242.220111
19 28 27 0.138322 0.742660 0.119018 108.630257 244.704912
19 28 27 0.854537 0.124319 0.021143 111.401873 212.860261
19 28 27 0.604825 0.063968 0.331207 98.289456 222.100456
19 28 27 0.623765 0.054580 0.321655 99.023561 223.202055
19 28 27 0.579106 0.035769 0.385125 98.678905 224.837749
19 28 27 0.576336 0.063801 0.359862 97.822775 224.254529
19 20 28 0.793008 0.088629 0.118363 118.533525 209.254545
19 20 28 0.518618 0.139793 0.341589 121.071584 223.572417
19 20 28 0.758640 0.070116 0.171243 114.963322 213.142370
19 20 28 0.917790 0.004617 0.077593 112.387050 210.141162
19 20 28 0.591956 0.087437 0.320607 118.053940 222.656329
19 20 28 0.631152 0.248585 0.120262 125.091246 209.952549
19 20 28 0.218952 0.062512 0.718536 119.779633 235.138164
19 20 28 0.933204 0.007091 0.059704 112.237986 204.516372
19 20 28 0.781695 0.065634 0.152671 118.353659 211.520434
19 20 28 0.792701 0.047085 0.160214 115.390693 209.545623
20 29 28 0.803723 0.061915 0.134362 148.859243 210.081416
20 29 28 0.421862 0.015586 0.562552 139.667058 230.409760
20 29 28 0.233349 0.074832 0.691819 131.647364 240.851413
20 29 28 0.519875 0.145119 0.335006 146.565862 228.887963
20 29 28 0.717645 0.175232 0.107123 152.350216 218.277937
20 29 28 0.338940 0.339049 0.322011 144.146033 233.895954
20 29 28 0.391491 0.509966 0.098542 155.697169 232.171190
20 29 28 0.493589 0.018218 0.488192 135.653491 225.851413
20 29 28 0.765422 0.140892 0.093685 152.214911 215.891635
20 29 28 0.084559 0.197040 0.718401 130.532517 245.558892
20 21 29 0.322123 0.517233 0.160644 176.088617 212.712228
20 21 29 0.381430 0.325595 0.292974 166.757988 219.560447
20 21 29 0.150107 0.001317 0.848575 160.561757 241.068862
20 21 29 0.045869 0.333645 0.620486 171.650597 233.845636
20 21 29 0.834227 0.036685 0.129088 155.836448 209.478346
20 21 29 0.039098 0.061545 0.899357 158.272035 246.443936
20 21 29 0.258681 0.040219 0.701101 158.526581 232.631504
20 21 29 0.517817 0.109754 0.372429 157.234802 220.269048
20 21 29 0.859804 0.099139 0.041057 155.956027 206.595013
20 21 29 0.398644 0.398361 0.202995 170.209079 214.478792
21 30 29 0.850390 0.103391 0.046219 195.673492 210.660290
21 30 29 0.004921 0.195759 0.799320 160.915056 246.169073
21 30 29 0.908942 0.079225 0.011832 195.919306 206.645830
21 30 29 0.635001 0.196245 0.168754 190.437933 219.998996
21 30 29 0.895022 0.026003 0.078974 190.429969 210.847073
21 30 29 0.643906 0.343489 0.012605 196.955547 221.724418
21 30 29 0.654621 0.289272 0.056107 197.193073 220.372217
21 30 29 0.909091 0.082762 0.008147 195.798686 207.978416
21 30 29 0.571048 0.318594 0.110358 192.839726 224.250072
21 30 29 0.774115 0.108984 0.116901 189.379573 214.860059
21 22 30 0.536539 0.172458 0.291002 201.204758 218.626194
21 22 30 0.481205 0.054475 0.464320 202.096937 229.461554
21 22 30 0.498000 0.204164 0.297836 205.850897 215.505484
21 22 30 0.777936 0.190953 0.031111 202.936099 204.731023
21 22 30 0.517060 0.477471 0.005469 220.105847 205.570525
21 22 30 0.387438 0.460808 0.151754 215.809072 212.354624
21 22 30 0.819994 0.148965 0.031041 203.158614 205.154010
21 22 30 0.655765 0.063240 0.280995 196.830882 214.111468
21 22 30 0.152756 0.770907 0.076337 230.978839 207.594675
21 22 30 0.237201 0.511420 0.251379 222.564665 213.380708
22 31 30 0.782179 0.032956 0.184864 232.062307 213.534653
22 31 30 0.633085 0.050000 0.316915 222.716860 219.148664
22 31 30 0.877933 0.018968 0.103100 239.971339 212.124915
22 31 30 0.127622 0.255924 0.616454 214.751287 244.210314
22 31 30 0.743514 0.078950 0.177536 231.135360 216.329948
22 31 30 0.072188 0.356121 0.571691 219.178479 244.970282
22 31 30 0.244752 0.300381 0.454866 220.402413 240.309223
22 31 30 0.034617 0.936302 0.029081 240.100762 247.072028
22 31 30 0.099146 0.838738 0.062116 234.486826 247.155379
22 31 30 0.377527 0.198828 0.423645 218.518179 233.902534
22 23 31 0.186484 0.625559 0.187958 269.579186 212.987681
22 23 31 0.992630 0.002190 0.005180 238.584612 203.553436
22 23 31 0.403686 0.104148 0.492166 244.962096 227.447293
22 23 31 0.201065 0.499021 0.299914 264.036528 220.117816
22 23 31 0.817159 0.011153 0.171688 239.019470 214.871737
22 23 31 0.206747 0.265065 0.528188 256.961945 230.437223
22 23 31 0.078586 0.735527 0.185887 271.223150 212.612850
22 23 31 0.961442 0.014991 0.023567 240.007618 206.455893
22 23 31 0.702947 0.033788 0.263266 243.521641 216.465358
22 23 31 0.544830 0.310908 0.144262 251.408377 210.055765
23 32 31 0.639885 0.003093 0.357023 270.992445 223.199654
23 32 31 0.617506 0.145866 0.236628 276.414318 223.616452
23 32 31 0.272596 0.346489 0.380916 269.574402 235.522224
23 32 31 0.222403 0.149966 0.627631 257.111477 241.738922
23 32 31 0.095325 0.119979 0.784695 250.820318 244.911965
23 32 31 0.295533 0.278882 0.425586 262.686517 238.205503
23 32 31 0.427851 0.286732 0.285417 272.890782 229.910221
23 32 31 0.918833 0.021848 0.059319 281.637091 207.398589
23 32 31 0.380157 0.027930 0.591912 255.855241 235.116141
23 32 31 0.583275 0.039357 0.377368 272.066643 225.281408
23 24 32 0.466467 0.429624 0.103910 304.671169 212.147895
23 24 32 0.005003 0.342606 0.652391 297.829818 234.587202
23 24 32 0.430260 0.028572 0.541168 283.985565 229.193558
23 24 32 0.514572 0.382387 0.103041 303.266271 211.028648
23 24 32 0.129500 0.332158 0.538341 298.189244 231.793931
23 24 32 0.350327 0.395845 0.253828 302.200804 214.786133
23 24 32 0.090208 0.253770 0.656022 296.164333 234.662693
23 24 32 0.518603 0.239174 0.242223 298.977825 216.823057
23 24 32 0.199632 0.571240 0.229128 309.703742 221.383724
23 24 32 0.299006 0.237115 0.463879 292.872958 228.118704
24 33 32 0.290376 0.517465 0.192159 319.066614 238.531832
24 33 32 0.017840 0.961932 0.020229 327.080426 248.024498
24 33 32 0.036316 0.878949 0.084735 326.518513 249.261225
24 33 32 0.771281 0.003445 0.225274 318.868820 216.515370
24 33 32 0.689856 0.212235 0.097909 325.012892 221.439657
24 33 32 0.030013 0.955069 0.014919 325.074460 246.490311
24 33 32 0.414278 0.584070 0.001652 329.724370 230.610504
24 33 32 0.214285 0.225446 0.560269 304.782861 241.411898
24 33 32 0.840869 0.044633 0.114498 326.685872 212.568821
24 33 32 0.621679 0.300476 0.077846 327.011152 225.823688
24 25 33 0.100846 0.624696 0.274458 356.958374 218.159243
24 25 33 0.660260 0.248473 0.091267 336.878294 210.087481
24 25 33 0.915845 0.041283 0.042872 333.807575 206.696235
24 25 33 0.544038 0.324013 0.131949 344.338631 209.206700
24 25 33 0.799012 0.075366 0.125622 333.222103 212.096933
24 25 33 0.261311 0.438868 0.299821 346.303289 220.998267
24 25 33 0.433792 0.043206 0.523002 331.891174 233.193975
24 25 33 0.749271 0.036058 0.214671 328.264636 215.457588
24 25 33 0.135987 0.301367 0.562646 339.956930 228.204921
24 25 33 0.867450 0.040932 0.091618 332.141342 209.028773
25 34 33 0.579988 0.047635 0.372377 359.010818 224.871351
25 34 33 0.081219 0.440647 0.478134 351.161460 246.594161
25 34 33 0.582845 0.052178 0.364978 359.578763 226.118030
25 34 33 0.895770 0.014719 0.089511 365.437996 210.671711
25 34 33 0.430623 0.526830 0.042547 369.922953 234.227936
25 34 33 0.135438 0.795805 0.068757 370.664092 244.810929
25 34 33 0.328531 0.154767 0.516701 348.362354 235.387284
25 34 33 0.221197 0.254335 0.524468 348.296169 240.512319
25 34 33 0.983123 0.016669 0.000208 375.950002 208.415789
25 34 33 0.911620 0.052059 0.036322 369.312425 212.034206
25 26 34 0.329209 0.130248 0.540543 378.303309 229.232897
25 26 34 0.660419 0.118056 0.221525 382.001335 215.308780
25 26 34 0.065870 0.157124 0.777005 380.751358 243.605978
25 26 34 0.667501 0.331211 0.001288 388.301904 203.999547
25 26 34 0.537210 0.399397 0.063394 390.748481 209.456221
25 26 34 0.521420 0.306724 0.171855 390.086736 213.919281
25 26 34 0.062524 0.430211 0.507265 397.766586 231.832169
25 26 34 0.539006 0.029171 0.431824 371.322949 225.277627
25 26 34 0.490788 0.016385 0.492827 374.826495 230.111835
25 26 34 0.102507 0.038179 0.859314 377.352380 241.916875
26 35 34 0.385711 0.473121 0.141168 411.248790 234.529873
26 35 34 0.138753 0.194504 0.666743 386.509075 243.139934
26 35 34 0.484031 0.426854 0.089114 412.818593 228.921938
26 35 34 0.894413 0.066016 0.039571 421.621726 209.430380
26 35 34 0.234363 0.075827 0.689810 388.093242 238.310419
26 35 34 0.942573 0.045885 0.011542 422.574890 208.720084
26 35 34 0.219134 0.726860 0.054005 419.434216 239.925239
26 35 34 0.541631 0.246637 0.211732 413.596294 227.893626
26 35 34 0.600255 0.291354 0.108391 415.772142 220.819215
26 35 34 0.051670 0.861024 0.087305 412.907219 247.136998
27 28 36 0.594803 0.170590 0.234607 86.878983 254.871780
27 28 36 0.437196 0.496148 0.066656 96.714469 254.427885
27 28 36 0.071942 0.495685 0.432373 100.500737 260.297905
27 28 36 0.597488 0.167317 0.235196 90.921314 255.719475
27 28 36 0.113637 0.684333 0.202030 107.418035 255.248216
27 28 36 0.923538 0.026203 0.050259 75.765163 247.875690
27 28 36 0.222281 0.219709 0.558010 89.520533 273.659482
27 28 36 0.556566 0.119043 0.324390 88.980215 259.287359
27 28 36 0.020517 0.014461 0.965023 88.594393 278.611733
27 28 36 0.527530 0.080978 0.391492 89.408460 263.479043
28 37 36 0.404516 0.088941 0.506543 103.540666 266.591071
28 37 36 0.160429 0.645457 0.194114 116.643576 277.743475
28 37 36 0.221007 0.382151 0.396842 106.470266 271.844982
28 37 36 0.749257 0.160153 0.090590 119.138873 259.630820
28 37 36 0.530255 0.307935 0.161809 113.034912 264.149297
28 37 36 0.596549 0.014739 0.388712 105.792951 263.187735
28 37 36 0.807715 0.115511 0.076773 115.187862 254.692230
28 37 36 0.889598 0.090942 0.019459 115.088879 251.924783
28 37 36 0.262100 0.355543 0.382357 110.812192 275.152308
28 37 36 0.254981 0.656913 0.088107 119.708418 273.297356
28 29 37 0.446860 0.316940 0.236200 126.900364 258.600630
28 29 37 0.463139 0.015214 0.521647 120.006981 267.732916
28 29 37 0.988895 0.000140 0.010965 116.235798 247.610037
28 29 37 0.948381 0.013979 0.037640 119.876709 252.395568
28 29 37 0.171858 0.220680 0.607462 133.388781 265.443373
28 29 37 0.658744 0.112009 0.229246 124.725785 254.700474
28 29 37 0.098843 0.805607 0.095550 147.572435 254.843349
28 29 37 0.565656 0.160519 0.273825 126.326059 257.647543
28 29 37 0.241443 0.067092 0.691465 125.686941 269.706468
28 29 37 0.830979 0.135704 0.033318 122.738722 251.387003
29 38 37 0.605095 0.347797 0.047108 161.931424 260.152840
29 38 37 0.728706 0.188636 0.082657 154.187759 257.900631
29 38 37 0.743816 0.099473 0.156711 155.941002 257.043128
29 38 37 0.179307 0.551472 0.269222 152.396288 277.179636
29 38 37 0.364287 0.479812 0.155901 154.273287 272.536977
29 38 37 0.719500 0.153039 0.127461 155.152056 257.574136
29 38 37 0.589953 0.308709 0.101338 152.653081 262.746549
29 38 37 0.277542 0.492585 0.229873 152.570340 274.795672
29 38 37 0.284086 0.579477 0.136437 158.685975 277.405462
29 38 37 0.737164 0.207799 0.055038 150.494318 257.534647
29 30 38 0.453668 0.452106 0.094227 178.053577 251.987400
29 30 38 0.331573 0.500129 0.168298 179.434305 256.750128
29 30 38 0.496825 0.246222 0.256953 169.754167 263.082874
29 30 38 0.588186 0.065766 0.346048 160.914835 265.790103
29 30 38 0.532031 0.312429 0.155540 166.745671 255.041572
29 30 38 0.803491 0.044869 0.151641 159.916950 255.442979
29 30 38 0.674168 0.185838 0.139994 167.258583 253.887801
29 30 38 0.436419 0.221360 0.342221 164.184243 261.005461
29 30 38 0.914821 0.070057 0.015122 159.855800 249.763610
29 30 38 0.763618 0.230257 0.006125 165.157419 249.446400
30 39 38 0.794498 0.067198 0.138304 193.667204 258.365840
30 39 38 0.120885 0.724060 0.155055 195.307766 281.942687
30 39 38 0.003282 0.733637 0.263081 189.660467 287.664922
30 39 38 0.748350 0.011718 0.239931 188.837858 258.902539
30 39 38 0.948472 0.023258 0.028270 195.048221 250.275809
30 39 38 0.245188 0.080176 0.674636 174.847430 274.594612
30 39 38 0.752898 0.161766 0.085336 195.760766 256.833667
30 39 38 0.603810 0.054087 0.342103 185.903934 265.804693
30 39 38 0.022583 0.073807 0.903610 165.958053 285.517159
30 39 38 0.257239 0.150748 0.592013 175.661437 278.251706
30 31 39 0.123136 0.109470 0.767395 203.450210 279.121307
30 31 39 0.846390 0.028423 0.125187 204.414760 252.860476
30 31 39 0.985741 0.008468 0.005791 196.177029 253.233456
30 31 39 0.475934 0.239174 0.284891 210.157082 256.534684
30 31 39 0.866928 0.092625 0.040447 199.809989 253.694979
30 31 39 0.272590 0.134614 0.592795 204.464165 272.225158
30 31 39 0.159697 0.555200 0.285103 220.495810 263.125692
30 31 39 0.824004 0.080978 0.095018 199.840641 252.332206
30 31 39 0.467274 0.432390 0.100336 215.112939 254.962582
30 31 39 0.307451 0.635160 0.057389 224.855025 255.162099
31 40 39 0.923381 0.001512 0.075107 236.211715 253.414504
31 40 39 0.243658 0.172413 0.583929 218.687601 277.637999
31 40 39 0.034255 0.400087 0.565659 220.887695 289.464054
31 40 39 0.511604 0.103676 0.384721 222.734391 269.334820
31 40 39 0.459708 0.328419 0.211874 229.262284 277.582209
31 40 39 0.052976 0.740607 0.206417 229.465746 283.777936
31 40 39 0.089186 0.820336 0.090479 231.761945 286.687834
31 40 39 0.607733 0.260155 0.132112 231.214704 267.186485
31 40 39 0.122741 0.552276 0.324983 226.923908 284.318045
31 40 39 0.294768 0.051440 0.653792 213.793979 280.507691
31 32 40 0.762285 0.037678 0.200038 242.009649 259.016787
31 32 40 0.615086 0.266184 0.118730 250.066670 255.338513
31 32 40 0.275580 0.287108 0.437311 254.155154 268.539852
31 32 40 0.092075 0.537505 0.370420 264.624684 263.246260
31 32 40 0.036586 0.748467 0.214947 271.327817 259.517003
31 32 40 0.169569 0.018118 0.812314 241.397314 281.825846
31 32 40 0.425055 0.499829 0.075116 262.946446 255.460498
31 32 40 0.561208 0.218376 0.220417 247.542029 260.943285
31 32 40 0.609879 0.171657 0.218464 244.820810 263.190104
31 32 40 0.186693 0.722724 0.090582 272.641124 254.606280
32 41 40 0.391865 0.550784 0.057351 278.460059 276.785766
32 41 40 0.587035 0.280687 0.132277 279.408693 267.311523
32 41 40 0.464623 0.174939 0.360438 266.621338 271.484563
32 41 40 0.478698 0.298491 0.222811 272.414069 272.972699
32 41 40 0.469919 0.343817 0.186264 275.317039 270.167303
32 41 40 0.677652 0.067396 0.254952 274.802254 265.219120
32 41 40 0.024617 0.664461 0.310922 271.708141 288.993374
32 41 40 0.864259 0.101168 0.034573 276.661562 258.014388
32 41 40 0.844575 0.015486 0.139938 276.213361 259.884307
32 41 40 0.435280 0.174146 0.390573 264.066781 270.442707
32 33 41 0.934308 0.005047 0.060645 283.087608 252.810095
32 33 41 0.166094 0.775486 0.058420 319.956991 252.102385
32 33 41 0.721677 0.176408 0.101915 291.812928 251.678810
32 33 41 0.076672 0.527690 0.395638 307.579213 266.816532
32 33 41 0.991448 0.004344 0.004207 283.065623 248.401055
32 33 41 0.270371 0.642056 0.087573 313.219848 253.054620
32 33 41 0.737003 0.218059 0.044938 293.731121 251.695693
32 33 41 0.880687 0.025144 0.094169 285.964563 254.782930
32 33 41 0.066939 0.058430 0.874631 287.382368 286.600802
32 33 41 0.908545 0.075741 0.015714 287.296302 251.807692
33 42 41 0.179380 0.589972 0.230648 317.491677 281.898724
33 42 41 0.990347 0.000504 0.009149 329.420942 252.068081
33 42 41 0.402703 0.290856 0.306441 313.282831 273.752298
33 42 41 0.260694 0.265159 0.474147 308.891085 286.866088
33 42 41 0.663539 0.202438 0.134023 321.033588 261.145477
33 42 41 0.184453 0.525758 0.289789 315.107572 284.867193
33 42 41 0.628393 0.246482 0.125125 328.085676 265.063619
33 42 41 0.010217 0.119905 0.869879 293.167207 287.177602
33 42 41 0.518884 0.360595 0.120521 321.413034 270.325361
33 42 41 0.449934 0.297882 0.252184 315.928431 274.525805
33 34 42 0.266342 0.298008 0.435650 343.163328 265.753775
33 34 42 0.124523 0.694555 0.180923 360.534132 253.382705
33 34 42 0.378207 0.372310 0.249483 343.626724 261.031363
33 34 42 0.662649 0.277294 0.060057 342.702470 253.878041
33 34 42 0.195971 0.393558 0.410472 340.776842 265.511889
33 34 42 0.373220 0.257585 0.369195 342.814695 265.700099
33 34 42 0.019921 0.069471 0.910608 332.342757 289.155057
33 34 42 0.760853 0.160812 0.078335 335.870627 255.397393
33 34 42 0.694839 0.247732 0.057429 342.967318 253.909640
33 34 42 0.903823 0.026216 0.069961 331.377716 250.581705
34 43 42 0.480193 0.210115 0.309692 362.457318 279.378219
34 43 42 0.264089 0.313876 0.422036 352.849769 284.684082
34 43 42 0.177183 0.666263 0.156554 366.991523 284.307859
34 43 42 0.687961 0.080297 0.231742 363.675754 264.658722
34 43 42 0.423793 0.467023 0.109184 366.845115 273.598360
34 43 42 0.760890 0.151530 0.087581 370.225571 264.921399
34 43 42 0.583785 0.221630 0.194585 363.554376 269.463087
34 43 42 0.295672 0.311460 0.392867 353.837247 281.612775
34 43 42 0.926367 0.011929 0.061704 367.792827 252.411899
34 43 42 0.738801 0.104815 0.156383 367.104293 260.698824
34 35 43 0.193252 0.526849 0.279899 394.476496 262.773229
34 35 43 0.188855 0.246215 0.564930 381.689456 276.531021
34 35 43 0.068488 0.111336 0.820175 375.020811 284.259279
34 35 43 0.889151 0.074030 0.036819 376.691828 252.266584
34 35 43 0.790549 0.140057 0.069395 381.863334 249.706161
34 35 43 0.210478 0.142354 0.647167 378.273753 278.548869
34 35 43 0.763884 0.223526 0.012590 383.408320 254.788339
34 35 43 0.521989 0.063310 0.414701 376.003874 271.023709
34 35 43 0.849183 0.011796 0.139022 374.142101 256.573183
34 35 43 0.804440 0.027808 0.167753 375.457071 256.491187
35 44 43 0.695022 0.179124 0.125853 413.990792 265.359612
35 44 43 0.529457 0.228019 0.242523 406.320719 271.280429
35 44 43 0.456177 0.112446 0.431377 399.074601 274.056774
35 44 43 0.435748 0.474454 0.089798 416.668409 277.049902
35 44 43 0.866549 0.105849 0.027602 419.154607 259.806922
35 44 43 0.958321 0.005048 0.036631 417.607790 255.554074
35 44 43 0.727904 0.262503 0.009593 419.418721 263.550932
35 44 43 0.118642 0.783192 0.098165 413.808499 290.233045
35 44 43 0.285749 0.040109 0.674142 385.873011 277.671337
35 44 43 0.169793 0.213649 0.616558 390.113585 283.829253
36 37 45 0.858370 0.005856 0.135774 94.885827 282.436427
36 37 45 0.376660 0.620740 0.002600 112.770768 280.863756
36 37 45 0.876489 0.093557 0.029954 91.820389 280.886552
36 37 45 0.701696 0.263116 0.035188 100.218272 282.225923
36 37 45 0.986358 0.001650 0.011992 89.624659 282.601310
36 37 45 0.794356 0.010790 0.194853 93.712182 284.756994
36 37 45 0.823116 0.167435 0.009449 94.748891 281.163256
36 37 45 0.267693 0.485201 0.247106 107.957166 288.010069
36 37 45 0.780959 0.053726 0.165315 91.919498 284.503893
36 37 45 0.978811 0.000423 0.020767 91.139653 284.464338
37 46 45 0.143857 0.012563 0.843581 109.662889 303.480646
37 46 45 0.134802 0.565009 0.300189 126.262146 305.767875
37 46 45 0.878382 0.044382 0.077236 123.930385 286.426082
37 46 45 0.095059 0.741535 0.163406 127.095824 305.769424
37 46 45 0.536297 0.341349 0.122355 130.944340 295.462887
37 46 45 0.320483 0.260649 0.418868 117.105131 297.776083
37 46 45 0.301223 0.070146 0.628631 112.267876 297.669898
37 46 45 0.292157 0.476759 0.231085 127.499815 302.413008
37 46 45 0.510603 0.478517 0.010880 131.125712 297.965276
37 46 45 0.103871 0.067641 0.828488 108.822342 304.412974
37 38 46 0.205626 0.115052 0.679322 137.929539 297.747150
37 38 46 0.782897 0.097186 0.119917 129.856715 286.457709
37 38 46 0.258473 0.127575 0.613952 135.787198 298.762614
37 38 46 0.337338 0.568454 0.094209 145.806244 287.027814
37 38 46 0.504668 0.206084 0.289248 137.619105 292.259043
37 38 46 0.369210 0.247409 0.383381 138.371329 294.051921
37 38 46 0.607703 0.056725 0.335573 132.011685 289.447690
37 38 46 0.873672 0.087122 0.039206 125.799399 282.865121
37 38 46 0.754266 0.210472 0.035262 132.838659 287.543640
37 38 46 0.030704 0.411683 0.557614 145.922275 299.546103
38 47 46 0.296210 0.015862 0.687928 146.804438 301.386894
38 47 46 0.577213 0.239628 0.183159 160.166670 299.006173
38 47 46 0.089183 0.040632 0.870185 138.929791 304.644424
38 47 46 0.766273 0.100949 0.132778 157.881681 289.530492
38 47 46 0.341610 0.207831 0.450559 149.810206 303.408726
38 47 46 0.670526 0.001668 0.327806 151.604825 293.204318
38 47 46 0.144733 0.564323 0.290944 161.081369 307.567462
38 47 46 0.679152 0.159690 0.161158 158.712775 292.634112
38 47 46 0.791956 0.188956 0.019089 162.641599 292.764737
38 47 46 0.183267 0.506075 0.310658 157.226155 302.724287
38 39 47 0.237185 0.692005 0.070810 188.935541 290.027803
38 39 47 0.972175 0.008504 0.019322 161.113395 286.205885
38 39 47 0.480947 0.366454 0.152599 179.853808 288.936132
38 39 47 0.741753 0.155085 0.103162 164.317317 288.387683
38 39 47 0.803137 0.109199 0.087665 165.810608 284.679581
38 39 47 0.450974 0.305551 0.243475 174.660232 292.158832
38 39 47 0.111259 0.738697 0.150045 191.593744 292.452674
38 39 47 0.325542 0.132104 0.542354 171.248156 298.813405
38 39 47 0.010088 0.103464 0.886449 172.802822 310.386687
38 39 47 0.503422 0.417947 0.078631 180.000523 288.680210
39 48 47 0.026672 0.034706 0.938622 175.349137 312.180907
39 48 47 0.028357 0.656843 0.314800 196.521489 315.262545
39 48 47 0.348279 0.371495 0.280226 193.693808 307.270249
39 48 47 0.962300 0.004499 0.033200 201.781380 287.464699
39 48 47 0.419201 0.110452 0.470347 189.662006 306.348167
39 48 47 0.199600 0.368540 0.431860 192.526191 310.047750
39 48 47 0.321892 0.311416 0.366692 190.030850 308.223186
39 48 47 0.211812 0.144731 0.643456 187.422492 307.646681
39 48 47 0.473897 0.220284 0.305819 192.324156 299.348663
39 48 47 0.008263 0.738731 0.253006 195.697653 313.949511
39 40 48 0.443489 0.386155 0.170356 217.274835 293.172478
39 40 48 0.898183 0.015490 0.086328 202.816894 288.170067
39 40 48 0.471971 0.516169 0.011860 218.021673 285.938875
39 40 48 0.704762 0.069916 0.225322 206.519300 293.173155
39 40 48 0.315510 0.315849 0.368641 214.276269 298.810571
39 40 48 0.112728 0.825435 0.061837 234.396298 288.939860
39 40 48 0.717760 0.013477 0.268763 202.257576 299.580363
39 40 48 0.852545 0.137816 0.009639 208.640428 286.332178
39 40 48 0.063164 0.440093 0.496743 216.958559 299.282224
39 40 48 0.259125 0.425339 0.315536 216.724493 297.128063
40 49 48 0.109384 0.145331 0.745285 213.993846 313.438370
40 49 48 0.759584 0.001225 0.239191 230.209854 297.524868
40 49 48 0.356947 0.039561 0.603492 220.777717 307.595999
40 49 48 0.919854 0.022000 0.058145 240.850133 291.721226
40 49 48 0.412382 0.518521 0.069097 237.506096 305.343506
40 49 48 0.070652 0.781107 0.148241 238.343041 313.769422
40 49 48 0.481524 0.340777 0.177699 233.354382 304.345335
40 49 48 0.724529 0.262093 0.013378 238.335861 299.490844
40 49 48 0.977160 0.015045 0.007794 239.175631 292.348288
40 49 48 0.281359 0.646580 0.072061 241.178041 305.172693
40 41 49 0.313050 0.436436 0.250514 259.608680 296.995604
40 41 49 0.280659 0.329440 0.389901 255.188231 304.270416
40 41 49 0.506293 0.156131 0.337577 247.766356 298.040659
40 41 49 0.955343 0.011229 0.033428 238.688230 288.406232
40 41 49 0.740112 0.022770 0.237118 243.098478 293.316460
40 41 49 0.451399 0.099514 0.449087 246.417212 304.710800
40 41 49 0.381003 0.376602 0.242395 257.467748 298.197761
40 41 49 0.522690 0.006004 0.471306 240.791251 305.881642
40 41 49 0.255074 0.247855 0.497071 253.730695 303.653103
40 41 49 0.460091 0.011657 0.528252 242.685706 307.342834
41 50 49 0.119102 0.299546 0.581352 258.449144 317.892225
41 50 49 0.967528 0.008638 0.023834 285.349156 291.554534
41 50 49 0.406724 0.125152 0.468124 262.611868 306.776509
41 50 49 0.358450 0.638975 0.002574 281.581393 311.815461
41 50 49 0.966121 0.000037 0.033843 284.490511 291.369864
41 50 49 0.913811 0.008457 0.077732 278.178494 295.708239
41 50 49 0.919858 0.055484 0.024657 284.420138 294.618374
41 50 49 0.339806 0.563925 0.096269 277.698012 309.419710
41 50 49 0.138662 0.674218 0.187120 275.356259 312.898147
41 50 49 0.106340 0.425220 0.468440 262.857449 317.681454
41 42 50 0.151391 0.074340 0.774269 286.826635 314.186381
41 42 50 0.608059 0.245785 0.146156 297.066576 299.355083
41 42 50 0.963534 0.011221 0.025245 283.230131 291.915206
41 42 50 0.477259 0.194586 0.328155 290.343718 301.867954
41 42 50 0.974787 0.020008 0.005206 284.834300 291.813111
41 42 50 0.694709 0.222251 0.083040 292.025381 294.289175
41 42 50 0.733917 0.145256 0.120827 292.469790 295.031365
41 42 50 0.145065 0.831462 0.023473 318.915616 291.284617
41 42 50 0.537475 0.419222 0.043303 306.597957 292.577791
41 42 50 0.350645 0.423866 0.225489 301.989581 299.091113
42 51 50 0.112784 0.485117 0.402099 304.380145 320.375672
42 51 50 0.379263 0.327015 0.293722 313.905256 312.332276
42 51 50 0.094834 0.498960 0.406205 310.142581 319.595899
42 51 50 0.731995 0.200699 0.067307 321.351345 304.662128
42 51 50 0.491292 0.330471 0.178238 318.457120 310.143208
42 51 50 0.689489 0.014079 0.296431 310.054499 298.815464
42 51 50 0.620324 0.071804 0.307871 313.129506 303.254951
42 51 50 0.788141 0.111901 0.099958 318.371349 301.375809
42 51 50 0.176054 0.566658 0.257288 318.122446 321.189956
42 51 50 0.930852 0.059236 0.009912 322.102358 296.150343
42 43 51 0.708169 0.098642 0.193189 329.048275 294.522124
42 43 51 0.841188 0.100940 0.057873 327.114856 294.222915
42 43 51 0.219368 0.739007 0.041625 359.932299 293.309850
42 43 51 0.360957 0.551717 0.087326 351.316994 294.113761
42 43 51 0.837215 0.153659 0.009125 332.522272 292.873738
42 43 51 0.196567 0.518191 0.285242 348.722703 308.715038
42 43 51 0.040490 0.540315 0.419195 349.426030 308.372350
42 43 51 0.060078 0.084789 0.855133 328.016977 321.514523
42 43 51 0.519881 0.086561 0.393558 326.478981 304.868536
42 43 51 0.448717 0.051717 0.499566 330.772881 309.868385
43 52 51 0.313050 0.479036 0.207914 358.376636 317.425386
43 52 51 0.216718 0.748627 0.034655 363.887570 318.766736
43 52 51 0.149559 0.831856 0.018585 363.820503 323.732378
43 52 51 0.289379 0.290584 0.420037 349.119913 318.552394
43 52 51 0.103790 0.260138 0.636072 339.957197 323.509267
43 52 51 0.687005 0.193835 0.119159 363.177954 303.452340
43 52 51 0.852012 0.029940 0.118049 363.397169 296.315325
43 52 51 0.255290 0.447508 0.297202 356.398424 319.069541
43 52 51 0.799181 0.101128 0.099691 366.571109 297.753003
43 52 51 0.571538 0.162382 0.266079 359.746675 308.256366
43 44 52 0.635312 0.169946 0.194742 377.908460 298.869505
43 44 52 0.913755 0.034787 0.051458 369.253998 294.773816
43 44 52 0.360773 0.319965 0.319262 382.078263 309.179971
43 44 52 0.330773 0.305220 0.364007 387.123968 305.651835
43 44 52 0.107659 0.443242 0.449098 386.238257 307.507620
43 44 52 0.084143 0.145552 0.770305 367.901887 321.012731
43 44 52 0.820670 0.043077 0.136253 370.870814 300.171112
43 44 52 0.297908 0.094818 0.607274 372.808788 310.364730
43 44 52 0.634202 0.049852 0.315947 370.119027 303.163800
43 44 52 0.251207 0.708789 0.040004 398.806294 295.791673
44 53 52 0.587737 0.030673 0.381591 399.482276 312.320135
44 53 52 0.247258 0.312350 0.440391 393.044749 318.265864
44 53 52 0.147956 0.769518 0.082526 405.507448 321.654749
44 53 52 0.766662 0.131587 0.101751 410.301368 303.070170
44 53 52 0.441205 0.341316 0.217479 404.183340 313.183204
44 53 52 0.210428 0.356325 0.433247 392.148012 320.010988
44 53 52 0.692162 0.289431 0.018407 414.219707 306.217368
44 53 52 0.676740 0.132284 0.190976 405.334319 307.488934
44 53 52 0.886982 0.045947 0.067072 413.244950 297.681237
44 53 52 0.784605 0.212673 0.002723 416.199043 301.944626
45 46 54 0.468586 0.129248 0.402166 113.528804 317.242661
45 46 54 0.948883 0.019501 0.031616 109.521990 306.574354
45 46 54 0.587808 0.183785 0.228407 114.403153 313.298185
45 46 54 0.007061 0.746958 0.245981 131.677877 312.926542
45 46 54 0.566864 0.144976 0.288160 113.527792 311.548130
45 46 54 0.310347 0.378265 0.311387 119.629846 312.233105
45 46 54 0.954669 0.015946 0.029385 104.572469 308.894316
45 46 54 0.273059 0.554346 0.172595 122.627879 311.126296
45 46 54 0.222845 0.120578 0.656577 121.262834 318.710971
45 46 54 0.879373 0.098450 0.022177 108.096779 309.256386
46 55 54 0.538355 0.352566 0.109079 138.389425 317.165197
46 55 54 0.738122 0.155419 0.106459 134.166757 313.398726
46 55 54 0.415410 0.164800 0.419790 129.102936 320.170834
46 55 54 0.399036 0.305912 0.295052 136.207685 319.972774
46 55 54 0.597352 0.135384 0.267264 130.256271 313.685889
46 55 54 0.189193 0.468714 0.342093 133.450168 324.062682
46 55 54 0.351103 0.573524 0.075374 146.831680 324.507811
46 55 54 0.336581 0.276712 0.386707 132.518718 319.998720
46 55 54 0.011812 0.118219 0.869969 119.899262 323.640605
46 55 54 0.732516 0.153158 0.114325 136.353017 312.566722
46 47 55 0.857293 0.094922 0.047785 139.201183 313.637816
46 47 55 0.194078 0.738056 0.067867 164.735353 310.772077
46 47 55 0.210557 0.600598 0.188845 157.733951 314.202122
46 47 55 0.969183 0.014853 0.015964 134.364608 309.635890
46 47 55 0.780158 0.042351 0.177491 140.185512 314.215245
46 47 55 0.780909 0.128127 0.090963 143.964635 313.849624
46 47 55 0.205253 0.334684 0.460063 151.646307 315.643159
46 47 55 0.335359 0.610449 0.054191 157.908990 313.110223
46 47 55 0.593786 0.335463 0.070751 151.292510 311.946933
46 47 55 0.600484 0.010208 0.389308 139.958325 320.002042
47 56 55 0.817863 0.149565 0.032572 172.233456 319.009888
47 56 55 0.439721 0.521063 0.039216 173.000967 322.641930
47 56 55 0.136481 0.602794 0.260724 172.958227 327.690093
47 56 55 0.615548 0.034625 0.349827 166.179879 319.790536
47 56 55 0.093080 0.682119 0.224801 171.609602 329.413464
47 56 55 0.220224 0.404552 0.375225 165.513691 329.701918
47 56 55 0.064450 0.887912 0.047638 176.196963 331.610908
47 56 55 0.602915 0.047496 0.349589 164.422956 320.176359
47 56 55 0.548735 0.256617 0.194648 169.350168 318.327074
47 56 55 0.858964 0.112476 0.028560 170.738290 315.650871
47 48 56 0.900180 0.004051 0.095770 176.425677 313.335012
47 48 56 0.330645 0.666904 0.002451 195.516819 315.301813
47 48 56 0.326674 0.638624 0.034702 194.368704 316.847652
47 48 56 0.754204 0.017285 0.228511 173.669349 315.715266
47 48 56 0.473524 0.420814 0.105662 187.827095 315.925180
47 48 56 0.427230 0.491018 0.081752 188.862146 314.988404
47 48 56 0.922446 0.034110 0.043444 174.584471 310.766395
47 48 56 0.399223 0.371370 0.229408 187.165573 317.161459
47 48 56 0.935102 0.063558 0.001340 172.849206 309.641222
47 48 56 0.114863 0.655426 0.229711 196.210763 321.045039
48 57 56 0.440138 0.433677 0.126186 204.896233 323.692058
48 57 56 0.282802 0.456258 0.260940 201.940870 333.331234
48 57 56 0.876238 0.040877 0.082885 202.779524 318.145956
48 57 56 0.913813 0.015689 0.070498 204.469810 316.705271
48 57 56 0.820934 0.080335 0.098731 204.733183 319.247671
48 57 56 0.376912 0.433225 0.189863 201.315286 332.898984
48 57 56 0.784666 0.125295 0.090039 205.435738 319.343153
48 57 56 0.230851 0.224454 0.544695 189.467100 329.329082
48 57 56 0.348591 0.077380 0.574029 192.089620 327.335034
48 57 56 0.791143 0.074012 0.134845 202.899779 318.575988
48 49 57 0.419365 0.303471 0.277164 215.476932 324.775129
48 49 57 0.702981 0.261165 0.035854 213.095750 314.055996
48 49 57 0.707383 0.276333 0.016284 216.628384 314.511441
48 49 57 0.199977 0.771209 0.028814 231.345405 318.301780
48 49 57 0.726559 0.148910 0.124531 209.534162 322.049451
48 49 57 0.194719 0.353986 0.451295 222.719136 324.262606
48 49 57 0.707843 0.141145 0.151013 209.445903 324.834861
48 49 57 0.382843 0.519719 0.097438 226.939357 318.993423
48 49 57 0.936747 0.018781 0.044472 204.896609 317.859855
48 49 57 0.804534 0.087650 0.107816 209.490186 318.691250
49 58 57 0.913976 0.048074 0.037951 243.610955 318.469120
49 58 57 0.958542 0.000039 0.041419 244.858267 322.212837
49 58 57 0.937687 0.043906 0.018407 243.235274 316.186744
49 58 57 0.076024 0.372812 0.551164 229.122815 335.840997
49 58 57 0.992253 0.005466 0.002282 241.700614 320.565797
49 58 57 0.741681 0.072724 0.185595 238.111777 325.330963
49 58 57 0.307526 0.336386 0.356088 229.527380 333.809270
49 58 57 0.722411 0.092372 0.185217 239.820698 324.182943
49 58 57 0.088769 0.340173 0.571057 226.026153 337.702303
49 58 57 0.844448 0.135555 0.019997 244.136193 323.068051
49 50 58 0.337173 0.328126 0.334701 256.076093 324.543091
49 50 58 0.249131 0.717690 0.033179 275.496084 324.214590
49 50 58 0.513568 0.334800 0.151632 255.526932 324.927543
49 50 58 0.513124 0.159219 0.327657 252.169794 324.596275
49 50 58 0.476379 0.375671 0.147950 257.976836 320.964702
49 50 58 0.982305 0.010133 0.007562 241.074792 317.797760
49 50 58 0.653283 0.154908 0.191808 249.815865 323.136912
49 50 58 0.758983 0.013329 0.227687 245.517012 327.489013
49 50 58 0.210857 0.686781 0.102362 267.410322 321.218610
49 50 58 0.169845 0.028928 0.801227 251.713122 333.102120
50 59 58 0.122795 0.787533 0.089672 279.586069 340.839187
50 59 58 0.335726 0.501141 0.163132 275.476892 336.042789
50 59 58 0.404723 0.444351 0.150926 279.935267 332.473873
50 59 58 0.182225 0.750872 0.066903 280.049167 339.179148
50 59 58 0.808206 0.152044 0.039751 283.926297 323.619719
50 59 58 0.483660 0.033528 0.482812 269.432270 332.350999
50 59 58 0.371504 0.084539 0.543957 262.071524 333.524895
50 59 58 0.097148 0.105626 0.797226 255.171374 336.727764
50 59 58 0.629296 0.369106 0.001597 282.252464 329.025255
50 59 58 0.325180 0.389796 0.285023 272.082253 338.332003
50 51 59 0.498908 0.446109 0.054983 303.417019 326.759753
50 51 59 0.401471 0.484677 0.113852 302.379851 325.546741
50 51 59 0.904533 0.003554 0.091913 288.329738 322.603798
50 51 59 0.037550 0.896345 0.066105 320.299546 322.766609
50 51 59 0.878820 0.046801 0.074379 283.994120 322.415274
50 51 59 0.887058 0.110297 0.002645 289.334125 316.721265
50 51 59 0.990417 0.006932 0.002651 284.353270 322.924311
50 51 59 0.574850 0.171442 0.253708 291.239496 326.846321
50 51 59 0.113505 0.788250 0.098245 316.982977 325.911752
50 51 59 0.912998 0.059736 0.027266 287.028703 323.823728
51 60 59 0.951605 0.011504 0.036891 327.760022 322.520205
51 60 59 0.851574 0.140366 0.008059 326.647030 330.437463
51 60 59 0.027959 0.350781 0.621261 299.452556 345.454477
51 60 59 0.712464 0.155285 0.132251 317.340341 329.028281
51 60 59 0.203615 0.382786 0.413599 301.184404 339.496725
51 60 59 0.008109 0.534319 0.457573 308.460817 347.836526
51 60 59 0.527381 0.089094 0.383525 311.115798 334.655232
51 60 59 0.541932 0.442844 0.015224 321.050297 335.984742
51 60 59 0.924321 0.024428 0.051251 322.567819 326.985874
51 60 59 0.232682 0.082004 0.685315 296.075709 339.722759
51 52 60 0.336540 0.434290 0.229169 343.202124 331.659465
51 52 60 0.664352 0.213037 0.122610 331.791585 328.023435
51 52 60 0.050004 0.178608 0.771389 326.537372 344.770662
51 52 60 0.282784 0.496302 0.220915 340.142543 331.783714
51 52 60 0.729235 0.164203 0.106562 328.914386 330.153340
51 52 60 0.443066 0.020548 0.536386 323.746619 335.938469
51 52 60 0.196942 0.566208 0.236849 342.242228 331.740010
51 52 60 0.611346 0.341357 0.047296 338.259339 327.384546
51 52 60 0.867190 0.020275 0.112535 327.888219 326.086212
51 52 60 0.440489 0.258481 0.301031 331.054455 335.423375
52 61 60 0.476657 0.383031 0.140312 359.751674 339.961172
52 61 60 0.658925 0.154162 0.186913 356.822145 335.573754
52 61 60 0.695990 0.203567 0.100443 358.689371 332.535361
52 61 60 0.900726 0.006541 0.092733 358.548415 333.977665
52 61 60 0.016151 0.316217 0.667633 332.688455 352.346778
52 61 60 0.643321 0.059279 0.297400 348.728604 336.274554
52 61 60 0.106772 0.254069 0.639159 334.689124 348.621157
52 61 60 0.872574 0.105682 0.021744 362.825264 331.091195
52 61 60 0.383016 0.299309 0.317675 348.744892 342.659718
52 61 60 0.966091 0.019695 0.014214 363.302472 327.557084
52 53 61 0.055454 0.562857 0.381689 387.946523 340.192147
52 53 61 0.146756 0.369614 0.483631 378.783251 342.830649
52 53 61 0.731326 0.183825 0.084849 374.307819 330.893565
52 53 61 0.373217 0.422814 0.203969 383.631452 335.671956
52 53 61 0.977479 0.019140 0.003381 366.321036 326.798858
52 53 61 0.449027 0.410862 0.140111 381.242038 327.156583
52 53 61 0.389721 0.599954 0.010324 392.974134 329.328726
52 53 61 0.115522 0.358432 0.526046 380.764364 340.787507
52 53 61 0.376495 0.214642 0.408863 370.205934 338.664224
52 53 61 0.226270 0.294272 0.479458 378.268834 341.239675
53 62 61 0.235885 0.692953 0.071162 401.547285 348.840206
53 62 61 0.928489 0.056086 0.015424 405.364075 331.186286
53 62 61 0.565857 0.035639 0.398504 390.454053 340.688043
53 62 61 0.141318 0.329423 0.529259 380.528443 347.356687
53 62 61 0.893585 0.009947 0.096468 407.648875 332.630826
53 62 61 0.754967 0.099154 0.145879 402.441231 338.261172
53 62 61 0.312310 0.201317 0.486373 384.245712 347.592503
53 62 61 0.039453 0.002627 0.957920 360.670194 352.166569
53 62 61 0.251972 0.701696 0.046333 404.184229 350.607982
53 62 61 0.499381 0.102120 0.398499 389.500480 343.042626
54 55 63 0.090331 0.021527 0.888142 129.990228 338.286651
54 55 63 0.407170 0.015054 0.577776 125.758620 333.590974
54 55 63 0.703466 0.145335 0.151199 121.738879 325.342732
54 55 63 0.922774 0.051655 0.025570 116.433564 327.199388
54 55 63 0.278842 0.149890 0.571269 125.248145 333.387215
54 55 63 0.527956 0.106918 0.365127 125.056986 332.051210
54 55 63 0.972161 0.016204 0.011634 118.659750 325.480170
54 55 63 0.952529 0.008242 0.039229 118.517167 326.191456
54 55 63 0.993873 0.004815 0.001312 118.725395 322.179317
54 55 63 0.167672 0.727266 0.105062 141.022112 328.235509
55 64 63 0.527285 0.057887 0.414828 136.846433 334.784067
55 64 63 0.754160 0.136445 0.109395 148.120531 330.817910
55 64 63 0.494080 0.328003 0.177918 149.370818 335.637739
55 64 63 0.868820 0.008845 0.122336 143.330150 329.923691
55 64 63 0.895460 0.019157 0.085383 145.363256 330.234297
55 64 63 0.164671 0.775259 0.060070 152.620292 341.377026
55 64 63 0.834646 0.065419 0.099935 147.785088 330.950388
55 64 63 0.730023 0.103000 0.166976 144.792392 328.006843
55 64 63 0.150108 0.512066 0.337826 149.545715 336.676781
55 64 63 0.274671 0.065039 0.660290 136.499628 337.490122
55 56 64 0.060783 0.376438 0.562779 164.848001 336.806624
55 56 64 0.758629 0.151946 0.089425 153.338125 329.080459
55 56 64 0.152372 0.274177 0.573451 162.466706 334.720739
55 56 64 0.342864 0.338946 0.318190 163.041716 332.226033
55 56 64 0.008455 0.270271 0.721274 163.204603 338.429426
55 56 64 0.753832 0.125492 0.120677 155.264903 332.076784
55 56 64 0.679177 0.307853 0.012970 153.499739 327.503234
55 56 64 0.588712 0.338771 0.072517 162.333866 327.801100
55 56 64 0.982419 0.003494 0.014087 148.082045 327.269734
55 56 64 0.581061 0.258814 0.160125 158.734307 330.237183
56 65 64 0.563096 0.115637 0.321266 175.224646 339.444752
56 65 64 0.190553 0.557182 0.252266 181.422390 340.467555
56 65 64 0.727274 0.052308 0.220418 174.758328 331.564568
56 65 64 0.960854 0.036592 0.002554 181.389731 334.369092
56 65 64 0.815789 0.027917 0.156294 179.107429 333.281318
56 65 64 0.211895 0.782749 0.005356 188.793643 342.666629
56 65 64 0.183104 0.112049 0.704847 164.753947 345.280383
56 65 64 0.794171 0.107065 0.098765 178.451708 336.361645
56 65 64 0.407685 0.459590 0.132725 185.993974 336.855927
56 65 64 0.992659 0.003600 0.003741 183.361508 331.302108
56 57 65 0.844259 0.055573 0.100168 185.099106 331.316027
56 57 65 0.257008 0.433751 0.309241 197.313233 335.057339
56 57 65 0.056506 0.425511 0.517983 201.086323 336.761580
56 57 65 0.881777 0.015572 0.102651 180.967214 335.975436
56 57 65 0.820299 0.055911 0.123790 186.944537 331.445970
56 57 65 0.471446 0.445694 0.082860 194.205302 333.722979
56 57 65 0.644913 0.198318 0.156769 187.624135 332.870577
56 57 65 0.519127 0.200170 0.280703 190.490016 338.089539
56 57 65 0.590010 0.069982 0.340009 185.879701 337.295301
56 57 65 0.600462 0.340624 0.058913 192.533519 335.489950
57 66 65 0.895977 0.088730 0.015293 216.309786 336.151499
57 66 65 0.685039 0.121357 0.193604 207.454700 339.849266
57 66 65 0.220315 0.723019 0.056666 214.508927 343.809655
57 66 65 0.396106 0.157442 0.446452 202.427407 340.925414
57 66 65 0.836009 0.145029 0.018962 214.885759 334.000201
57 66 65 0.104313 0.768488 0.127199 216.531866 348.437252
57 66 65 0.317320 0.060162 0.622517 202.276821 343.504835
57 66 65 0.402509 0.428318 0.169173 212.875787 340.763396
57 66 65 0.651686 0.104049 0.244265 207.379163 339.879050
57 66 65 0.886905 0.071533 0.041561 213.554132 336.399312
57 58 66 0.654880 0.121367 0.223752 221.468277 336.611949
57 58 66 0.511157 0.028633 0.460210 216.246844 343.562066
57 58 66 0.106506 0.161108 0.732386 223.117353 345.466843
57 58 66 0.312085 0.014679 0.673235 214.813043 342.606478
57 58 66 0.524594 0.432509 0.042896 231.088514 334.598505
57 58 66 0.204289 0.547813 0.247899 235.619238 341.236386
57 58 66 0.397550 0.495324 0.107126 231.747192 337.709551
57 58 66 0.407609 0.446748 0.145643 225.831580 338.434112
57 58 66 0.158945 0.060436 0.780619 218.737462 343.778803
57 58 66 0.538550 0.347169 0.114281 227.247884 335.490799
58 67 66 0.952549 0.015844 0.031607 241.898093 339.466773
58 67 66 0.930368 0.050846 0.018786 246.501553 337.048623
58 67 66 0.055801 0.374514 0.569684 235.959618 349.813727
58 67 66 0.764854 0.139878 0.095269 246.680632 344.508549
58 67 66 0.536374 0.192614 0.271013 241.087900 345.843881
58 67 66 0.834251 0.151614 0.014135 249.629585 341.700134
58 67 66 0.547944 0.392630 0.059426 252.301573 346.237906
58 67 66 0.997480 0.002284 0.000236 245.378179 336.141908
58 67 66 0.479768 0.053386 0.466846 237.031168 341.080508
58 67 66 0.073908 0.201143 0.724950 228.851722 349.565492
58 59 67 0.975358 0.015920 0.008722 250.720337 339.734283
58 59 67 0.047029 0.363236 0.589736 260.842202 349.476429
58 59 67 0.594189 0.198700 0.207111 259.389530 343.271225
58 59 67 0.931893 0.064662 0.003445 250.954815 341.498736
58 59 67 0.599910 0.367248 0.032842 260.803719 341.566802
58 59 67 0.415317 0.144001 0.440682 254.744395 348.032927
58 59 67 0.899712 0.041440 0.058848 247.906028 339.043310
58 59 67 0.344994 0.412535 0.242471 262.992149 344.275562
58 59 67 0.302593 0.466396 0.231011 268.675983 342.262130
58 59 67 0.084393 0.351837 0.563770 265.665192 344.458805
59 68 67 0.042139 0.947499 0.010362 288.074789 356.095690
59 68 67 0.451763 0.385637 0.162600 279.158674 351.177559
59 68 67 0.470518 0.131744 0.397738 271.866726 347.260810
59 68 67 0.398324 0.397009 0.204668 276.990234 349.937521
59 68 67 0.438697 0.408679 0.152624 276.105808 347.671645
59 68 67 0.547443 0.354635 0.097922 276.965280 352.570279
59 68 67 0.992356 0.000981 0.006664 281.982363 340.406835
59 68 67 0.927194 0.066843 0.005963 280.324071 347.644206
59 68 67 0.517217 0.424840 0.057943 283.576405 350.147726
59 68 67 0.158966 0.089006 0.752028 258.713179 351.392112
59 60 68 0.018214 0.185503 0.796283 293.267908 356.363140
59 60 68 0.075376 0.246240 0.678384 293.258501 359.728716
59 60 68 0.071263 0.041591 0.887146 284.941221 354.625414
59 60 68 0.145284 0.781155 0.073561 314.732984 348.685519
59 60 68 0.508421 0.210480 0.281099 294.049215 344.374801
59 60 68 0.259859 0.703845 0.036295 308.451471 349.077467
59 60 68 0.771193 0.129839 0.098968 289.229395 343.388642
59 60 68 0.398554 0.016216 0.585230 285.864580 351.866885
59 60 68 0.451391 0.248543 0.300065 291.913855 351.657482
59 60 68 0.911702 0.007146 0.081152 284.735107 344.101888
60 69 68 0.524086 0.336096 0.139819 316.518538 354.200747
60 69 68 0.320849 0.366421 0.312729 306.831202 358.628710
60 69 68 0.528447 0.301098 0.170455 317.977330 358.535879
60 69 68 0.399471 0.562585 0.037944 314.842238 357.668574
60 69 68 0.231412 0.306207 0.462381 304.915044 357.492177
60 69 68 0.208669 0.026095 0.765236 295.808695 355.507304
60 69 68 0.576650 0.231340 0.192010 314.428814 353.461357
60 69 68 0.664690 0.195214 0.140097 315.503431 350.556116
60 69 68 0.417914 0.283478 0.298608 306.596518 353.899319
60 69 68 0.850325 0.022970 0.126705 318.172611 348.521461
60 61 69 0.285351 0.703876 0.010773 352.298922 353.593543
60 61 69 0.166508 0.660466 0.173026 346.117419 356.900448
60 61 69 0.387441 0.106873 0.505686 321.729071 358.825901
60 61 69 0.377775 0.007769 0.614456 318.942303 354.774703
60 61 69 0.391935 0.399525 0.208540 336.231354 355.664712
60 61 69 0.990276 0.002894 0.006830 318.178768 347.142176
60 61 69 0.857096 0.073066 0.069839 323.869731 348.328309
60 61 69 0.231834 0.258735 0.509431 330.939574 354.545019
60 61 69 0.500445 0.396051 0.103504 339.552601 353.551259
60 61 69 0.351002 0.285720 0.363278 330.622390 356.583708
61 70 69 0.917775 0.038394 0.043831 360.608863 355.215831
61 70 69 0.248532 0.749591 0.001877 353.749759 363.961286
61 70 69 0.414292 0.327639 0.258069 348.456187 362.111077
61 70 69 0.690042 0.022138 0.287821 345.613775 354.594065
61 70 69 0.018573 0.848696 0.132731 351.534502 363.822604
61 70 69 0.522362 0.329902 0.147736 353.936996 358.843231
61 70 69 0.826897 0.005865 0.167238 353.399092 355.912769
61 70 69 0.181264 0.423414 0.395323 341.994317 360.400740
61 70 69 0.495953 0.254122 0.249925 344.301842 359.477732
61 70 69 0.775130 0.083822 0.141048 352.759845 358.163559
61 62 70 0.392854 0.433325 0.173821 374.438728 357.351027
61 62 70 0.141493 0.712051 0.146456 390.313490 360.325420
61 62 70 0.622958 0.302418 0.074624 371.144959 355.935436
61 62 70 0.773449 0.156896 0.069656 365.623853 357.614421
61 62 70 0.691582 0.238236 0.070182 367.499983 353.302038
61 62 70 0.730509 0.035274 0.234217 357.044201 356.688707
61 62 70 0.364949 0.476964 0.158087 376.847662 356.505646
61 62 70 0.200998 0.643594 0.155408 384.926000 355.888172
61 62 70 0.780692 0.003718 0.215590 362.141484 359.611919
61 62 70 0.998267 0.000684 0.001050 360.680289 355.626613
62 71 70 0.909150 0.072458 0.018392 402.695055 355.541260
62 71 70 0.140654 0.481217 0.378128 379.262279 372.222796
62 71 70 0.263237 0.656285 0.080478 389.859759 370.743972
62 71 70 0.528086 0.404564 0.067350 395.131163 364.914248
62 71 70 0.285993 0.547761 0.166246 391.876402 372.010675
62 71 70 0.963706 0.029024 0.007270 402.651484 355.662846
62 71 70 0.151323 0.680700 0.167976 388.817024 372.603420
62 71 70 0.330326 0.551912 0.117762 390.758790 368.225825
62 71 70 0.596243 0.089259 0.314498 381.894263 360.170544
62 71 70 0.905059 0.008529 0.086411 396.911468 357.054203
63 64 72 0.608299 0.368067 0.023634 138.648583 340.066457
63 64 72 0.908771 0.071717 0.019512 131.814869 342.750046
63 64 72 0.160472 0.654479 0.185050 150.719504 345.053124
63 64 72 0.152696 0.446025 0.401279 145.684812 343.854458
63 64 72 0.540897 0.278851 0.180252 139.432455 345.196751
63 64 72 0.651298 0.303551 0.045151 135.023530 339.535872
63 64 72 0.618531 0.363677 0.017792 138.210363 341.708967
63 64 72 0.352455 0.575171 0.072374 141.939069 342.207883
63 64 72 0.459175 0.048855 0.491970 135.918553 349.075174
63 64 72 0.676906 0.302540 0.020554 137.167751 337.514967
64 73 72 0.036098 0.871353 0.092549 165.339330 354.249694
64 73 72 0.740177 0.258296 0.001526 160.778256 348.107819
64 73 72 0.835192 0.043446 0.121362 156.266150 342.071507
64 73 72 0.458998 0.278085 0.262918 157.937500 349.067602
64 73 72 0.959676 0.003371 0.036953 158.758750 339.854349
64 73 72 0.809783 0.168896 0.021321 162.724556 341.222123
64 73 72 0.079469 0.231588 0.688943 145.330835 355.040285
64 73 72 0.598584 0.014790 0.386626 150.461620 345.662462
64 73 72 0.533095 0.450762 0.016143 164.080395 344.694449
64 73 72 0.536521 0.038580 0.424899 150.872820 346.126889
64 65 73 0.557923 0.294986 0.147092 168.103983 342.708087
64 65 73 0.169785 0.310380 0.519835 171.585510 347.147216
64 65 73 0.011882 0.587347 0.400771 182.100429 349.672606
64 65 73 0.247112 0.011758 0.741129 168.761401 352.835349
64 65 73 0.060554 0.922188 0.017258 185.967723 342.201446
64 65 73 0.634715 0.132613 0.232672 163.297907 344.665677
64 65 73 0.487023 0.169109 0.343868 166.471887 346.254106
64 65 73 0.456592 0.410757 0.132651 174.786215 345.168078
64 65 73 0.787665 0.044207 0.168127 159.495223 345.514024
64 65 73 0.336304 0.631432 0.032264 173.400949 342.900237
65 74 73 0.714479 0.276924 0.008597 189.321058 346.587269
65 74 73 0.895379 0.080350 0.024271 185.127544 347.468229
65 74 73 0.561981 0.341972 0.096047 190.872906 349.870699
65 74 73 0.492884 0.493644 0.013471 189.915681 349.660265
65 74 73 0.219922 0.519467 0.260611 185.096763 352.200271
65 74 73 0.109103 0.666830 0.224067 190.190864 354.875810
65 74 73 0.809247 0.070784 0.119969 183.908904 344.445771
65 74 73 0.522306 0.429482 0.048212 190.536375 350.732722
65 74 73 0.366380 0.410672 0.222948 187.446019 350.298376
65 74 73 0.974657 0.011391 0.013952 192.074390 340.455539
65 66 74 0.612197 0.290886 0.096917 201.938348 348.083467
65 66 74 0.449414 0.016377 0.534210 192.675020 348.914807
65 66 74 0.705914 0.163288 0.130799 194.749798 345.574958
65 66 74 0.548434 0.080448 0.371119 195.791222 346.062332
65 66 74 0.837318 0.039448 0.123234 191.334890 344.562870
65 66 74 0.783559 0.094733 0.121708 198.270977 349.906818
65 66 74 0.146977 0.334589 0.518434 202.143397 351.539579
65 66 74 0.791882 0.133231 0.074887 194.886612 347.441168
65 66 74 0.556516 0.244961 0.198522 197.728205 347.939290
65 66 74 0.922691 0.023821 0.053488 189.063668 345.531373
66 75 74 0.383587 0.285829 0.330584 217.425809 353.034375
66 75 74 0.032174 0.526065 0.441761 215.674368 356.384517
66 75 74 0.391628 0.520199 0.088173 222.613418 357.163536
66 75 74 0.446991 0.032807 0.520202 207.541285 351.496514
66 75 74 0.579068 0.204072 0.216860 217.237310 356.719477
66 75 74 0.814378 0.156720 0.028902 220.808877 349.942330
66 75 74 0.755649 0.124187 0.120163 217.639535 351.458499
66 75 74 0.599780 0.025994 0.374226 212.399847 351.597597
66 75 74 0.121960 0.726465 0.151575 220.658169 355.854009
66 75 74 0.552559 0.333436 0.114005 221.580409 355.026500
66 67 75 0.851571 0.104354 0.044075 220.927342 347.870086
66 67 75 0.916870 0.017297 0.065833 226.492301 350.147693
66 67 75 0.889840 0.067878 0.042282 225.148979 348.665210
66 67 75 0.482540 0.513710 0.003750 233.136180 351.011566
66 67 75 0.642643 0.337183 0.020174 235.489709 349.860991
66 67 75 0.037209 0.662802 0.299989 246.217963 355.671543
66 67 75 0.117976 0.312419 0.569605 232.822099 355.897349
66 67 75 0.876194 0.029695 0.094111 223.315559 351.104266
66 67 75 0.911743 0.003851 0.084406 221.981758 349.322247
66 67 75 0.586969 0.295308 0.117723 231.539700 348.184242
67 76 75 0.540604 0.420755 0.038640 256.514479 357.998177
67 76 75 0.884420 0.091163 0.024418 251.548348 356.047195
67 76 75 0.283317 0.313053 0.403630 240.195667 358.792560
67 76 75 0.034406 0.670135 0.295459 246.295025 361.686519
67 76 75 0.694267 0.009669 0.296064 245.209431 357.295104
67 76 75 0.382214 0.106675 0.511111 241.009817 355.578941
67 76 75 0.071236 0.334617 0.594147 239.153077 355.996183
67 76 75 0.293786 0.501428 0.204786 250.517960 360.247125
67 76 75 0.737394 0.094430 0.168176 248.875274 355.388780
67 76 75 0.364831 0.249169 0.386000 242.455455 357.773328
67 68 76 0.553796 0.042481 0.403723 253.577592 358.144166
67 68 76 0.441645 0.468977 0.089378 269.473870 357.325700
67 68 76 0.053752 0.590942 0.355306 273.133591 357.594073
67 68 76 0.313960 0.361381 0.324658 266.301487 357.217611
67 68 76 0.087375 0.278388 0.634237 264.829003 362.396398
67 68 76 0.844810 0.006166 0.149024 253.503993 356.369556
67 68 76 0.462770 0.056988 0.480243 256.562457 355.745951
67 68 76 0.646146 0.242404 0.111451 263.087027 353.039312
67 68 76 0.002829 0.105975 0.891196 258.455084 366.419185
67 68 76 0.226144 0.598487 0.175369 269.053871 359.509957
68 77 76 0.996492 0.003341 0.000166 284.316404 359.221167
68 77 76 0.090252 0.156736 0.753012 262.956479 362.442090
68 77 76 0.111272 0.855700 0.033028 285.229073 369.451971
68 77 76 0.303652 0.164349 0.531999 267.832674 359.965944
68 77 76 0.624425 0.278850 0.096725 284.760106 360.739889
68 77 76 0.775944 0.176215 0.047841 282.895044 360.412167
68 77 76 0.152377 0.484752 0.362871 276.943299 362.527652
68 77 76 0.182703 0.133628 0.683669 266.478357 362.533285
68 77 76 0.835602 0.113829 0.050569 284.990512 359.653615
68 77 76 0.481088 0.409827 0.109085 282.663430 362.716653
68 69 77 0.957105 0.000624 0.042271 287.529155 355.828522
68 69 77 0.985443 0.007791 0.006765 288.867168 356.590080
68 69 77 0.070597 0.409066 0.520337 297.979053 366.801668
68 69 77 0.478903 0.244530 0.276567 295.050605 362.930246
68 69 77 0.937414 0.055816 0.006770 287.515012 357.029578
68 69 77 0.031643 0.728966 0.239391 309.366114 362.210512
68 69 77 0.196043 0.591623 0.212334 307.017925 364.923248
68 69 77 0.757765 0.156257 0.085979 291.653311 361.986868
68 69 77 0.490181 0.344179 0.165640 298.207609 358.564895
68 69 77 0.976096 0.003651 0.020254 289.398322 359.488701
69 78 77 0.473620 0.162016 0.364364 304.197494 368.739532
69 78 77 0.970939 0.014611 0.014451 318.401212 363.756914
69 78 77 0.473654 0.210696 0.315650 305.914095 367.733437
69 78 77 0.911965 0.003379 0.084656 316.866675 369.076668
69 78 77 0.308134 0.018021 0.673846 295.186213 368.492272
69 78 77 0.835429 0.016885 0.147686 312.190968 363.093131
69 78 77 0.103388 0.164303 0.732309 294.041853 369.979860
69 78 77 0.895216 0.000828 0.103957 319.693481 364.167181
69 78 77 0.764834 0.061488 0.173679 309.989698 367.625163
69 78 77 0.116694 0.745991 0.137315 312.445028 374.323527
69 70 78 0.860644 0.067562 0.071794 319.572678 361.289006
69 70 78 0.797102 0.144953 0.057945 324.463179 366.461499
69 70 78 0.491846 0.351053 0.157100 329.419840 368.299347
69 70 78 0.473708 0.299403 0.226889 326.601818 369.158481
69 70 78 0.334997 0.302710 0.362293 327.626582 369.718959
69 70 78 0.197561 0.388021 0.414418 333.102846 373.979575
69 70 78 0.189977 0.407457 0.402566 331.478538 372.513385
69 70 78 0.518429 0.192048 0.289524 326.310229 367.471929
69 70 78 0.337643 0.561796 0.100561 339.350721 368.000828
69 70 78 0.343515 0.586068 0.070417 341.667288 371.050271
70 79 78 0.237668 0.465962 0.296370 341.025703 375.614295
70 79 78 0.173415 0.703317 0.123267 351.201641 380.033656
70 79 78 0.875435 0.033006 0.091560 350.342762 372.438799
70 79 78 0.887456 0.073261 0.039283 354.851813 368.427625
70 79 78 0.738395 0.157495 0.104109 348.498212 375.541951
70 79 78 0.536858 0.221383 0.241758 343.833892 373.147734
70 79 78 0.605693 0.291000 0.103307 350.358355 371.791448
70 79 78 0.878536 0.052771 0.068693 353.425143 368.807329
70 79 78 0.360307 0.120732 0.518961 335.369126 373.119199
70 79 78 0.567031 0.404353 0.028617 353.755616 377.737267
70 71 79 0.470127 0.514507 0.015366 376.359508 374.663518
70 71 79 0.093055 0.602078 0.304867 377.638829 376.265279
70 71 79 0.872271 0.045054 0.082675 356.277946 369.319048
70 71 79 0.004936 0.143793 0.851272 357.917143 383.934164
70 71 79 0.467997 0.021908 0.510095 354.548169 380.122111
70 71 79 0.662986 0.255701 0.081313 364.127458 376.021859
70 71 79 0.947000 0.037847 0.015153 357.324512 372.800288
70 71 79 0.246587 0.083605 0.669807 357.422227 378.841158
70 71 79 0.012646 0.975213 0.012141 393.026863 373.876061
70 71 79 0.837513 0.094096 0.068391 364.082482 371.584400
71 80 79 0.641759 0.134100 0.224141 385.681527 378.068032
71 80 79 0.759165 0.116270 0.124565 387.966002 379.512089
71 80 79 0.688499 0.120679 0.190823 387.110400 378.443276
71 80 79 0.938746 0.038653 0.022601 394.750691 379.183348
71 80 79 0.051531 0.613852 0.334617 375.632814 387.424014
71 80 79 0.980334 0.014153 0.005513 393.611319 375.668056
71 80 79 0.334188 0.284507 0.381306 378.876647 383.318256
71 80 79 0.327185 0.047335 0.625481 367.939502 380.842087
71 80 79 0.786244 0.125878 0.087878 385.191825 378.729925
71 80 79 0.596434 0.241443 0.162123 385.340088 381.128103
