0 1 9 0.078036 0.522716 0.399248 105.104806 134.752577
0 1 9 0.408025 0.103791 0.488184 87.037735 139.515166
0 1 9 0.121868 0.494593 0.383539 101.974370 135.465879
0 1 9 0.671152 0.211128 0.117720 91.670120 120.034821
0 1 9 0.786059 0.190652 0.023289 88.991310 119.101258
0 1 9 0.839077 0.083805 0.077118 87.702061 121.917953
0 1 9 0.893362 0.025151 0.081487 83.314636 121.992952
0 1 9 0.847440 0.096179 0.056382 86.169860 122.017440
0 1 9 0.425642 0.487767 0.086590 102.523052 120.322311
0 1 9 0.276429 0.133019 0.590552 84.983199 145.309304
1 10 9 0.178132 0.816139 0.005728 121.198212 152.010538
1 10 9 0.804205 0.145635 0.050160 121.901134 127.295674
1 10 9 0.552007 0.029653 0.418340 106.091880 139.806732
1 10 9 0.692616 0.254312 0.053071 118.631138 131.877854
1 10 9 0.953477 0.013366 0.033157 121.421028 124.509673
1 10 9 0.153333 0.114522 0.732145 96.164174 153.268497
1 10 9 0.373156 0.100710 0.526134 101.399320 139.877495
1 10 9 0.820848 0.092986 0.086166 119.139426 130.074371
1 10 9 0.746222 0.033702 0.220075 116.825667 127.808483
1 10 9 0.197126 0.762698 0.040176 125.381332 144.790825
1 2 10 0.360219 0.490559 0.149222 144.339128 124.216031
1 2 10 0.341531 0.546964 0.111505 145.521305 122.369235
1 2 10 0.753429 0.182049 0.064523 128.631446 124.332525
1 2 10 0.590225 0.187031 0.222745 132.098577 131.135559
1 2 10 0.840321 0.047591 0.112088 125.760473 124.358035
1 2 10 0.665420 0.082275 0.252306 129.115175 130.328164
1 2 10 0.388437 0.397261 0.214302 138.398200 127.860012
1 2 10 0.888618 0.033408 0.077974 126.096946 121.029176
1 2 10 0.281955 0.417012 0.301033 138.686801 132.126656
1 2 10 0.357585 0.614910 0.027505 145.673975 121.205327
2 11 10 0.601607 0.387134 0.011259 160.741331 135.882968
2 11 10 0.988766 0.005422 0.005812 162.419674 118.584769
2 11 10 0.054427 0.519657 0.425916 151.411788 156.072935
2 11 10 0.095429 0.785205 0.119366 156.950196 155.232195
2 11 10 0.529079 0.202249 0.268672 152.464765 135.682358
2 11 10 0.982017 0.007975 0.010008 165.587217 121.138875
2 11 10 0.654257 0.008011 0.337731 147.757259 132.392977
2 11 10 0.738053 0.097439 0.164508 156.638159 129.821998
2 11 10 0.538901 0.273772 0.187327 155.233364 134.977790
2 11 10 0.550110 0.421221 0.028669 161.894284 135.660006
2 3 11 0.229213 0.621204 0.149583 188.331203 125.048024
2 3 11 0.401232 0.409573 0.189196 177.013490 125.269302
2 3 11 0.083220 0.647428 0.269352 189.288426 125.550630
2 3 11 0.937368 0.053016 0.009615 162.883538 118.361151
2 3 11 0.011900 0.982564 0.005536 201.003824 118.424827
2 3 11 0.694059 0.247547 0.058393 173.793418 124.976138
2 3 11 0.795428 0.155228 0.049344 168.394671 121.761628
2 3 11 0.338920 0.097889 0.563192 164.989503 137.746064
2 3 11 0.955797 0.028458 0.015745 164.914065 117.336679
2 3 11 0.345707 0.475146 0.179147 183.638647 127.228327
3 12 11 0.532250 0.183333 0.284416 191.599358 134.329449
3 12 11 0.183711 0.763312 0.052977 202.576110 150.425374
3 12 11 0.639984 0.195856 0.164160 195.097269 133.653505
3 12 11 0.854572 0.122501 0.022927 199.314438 122.890562
3 12 11 0.199312 0.438658 0.362031 188.174593 152.374008
3 12 11 0.434145 0.521357 0.044498 204.271813 136.369878
3 12 11 0.435495 0.352377 0.212128 195.446751 139.797079
3 12 11 0.272340 0.726279 0.001381 206.793975 150.329842
3 12 11 0.771962 0.005564 0.222474 194.635656 126.214726
3 12 11 0.385221 0.201249 0.413530 186.440764 144.226434
3 4 12 0.961074 0.001716 0.037210 204.132017 124.116923
3 4 12 0.173373 0.765144 0.061482 231.784180 118.715383
3 4 12 0.552511 0.397707 0.049782 219.929911 120.548179
3 4 12 0.745431 0.163640 0.090929 207.067735 121.907363
3 4 12 0.345412 0.504997 0.149591 223.689010 130.135241
3 4 12 0.353599 0.474412 0.171989 224.683446 121.756733
3 4 12 0.072789 0.167537 0.759674 212.732532 148.412373
3 4 12 0.342680 0.467604 0.189716 221.225743 129.451168
3 4 12 0.685636 0.076006 0.238358 208.554648 128.908293
3 4 12 0.637260 0.308630 0.054110 211.019825 120.521445
4 13 12 0.506698 0.165502 0.327800 230.862674 137.065732
4 13 12 0.268300 0.421634 0.310066 226.823757 143.780736
4 13 12 0.038473 0.763201 0.198326 235.454575 157.906108
4 13 12 0.976739 0.003323 0.019938 238.082999 118.110676
4 13 12 0.675836 0.287828 0.036337 238.058959 132.726388
4 13 12 0.741871 0.007207 0.250922 231.112189 128.755481
4 13 12 0.095723 0.539825 0.364452 231.138799 150.189681
4 13 12 0.399864 0.261980 0.338156 229.374578 140.666097
4 13 12 0.246632 0.377853 0.375515 227.975915 148.479572
4 13 12 0.499046 0.052981 0.447973 226.867769 138.901325
4 5 13 0.660869 0.252486 0.086645 254.802659 122.715054
4 5 13 0.178397 0.049086 0.772516 245.791013 149.942319
4 5 13 0.521515 0.343927 0.134558 255.477369 121.852152
4 5 13 0.873346 0.117064 0.009590 246.054213 121.876705
4 5 13 0.711146 0.137380 0.151474 246.487057 126.067156
4 5 13 0.890956 0.009238 0.099806 239.449385 122.292468
4 5 13 0.920011 0.076818 0.003171 246.722499 118.969886
4 5 13 0.010260 0.117358 0.872382 249.507122 153.859212
4 5 13 0.063831 0.747932 0.188237 275.618551 125.714181
4 5 13 0.848912 0.103580 0.047508 244.620063 120.274991
5 14 13 0.558951 0.386609 0.054440 282.573918 135.721418
5 14 13 0.389889 0.543064 0.067047 283.146471 142.376126
5 14 13 0.201146 0.330355 0.468498 264.859050 153.430242
5 14 13 0.663174 0.084552 0.252274 273.252891 136.356928
5 14 13 0.309846 0.469576 0.220578 277.254951 146.192844
5 14 13 0.946954 0.051208 0.001838 284.946526 118.638983
5 14 13 0.190018 0.479654 0.330328 273.731245 150.334621
5 14 13 0.693736 0.074706 0.231558 276.658551 131.904522
5 14 13 0.624104 0.341551 0.034345 287.538796 130.932205
5 14 13 0.779200 0.092613 0.128187 275.963081 127.740199
5 6 14 0.782953 0.140639 0.076408 289.941863 121.713764
5 6 14 0.536958 0.356824 0.106218 300.605755 125.672487
5 6 14 0.340668 0.132549 0.526783 291.529926 139.775422
5 6 14 0.088053 0.122673 0.789274 293.964002 145.354904
5 6 14 0.154859 0.226836 0.618305 296.851026 139.361925
5 6 14 0.711293 0.039479 0.249228 286.771946 128.632158
5 6 14 0.791760 0.167903 0.040338 290.670788 120.909798
5 6 14 0.399834 0.056370 0.543796 287.282883 140.895498
5 6 14 0.802938 0.095966 0.101096 289.551589 120.815021
5 6 14 0.363121 0.009202 0.627677 286.693313 142.211330
6 15 14 0.225113 0.525106 0.249781 315.216890 145.417436
6 15 14 0.656323 0.083930 0.259747 312.124090 130.841825
6 15 14 0.665004 0.329187 0.005809 328.850525 127.704357
6 15 14 0.559877 0.213364 0.226759 314.604906 131.540482
6 15 14 0.494975 0.406308 0.098718 324.133690 139.244437
6 15 14 0.949148 0.036116 0.014736 326.310371 118.689934
6 15 14 0.670211 0.228351 0.101438 321.800024 133.028010
6 15 14 0.434321 0.043046 0.522633 303.545899 138.645911
6 15 14 0.627544 0.347234 0.025222 321.749699 134.597034
6 15 14 0.796373 0.160987 0.042640 321.551650 126.004066
6 7 15 0.901911 0.013802 0.084287 320.266141 121.325157
6 7 15 0.960874 0.030349 0.008776 327.505764 116.797925
6 7 15 0.709915 0.035438 0.254647 326.268502 129.367681
6 7 15 0.462853 0.463521 0.073627 344.480768 123.705717
6 7 15 0.841189 0.023874 0.134938 322.977800 124.884387
6 7 15 0.719003 0.210151 0.070847 334.855720 121.794356
6 7 15 0.876227 0.016606 0.107166 325.426805 125.809002
6 7 15 0.627530 0.107071 0.265399 324.277793 128.151522
6 7 15 0.034401 0.069032 0.896567 327.745290 153.340485
6 7 15 0.996351 0.002173 0.001476 323.559913 122.275822
7 16 15 0.413832 0.450257 0.135910 363.196891 144.232990
7 16 15 0.295365 0.303884 0.400752 354.048731 145.760775
7 16 15 0.760497 0.076523 0.162980 359.493624 130.537975
7 16 15 0.605210 0.272557 0.122233 357.670207 132.043644
7 16 15 0.549316 0.065590 0.385095 351.115084 138.259260
7 16 15 0.193942 0.302049 0.504009 344.723732 149.191604
7 16 15 0.359836 0.245852 0.394313 351.046214 144.381794
7 16 15 0.500245 0.241672 0.258083 352.459290 140.022427
7 16 15 0.614480 0.287559 0.097961 365.108407 134.196912
7 16 15 0.740752 0.018910 0.240337 352.502504 132.875497
7 8 16 0.541350 0.341499 0.117151 377.597420 123.079956
7 8 16 0.534957 0.073887 0.391157 368.220806 132.644073
7 8 16 0.218637 0.314523 0.466840 379.725629 136.582597
7 8 16 0.775536 0.208062 0.016401 373.521863 120.541396
7 8 16 0.943780 0.027172 0.029048 369.833677 118.547601
7 8 16 0.693781 0.146958 0.159261 373.814222 123.071138
7 8 16 0.081195 0.747656 0.171149 394.423676 127.657198
7 8 16 0.669151 0.165012 0.165837 369.925155 127.381336
7 8 16 0.734486 0.038776 0.226737 362.127390 128.695151
7 8 16 0.338133 0.611245 0.050622 390.066027 121.871759
8 17 16 0.920073 0.067172 0.012755 400.732530 124.211740
8 17 16 0.166365 0.653284 0.180352 395.495555 149.134728
8 17 16 0.245683 0.727079 0.027238 404.372628 146.494127
8 17 16 0.868253 0.126431 0.005316 401.841737 123.606674
8 17 16 0.313803 0.289464 0.396733 391.460638 142.973891
8 17 16 0.116432 0.492114 0.391454 391.835039 149.068030
8 17 16 0.131686 0.228266 0.640049 383.041239 145.476203
8 17 16 0.485169 0.511323 0.003508 402.571798 137.043707
8 17 16 0.563132 0.102979 0.333889 392.915217 132.130275
8 17 16 0.463540 0.294619 0.241841 398.939413 137.291601
9 10 18 0.966169 0.020622 0.013209 80.397399 160.571765
9 10 18 0.986507 0.013214 0.000279 80.824532 158.999706
9 10 18 0.577848 0.262334 0.159818 93.453743 163.817772
9 10 18 0.850602 0.072230 0.077168 87.204779 159.777926
9 10 18 0.870197 0.119193 0.010610 88.130773 158.616184
9 10 18 0.856086 0.126924 0.016990 86.307188 159.423520
9 10 18 0.992376 0.006868 0.000756 77.570069 157.882586
9 10 18 0.872023 0.024830 0.103147 83.217024 160.430426
9 10 18 0.814633 0.093897 0.091470 88.131524 157.353467
9 10 18 0.008199 0.127844 0.863957 86.953261 193.113125
10 19 18 0.451056 0.479306 0.069638 119.147220 182.823768
10 19 18 0.870513 0.114599 0.014887 126.256144 164.783644
10 19 18 0.943067 0.021765 0.035168 121.161182 163.358023
10 19 18 0.064619 0.795190 0.140191 117.501246 196.519064
10 19 18 0.888127 0.017856 0.094017 120.912763 159.903279
10 19 18 0.391381 0.111789 0.496830 103.091563 186.121899
10 19 18 0.280960 0.157200 0.561840 97.665868 188.646111
10 19 18 0.275598 0.164273 0.560129 98.852704 189.556304
10 19 18 0.547109 0.264624 0.188266 116.233691 175.205031
10 19 18 0.923713 0.060232 0.016054 124.672753 162.545422
10 11 19 0.174924 0.270843 0.554234 130.902471 182.507598
10 11 19 0.156470 0.507690 0.335840 143.982379 168.184102
10 11 19 0.797549 0.030858 0.171594 124.723624 165.001715
10 11 19 0.072368 0.889205 0.038427 159.217556 157.178239
10 11 19 0.616150 0.007747 0.376103 124.872725 170.194325
10 11 19 0.679910 0.121239 0.198851 125.463874 166.005610
10 11 19 0.543892 0.061208 0.394900 122.971983 172.674108
10 11 19 0.999170 0.000703 0.000127 121.516044 158.536216
10 11 19 0.375361 0.436584 0.188056 138.156087 163.082238
10 11 19 0.715916 0.079727 0.204357 127.253272 165.353727
11 20 19 0.979591 0.014457 0.005952 165.560436 158.315862
11 20 19 0.267606 0.473656 0.258738 151.754829 186.118875
11 20 19 0.737116 0.134355 0.128529 156.592279 165.892970
11 20 19 0.693103 0.188340 0.118557 156.479456 170.484529
11 20 19 0.762738 0.124359 0.112903 156.274563 167.648284
11 20 19 0.169027 0.756318 0.074655 158.170344 191.959268
11 20 19 0.272784 0.585793 0.141423 155.151983 187.839845
11 20 19 0.728184 0.237670 0.034146 159.696604 168.553818
11 20 19 0.539806 0.056090 0.404104 144.061117 178.469427
11 20 19 0.813714 0.136328 0.049957 161.894772 164.366164
11 12 20 0.516390 0.429126 0.054484 181.688898 158.713781
11 12 20 0.426519 0.245587 0.327894 172.229062 170.748105
11 12 20 0.573227 0.238956 0.187817 171.850356 163.600447
11 12 20 0.279620 0.102202 0.618178 168.025827 182.276319
11 12 20 0.268500 0.523179 0.208321 188.621644 166.890411
11 12 20 0.706995 0.239580 0.053425 175.366820 161.563688
11 12 20 0.004578 0.052687 0.942735 163.596861 196.509702
11 12 20 0.535654 0.192175 0.272171 171.160560 165.562903
11 12 20 0.228455 0.759313 0.012233 195.672229 156.390769
11 12 20 0.913522 0.085482 0.000996 165.465076 156.185193
12 21 20 0.812045 0.002778 0.185177 196.589619 161.178053
12 21 20 0.002992 0.501503 0.495505 185.135276 201.748598
12 21 20 0.736635 0.101839 0.161527 196.901155 167.699456
12 21 20 0.950563 0.045699 0.003738 203.019002 157.288255
12 21 20 0.385241 0.042491 0.572268 179.490161 185.559186
12 21 20 0.184631 0.004945 0.810424 173.361439 192.236867
12 21 20 0.783544 0.132013 0.084443 202.634319 165.536651
12 21 20 0.661128 0.208639 0.130232 201.074805 172.446104
12 21 20 0.161219 0.809276 0.029506 200.571399 192.896666
12 21 20 0.058194 0.495044 0.446762 185.001590 196.075650
12 13 21 0.254524 0.213497 0.531980 211.282216 181.678425
12 13 21 0.989145 0.007833 0.003022 205.435006 156.445834
12 13 21 0.310454 0.039850 0.649696 206.631619 183.487118
12 13 21 0.047197 0.572006 0.380797 228.524329 173.666850
12 13 21 0.166233 0.804180 0.029587 237.757139 157.409321
12 13 21 0.081243 0.907230 0.011527 242.060673 162.562272
12 13 21 0.624895 0.154936 0.220170 210.180818 166.588841
12 13 21 0.752457 0.084625 0.162918 205.881764 166.332634
12 13 21 0.394113 0.550409 0.055478 227.409293 159.856255
12 13 21 0.044483 0.016029 0.939489 203.824456 193.190060
13 22 21 0.524556 0.327889 0.147554 243.765781 177.865194
13 22 21 0.486842 0.422341 0.090817 240.175304 176.623246
13 22 21 0.218452 0.208016 0.573533 222.178921 185.195049
13 22 21 0.231719 0.093758 0.674523 218.789214 189.799034
13 22 21 0.026229 0.234253 0.739517 215.526781 194.784893
13 22 21 0.389775 0.325760 0.284464 232.619013 183.041961
13 22 21 0.492299 0.420404 0.087297 239.188807 180.630940
13 22 21 0.467619 0.137757 0.394624 227.390609 179.823016
13 22 21 0.615195 0.049104 0.335702 229.777567 172.913544
13 22 21 0.271174 0.293215 0.435611 222.376487 188.240620
13 14 22 0.538261 0.204827 0.256912 250.835504 168.172336
13 14 22 0.581402 0.115043 0.303555 251.010733 167.796507
13 14 22 0.791205 0.163177 0.045618 247.690225 160.220934
13 14 22 0.360444 0.497423 0.142133 266.368678 161.020085
13 14 22 0.978377 0.019034 0.002589 245.835428 157.598330
13 14 22 0.677458 0.001942 0.320600 240.836441 173.074625
13 14 22 0.446639 0.027011 0.526350 246.314419 181.917994
13 14 22 0.861662 0.044343 0.093995 246.541253 158.598806
13 14 22 0.340174 0.239156 0.420670 256.066765 173.498409
13 14 22 0.585145 0.133893 0.280961 247.334165 169.426741
14 23 22 0.036756 0.308334 0.654910 259.458311 198.162554
14 23 22 0.289053 0.186820 0.524127 266.094168 183.271866
14 23 22 0.235407 0.669049 0.095545 283.007499 187.227112
14 23 22 0.253853 0.616552 0.129595 285.015081 189.736386
14 23 22 0.109787 0.884391 0.005822 286.273953 195.030216
14 23 22 0.574511 0.227343 0.198146 278.175125 171.627885
14 23 22 0.277035 0.515691 0.207274 279.433899 186.654096
14 23 22 0.497078 0.430298 0.072624 287.837320 176.885328
14 23 22 0.259978 0.551299 0.188723 279.412931 189.189948
14 23 22 0.365925 0.195113 0.438962 270.594632 180.545333
14 15 23 0.082909 0.508096 0.408995 308.624075 173.776944
14 15 23 0.162403 0.379515 0.458082 303.846230 174.091982
14 15 23 0.500955 0.066190 0.432855 285.324803 173.220329
14 15 23 0.663704 0.121027 0.215269 293.200755 161.723529
14 15 23 0.728946 0.238431 0.032624 297.604254 157.775309
14 15 23 0.065058 0.105312 0.829631 291.905933 189.531036
14 15 23 0.422293 0.207126 0.370581 295.106316 172.344512
14 15 23 0.632764 0.125715 0.241521 290.238523 168.994278
14 15 23 0.241180 0.404126 0.354694 302.887785 170.374391
14 15 23 0.086710 0.151913 0.761377 289.238028 188.727124
15 24 23 0.019120 0.423681 0.557199 305.020474 196.849439
15 24 23 0.769010 0.198894 0.032096 325.838341 169.142581
15 24 23 0.949609 0.039113 0.011278 327.028795 160.307666
15 24 23 0.301336 0.170201 0.528464 308.473078 187.228554
15 24 23 0.471572 0.234809 0.293618 316.127506 178.853001
15 24 23 0.574451 0.201682 0.223868 315.792259 175.670173
15 24 23 0.883108 0.055906 0.060986 325.378273 160.820652
15 24 23 0.204730 0.479537 0.315733 314.401639 187.922451
15 24 23 0.968553 0.019629 0.011819 327.262017 158.700995
15 24 23 0.242738 0.755743 0.001519 328.537506 187.171664
15 16 24 0.664727 0.219000 0.116273 333.903360 159.768330
15 16 24 0.303516 0.054576 0.641909 326.921727 180.469644
15 16 24 0.335735 0.255135 0.409130 338.021155 173.847414
15 16 24 0.734838 0.253693 0.011469 336.947627 154.943634
15 16 24 0.935577 0.013540 0.050883 326.696145 159.630728
15 16 24 0.281669 0.213619 0.504712 332.786204 176.130618
15 16 24 0.826575 0.082112 0.091313 329.766160 159.873247
15 16 24 0.016062 0.742722 0.241216 354.613474 168.247875
15 16 24 0.908523 0.065627 0.025850 332.596838 162.861104
15 16 24 0.651301 0.301005 0.047694 339.234418 161.667022
16 25 24 0.076241 0.114935 0.808823 336.641370 193.928747
16 25 24 0.789041 0.073777 0.137182 361.521732 162.475313
16 25 24 0.203483 0.128080 0.668437 338.264173 188.969510
16 25 24 0.149753 0.718199 0.132048 361.792787 190.135899
16 25 24 0.049689 0.366395 0.583917 342.941301 192.381335
16 25 24 0.744537 0.185463 0.070001 366.309684 165.362968
16 25 24 0.520745 0.050182 0.429073 351.928101 176.580162
16 25 24 0.616611 0.290430 0.092959 365.745476 169.898289
16 25 24 0.843805 0.117424 0.038771 364.154776 162.582546
16 25 24 0.586153 0.354629 0.059218 367.701625 173.234576
16 17 25 0.812987 0.072179 0.114835 368.851858 159.733387
16 17 25 0.798053 0.124852 0.077096 376.190520 157.255853
16 17 25 0.034953 0.315256 0.649791 378.957027 180.891045
16 17 25 0.530702 0.334676 0.134622 380.884120 157.636932
16 17 25 0.751399 0.057406 0.191196 369.254920 160.037547
16 17 25 0.533437 0.446596 0.019967 384.766888 154.096596
16 17 25 0.425777 0.080495 0.493728 369.453705 178.705678
16 17 25 0.992293 0.004813 0.002894 369.169564 156.985891
16 17 25 0.841155 0.152147 0.006698 373.912171 157.378768
16 17 25 0.494119 0.001371 0.504510 364.719408 177.812918
17 26 25 0.977299 0.008802 0.013899 405.680301 158.659394
17 26 25 0.979028 0.012001 0.008971 405.839796 154.450148
17 26 25 0.834987 0.041916 0.123097 402.996033 159.054526
17 26 25 0.687681 0.061646 0.250674 395.825711 168.625465
17 26 25 0.097079 0.817766 0.085156 404.750190 186.918348
17 26 25 0.867402 0.077750 0.054849 405.717853 161.465381
17 26 25 0.444948 0.210725 0.344327 395.473349 178.131984
17 26 25 0.685503 0.015619 0.298878 392.356290 168.015683
17 26 25 0.436999 0.513852 0.049150 403.794812 180.783449
17 26 25 0.202905 0.732505 0.064589 404.897969 186.618515
18 19 27 0.765939 0.019958 0.214103 83.641414 210.322866
18 19 27 0.622346 0.099048 0.278606 85.928899 210.211013
18 19 27 0.993018 0.005577 0.001405 81.671104 202.129920
18 19 27 0.703956 0.075037 0.221008 86.562552 207.047960
18 19 27 0.244264 0.180035 0.575701 87.757873 228.728003
18 19 27 0.421653 0.225777 0.352569 91.307424 216.764478
18 19 27 0.907264 0.011474 0.081262 84.636401 204.630188
18 19 27 0.636678 0.099482 0.263840 87.189820 212.372136
18 19 27 0.991087 0.002587 0.006326 81.465374 201.515270
18 19 27 0.969284 0.025176 0.005539 85.414774 200.942862
19 28 27 0.753205 0.085046 0.161749 114.631556 213.606457
19 28 27 0.249052 0.443867 0.307082 113.292719 232.755094
19 28 27 0.586432 0.347285 0.066282 118.610233 217.866906
19 28 27 0.758995 0.097576 0.143429 113.707435 210.851104
19 28 27 0.409929 0.470082 0.119989 121.571687 222.700331
19 28 27 0.456408 0.258921 0.284671 112.463365 221.462332
19 28 27 0.784005 0.137158 0.078837 119.751613 212.460193
19 28 27 0.597220 0.381105 0.021675 122.115758 216.703113
19 28 27 0.556048 0.425648 0.018304 119.532973 220.829418
19 28 27 0.481557 0.492997 0.025446 124.004826 219.211621
19 20 28 0.430086 0.449864 0.120051 141.560817 202.553951
19 20 28 0.141201 0.770057 0.088742 156.447060 206.631796
19 20 28 0.692061 0.298047 0.009892 131.469200 199.186951
19 20 28 0.973072 0.024884 0.002044 121.497688 200.255616
19 20 28 0.297154 0.308075 0.394772 139.307704 212.725280
19 20 28 0.900020 0.069642 0.030339 123.950502 205.165475
19 20 28 0.307017 0.126967 0.566016 128.824469 225.383623
19 20 28 0.825280 0.048313 0.126407 121.455295 206.061666
19 20 28 0.017962 0.162348 0.819690 133.097821 233.903987
19 20 28 0.966622 0.020066 0.013312 121.094646 200.224347
20 29 28 0.567975 0.405337 0.026688 157.709346 215.498023
20 29 28 0.610380 0.132000 0.257619 156.884056 217.193904
20 29 28 0.998744 0.001084 0.000172 161.798536 200.516259
20 29 28 0.017181 0.012625 0.970194 129.495122 243.115609
20 29 28 0.121523 0.027807 0.850671 130.680310 238.655899
20 29 28 0.615448 0.104143 0.280409 154.931633 217.963320
20 29 28 0.080505 0.531584 0.387911 152.457044 237.332893
20 29 28 0.994212 0.000040 0.005748 166.092407 201.759356
20 29 28 0.151335 0.056516 0.792148 131.581249 240.784437
20 29 28 0.084983 0.905838 0.009179 165.230395 236.375368
20 21 29 0.652172 0.092574 0.255255 167.607580 210.140205
20 21 29 0.387426 0.223822 0.388752 171.411798 218.060288
20 21 29 0.991059 0.000085 0.008856 163.523114 199.240580
20 21 29 0.019576 0.459405 0.521019 182.284261 218.854349
20 21 29 0.719669 0.127275 0.153056 166.584989 203.154282
20 21 29 0.654865 0.278252 0.066883 174.194446 203.165557
20 21 29 0.250035 0.121074 0.628891 170.447663 226.989575
20 21 29 0.447843 0.175258 0.376899 170.928220 219.699105
20 21 29 0.684229 0.156718 0.159053 169.591286 208.068566
20 21 29 0.925568 0.012382 0.062050 163.173918 202.212610
21 30 29 0.069837 0.457853 0.472310 185.445767 238.123347
21 30 29 0.591180 0.258141 0.150680 198.627595 217.387926
21 30 29 0.136787 0.137997 0.725217 176.448021 239.420815
21 30 29 0.542899 0.132014 0.325087 190.779229 218.988599
21 30 29 0.827523 0.119120 0.053356 201.349451 202.950436
21 30 29 0.456220 0.194940 0.348840 192.105708 220.080656
21 30 29 0.055595 0.299198 0.645208 179.509392 236.457245
21 30 29 0.525525 0.049274 0.425201 184.492373 220.791410
21 30 29 0.789389 0.060089 0.150523 195.531996 208.446785
21 30 29 0.874527 0.006267 0.119207 200.444730 201.380302
21 22 30 0.267973 0.483609 0.248418 222.977899 206.205275
21 22 30 0.027102 0.589396 0.383502 227.016904 215.321549
21 22 30 0.995401 0.003098 0.001501 199.969627 200.581239
21 22 30 0.259464 0.038386 0.702150 204.505791 227.076146
21 22 30 0.602044 0.384671 0.013285 216.998381 196.562913
21 22 30 0.029394 0.891726 0.078881 241.795444 202.260323
21 22 30 0.107316 0.645831 0.246853 229.023941 211.362299
21 22 30 0.584889 0.003969 0.411142 202.453633 212.947417
21 22 30 0.842746 0.073640 0.083614 202.059383 199.813556
21 22 30 0.017843 0.947553 0.034604 242.395322 198.931651
22 31 30 0.457232 0.019434 0.523333 222.156560 220.354449
22 31 30 0.694788 0.285997 0.019215 242.092647 211.959388
22 31 30 0.804604 0.010043 0.185353 238.217020 202.818060
22 31 30 0.532034 0.274991 0.192974 236.927034 220.032966
22 31 30 0.413753 0.251532 0.334716 228.288175 219.902126
22 31 30 0.456959 0.102950 0.440091 227.981880 224.426565
22 31 30 0.869368 0.123286 0.007346 243.791900 202.397638
22 31 30 0.594012 0.161411 0.244576 235.859496 213.464855
22 31 30 0.130005 0.006823 0.863172 209.084816 234.969262
22 31 30 0.797320 0.168571 0.034109 239.734875 207.321966
22 23 31 0.810161 0.172249 0.017590 253.507991 198.484811
22 23 31 0.499140 0.165362 0.335498 251.004502 207.513501
22 23 31 0.335796 0.484648 0.179555 264.913163 206.179638
22 23 31 0.582798 0.250590 0.166612 252.051714 202.716601
22 23 31 0.112260 0.110381 0.777359 249.969758 233.500250
22 23 31 0.977886 0.018516 0.003598 245.029975 199.897262
22 23 31 0.322982 0.444694 0.232323 261.901963 204.337164
22 23 31 0.609941 0.248216 0.141843 252.617920 203.881666
22 23 31 0.094069 0.157632 0.748298 253.633788 228.041679
22 23 31 0.872638 0.025172 0.102190 246.865261 203.253985
23 32 31 0.266623 0.150676 0.582701 262.396029 232.650568
23 32 31 0.375882 0.459158 0.164960 280.142125 220.924278
23 32 31 0.422120 0.095121 0.482759 263.158478 227.037288
23 32 31 0.190245 0.357049 0.452706 268.808291 232.754078
23 32 31 0.399214 0.426567 0.174219 276.972917 221.794399
23 32 31 0.392529 0.432811 0.174660 274.597965 224.468046
23 32 31 0.622234 0.126565 0.251201 276.561653 213.769488
23 32 31 0.971788 0.024144 0.004068 288.963018 199.018852
23 32 31 0.404065 0.180746 0.415189 269.795089 222.704268
23 32 31 0.234934 0.389441 0.375625 268.609373 232.112521
23 24 32 0.426454 0.495941 0.077605 308.027429 199.669215
23 24 32 0.342446 0.596596 0.060958 312.532525 199.566510
23 24 32 0.908132 0.046273 0.045595 290.603578 200.782585
23 24 32 0.495591 0.154649 0.349759 289.602087 209.461993
23 24 32 0.160810 0.670170 0.169020 310.961389 205.815745
23 24 32 0.756143 0.064893 0.178965 287.894746 204.147216
23 24 32 0.437047 0.286500 0.276453 293.515367 210.880958
23 24 32 0.748696 0.082667 0.168637 291.382656 203.073230
23 24 32 0.825653 0.076369 0.097979 291.384882 201.876885
23 24 32 0.307636 0.415072 0.277293 300.862649 211.922679
24 33 32 0.514413 0.215171 0.270416 312.285438 216.670350
24 33 32 0.552915 0.040451 0.406634 310.453665 214.129380
24 33 32 0.611613 0.257779 0.130607 322.427551 209.820683
24 33 32 0.941592 0.045157 0.013251 328.222366 200.051665
24 33 32 0.657229 0.003717 0.339053 314.987350 213.235256
24 33 32 0.796949 0.005980 0.197071 317.607708 207.002382
24 33 32 0.139506 0.046627 0.813866 294.109360 232.758967
24 33 32 0.522130 0.356341 0.121529 318.677718 213.275031
24 33 32 0.034224 0.042319 0.923456 285.729300 239.002049
24 33 32 0.448657 0.179280 0.372063 309.937717 216.000350
24 25 33 0.110382 0.123734 0.765884 331.360742 223.514959
24 25 33 0.257657 0.172528 0.569815 332.464637 216.950923
24 25 33 0.877496 0.092791 0.029713 330.029298 199.991362
24 25 33 0.022456 0.102344 0.875200 330.373375 231.148921
24 25 33 0.697705 0.065398 0.236897 326.439456 206.190209
24 25 33 0.375348 0.589893 0.034759 347.566391 200.996210
24 25 33 0.552727 0.069204 0.378069 330.556494 214.513533
24 25 33 0.684151 0.124180 0.191669 330.395271 207.100417
24 25 33 0.960362 0.031504 0.008134 328.387636 198.538492
24 25 33 0.604896 0.372734 0.022369 342.108440 197.430801
25 34 33 0.753443 0.224247 0.022310 364.513494 200.426591
25 34 33 0.486455 0.480920 0.032625 365.950733 218.324556
25 34 33 0.942186 0.046148 0.011666 368.907860 198.258203
25 34 33 0.229700 0.154019 0.616281 341.634553 230.157763
25 34 33 0.507914 0.134910 0.357175 348.164504 212.265272
25 34 33 0.623429 0.054045 0.322526 355.556734 211.414017
25 34 33 0.081091 0.820767 0.098142 361.677135 232.497079
25 34 33 0.444474 0.466565 0.088961 364.991449 221.053189
25 34 33 0.332794 0.583419 0.083788 362.598465 222.874644
25 34 33 0.753695 0.132775 0.113529 364.132416 208.616955
25 26 34 0.482810 0.424038 0.093152 385.273170 198.760633
25 26 34 0.888259 0.049760 0.061982 367.899057 197.365885
25 26 34 0.283705 0.523349 0.192946 385.954952 202.042306
25 26 34 0.477770 0.069818 0.452412 368.765299 216.045091
25 26 34 0.880322 0.024121 0.095556 369.342732 201.964056
25 26 34 0.158126 0.092074 0.749800 370.301103 232.151761
25 26 34 0.924872 0.035858 0.039269 370.656514 200.990973
25 26 34 0.368899 0.362968 0.268133 384.860263 205.362196
25 26 34 0.925955 0.071907 0.002138 366.639117 198.111706
25 26 34 0.066549 0.082822 0.850629 371.514913 234.603800
26 35 34 0.148277 0.783607 0.068116 402.623960 235.293154
26 35 34 0.376317 0.556996 0.066686 400.973531 219.048424
26 35 34 0.019158 0.972589 0.008253 406.355942 236.439186
26 35 34 0.771862 0.099514 0.128624 402.186079 200.954271
26 35 34 0.292040 0.154484 0.553475 385.393629 226.760745
26 35 34 0.775885 0.129356 0.094759 405.343220 206.799754
26 35 34 0.799462 0.195994 0.004543 411.706079 206.148043
26 35 34 0.193669 0.032406 0.773926 376.805746 226.324190
26 35 34 0.982297 0.015449 0.002255 408.895545 194.450675
26 35 34 0.981112 0.012008 0.006880 408.869671 197.500832
27 28 36 0.626688 0.221896 0.151416 96.683399 245.615985
27 28 36 0.624829 0.310940 0.064231 98.292550 246.752413
27 28 36 0.921067 0.046573 0.032360 84.758384 242.437010
27 28 36 0.111715 0.694681 0.193604 113.308793 247.587367
27 28 36 0.037070 0.348874 0.614055 101.951603 263.168599
27 28 36 0.995178 0.004324 0.000498 88.207643 242.260295
27 28 36 0.052814 0.145911 0.801275 93.474571 270.663675
27 28 36 0.490564 0.318322 0.191114 98.279623 247.734663
27 28 36 0.801215 0.145916 0.052870 93.864089 242.936527
27 28 36 0.264787 0.283783 0.451430 99.560677 259.612221
28 37 36 0.263758 0.149981 0.586261 98.341969 267.555390
28 37 36 0.968110 0.029456 0.002434 124.272713 245.064576
28 37 36 0.471058 0.498748 0.030194 124.762713 262.116513
28 37 36 0.386057 0.404663 0.209281 120.063897 269.556592
28 37 36 0.545191 0.044996 0.409813 111.296916 257.914695
28 37 36 0.291878 0.462896 0.245227 118.808197 269.147751
28 37 36 0.823727 0.003229 0.173045 118.248473 244.833611
28 37 36 0.780378 0.192661 0.026961 126.189853 252.547948
28 37 36 0.073983 0.540662 0.385354 115.843932 280.559303
28 37 36 0.501712 0.433309 0.064979 123.262815 260.642843
28 29 37 0.432212 0.331720 0.236068 139.807769 248.766134
28 29 37 0.669875 0.211148 0.118977 131.168474 244.548908
28 29 37 0.118529 0.878989 0.002483 158.675686 241.244109
28 29 37 0.552098 0.138241 0.309661 131.794643 255.694313
28 29 37 0.513640 0.405601 0.080759 144.318539 243.270227
28 29 37 0.906029 0.042363 0.051608 129.623591 243.994516
28 29 37 0.612484 0.158752 0.228765 129.018480 247.043256
28 29 37 0.138895 0.268053 0.593052 134.349825 263.698360
28 29 37 0.013662 0.314153 0.672185 134.297887 267.854456
28 29 37 0.101944 0.699272 0.198784 150.014249 249.041553
29 38 37 0.614782 0.306792 0.078426 165.808954 259.668719
29 38 37 0.846704 0.027619 0.125677 162.907319 247.629012
29 38 37 0.422120 0.561564 0.016316 164.451101 264.132954
29 38 37 0.328189 0.445935 0.225876 161.050868 265.821283
29 38 37 0.467902 0.262646 0.269452 156.479516 260.176928
29 38 37 0.150291 0.240134 0.609576 140.997395 274.036409
29 38 37 0.211550 0.289607 0.498843 146.256298 271.133823
29 38 37 0.187346 0.179436 0.633218 140.245860 271.948509
29 38 37 0.416690 0.131423 0.451887 145.008581 261.131372
29 38 37 0.158608 0.549101 0.292292 157.867732 273.361200
29 30 38 0.523882 0.062554 0.413565 166.993643 257.083171
29 30 38 0.976561 0.011685 0.011754 166.397554 241.499096
29 30 38 0.917383 0.015731 0.066886 163.549793 242.315015
29 30 38 0.524887 0.237361 0.237752 174.843586 251.120439
29 30 38 0.259668 0.662833 0.077500 190.957048 246.394732
29 30 38 0.006977 0.855205 0.137818 198.439464 242.531896
29 30 38 0.381937 0.529907 0.088156 184.844999 242.045350
29 30 38 0.035426 0.186703 0.777871 172.138808 270.663258
29 30 38 0.587124 0.013920 0.398955 166.216120 259.114262
29 30 38 0.155846 0.077351 0.766803 168.698188 271.291382
30 39 38 0.194237 0.268363 0.537400 185.400944 270.585391
30 39 38 0.861061 0.020361 0.118578 201.065344 246.015885
30 39 38 0.076758 0.592635 0.330607 193.852580 277.444676
30 39 38 0.215263 0.190400 0.594338 182.929275 271.115125
30 39 38 0.434048 0.123923 0.442028 189.901665 263.128508
30 39 38 0.839873 0.034814 0.125313 201.345389 246.679392
30 39 38 0.950253 0.038888 0.010859 203.654114 243.079831
30 39 38 0.445547 0.293374 0.261079 194.300720 261.152727
30 39 38 0.819613 0.180292 0.000095 205.528879 246.967157
30 39 38 0.828701 0.105475 0.065824 200.848266 248.361432
30 31 39 0.964655 0.003788 0.031557 205.627856 240.276994
30 31 39 0.674952 0.166977 0.158071 212.251211 246.805379
30 31 39 0.909325 0.068773 0.021901 206.078737 238.746128
30 31 39 0.266734 0.562525 0.170741 229.102355 246.348829
30 31 39 0.100750 0.859037 0.040213 236.103342 245.337799
30 31 39 0.368863 0.551906 0.079232 226.113623 243.155647
30 31 39 0.066437 0.665543 0.268021 233.873631 249.625242
30 31 39 0.388260 0.132790 0.478950 208.195960 255.496181
30 31 39 0.824066 0.108528 0.067406 211.596690 241.961891
30 31 39 0.299180 0.544570 0.156250 224.851849 244.642951
31 40 39 0.456343 0.211329 0.332328 232.866220 262.045982
31 40 39 0.681913 0.090000 0.228087 232.263053 250.974586
31 40 39 0.847388 0.052792 0.099819 241.150754 245.187472
31 40 39 0.699872 0.165428 0.134700 242.092382 251.214943
31 40 39 0.927102 0.028545 0.044353 243.954015 241.561384
31 40 39 0.899934 0.061108 0.038958 244.628776 243.161935
31 40 39 0.693374 0.229697 0.076929 244.181712 252.897650
31 40 39 0.200360 0.117951 0.681689 218.700029 271.711301
31 40 39 0.598995 0.306301 0.094704 242.766050 255.403196
31 40 39 0.604674 0.378424 0.016902 243.239941 255.489687
31 32 40 0.861176 0.132076 0.006748 251.131715 245.354952
31 32 40 0.720921 0.188594 0.090486 250.756771 242.935128
31 32 40 0.647189 0.328804 0.024007 259.009407 242.084120
31 32 40 0.627815 0.365438 0.006747 259.341086 237.503670
31 32 40 0.865223 0.021877 0.112901 250.654145 244.499499
31 32 40 0.454742 0.008471 0.536787 246.277632 258.727321
31 32 40 0.467334 0.177972 0.354693 250.837386 255.094762
31 32 40 0.509657 0.063294 0.427049 249.110832 260.421394
31 32 40 0.284794 0.552657 0.162549 268.708305 245.003134
31 32 40 0.054660 0.245817 0.699524 258.425465 267.292394
32 41 40 0.703513 0.166364 0.130123 279.342713 251.667105
32 41 40 0.440678 0.071864 0.487459 265.961480 263.316291
32 41 40 0.970587 0.028743 0.000670 285.343994 242.311667
32 41 40 0.363408 0.555903 0.080689 283.216212 262.799847
32 41 40 0.351166 0.227637 0.421197 265.449017 266.206974
32 41 40 0.198332 0.412644 0.389024 271.759329 271.236555
32 41 40 0.220548 0.182686 0.596766 260.351930 272.650138
32 41 40 0.297874 0.397775 0.304350 275.058645 270.011614
32 41 40 0.269096 0.161413 0.569491 262.907639 265.213723
32 41 40 0.278509 0.159891 0.561600 263.720259 268.535278
32 33 41 0.005471 0.327451 0.667077 300.045177 265.647101
32 33 41 0.655745 0.123517 0.220738 295.386393 250.046908
32 33 41 0.399251 0.149460 0.451289 292.066755 252.603206
32 33 41 0.019004 0.009970 0.971027 287.109148 278.472271
32 33 41 0.376068 0.385354 0.238577 299.429988 248.773435
32 33 41 0.092653 0.789330 0.118017 317.905260 242.911853
32 33 41 0.406275 0.049382 0.544343 281.068619 260.622648
32 33 41 0.270234 0.674674 0.055091 314.594628 236.863383
32 33 41 0.080633 0.050456 0.868912 286.117482 274.153521
32 33 41 0.284343 0.430765 0.284891 299.950273 247.702938
33 42 41 0.129936 0.567583 0.302482 313.404607 273.265617
33 42 41 0.447822 0.117236 0.434942 307.858038 258.112739
33 42 41 0.068697 0.696984 0.234319 316.030268 276.592405
33 42 41 0.397594 0.308090 0.294316 315.291810 262.647113
33 42 41 0.910411 0.006984 0.082605 319.561249 239.868602
33 42 41 0.025490 0.306851 0.667658 297.200222 275.938152
33 42 41 0.016975 0.785357 0.197668 314.252127 276.276904
33 42 41 0.267614 0.366819 0.365567 307.281936 267.995510
33 42 41 0.180186 0.735378 0.084435 324.907172 269.578825
33 42 41 0.600569 0.377961 0.021469 325.404430 250.409601
33 34 42 0.735974 0.250333 0.013693 335.757439 240.240431
33 34 42 0.085003 0.236598 0.678399 332.622557 265.036946
33 34 42 0.691912 0.059131 0.248957 328.903151 248.449288
33 34 42 0.973422 0.019194 0.007385 331.255725 238.255572
33 34 42 0.579974 0.107621 0.312406 329.729911 245.445857
33 34 42 0.469290 0.142790 0.387920 333.031084 253.605555
33 34 42 0.716733 0.104561 0.178707 331.057410 244.471928
33 34 42 0.169363 0.772035 0.058602 358.333223 239.175748
33 34 42 0.852816 0.022072 0.125112 328.546021 241.189698
33 34 42 0.058405 0.709456 0.232139 351.753140 244.067191
34 43 42 0.650695 0.346616 0.002689 365.784708 255.105152
34 43 42 0.867624 0.051205 0.081171 362.095504 243.450926
34 43 42 0.155219 0.532547 0.312234 353.801922 269.952195
34 43 42 0.749212 0.039514 0.211274 356.577853 248.534057
34 43 42 0.356901 0.096484 0.546615 348.794196 266.723275
34 43 42 0.540346 0.258165 0.201489 358.489597 252.829486
34 43 42 0.711136 0.092382 0.196482 359.653576 245.954852
34 43 42 0.162734 0.720418 0.116848 363.032961 268.638959
34 43 42 0.864236 0.019920 0.115844 363.993655 241.451026
34 43 42 0.054149 0.461058 0.484793 347.806365 275.560721
34 35 43 0.553116 0.006740 0.440144 366.684460 251.699514
34 35 43 0.658873 0.324613 0.016513 384.770105 240.489812
34 35 43 0.262263 0.193187 0.544551 373.448826 258.778570
34 35 43 0.510711 0.421861 0.067428 382.320305 242.466812
34 35 43 0.960144 0.036266 0.003590 368.800220 236.294698
34 35 43 0.507239 0.065188 0.427573 372.869159 252.985083
34 35 43 0.161479 0.340473 0.498048 382.426434 254.652800
34 35 43 0.762914 0.059822 0.177264 366.082323 246.971370
34 35 43 0.384613 0.465278 0.150109 384.774097 243.607284
34 35 43 0.078671 0.167611 0.753718 373.383332 260.608815
35 44 43 0.537193 0.143891 0.318916 393.405820 255.255203
35 44 43 0.518208 0.170225 0.311567 390.911038 251.156565
35 44 43 0.012002 0.409980 0.578018 380.577299 275.469313
35 44 43 0.324189 0.248719 0.427092 388.888394 264.719571
35 44 43 0.382748 0.423144 0.194107 401.759809 263.676051
35 44 43 0.467622 0.508255 0.024123 404.535642 255.678699
35 44 43 0.473558 0.449873 0.076569 404.238886 258.201255
35 44 43 0.035519 0.406987 0.557494 384.359522 276.898875
35 44 43 0.370591 0.447745 0.181664 400.441971 259.497498
35 44 43 0.133932 0.173400 0.692668 378.285828 267.799707
36 37 45 0.887193 0.003690 0.109117 92.325658 280.936473
36 37 45 0.113185 0.245011 0.641804 103.497390 301.452796
36 37 45 0.515624 0.300639 0.183737 100.986639 284.207626
36 37 45 0.767205 0.189742 0.043054 97.345711 282.099751
36 37 45 0.061954 0.935250 0.002796 125.423783 279.935902
36 37 45 0.948721 0.012214 0.039065 90.176819 278.921384
36 37 45 0.285867 0.480402 0.233731 111.104510 285.899123
36 37 45 0.574562 0.047616 0.377821 95.196116 294.055728
36 37 45 0.982850 0.007826 0.009324 89.297853 278.033541
36 37 45 0.096089 0.394869 0.509043 107.467788 297.679196
37 46 45 0.169097 0.559040 0.271863 119.746179 309.195450
37 46 45 0.996081 0.002765 0.001154 130.604754 277.509520
37 46 45 0.524741 0.185397 0.289862 117.926363 297.239413
37 46 45 0.251274 0.103391 0.645335 108.253585 303.111275
37 46 45 0.919180 0.015603 0.065216 127.590261 282.741637
37 46 45 0.622342 0.192153 0.185505 121.808186 291.738836
37 46 45 0.627533 0.217230 0.155238 124.628151 294.714966
37 46 45 0.562500 0.299819 0.137681 125.802201 297.767334
37 46 45 0.571565 0.311382 0.117053 126.607337 293.916881
37 46 45 0.248826 0.476007 0.275167 120.399540 305.600121
37 38 46 0.218648 0.595265 0.186088 150.647536 288.008749
37 38 46 0.543309 0.452893 0.003798 144.485206 280.782674
37 38 46 0.469550 0.344140 0.186310 145.533545 286.346843
37 38 46 0.716001 0.137517 0.146482 133.857681 287.309997
37 38 46 0.128318 0.528967 0.342716 151.862941 292.020034
37 38 46 0.367518 0.146180 0.486302 135.213240 296.537429
37 38 46 0.627272 0.090621 0.282108 132.672487 289.486495
37 38 46 0.357857 0.434828 0.207315 146.435713 289.535760
37 38 46 0.074497 0.032363 0.893140 137.110878 310.516159
37 38 46 0.968998 0.028454 0.002548 130.147050 280.066493
38 47 46 0.468337 0.001535 0.530129 147.578445 299.261679
38 47 46 0.819673 0.068728 0.111599 163.675818 287.199112
38 47 46 0.063837 0.098966 0.837197 141.254363 314.430340
38 47 46 0.507685 0.327602 0.164713 163.521001 298.420548
38 47 46 0.315826 0.334797 0.349377 157.059480 308.225803
38 47 46 0.236456 0.576125 0.187419 165.139424 307.219418
38 47 46 0.468822 0.190792 0.340387 150.695765 299.023911
38 47 46 0.222373 0.125496 0.652131 147.950139 305.437489
38 47 46 0.143675 0.477984 0.378340 156.090271 310.418269
38 47 46 0.402249 0.015892 0.581859 148.247465 301.679307
38 39 47 0.280737 0.015733 0.703530 171.717230 307.694112
38 39 47 0.433042 0.371419 0.195539 178.744950 286.241050
38 39 47 0.486904 0.169860 0.343236 172.279069 291.418071
38 39 47 0.168351 0.641073 0.190576 193.463059 285.294029
38 39 47 0.242386 0.038285 0.719329 173.534726 304.192723
38 39 47 0.066328 0.622290 0.311381 194.686294 289.961291
38 39 47 0.211639 0.234769 0.553592 179.862941 300.827055
38 39 47 0.895770 0.009989 0.094241 169.278487 283.087533
38 39 47 0.946367 0.011173 0.042460 167.187637 278.007151
38 39 47 0.756612 0.103186 0.140202 169.068117 282.112135
39 48 47 0.687239 0.197254 0.115507 200.388477 292.534192
39 48 47 0.683658 0.199299 0.117043 204.541565 290.013225
39 48 47 0.961780 0.002722 0.035498 206.089402 282.102474
39 48 47 0.605654 0.222497 0.171849 201.701301 295.971001
39 48 47 0.811537 0.149266 0.039196 203.033408 283.797285
39 48 47 0.619815 0.326668 0.053518 204.290622 291.730432
39 48 47 0.364706 0.389804 0.245489 198.648839 302.182709
39 48 47 0.092475 0.825955 0.081571 202.704006 313.147745
39 48 47 0.490440 0.005996 0.503563 188.536454 298.349491
39 48 47 0.872752 0.072717 0.054532 202.896906 281.818277
39 40 48 0.411871 0.163927 0.424202 211.328219 294.614925
39 40 48 0.563554 0.371062 0.065384 221.788919 282.764749
39 40 48 0.174005 0.061494 0.764501 207.236830 307.539093
39 40 48 0.854375 0.074948 0.070678 212.139281 282.760661
39 40 48 0.857743 0.005099 0.137157 204.522336 286.765149
39 40 48 0.584058 0.033784 0.382159 208.263101 293.911352
39 40 48 0.272457 0.551737 0.175806 227.398779 283.456546
39 40 48 0.955674 0.001129 0.043197 204.863738 281.834570
39 40 48 0.175138 0.200486 0.624376 212.345630 304.714283
39 40 48 0.661395 0.154611 0.183994 213.995058 288.508575
40 49 48 0.870719 0.113297 0.015983 242.695919 287.090681
40 49 48 0.246265 0.573068 0.180667 237.117357 308.931102
40 49 48 0.496092 0.089934 0.413974 229.437909 295.300937
40 49 48 0.272635 0.408293 0.319071 234.383786 307.472249
40 49 48 0.726832 0.135021 0.138146 239.123531 292.476703
40 49 48 0.692136 0.088354 0.219510 235.157993 291.655642
40 49 48 0.543805 0.089401 0.366794 229.801478 298.775530
40 49 48 0.443598 0.025289 0.531113 226.635073 296.688361
40 49 48 0.274753 0.328144 0.397103 230.079511 305.321018
40 49 48 0.163367 0.183573 0.653061 218.755662 310.874564
40 41 49 0.893576 0.027840 0.078583 246.824448 283.592726
40 41 49 0.859027 0.032464 0.108509 243.729166 285.874859
40 41 49 0.854289 0.043750 0.101961 247.538325 281.808882
40 41 49 0.522775 0.036066 0.441160 247.956128 297.658704
40 41 49 0.284676 0.111377 0.603947 245.811141 295.371617
40 41 49 0.708486 0.216531 0.074982 253.863569 279.897751
40 41 49 0.713370 0.159327 0.127303 252.209338 284.767784
40 41 49 0.168005 0.309479 0.522516 256.207262 298.266583
40 41 49 0.364654 0.495887 0.139460 265.496469 282.312345
40 41 49 0.743148 0.041902 0.214950 246.324007 286.446711
41 50 49 0.190145 0.660228 0.149627 277.326472 309.092281
41 50 49 0.717630 0.173212 0.109158 279.470372 288.794698
41 50 49 0.462383 0.474003 0.063614 284.164212 297.940539
41 50 49 0.023465 0.413979 0.562556 262.498168 312.317769
41 50 49 0.014238 0.649711 0.336051 272.676998 314.955402
41 50 49 0.313181 0.469105 0.217714 277.810665 305.758581
41 50 49 0.576411 0.227454 0.196135 276.887096 295.438175
41 50 49 0.269396 0.068283 0.662321 259.805513 303.784876
41 50 49 0.438890 0.085840 0.475271 266.830237 296.878477
41 50 49 0.209140 0.538809 0.252051 276.712592 307.614548
41 42 50 0.041699 0.765681 0.192620 314.631055 282.059076
41 42 50 0.030985 0.181093 0.787922 298.404764 304.042058
41 42 50 0.544834 0.181100 0.274066 294.152297 288.727016
41 42 50 0.206257 0.621392 0.172351 312.244027 281.646122
41 42 50 0.847851 0.092282 0.059868 288.411240 279.225771
41 42 50 0.692342 0.060715 0.246943 286.328688 288.881557
41 42 50 0.291559 0.644554 0.063887 313.537636 279.796931
41 42 50 0.626673 0.084052 0.289276 290.112445 284.864626
41 42 50 0.899213 0.070037 0.030750 291.020479 278.652919
41 42 50 0.696481 0.083535 0.219984 290.210218 285.694121
42 51 50 0.559055 0.088991 0.351954 316.172400 293.964301
42 51 50 0.799475 0.124505 0.076020 321.151387 285.980214
42 51 50 0.223902 0.746956 0.029142 325.177054 304.951904
42 51 50 0.086885 0.191700 0.721415 295.235295 312.861212
42 51 50 0.215326 0.667295 0.117379 320.698005 306.486448
42 51 50 0.269086 0.274596 0.456318 306.941089 308.753232
42 51 50 0.352031 0.403795 0.244174 314.326277 303.322306
42 51 50 0.668157 0.096371 0.235473 317.742619 291.266548
42 51 50 0.716349 0.202118 0.081534 321.188240 286.439575
42 51 50 0.692953 0.207042 0.100005 319.288161 290.064625
42 43 51 0.370022 0.085345 0.544634 328.836356 299.392297
42 43 51 0.364377 0.256449 0.379174 332.191870 294.091788
42 43 51 0.354898 0.315501 0.329601 340.083403 290.362571
42 43 51 0.399868 0.397450 0.202682 345.761165 286.406302
42 43 51 0.321351 0.123999 0.554650 330.433750 296.185354
42 43 51 0.068332 0.570458 0.361210 347.734292 289.635515
42 43 51 0.635654 0.039529 0.324817 327.399046 289.278470
42 43 51 0.164339 0.303143 0.532518 337.122694 300.385053
42 43 51 0.730487 0.222594 0.046920 329.612852 277.791535
42 43 51 0.755472 0.034975 0.209553 323.737462 283.814142
43 52 51 0.356466 0.576062 0.067473 362.509729 302.961173
43 52 51 0.855481 0.028730 0.115789 365.718128 280.448259
43 52 51 0.655460 0.044293 0.300247 353.281412 292.566029
43 52 51 0.285226 0.469407 0.245366 352.489607 306.191963
43 52 51 0.329689 0.642339 0.027972 363.500300 303.183573
43 52 51 0.752912 0.228190 0.018898 365.377560 283.741698
43 52 51 0.116295 0.238717 0.644989 341.954633 310.199287
43 52 51 0.146475 0.694878 0.158647 357.440180 311.959391
43 52 51 0.818646 0.007718 0.173636 359.262319 284.629887
43 52 51 0.963721 0.007347 0.028932 361.058909 277.946455
43 44 52 0.170762 0.308612 0.520626 376.319484 296.355516
43 44 52 0.214559 0.110330 0.675112 368.638728 303.964903
43 44 52 0.319558 0.208324 0.472118 371.287296 296.322577
43 44 52 0.050700 0.325492 0.623808 380.158666 300.090903
43 44 52 0.111893 0.123903 0.764204 367.505518 308.459932
43 44 52 0.953388 0.009149 0.037463 363.795828 277.930441
43 44 52 0.097475 0.049828 0.852697 363.578783 311.300409
43 44 52 0.346141 0.504673 0.149186 385.940406 283.971741
43 44 52 0.893004 0.075729 0.031268 369.425047 277.125417
43 44 52 0.306773 0.087007 0.606220 370.105418 298.282314
44 53 52 0.737302 0.006758 0.255939 400.450559 288.097911
44 53 52 0.556533 0.215747 0.227720 399.819146 296.800953
44 53 52 0.072922 0.357620 0.569458 379.772034 310.823518
44 53 52 0.194523 0.645995 0.159482 396.753482 305.434178
44 53 52 0.333169 0.523067 0.143765 395.387576 305.159128
44 53 52 0.207151 0.405725 0.387124 392.370602 306.999498
44 53 52 0.263411 0.618511 0.118078 399.631174 308.368977
44 53 52 0.316607 0.231506 0.451887 387.356154 302.056984
44 53 52 0.898737 0.076979 0.024284 406.605489 277.160259
44 53 52 0.585842 0.145547 0.268611 395.984273 294.324325
45 46 54 0.466777 0.203650 0.329573 105.877759 325.909944
45 46 54 0.480644 0.121960 0.397395 100.931353 330.206476
45 46 54 0.667048 0.296136 0.036816 110.056595 315.073319
45 46 54 0.158269 0.527025 0.314706 116.851012 328.288647
45 46 54 0.881206 0.014870 0.103925 98.309139 316.263149
45 46 54 0.513947 0.147242 0.338812 101.664130 330.197752
45 46 54 0.862486 0.014307 0.123207 97.925053 324.021893
45 46 54 0.574629 0.315404 0.109968 108.603815 320.174157
45 46 54 0.152608 0.258767 0.588625 106.344589 334.925426
45 46 54 0.201441 0.083418 0.715140 104.961049 340.138186
46 55 54 0.500730 0.269888 0.229382 125.396319 334.337556
46 55 54 0.175728 0.709961 0.114312 129.086353 341.065880
46 55 54 0.063280 0.095668 0.841051 110.441593 350.004959
46 55 54 0.392909 0.157855 0.449236 117.628725 334.661550
46 55 54 0.915421 0.001783 0.082796 131.412550 317.519885
46 55 54 0.637267 0.165568 0.197165 127.689405 329.873940
46 55 54 0.242455 0.619934 0.137611 129.139712 342.324235
46 55 54 0.628910 0.306493 0.064597 130.090370 329.500854
46 55 54 0.850555 0.081172 0.068273 128.651680 322.537509
46 55 54 0.124550 0.343592 0.531858 118.547726 345.349870
46 47 55 0.964137 0.006046 0.029817 129.795220 312.869730
46 47 55 0.213313 0.115974 0.670713 137.974175 336.747623
46 47 55 0.636655 0.140806 0.222539 138.181596 326.089252
46 47 55 0.753086 0.221072 0.025842 142.614178 321.373049
46 47 55 0.205980 0.306156 0.487864 145.850861 331.282956
46 47 55 0.844794 0.046718 0.108488 134.815069 319.834794
46 47 55 0.917144 0.064035 0.018822 135.111656 317.087144
46 47 55 0.900087 0.044241 0.055672 137.018867 320.488687
46 47 55 0.621171 0.166478 0.212351 140.214756 321.370235
46 47 55 0.133662 0.550266 0.316071 152.956108 329.170862
47 56 55 0.942638 0.034819 0.022544 171.255281 319.772011
47 56 55 0.615013 0.125028 0.259958 165.410652 331.813653
47 56 55 0.110004 0.856555 0.033441 175.293041 347.916595
47 56 55 0.203301 0.479730 0.316968 161.329311 344.506317
47 56 55 0.514788 0.155257 0.329955 157.579238 333.849863
47 56 55 0.962752 0.000459 0.036789 167.909020 316.220014
47 56 55 0.216268 0.341998 0.441734 156.627851 344.664279
47 56 55 0.820675 0.027400 0.151925 165.889784 322.286698
47 56 55 0.831439 0.019830 0.148731 165.686930 321.030845
47 56 55 0.750943 0.166795 0.082263 172.321368 322.855581
47 48 56 0.866994 0.107790 0.025217 175.850986 320.072729
47 48 56 0.657384 0.167814 0.174802 175.633480 325.290018
47 48 56 0.970699 0.002979 0.026322 168.313981 315.530859
47 48 56 0.205057 0.766909 0.028034 197.685656 318.569486
47 48 56 0.682795 0.105335 0.211870 176.414345 322.433452
47 48 56 0.330718 0.470140 0.199142 187.103817 322.696423
47 48 56 0.418073 0.171035 0.410893 177.672152 332.346518
47 48 56 0.522202 0.356846 0.120952 188.468594 321.328429
47 48 56 0.293756 0.151414 0.554830 182.681296 337.111402
47 48 56 0.123564 0.419250 0.457185 190.010964 329.051520
48 57 56 0.517406 0.176880 0.305714 195.653182 336.654823
48 57 56 0.142999 0.211508 0.645494 185.773944 344.539805
48 57 56 0.152511 0.721827 0.125661 202.917295 344.580100
48 57 56 0.056450 0.808428 0.135122 207.124702 344.745580
48 57 56 0.870999 0.086864 0.042137 207.353723 321.852967
48 57 56 0.780883 0.212876 0.006241 204.031415 321.446424
48 57 56 0.711925 0.132288 0.155787 200.833270 326.499340
48 57 56 0.898425 0.036694 0.064881 201.867544 317.157841
48 57 56 0.643083 0.046579 0.310339 197.411662 327.900691
48 57 56 0.247260 0.638426 0.114314 203.981102 341.074756
48 49 57 0.392089 0.318220 0.289691 219.057434 323.569679
48 49 57 0.101174 0.296975 0.601851 217.333998 335.436958
48 49 57 0.326407 0.096272 0.577322 212.083487 331.864836
48 49 57 0.116043 0.690101 0.193856 237.120521 319.094045
48 49 57 0.464248 0.002375 0.533377 208.967113 336.757763
48 49 57 0.616057 0.113543 0.270400 211.859442 322.089252
48 49 57 0.814617 0.177949 0.007435 212.907325 315.106346
48 49 57 0.437465 0.226814 0.335721 218.487911 324.228670
48 49 57 0.914951 0.026996 0.058053 205.042458 319.473260
48 49 57 0.382761 0.162943 0.454296 212.219559 329.489699
49 58 57 0.198537 0.246521 0.554942 225.823439 343.871102
49 58 57 0.628816 0.127709 0.243474 235.230967 326.666259
49 58 57 0.968280 0.011378 0.020341 247.151086 313.268754
49 58 57 0.515445 0.001863 0.482692 230.005564 330.572834
49 58 57 0.160253 0.167485 0.672262 219.544381 344.055627
49 58 57 0.234781 0.676590 0.088630 244.897277 339.613946
49 58 57 0.006877 0.471927 0.521196 226.831817 346.436731
49 58 57 0.802407 0.006815 0.190778 238.439130 322.672926
49 58 57 0.925933 0.032749 0.041317 244.308354 313.461115
49 58 57 0.423095 0.111206 0.465700 225.853125 334.330389
49 50 58 0.631595 0.269451 0.098954 256.093941 324.427492
49 50 58 0.807058 0.040737 0.152205 246.694430 320.447414
49 50 58 0.883392 0.090163 0.026444 251.172910 318.856232
49 50 58 0.543305 0.423557 0.033138 260.965018 313.712775
49 50 58 0.201787 0.562122 0.236091 268.866364 324.313294
49 50 58 0.864822 0.053542 0.081636 245.136564 318.348914
49 50 58 0.470389 0.145616 0.383995 250.897309 334.867818
49 50 58 0.781439 0.197407 0.021154 252.013160 314.029902
49 50 58 0.288911 0.551769 0.159320 269.760070 319.622022
49 50 58 0.613945 0.312216 0.073839 257.673590 320.850107
50 59 58 0.705257 0.237035 0.057708 280.335067 325.262646
50 59 58 0.656066 0.278453 0.065481 282.131710 328.621923
50 59 58 0.010942 0.663830 0.325228 271.313646 349.376742
50 59 58 0.722217 0.064625 0.213158 279.523575 325.875449
50 59 58 0.443826 0.058773 0.497401 267.636598 332.747828
50 59 58 0.496391 0.119925 0.383684 267.537663 330.751586
50 59 58 0.013824 0.486570 0.499605 262.073104 347.372325
50 59 58 0.507552 0.158257 0.334191 274.306187 328.796158
50 59 58 0.479201 0.095233 0.425566 269.763159 333.298351
50 59 58 0.236260 0.699850 0.063890 280.118165 340.146159
50 51 59 0.195513 0.386289 0.418198 300.342616 329.498388
50 51 59 0.715909 0.266074 0.018017 295.141645 318.736812
50 51 59 0.170897 0.485827 0.343276 303.702598 324.409683
50 51 59 0.117463 0.538466 0.344070 306.248553 324.644062
50 51 59 0.358157 0.234390 0.407452 296.066445 325.389201
50 51 59 0.294573 0.433553 0.271874 303.129111 321.019041
50 51 59 0.196977 0.742953 0.060070 315.282355 315.585285
50 51 59 0.390606 0.186082 0.423313 294.236498 329.744343
50 51 59 0.132244 0.291843 0.575913 297.119956 334.932498
50 51 59 0.841244 0.080305 0.078450 295.222165 319.719448
51 60 59 0.622205 0.173815 0.203980 315.128785 330.276209
51 60 59 0.740919 0.246418 0.012663 323.777359 326.258256
51 60 59 0.100834 0.856609 0.042557 319.241549 346.307134
51 60 59 0.464196 0.080760 0.455044 304.061965 331.782335
51 60 59 0.912310 0.052798 0.034892 327.943684 318.409715
51 60 59 0.103030 0.428172 0.468798 303.828565 346.131679
51 60 59 0.123666 0.431887 0.444447 304.204214 345.847973
51 60 59 0.368938 0.206103 0.424959 307.026905 337.902237
51 60 59 0.774451 0.077971 0.147578 316.289197 322.135873
51 60 59 0.849950 0.135024 0.015027 323.829751 320.036619
51 52 60 0.780530 0.160117 0.059353 329.730992 319.215559
51 52 60 0.931490 0.009749 0.058761 323.685072 314.546953
51 52 60 0.609276 0.161357 0.229368 327.817031 325.816240
51 52 60 0.688184 0.124860 0.186956 328.336437 322.108123
51 52 60 0.278676 0.291114 0.430210 336.267836 331.537549
51 52 60 0.664975 0.261447 0.073577 334.711464 318.155896
51 52 60 0.129771 0.075378 0.794851 325.800459 338.551997
51 52 60 0.983148 0.007604 0.009248 325.037269 318.422209
51 52 60 0.991539 0.002537 0.005924 322.341462 314.435201
51 52 60 0.848469 0.047926 0.103605 325.480917 311.773220
52 61 60 0.051973 0.676037 0.271990 351.409991 344.763186
52 61 60 0.715692 0.063604 0.220704 352.564817 324.994608
52 61 60 0.662137 0.177791 0.160072 357.504165 325.768975
52 61 60 0.732465 0.181009 0.086526 356.397739 324.704352
52 61 60 0.310045 0.380242 0.309713 353.841672 341.128533
52 61 60 0.282622 0.619266 0.098111 357.435950 344.107601
52 61 60 0.769566 0.030843 0.199591 352.995549 323.046274
52 61 60 0.301934 0.640590 0.057476 361.678692 341.203195
52 61 60 0.975165 0.022478 0.002357 362.931710 314.079286
52 61 60 0.795330 0.083504 0.121166 360.319016 324.113497
52 53 61 0.397560 0.315209 0.287231 373.930258 324.785874
52 53 61 0.847086 0.151333 0.001580 367.458539 315.894486
52 53 61 0.375305 0.443603 0.181092 384.207752 321.587636
52 53 61 0.039850 0.486483 0.473667 378.534037 330.317340
52 53 61 0.815001 0.144706 0.040293 369.142762 317.813289
52 53 61 0.856318 0.069938 0.073743 366.974976 318.852156
52 53 61 0.876274 0.051767 0.071959 362.408171 317.575091
52 53 61 0.431396 0.072316 0.496288 365.719849 331.013216
52 53 61 0.773597 0.058666 0.167737 367.887591 319.491059
52 53 61 0.654915 0.028727 0.316359 361.441127 328.419506
53 62 61 0.491848 0.307688 0.200464 396.531663 332.485796
53 62 61 0.752021 0.156855 0.091124 400.995893 325.506491
53 62 61 0.139206 0.461168 0.399626 387.012265 342.430174
53 62 61 0.079932 0.707844 0.212224 390.704042 345.031281
53 62 61 0.970235 0.011326 0.018440 402.525500 314.492058
53 62 61 0.814896 0.151057 0.034047 406.998099 315.736173
53 62 61 0.579504 0.365139 0.055356 397.043345 328.573610
53 62 61 0.697367 0.149323 0.153310 399.272707 325.243354
53 62 61 0.167705 0.148532 0.683764 373.570648 344.731308
53 62 61 0.592042 0.092064 0.315894 392.132700 329.254719
54 55 63 0.338996 0.023064 0.637940 104.506233 370.190189
54 55 63 0.960762 0.020750 0.018488 100.640822 352.157428
54 55 63 0.312174 0.679688 0.008138 125.297466 350.767741
54 55 63 0.510619 0.424670 0.064712 117.423507 352.311608
54 55 63 0.816818 0.082765 0.100417 103.373895 350.839435
54 55 63 0.825852 0.006980 0.167168 104.635070 354.714806
54 55 63 0.578243 0.259830 0.161926 113.709286 351.909248
54 55 63 0.850248 0.019707 0.130045 102.169178 353.507688
54 55 63 0.776960 0.140562 0.082477 107.922246 352.124993
54 55 63 0.065588 0.359945 0.574467 113.674572 363.953803
55 64 63 0.148626 0.321134 0.530240 122.752295 373.652817
55 64 63 0.325513 0.342250 0.332237 129.086675 372.501113
55 64 63 0.835670 0.041212 0.123118 134.127849 353.998823
55 64 63 0.838265 0.139345 0.022390 131.812096 355.843756
55 64 63 0.621359 0.061373 0.317269 126.133137 357.940239
55 64 63 0.130355 0.825349 0.044296 141.071934 375.117866
55 64 63 0.177368 0.434283 0.388350 124.874420 370.477836
55 64 63 0.351997 0.067338 0.580664 118.243720 367.151777
55 64 63 0.168231 0.740037 0.091732 139.623262 375.094645
55 64 63 0.921563 0.000356 0.078081 132.628707 352.081582
55 56 64 0.579115 0.148613 0.272272 140.680594 355.063697
55 56 64 0.856441 0.006336 0.137223 139.052503 352.470237
55 56 64 0.204044 0.225646 0.570310 149.226951 364.508004
55 56 64 0.173857 0.442857 0.383286 154.323821 364.026742
55 56 64 0.958847 0.003925 0.037227 135.388753 349.754165
55 56 64 0.856368 0.065377 0.078254 139.562559 354.760188
55 56 64 0.839470 0.158590 0.001940 142.105234 348.836994
55 56 64 0.193920 0.134775 0.671304 144.528269 371.042223
55 56 64 0.115865 0.388471 0.495664 148.039592 364.547996
55 56 64 0.130588 0.593784 0.275628 160.617941 357.579285
56 65 64 0.198114 0.443168 0.358718 164.802065 374.151850
56 65 64 0.977531 0.007406 0.015063 173.506157 352.675054
56 65 64 0.013471 0.816323 0.170206 169.411639 378.484577
56 65 64 0.186635 0.387051 0.426315 162.863829 368.280126
56 65 64 0.688323 0.093349 0.218328 169.190541 360.501755
56 65 64 0.199886 0.278684 0.521430 156.294161 371.976836
56 65 64 0.550665 0.114969 0.334366 163.114745 363.695358
56 65 64 0.864476 0.133459 0.002065 179.672110 355.964703
56 65 64 0.937749 0.041234 0.021016 174.786868 353.858059
56 65 64 0.678426 0.311690 0.009884 174.037554 359.383554
56 57 65 0.393626 0.086579 0.519795 176.995248 367.633420
56 57 65 0.004312 0.252351 0.743336 185.120433 373.692876
56 57 65 0.398670 0.100201 0.501128 178.425000 365.082987
56 57 65 0.224533 0.220640 0.554827 186.419496 366.051445
56 57 65 0.467408 0.033880 0.498712 175.732708 367.865867
56 57 65 0.426181 0.550568 0.023251 194.091948 351.043411
56 57 65 0.421998 0.470021 0.107981 189.587874 351.511684
56 57 65 0.841582 0.084385 0.074034 177.921420 354.054031
56 57 65 0.032633 0.672943 0.294424 201.170475 361.030183
56 57 65 0.920562 0.045686 0.033752 172.727908 349.775049
57 66 65 0.521894 0.107986 0.370120 197.320723 364.563734
57 66 65 0.789622 0.155448 0.054930 209.392808 354.975849
57 66 65 0.613835 0.050242 0.335923 202.120578 360.179249
57 66 65 0.646262 0.078269 0.275469 201.676833 359.599636
57 66 65 0.922872 0.045008 0.032120 209.434525 350.053450
57 66 65 0.367509 0.197886 0.434605 195.014474 367.714638
57 66 65 0.590218 0.021783 0.387999 197.047661 362.912728
57 66 65 0.370220 0.558784 0.070996 207.392690 369.934113
57 66 65 0.976340 0.018169 0.005491 212.745452 353.428569
57 66 65 0.245257 0.694182 0.060561 207.024313 370.855258
57 58 66 0.736817 0.095674 0.167508 214.319596 353.845011
57 58 66 0.835121 0.052414 0.112464 212.863773 349.968573
57 58 66 0.603940 0.119410 0.276649 210.471776 358.076008
57 58 66 0.922678 0.067301 0.010021 212.446803 347.320414
57 58 66 0.272986 0.610451 0.116564 233.478884 354.055684
57 58 66 0.406011 0.103888 0.490101 213.762288 362.921373
57 58 66 0.885604 0.051608 0.062787 212.737411 348.334594
57 58 66 0.610897 0.138821 0.250281 214.050241 358.895086
57 58 66 0.766966 0.005665 0.227369 210.873648 356.963086
57 58 66 0.377447 0.620604 0.001948 235.020605 347.349723
58 67 66 0.218220 0.350430 0.431350 232.158090 369.508488
58 67 66 0.752352 0.218852 0.028795 250.044698 355.940746
58 67 66 0.837201 0.029680 0.133119 238.666995 351.755666
58 67 66 0.529592 0.217995 0.252413 239.370768 366.752109
58 67 66 0.407693 0.103832 0.488475 229.921649 369.228589
58 67 66 0.039492 0.155447 0.805060 219.797883 380.758705
58 67 66 0.606277 0.255625 0.138098 243.247437 365.623581
58 67 66 0.166313 0.290104 0.543584 228.301451 373.971096
58 67 66 0.115749 0.663427 0.220824 241.664151 373.775070
58 67 66 0.768674 0.222674 0.008652 246.500481 357.636372
58 59 67 0.042944 0.902735 0.054321 280.319061 353.082151
58 59 67 0.521846 0.359638 0.118516 265.185784 355.783905
58 59 67 0.744055 0.067809 0.188136 250.980490 354.003678
58 59 67 0.258200 0.066196 0.675604 247.779928 368.746164
58 59 67 0.704893 0.179235 0.115872 253.849173 349.485022
58 59 67 0.908418 0.053660 0.037922 246.694282 350.522052
58 59 67 0.570178 0.344266 0.085556 260.107387 353.476652
58 59 67 0.242758 0.059455 0.697786 252.163525 370.447540
58 59 67 0.593512 0.123302 0.283186 251.593147 360.745439
58 59 67 0.026966 0.177877 0.795156 255.291781 372.318063
59 68 67 0.715614 0.232572 0.051814 286.137277 357.293736
59 68 67 0.788231 0.174581 0.037188 284.468043 354.564638
59 68 67 0.020532 0.382544 0.596924 262.986050 377.906391
59 68 67 0.493924 0.034482 0.471593 270.753039 366.052943
59 68 67 0.594103 0.272137 0.133760 278.634748 364.392292
59 68 67 0.407687 0.210299 0.382014 269.386290 363.611459
59 68 67 0.348072 0.536709 0.115219 278.698474 366.520994
59 68 67 0.556190 0.302882 0.140928 278.505828 359.993918
59 68 67 0.052931 0.239880 0.707189 255.393672 381.153940
59 68 67 0.901075 0.018748 0.080177 281.269807 355.123649
59 60 68 0.016495 0.682207 0.301298 310.924869 362.817182
59 60 68 0.419000 0.305954 0.275046 293.406557 355.433877
59 60 68 0.109806 0.254336 0.635858 290.749284 369.741265
59 60 68 0.267333 0.082006 0.650661 282.543009 368.598225
59 60 68 0.429610 0.470674 0.099716 301.221378 350.143296
59 60 68 0.554908 0.064586 0.380506 284.473411 360.504166
59 60 68 0.860042 0.052218 0.087740 288.289836 352.047506
59 60 68 0.305300 0.510641 0.184059 304.760395 355.116321
59 60 68 0.473310 0.007719 0.518972 287.010535 365.052373
59 60 68 0.592976 0.280499 0.126525 291.798467 356.773716
60 69 68 0.637815 0.088589 0.273596 312.229988 361.686794
60 69 68 0.881230 0.024939 0.093830 315.707572 354.307554
60 69 68 0.395770 0.403551 0.200680 309.187832 369.834197
60 69 68 0.089364 0.616141 0.294496 307.490116 379.240848
60 69 68 0.892069 0.099964 0.007968 322.260072 353.335454
60 69 68 0.456008 0.166366 0.377625 309.048821 366.502904
60 69 68 0.136963 0.653407 0.209630 312.752374 380.947461
60 69 68 0.967689 0.026583 0.005728 321.832066 348.822552
60 69 68 0.923611 0.071134 0.005255 323.492609 350.686251
60 69 68 0.856429 0.125334 0.018237 323.299958 356.705129
60 61 69 0.267370 0.322148 0.410482 332.479948 363.977556
60 61 69 0.725125 0.046658 0.228217 323.823599 357.111557
60 61 69 0.132285 0.780592 0.087123 351.361967 353.182443
60 61 69 0.167503 0.159808 0.672689 327.263850 376.072145
60 61 69 0.875133 0.094046 0.030821 326.723515 351.171425
60 61 69 0.744460 0.133625 0.121915 324.562891 360.016272
60 61 69 0.987838 0.004221 0.007940 322.430160 351.967997
60 61 69 0.967571 0.012360 0.020069 325.545206 350.136623
60 61 69 0.795267 0.129013 0.075720 324.540351 353.024011
60 61 69 0.873880 0.071341 0.054779 327.826305 355.063603
61 70 69 0.820471 0.016395 0.163134 353.040654 355.158550
61 70 69 0.934580 0.056060 0.009359 358.558958 352.796160
61 70 69 0.590943 0.114177 0.294879 347.157871 363.662531
61 70 69 0.732793 0.018745 0.248462 348.609167 357.453424
61 70 69 0.156419 0.088934 0.754647 329.336604 377.595685
61 70 69 0.810990 0.161983 0.027027 362.418554 355.267262
61 70 69 0.820145 0.132633 0.047221 359.981173 351.315829
61 70 69 0.828065 0.003064 0.168870 353.757207 356.402910
61 70 69 0.833078 0.127349 0.039573 358.012258 356.151161
61 70 69 0.447172 0.203945 0.348883 344.694438 369.116422
61 62 70 0.776368 0.066818 0.156814 362.535321 359.680819
61 62 70 0.136535 0.086399 0.777066 361.104594 377.558564
61 62 70 0.464014 0.061747 0.474239 363.565587 366.438407
61 62 70 0.773738 0.032208 0.194054 360.788933 353.109432
61 62 70 0.554964 0.398767 0.046269 376.621457 351.772419
61 62 70 0.830537 0.097487 0.071976 362.170862 350.819740
61 62 70 0.569465 0.201899 0.228636 368.816187 358.987120
61 62 70 0.077942 0.583762 0.338296 381.413507 361.107792
61 62 70 0.306120 0.204997 0.488883 366.330198 367.973044
61 62 70 0.077681 0.166492 0.755826 367.689527 374.309181
62 71 70 0.804405 0.016496 0.179099 397.601903 356.991742
62 71 70 0.882629 0.071534 0.045837 396.375388 355.333733
62 71 70 0.973804 0.003726 0.022471 402.853070 350.284777
62 71 70 0.988532 0.007343 0.004125 403.388333 347.847747
62 71 70 0.670165 0.146443 0.183392 395.859498 360.757765
62 71 70 0.558635 0.392551 0.048814 395.806398 361.801394
62 71 70 0.889306 0.050908 0.059786 398.997856 353.178036
62 71 70 0.345208 0.351981 0.302811 381.380896 369.637787
62 71 70 0.223392 0.761141 0.015466 392.377857 372.751332
62 71 70 0.119367 0.418677 0.461957 375.783340 377.616659
63 64 72 0.832354 0.060383 0.107263 107.499998 382.765273
63 64 72 0.179645 0.622277 0.198078 131.012579 385.944295
63 64 72 0.369864 0.087045 0.543091 109.283044 394.351514
63 64 72 0.246313 0.022160 0.731527 112.794052 398.773419
63 64 72 0.019874 0.004674 0.975452 109.432707 401.142965
63 64 72 0.413649 0.269633 0.316717 118.560384 389.079701
63 64 72 0.463172 0.441556 0.095272 126.691418 377.402199
63 64 72 0.182817 0.538893 0.278290 126.701478 387.728848
63 64 72 0.654705 0.080447 0.264848 108.799212 387.168946
63 64 72 0.273305 0.164390 0.562306 117.499016 393.306858
64 73 72 0.876238 0.114290 0.009472 144.840467 380.790399
64 73 72 0.272940 0.256879 0.470181 129.683398 399.639366
64 73 72 0.769217 0.137374 0.093408 141.747022 387.263499
64 73 72 0.609340 0.045330 0.345330 133.067307 388.091976
64 73 72 0.915165 0.010020 0.074815 133.532183 382.001672
64 73 72 0.826587 0.128027 0.045386 138.833069 384.401414
64 73 72 0.291539 0.299240 0.409220 133.764705 396.681562
64 73 72 0.296646 0.136065 0.567288 126.904134 398.160335
64 73 72 0.729942 0.039713 0.230345 133.152658 388.272723
64 73 72 0.919182 0.069401 0.011417 143.277022 380.291477
64 65 73 0.878810 0.074051 0.047139 144.549676 379.659049
64 65 73 0.094036 0.693848 0.212116 168.090206 381.565555
64 65 73 0.168802 0.117891 0.713306 148.692540 397.006168
64 65 73 0.231662 0.749467 0.018871 170.532066 376.636433
64 65 73 0.221628 0.724310 0.054062 165.884300 380.255285
64 65 73 0.354013 0.009111 0.636876 147.152841 395.921303
64 65 73 0.362555 0.453377 0.184069 160.459496 382.317602
64 65 73 0.027521 0.290462 0.682017 159.342128 399.878489
64 65 73 0.239530 0.284770 0.475700 155.114183 392.021885
64 65 73 0.383966 0.032453 0.583581 148.319521 392.101693
65 74 73 0.754964 0.038868 0.206168 171.092400 384.568133
65 74 73 0.017767 0.432649 0.549584 162.894209 402.839563
65 74 73 0.313572 0.214998 0.471431 165.287379 394.286477
65 74 73 0.366065 0.189706 0.444229 165.801542 395.628805
65 74 73 0.253871 0.288496 0.457633 163.776117 400.691875
65 74 73 0.424493 0.409616 0.165891 172.648170 395.995734
65 74 73 0.708506 0.177324 0.114170 175.167788 387.111684
65 74 73 0.493630 0.105167 0.401203 163.631515 392.351986
65 74 73 0.858734 0.018687 0.122579 172.708092 382.248082
65 74 73 0.427975 0.374322 0.197702 172.903605 396.440806
65 66 74 0.461913 0.265367 0.272720 188.133503 389.263131
65 66 74 0.909802 0.068306 0.021892 179.197054 376.698323
65 66 74 0.069339 0.867472 0.063189 206.907081 381.133781
65 66 74 0.476769 0.254052 0.269179 185.475357 384.356043
65 66 74 0.409187 0.140338 0.450475 182.020758 392.402337
65 66 74 0.000854 0.573067 0.426078 194.919857 392.702942
65 66 74 0.911464 0.000605 0.087931 177.826756 383.861354
65 66 74 0.801647 0.095739 0.102615 179.301148 383.944476
65 66 74 0.762843 0.061940 0.175217 172.687656 382.313417
65 66 74 0.749353 0.172963 0.077684 181.948386 380.702135
66 75 74 0.456465 0.516574 0.026961 213.985631 396.872555
66 75 74 0.685708 0.280117 0.034175 213.096038 388.078494
66 75 74 0.656809 0.237368 0.105823 213.034488 386.024681
66 75 74 0.741546 0.027395 0.231059 208.312770 384.726019
66 75 74 0.892674 0.046759 0.060566 209.169521 385.256641
66 75 74 0.943923 0.030305 0.025772 214.354738 383.748603
66 75 74 0.769383 0.034621 0.195995 206.030777 387.402870
66 75 74 0.395597 0.171105 0.433298 198.282305 391.260845
66 75 74 0.274306 0.426754 0.298940 207.134182 401.647874
66 75 74 0.044412 0.399042 0.556546 195.025861 406.625208
66 67 75 0.648685 0.333297 0.018018 226.494674 379.264241
66 67 75 0.630009 0.247264 0.122727 224.558399 385.477469
66 67 75 0.293089 0.669737 0.037173 235.969524 382.885005
66 67 75 0.833712 0.133067 0.033220 212.859545 381.569371
66 67 75 0.642402 0.230042 0.127556 219.682713 387.368373
66 67 75 0.093112 0.582744 0.324144 234.178209 385.516795
66 67 75 0.735439 0.045049 0.219511 216.597856 388.857717
66 67 75 0.457940 0.156761 0.385299 218.065443 388.517454
66 67 75 0.933842 0.048549 0.017609 212.577554 384.379509
66 67 75 0.941248 0.008309 0.050444 214.626358 378.696964
67 76 75 0.564351 0.169147 0.266502 239.925559 389.211677
67 76 75 0.967934 0.005540 0.026526 247.282754 383.152999
67 76 75 0.032918 0.239927 0.727155 224.130047 404.238045
67 76 75 0.158480 0.433018 0.408503 232.340105 401.734263
67 76 75 0.091865 0.005961 0.902174 218.680013 399.797993
67 76 75 0.818375 0.172119 0.009506 250.759380 384.166888
67 76 75 0.856165 0.134842 0.008992 247.332775 381.710105
67 76 75 0.996084 0.001501 0.002415 251.213529 380.712594
67 76 75 0.138828 0.098818 0.762354 220.209402 402.911289
67 76 75 0.929988 0.011087 0.058925 247.288859 382.321125
67 68 76 0.849075 0.136718 0.014207 252.686699 382.813144
67 68 76 0.408940 0.537038 0.054021 267.524273 378.916657
67 68 76 0.463592 0.114036 0.422371 251.455118 388.020191
67 68 76 0.781828 0.155356 0.062816 251.879014 381.136666
67 68 76 0.665066 0.107285 0.227650 252.125951 386.769708
67 68 76 0.275011 0.080490 0.644499 251.519023 403.776399
67 68 76 0.962039 0.011136 0.026826 250.716756 381.628602
67 68 76 0.327771 0.493095 0.179135 264.672997 388.091757
67 68 76 0.449561 0.272613 0.277826 258.931384 388.266321
67 68 76 0.631141 0.343959 0.024900 265.210374 376.762388
68 77 76 0.657404 0.334791 0.007806 281.604024 389.718344
68 77 76 0.738488 0.137607 0.123905 280.353524 389.671528
68 77 76 0.618295 0.330455 0.051250 282.271846 390.002625
68 77 76 0.150250 0.693074 0.156676 275.729675 400.101075
68 77 76 0.640976 0.084367 0.274657 272.145005 392.935627
68 77 76 0.015828 0.893881 0.090291 282.425877 412.284687
68 77 76 0.941835 0.012858 0.045307 280.871775 385.562541
68 77 76 0.586837 0.158358 0.254804 273.280879 396.832032
68 77 76 0.182213 0.462437 0.355350 272.452160 404.351269
68 77 76 0.084880 0.076484 0.838636 258.067025 404.672001
68 69 77 0.492601 0.299393 0.208006 290.194487 387.873237
68 69 77 0.477072 0.067052 0.455876 286.967237 394.743223
68 69 77 0.108941 0.241139 0.649921 295.371682 399.603611
68 69 77 0.023108 0.623753 0.353139 306.867935 392.163318
68 69 77 0.390069 0.425338 0.184593 299.505160 389.946273
68 69 77 0.248604 0.294651 0.456745 291.870936 392.056504
68 69 77 0.849996 0.075427 0.074577 286.624766 382.788545
68 69 77 0.814880 0.090455 0.094665 284.938714 381.480261
68 69 77 0.945785 0.015791 0.038423 283.569876 381.037297
68 69 77 0.457368 0.335073 0.207559 294.895547 389.059314
69 78 77 0.226247 0.464606 0.309147 310.638374 402.103934
69 78 77 0.794496 0.054045 0.151459 311.709226 384.642197
69 78 77 0.073523 0.294222 0.632255 299.650220 405.297500
69 78 77 0.587417 0.225228 0.187355 310.858349 392.783967
69 78 77 0.187032 0.056151 0.756817 293.810617 401.044037
69 78 77 0.158240 0.672339 0.169421 313.934720 406.935939
69 78 77 0.968950 0.020355 0.010694 319.253539 383.647817
69 78 77 0.423818 0.310082 0.266100 310.532496 398.547124
69 78 77 0.465805 0.118844 0.415351 305.195176 395.829680
69 78 77 0.037064 0.475720 0.487216 301.824772 408.710698
69 70 78 0.904272 0.024329 0.071398 322.406236 384.970360
69 70 78 0.855982 0.099192 0.044826 324.521497 384.398894
69 70 78 0.320916 0.090749 0.588335 323.732574 398.901134
69 70 78 0.468613 0.401736 0.129651 332.090071 387.277983
69 70 78 0.956330 0.012874 0.030796 323.099449 382.643795
69 70 78 0.615433 0.094916 0.289651 319.972655 388.796525
69 70 78 0.429612 0.414559 0.155829 335.951825 389.280563
69 70 78 0.548992 0.272868 0.178140 330.262844 384.451473
69 70 78 0.243118 0.004214 0.752668 320.720803 402.886034
69 70 78 0.280943 0.443413 0.275644 334.783048 393.739119
70 79 78 0.043681 0.946689 0.009630 354.044529 409.601243
70 79 78 0.833770 0.100026 0.066204 352.324396 391.352021
70 79 78 0.039091 0.714293 0.246616 346.550886 407.336280
70 79 78 0.854620 0.005637 0.139743 350.700578 384.275230
70 79 78 0.876434 0.017106 0.106460 351.705371 384.619376
70 79 78 0.614422 0.345078 0.040500 353.778713 391.495204
70 79 78 0.741583 0.254038 0.004380 358.568240 389.581719
70 79 78 0.477156 0.046335 0.476509 333.961476 398.586511
70 79 78 0.990129 0.000976 0.008895 359.110574 383.224155
70 79 78 0.258909 0.698633 0.042459 357.150303 401.714874
70 71 79 0.616166 0.072120 0.311714 361.670058 390.747826
70 71 79 0.852511 0.063255 0.084233 362.397835 379.226615
70 71 79 0.560426 0.032491 0.407084 358.688787 395.950237
70 71 79 0.474303 0.026717 0.498980 359.381161 396.052817
70 71 79 0.502989 0.070132 0.426880 358.366283 398.214699
70 71 79 0.758832 0.144811 0.096357 363.373275 386.002426
70 71 79 0.673747 0.193766 0.132487 365.183987 387.327264
70 71 79 0.939165 0.032700 0.028135 358.648943 385.996181
70 71 79 0.748909 0.141295 0.109797 364.161159 383.257191
70 71 79 0.625793 0.087779 0.286427 359.902962 391.898241
71 80 79 0.200263 0.650510 0.149227 386.153716 404.204770
71 80 79 0.292975 0.500835 0.206190 384.122360 403.179307
71 80 79 0.787622 0.090751 0.121627 391.249104 388.801503
71 80 79 0.975767 0.017486 0.006748 395.516477 381.348579
71 80 79 0.458973 0.405475 0.135552 389.016979 397.241433
71 80 79 0.268343 0.335340 0.396317 381.021132 405.282259
71 80 79 0.056079 0.920717 0.023204 393.109695 405.745275
71 80 79 0.323275 0.105338 0.571387 371.763833 401.156286
71 80 79 0.667175 0.194794 0.138031 390.744580 392.449848
71 80 79 0.453105 0.445594 0.101302 392.278111 398.576588
