0 1 9 0.307316 0.384239 0.308446 113.187923 144.350960
0 1 9 0.997963 0.000883 0.001155 101.057530 135.453649
0 1 9 0.703120 0.063891 0.232988 101.880391 137.169827
0 1 9 0.174577 0.078422 0.747001 95.161413 156.281742
0 1 9 0.810253 0.177985 0.011763 109.752581 134.270129
0 1 9 0.973828 0.022157 0.004015 101.289082 137.183954
0 1 9 0.513973 0.054944 0.431082 97.918586 148.340220
0 1 9 0.488032 0.392169 0.119799 111.384635 134.005050
0 1 9 0.901088 0.043011 0.055900 99.760385 133.303564
0 1 9 0.604356 0.143606 0.252038 104.981360 143.230674
1 10 9 0.910742 0.022587 0.066671 131.198801 132.650128
1 10 9 0.570831 0.142783 0.286386 124.849612 148.671697
1 10 9 0.223223 0.247189 0.529588 111.898001 155.840614
1 10 9 0.306750 0.070329 0.622922 110.120246 152.917187
1 10 9 0.708430 0.152951 0.138619 127.984266 140.587924
1 10 9 0.209211 0.614634 0.176155 124.913148 156.050845
1 10 9 0.373863 0.206387 0.419750 115.776406 153.325727
1 10 9 0.275314 0.543206 0.181480 122.085912 155.354953
1 10 9 0.173338 0.690717 0.135945 125.109381 158.782723
1 10 9 0.802180 0.091287 0.106533 132.784841 137.509071
1 2 10 0.726859 0.125977 0.147164 138.821365 138.453112
1 2 10 0.597635 0.299069 0.103297 146.583559 138.276154
1 2 10 0.894989 0.104260 0.000752 136.120246 136.859057
1 2 10 0.073309 0.764926 0.161765 163.835107 141.300234
1 2 10 0.646032 0.037041 0.316927 136.536130 139.602515
1 2 10 0.301359 0.331623 0.367017 146.834356 145.275974
1 2 10 0.312217 0.085395 0.602388 136.658596 151.593057
1 2 10 0.905412 0.086276 0.008312 137.927934 132.453958
1 2 10 0.053090 0.927419 0.019491 171.147351 133.291676
1 2 10 0.836140 0.104166 0.059694 142.559935 132.746600
2 11 10 0.288376 0.455499 0.256124 156.957978 151.850320
2 11 10 0.938694 0.013380 0.047926 170.595602 134.698614
2 11 10 0.941524 0.021086 0.037390 173.722549 134.444831
2 11 10 0.104787 0.088532 0.806681 135.948561 157.294386
2 11 10 0.942230 0.030121 0.027648 173.919019 135.788553
2 11 10 0.683560 0.194986 0.121454 163.384088 142.733119
2 11 10 0.557017 0.374814 0.068169 165.823220 142.015789
2 11 10 0.699685 0.102086 0.198229 163.930814 139.479414
2 11 10 0.792530 0.002412 0.205058 165.585275 136.295348
2 11 10 0.730949 0.224523 0.044527 168.632236 140.586460
2 3 11 0.798317 0.053531 0.148152 171.202365 136.406514
2 3 11 0.977361 0.011429 0.011209 173.465500 132.999255
2 3 11 0.244717 0.000995 0.754289 170.820083 157.058093
2 3 11 0.341769 0.389335 0.268896 188.077888 139.187323
2 3 11 0.929091 0.013486 0.057423 172.993549 138.275547
2 3 11 0.878610 0.008074 0.113316 175.547141 134.574786
2 3 11 0.186065 0.176607 0.637328 176.905038 152.359037
2 3 11 0.958019 0.039683 0.002298 173.827717 137.388554
2 3 11 0.302933 0.092280 0.604788 173.741287 145.398871
2 3 11 0.526318 0.219089 0.254593 182.783283 141.962568
3 12 11 0.370313 0.205937 0.423749 190.760192 151.894819
3 12 11 0.197305 0.320434 0.482261 190.545381 154.998266
3 12 11 0.176083 0.319618 0.504299 191.317625 157.440851
3 12 11 0.515659 0.224310 0.260031 198.554187 145.487573
3 12 11 0.112836 0.375396 0.511768 188.239286 162.317289
3 12 11 0.048957 0.082296 0.868747 174.202018 161.600767
3 12 11 0.386413 0.041514 0.572072 187.572141 148.087540
3 12 11 0.155402 0.402198 0.442400 187.812338 158.824625
3 12 11 0.805531 0.172838 0.021631 208.563191 136.140914
3 12 11 0.994167 0.001620 0.004213 208.159606 132.603006
3 4 12 0.616187 0.280082 0.103731 217.638314 136.879161
3 4 12 0.080671 0.590233 0.329095 231.927104 140.632518
3 4 12 0.208556 0.209712 0.581731 214.211340 153.422759
3 4 12 0.764461 0.142214 0.093324 215.675954 134.325932
3 4 12 0.724425 0.175004 0.100571 215.914893 135.534967
3 4 12 0.414213 0.081645 0.504142 210.004759 148.701019
3 4 12 0.444870 0.499386 0.055744 228.147554 135.642443
3 4 12 0.710476 0.183000 0.106523 217.620143 136.993717
3 4 12 0.873030 0.052328 0.074643 212.839499 132.853138
3 4 12 0.567674 0.272773 0.159553 222.501248 136.292884
4 13 12 0.963119 0.012349 0.024532 246.293973 134.724177
4 13 12 0.003181 0.144633 0.852186 213.545273 162.944397
4 13 12 0.621081 0.277978 0.100942 242.758848 145.987138
4 13 12 0.292905 0.354393 0.352702 233.084078 154.799887
4 13 12 0.240764 0.331614 0.427623 229.194188 156.395114
4 13 12 0.060302 0.414700 0.524998 227.396916 159.439935
4 13 12 0.074807 0.274079 0.651114 223.130548 158.677935
4 13 12 0.007243 0.881099 0.111657 243.669614 163.023448
4 13 12 0.249133 0.318572 0.432295 228.082746 155.459182
4 13 12 0.142649 0.248686 0.608665 223.237134 158.895751
4 5 13 0.886078 0.107740 0.006182 251.903963 134.556571
4 5 13 0.363569 0.226885 0.409545 256.018377 145.570653
4 5 13 0.987836 0.007753 0.004411 249.666882 133.146441
4 5 13 0.429860 0.045206 0.524935 245.712944 150.918272
4 5 13 0.799878 0.064312 0.135809 250.743990 140.916312
4 5 13 0.014525 0.801541 0.183934 279.164925 137.558505
4 5 13 0.787552 0.058015 0.154433 249.852113 135.887340
4 5 13 0.277941 0.258430 0.463629 258.566572 146.380533
4 5 13 0.264560 0.682340 0.053100 273.990423 133.999506
4 5 13 0.149937 0.031446 0.818617 246.679605 160.108961
5 14 13 0.345820 0.264535 0.389645 274.217451 154.468007
5 14 13 0.374604 0.573768 0.051628 284.406510 152.883749
5 14 13 0.979820 0.001753 0.018427 287.706173 134.686896
5 14 13 0.244393 0.674130 0.081477 285.792625 154.277918
5 14 13 0.529750 0.064781 0.405469 271.339368 145.233194
5 14 13 0.894158 0.034131 0.071711 286.398765 134.718888
5 14 13 0.637258 0.226133 0.136609 282.998276 143.312912
5 14 13 0.484108 0.508193 0.007700 288.663891 148.879623
5 14 13 0.489893 0.033507 0.476600 266.935635 149.077672
5 14 13 0.497487 0.360626 0.141887 282.698333 146.577724
5 6 14 0.459113 0.340212 0.200675 305.629769 137.865049
5 6 14 0.387062 0.425694 0.187245 305.798122 138.027098
5 6 14 0.472243 0.499411 0.028346 309.708354 132.815207
5 6 14 0.464422 0.145504 0.390074 294.920397 146.411942
5 6 14 0.042574 0.783449 0.173977 319.522391 140.451517
5 6 14 0.839171 0.044139 0.116690 290.513139 136.591772
5 6 14 0.445360 0.313505 0.241135 297.889390 138.989456
5 6 14 0.820135 0.043178 0.136687 289.784268 134.040318
5 6 14 0.200049 0.001021 0.798930 287.905934 157.122958
5 6 14 0.746909 0.122737 0.130354 294.344441 131.645216
6 15 14 0.210075 0.264543 0.525382 311.972374 156.515183
6 15 14 0.400311 0.124649 0.475040 308.097285 153.457380
6 15 14 0.161358 0.028205 0.810437 299.874805 155.090047
6 15 14 0.824280 0.142615 0.033104 324.048588 139.101052
6 15 14 0.563898 0.329223 0.106878 323.768613 147.612304
6 15 14 0.986282 0.000696 0.013022 326.479320 135.723904
6 15 14 0.626430 0.048765 0.324805 318.739510 146.130975
6 15 14 0.633183 0.029696 0.337121 314.710411 144.521297
6 15 14 0.501894 0.016602 0.481503 308.627927 143.729714
6 15 14 0.243888 0.327025 0.429087 312.671931 154.953564
6 7 15 0.684275 0.028517 0.287208 330.761415 141.417243
6 7 15 0.860143 0.101299 0.038559 332.083047 133.466805
6 7 15 0.965772 0.008389 0.025839 328.871419 137.753808
6 7 15 0.669769 0.226194 0.104037 335.323581 140.809088
6 7 15 0.217375 0.579900 0.202725 353.052951 140.951287
6 7 15 0.043728 0.222003 0.734269 338.621158 152.465660
6 7 15 0.608306 0.292191 0.099503 339.802780 137.701191
6 7 15 0.038615 0.300323 0.661062 339.018613 154.012482
6 7 15 0.672103 0.072397 0.255500 334.930131 140.172778
6 7 15 0.743619 0.051344 0.205037 330.701664 142.808002
7 16 15 0.856792 0.088609 0.054600 370.254488 139.781824
7 16 15 0.977383 0.019121 0.003496 368.126176 133.655896
7 16 15 0.555619 0.151958 0.292423 358.109673 145.622055
7 16 15 0.817027 0.056439 0.126534 362.400286 136.469216
7 16 15 0.880044 0.044620 0.075335 368.065559 139.175082
7 16 15 0.752158 0.228616 0.019227 364.677489 143.606985
7 16 15 0.739470 0.052750 0.207780 363.955321 143.818395
7 16 15 0.112870 0.663874 0.223256 359.180309 163.895729
7 16 15 0.112878 0.330226 0.556897 349.852864 163.615147
7 16 15 0.372390 0.203676 0.423934 354.296349 153.634252
7 8 16 0.437034 0.174710 0.388256 374.157307 147.678981
7 8 16 0.461281 0.280692 0.258027 383.359875 141.761331
7 8 16 0.570263 0.314720 0.115018 382.259991 137.666660
7 8 16 0.957931 0.021175 0.020894 368.908848 137.570930
7 8 16 0.445922 0.176954 0.377124 380.608261 145.529296
7 8 16 0.915318 0.028767 0.055915 370.040519 139.500609
7 8 16 0.529371 0.408708 0.061921 385.577120 136.466393
7 8 16 0.000925 0.689563 0.309512 401.341303 140.703759
7 8 16 0.098797 0.031910 0.869292 375.983386 160.102281
7 8 16 0.197405 0.758445 0.044150 400.863620 134.869153
8 17 16 0.064309 0.220335 0.715356 385.628705 161.354168
8 17 16 0.133051 0.369759 0.497190 393.264878 157.523675
8 17 16 0.593351 0.145051 0.261597 398.606191 146.845052
8 17 16 0.988851 0.007404 0.003745 411.674891 138.070682
8 17 16 0.986914 0.009287 0.003799 407.876393 135.828555
8 17 16 0.631089 0.175232 0.193679 402.495167 142.189528
8 17 16 0.395582 0.165800 0.438617 393.393044 153.066911
8 17 16 0.829240 0.015774 0.154986 402.108381 141.044076
8 17 16 0.340745 0.628197 0.031059 409.186522 152.848948
8 17 16 0.065991 0.664920 0.269089 401.850960 165.660881
9 10 18 0.829966 0.147561 0.022472 96.825456 162.462735
9 10 18 0.624385 0.081104 0.294511 91.400014 170.923628
9 10 18 0.468904 0.056813 0.474283 90.681393 179.628971
9 10 18 0.734151 0.237620 0.028229 103.028343 161.560624
9 10 18 0.035508 0.244570 0.719923 98.356933 190.162041
9 10 18 0.691438 0.001606 0.306956 88.995323 174.106843
9 10 18 0.774287 0.020497 0.205216 88.010252 170.008249
9 10 18 0.046647 0.587624 0.365729 110.380946 176.483020
9 10 18 0.985113 0.007894 0.006993 93.681228 161.516853
9 10 18 0.673152 0.196445 0.130403 98.177760 165.653794
10 19 18 0.568479 0.356135 0.075386 118.859785 179.456512
10 19 18 0.774408 0.145766 0.079826 126.152229 169.187066
10 19 18 0.027087 0.714677 0.258235 110.582775 198.413562
10 19 18 0.367004 0.356293 0.276703 114.336835 185.637384
10 19 18 0.881889 0.065226 0.052884 124.535203 166.985741
10 19 18 0.289987 0.276488 0.433525 107.003025 185.933435
10 19 18 0.679292 0.280152 0.040556 123.582476 178.243411
10 19 18 0.660346 0.288949 0.050705 124.043098 173.843648
10 19 18 0.789830 0.029242 0.180928 120.860190 166.360509
10 19 18 0.382748 0.509278 0.107975 116.899202 187.445916
10 11 19 0.852620 0.127405 0.019975 129.391802 165.759567
10 11 19 0.836000 0.105670 0.058330 137.318171 165.844985
10 11 19 0.633460 0.166848 0.199692 136.885560 171.229433
10 11 19 0.072311 0.602507 0.325182 149.402779 174.282324
10 11 19 0.569168 0.379628 0.051204 145.760214 163.876657
10 11 19 0.590121 0.295086 0.114793 138.967280 169.649729
10 11 19 0.866766 0.064168 0.069066 130.252013 167.223463
10 11 19 0.201711 0.585255 0.213034 153.094500 164.974717
10 11 19 0.034126 0.166646 0.799228 132.545742 188.234175
10 11 19 0.999968 0.000011 0.000021 132.463610 161.505467
11 20 19 0.548242 0.406394 0.045364 162.520747 178.602342
11 20 19 0.042087 0.456055 0.501858 144.120613 203.136659
11 20 19 0.978060 0.002693 0.019247 169.227233 162.224358
11 20 19 0.240688 0.392065 0.367247 149.098225 190.907129
11 20 19 0.242215 0.368516 0.389269 148.591737 186.829644
11 20 19 0.245649 0.213296 0.541055 144.011258 194.464529
11 20 19 0.581868 0.318315 0.099818 160.894243 175.973329
11 20 19 0.094676 0.360412 0.544912 139.311394 197.113664
11 20 19 0.063865 0.360045 0.576090 138.051262 200.008802
11 20 19 0.441416 0.486885 0.071699 158.388525 184.473105
11 12 20 0.576639 0.069925 0.353436 167.668280 176.096741
11 12 20 0.796483 0.088582 0.114935 170.860479 170.917151
11 12 20 0.413845 0.399874 0.186281 181.741624 168.074884
11 12 20 0.613517 0.143949 0.242534 173.145930 170.214965
11 12 20 0.205247 0.289192 0.505561 175.702220 183.224531
11 12 20 0.694946 0.040539 0.264516 164.670005 172.299459
11 12 20 0.942144 0.035565 0.022290 169.376713 163.925334
11 12 20 0.662470 0.058036 0.279494 169.306665 172.218611
11 12 20 0.076174 0.563898 0.359928 188.232048 175.148075
11 12 20 0.293571 0.626701 0.079728 194.909883 168.262474
12 21 20 0.323094 0.129979 0.546928 181.067204 187.759957
12 21 20 0.950614 0.007448 0.041939 209.845846 164.426546
12 21 20 0.441466 0.473954 0.084580 199.241488 182.816261
12 21 20 0.826140 0.056241 0.117619 201.250323 168.930606
12 21 20 0.561926 0.097853 0.340221 190.656675 178.930897
12 21 20 0.810385 0.068347 0.121268 203.174688 169.818823
12 21 20 0.724381 0.247846 0.027772 205.898955 170.443646
12 21 20 0.154098 0.487507 0.358396 183.985398 191.568670
12 21 20 0.648394 0.211194 0.140411 199.799913 176.815760
12 21 20 0.927959 0.038275 0.033765 205.011675 166.121139
12 13 21 0.782391 0.055065 0.162545 208.637833 170.343004
12 13 21 0.923254 0.011361 0.065385 208.970956 162.544749
12 13 21 0.998546 0.000193 0.001261 210.036321 161.798160
12 13 21 0.281942 0.214395 0.503662 210.539255 181.275656
12 13 21 0.545538 0.064491 0.389972 210.250935 177.602942
12 13 21 0.459372 0.490531 0.050097 225.014254 162.334029
12 13 21 0.182664 0.758174 0.059162 236.826159 170.286709
12 13 21 0.345067 0.227018 0.427915 214.268271 179.689644
12 13 21 0.697891 0.070610 0.231499 210.113583 173.379410
12 13 21 0.039505 0.673070 0.287424 228.922540 173.450992
13 22 21 0.193468 0.004401 0.802131 210.564176 190.935105
13 22 21 0.937889 0.053741 0.008369 246.086985 170.912075
13 22 21 0.475660 0.272401 0.251939 234.721094 179.818364
13 22 21 0.259393 0.305623 0.434984 230.265138 191.172300
13 22 21 0.304268 0.257118 0.438614 224.615141 183.299121
13 22 21 0.892051 0.008946 0.099003 241.342446 167.918212
13 22 21 0.634615 0.333589 0.031796 242.502561 178.810459
13 22 21 0.162654 0.000050 0.837296 208.901686 193.921136
13 22 21 0.218724 0.355996 0.425280 223.034981 194.268904
13 22 21 0.731918 0.097618 0.170464 239.013141 173.678319
13 14 22 0.606192 0.018144 0.375664 247.955548 180.093115
13 14 22 0.433574 0.158514 0.407912 252.743360 177.102558
13 14 22 0.773994 0.118487 0.107518 252.889605 167.723735
13 14 22 0.142751 0.599785 0.257463 272.849074 173.527180
13 14 22 0.141066 0.702539 0.156395 278.254042 166.134699
13 14 22 0.177209 0.430203 0.392588 263.727676 179.027894
13 14 22 0.740304 0.195444 0.064252 257.616286 162.870449
13 14 22 0.745671 0.022988 0.231341 246.025265 174.132747
13 14 22 0.267907 0.455296 0.276797 263.422598 174.592376
13 14 22 0.163599 0.471391 0.365010 264.713304 177.579034
14 23 22 0.642789 0.268243 0.088967 286.712048 178.093132
14 23 22 0.210242 0.481091 0.308668 275.216253 193.494873
14 23 22 0.450758 0.428064 0.121178 284.586372 183.471284
14 23 22 0.662478 0.098695 0.238827 281.301232 177.163865
14 23 22 0.491582 0.160496 0.347923 276.164703 181.845027
14 23 22 0.806828 0.047485 0.145687 284.185648 173.764620
14 23 22 0.516392 0.220120 0.263489 279.891400 180.387160
14 23 22 0.315659 0.183312 0.501029 267.477392 188.054514
14 23 22 0.990258 0.008854 0.000888 287.419458 160.704190
14 23 22 0.795481 0.083192 0.121326 286.653121 171.944686
14 15 23 0.888578 0.046018 0.065403 291.059789 164.743391
14 15 23 0.535408 0.442063 0.022529 305.935478 163.568731
14 15 23 0.138530 0.335095 0.526375 304.828159 181.728970
14 15 23 0.461397 0.282179 0.256424 300.950911 172.499535
14 15 23 0.011331 0.394438 0.594231 305.395078 190.099979
14 15 23 0.026331 0.664911 0.308758 317.076521 175.771504
14 15 23 0.521872 0.387611 0.090517 299.760069 166.248287
14 15 23 0.268532 0.240829 0.490639 295.037097 185.147401
14 15 23 0.603591 0.208784 0.187626 301.747712 170.192098
14 15 23 0.445873 0.488129 0.065998 311.470765 164.105209
15 24 23 0.540391 0.026710 0.432899 315.495864 180.865258
15 24 23 0.602178 0.193859 0.203963 320.936361 180.452007
15 24 23 0.356150 0.153800 0.490050 308.612002 189.479998
15 24 23 0.903000 0.075861 0.021139 327.639072 167.869589
15 24 23 0.276603 0.621336 0.102061 324.775401 194.571761
15 24 23 0.708550 0.193671 0.097779 324.435507 174.220408
15 24 23 0.403007 0.393082 0.203911 321.922882 185.140563
15 24 23 0.950015 0.010749 0.039235 328.589010 169.468471
15 24 23 0.085395 0.062296 0.852309 296.405591 197.862801
15 24 23 0.850509 0.092056 0.057435 327.750279 170.994946
15 16 24 0.305771 0.618303 0.075925 358.627604 167.420150
15 16 24 0.123517 0.513936 0.362546 354.833454 177.745209
15 16 24 0.677197 0.111552 0.211252 335.966516 175.093492
15 16 24 0.742671 0.244546 0.012783 340.636101 164.982202
15 16 24 0.028249 0.496257 0.475494 353.017206 182.539244
15 16 24 0.837098 0.064693 0.098209 334.928680 167.292689
15 16 24 0.493137 0.483286 0.023577 351.223029 166.217109
15 16 24 0.456235 0.364120 0.179645 344.095123 171.944279
15 16 24 0.697729 0.213856 0.088415 340.701547 169.061432
15 16 24 0.080685 0.374115 0.545201 345.518691 187.809542
16 25 24 0.330578 0.543351 0.126071 369.152514 189.814769
16 25 24 0.461070 0.143983 0.394947 354.619027 184.263750
16 25 24 0.150518 0.737578 0.111904 367.344951 199.278259
16 25 24 0.671394 0.042495 0.286111 360.855728 178.066137
16 25 24 0.058911 0.605376 0.335713 359.865306 199.684510
16 25 24 0.191803 0.561893 0.246304 365.776223 195.559838
16 25 24 0.133108 0.082458 0.784435 336.904847 196.091529
16 25 24 0.553337 0.091960 0.354704 356.104095 179.432808
16 25 24 0.975816 0.009985 0.014199 373.629502 162.860251
16 25 24 0.325179 0.373224 0.301597 359.505347 189.749852
16 17 25 0.134875 0.392816 0.472310 390.787281 183.061467
16 17 25 0.981195 0.010876 0.007929 373.256117 165.691800
16 17 25 0.387710 0.483713 0.128577 394.582594 171.701260
16 17 25 0.433221 0.475592 0.091188 389.254444 170.218515
16 17 25 0.704620 0.230337 0.065042 380.759928 166.206298
16 17 25 0.939962 0.046692 0.013346 371.829863 165.073259
16 17 25 0.166376 0.699070 0.134554 402.281101 172.118433
16 17 25 0.365512 0.458651 0.175837 388.138814 168.533929
16 17 25 0.748119 0.197357 0.054524 379.303181 162.515795
16 17 25 0.621589 0.377285 0.001126 387.446736 164.344262
17 26 25 0.692928 0.041462 0.265610 399.542398 177.234061
17 26 25 0.579085 0.334202 0.086713 411.968425 182.451332
17 26 25 0.592348 0.192000 0.215653 405.635389 182.057844
17 26 25 0.688137 0.229080 0.082784 413.904210 174.376862
17 26 25 0.802753 0.056698 0.140549 404.775810 173.347224
17 26 25 0.900412 0.009756 0.089832 408.945719 171.705435
17 26 25 0.925102 0.038699 0.036199 413.970539 161.432412
17 26 25 0.910552 0.008242 0.081206 410.626977 165.723158
17 26 25 0.689951 0.103597 0.206453 407.202628 176.223650
17 26 25 0.011215 0.275240 0.713545 385.999853 203.829751
18 19 27 0.904419 0.092210 0.003371 87.297315 199.773976
18 19 27 0.103715 0.161057 0.735229 91.605693 228.480446
18 19 27 0.607795 0.269306 0.122899 95.792655 205.000861
18 19 27 0.399596 0.193741 0.406663 93.179738 217.203857
18 19 27 0.762517 0.180362 0.057121 92.155568 203.163430
18 19 27 0.083242 0.570955 0.345803 103.441129 215.134235
18 19 27 0.713966 0.115513 0.170520 89.876126 203.395562
18 19 27 0.394585 0.522773 0.082642 104.180023 202.440535
18 19 27 0.948638 0.000338 0.051023 86.059472 200.658264
18 19 27 0.362185 0.407503 0.230313 95.218925 209.329319
19 28 27 0.110948 0.650692 0.238360 111.124934 237.588964
19 28 27 0.976314 0.019112 0.004574 119.191249 201.841126
19 28 27 0.123808 0.282931 0.593261 97.651745 238.192134
19 28 27 0.841950 0.125945 0.032105 119.070323 207.443104
19 28 27 0.960282 0.030442 0.009276 121.093528 201.935879
19 28 27 0.062666 0.540645 0.396689 106.326272 236.657799
19 28 27 0.148799 0.129222 0.721979 90.574186 235.264403
19 28 27 0.783185 0.159571 0.057244 119.379594 208.596864
19 28 27 0.409211 0.137914 0.452876 106.820016 224.563331
19 28 27 0.387031 0.044201 0.568768 99.251387 224.599491
19 20 28 0.309625 0.301715 0.388660 136.518228 217.140617
19 20 28 0.818599 0.009534 0.171868 118.869670 205.852464
19 20 28 0.216772 0.612633 0.170596 146.400012 209.132150
19 20 28 0.003009 0.926295 0.070695 159.415186 203.939269
19 20 28 0.674105 0.066294 0.259601 122.405717 210.994447
19 20 28 0.672912 0.234304 0.092784 131.425730 201.060028
19 20 28 0.158043 0.623559 0.218398 149.528199 211.810023
19 20 28 0.530069 0.219162 0.250769 131.327122 208.991861
19 20 28 0.137953 0.471241 0.390806 140.571192 215.459564
19 20 28 0.461542 0.523940 0.014518 139.347020 199.816581
20 29 28 0.688449 0.207002 0.104549 157.919338 213.063168
20 29 28 0.590730 0.199831 0.209439 152.083200 215.320847
20 29 28 0.975709 0.004861 0.019430 163.916128 201.342707
20 29 28 0.843198 0.081003 0.075799 159.389591 210.352547
20 29 28 0.605931 0.162420 0.231650 150.388314 215.747476
20 29 28 0.251177 0.207074 0.541749 140.395728 233.759716
20 29 28 0.776658 0.134693 0.088650 158.567120 210.445790
20 29 28 0.139070 0.733678 0.127253 156.261816 239.890034
20 29 28 0.718968 0.209530 0.071502 161.849098 215.727977
20 29 28 0.553560 0.387251 0.059189 159.210918 221.368392
20 21 29 0.155555 0.305079 0.539366 172.535734 220.074245
20 21 29 0.960875 0.005581 0.033544 163.968028 203.844623
20 21 29 0.829098 0.078858 0.092044 165.766137 205.931327
20 21 29 0.902266 0.010743 0.086991 161.158143 205.181162
20 21 29 0.170565 0.664989 0.164446 189.814420 208.113170
20 21 29 0.303311 0.367680 0.329010 176.808019 213.916653
20 21 29 0.791320 0.055805 0.152875 163.446602 206.543170
20 21 29 0.049104 0.320017 0.630880 173.910919 223.710803
20 21 29 0.703733 0.001473 0.294794 163.284704 214.477984
20 21 29 0.452951 0.221481 0.325568 172.235289 213.897077
21 30 29 0.771585 0.064217 0.164198 196.385502 208.371113
21 30 29 0.632840 0.038812 0.328348 186.858995 218.299207
21 30 29 0.401727 0.161355 0.436918 184.736950 228.258759
21 30 29 0.316425 0.130499 0.553076 179.876816 231.002166
21 30 29 0.420651 0.053547 0.525802 177.863363 222.466814
21 30 29 0.177072 0.603325 0.219602 192.583109 234.126951
21 30 29 0.264146 0.563484 0.172370 194.031459 233.801187
21 30 29 0.805243 0.106853 0.087903 196.028678 207.919027
21 30 29 0.531062 0.297426 0.171512 191.975647 218.811007
21 30 29 0.464707 0.108265 0.427028 185.881554 225.831362
21 22 30 0.819176 0.009907 0.170917 204.320705 207.741743
21 22 30 0.707896 0.168861 0.123243 206.881520 203.715026
21 22 30 0.496358 0.214620 0.289022 211.152607 213.175696
21 22 30 0.256014 0.306219 0.437768 217.292396 218.058831
21 22 30 0.394218 0.143358 0.462424 206.722222 218.358409
21 22 30 0.350086 0.438874 0.211040 220.446752 207.570977
21 22 30 0.415934 0.426462 0.157603 218.106684 210.471488
21 22 30 0.993109 0.003539 0.003351 203.417651 195.070679
21 22 30 0.147234 0.183327 0.669439 208.148286 229.698113
21 22 30 0.633201 0.000381 0.366418 203.231385 213.338332
22 31 30 0.724616 0.126907 0.148477 239.529930 214.284752
22 31 30 0.396056 0.015808 0.588135 214.475158 225.384107
22 31 30 0.413047 0.250773 0.336180 227.835907 225.118462
22 31 30 0.396702 0.550995 0.052302 240.984788 224.175906
22 31 30 0.148664 0.332591 0.518744 217.044539 237.280469
22 31 30 0.524271 0.261093 0.214636 235.329860 220.599565
22 31 30 0.142974 0.047753 0.809273 211.479103 237.430649
22 31 30 0.196132 0.669003 0.134864 234.951007 234.121965
22 31 30 0.156245 0.706934 0.136820 236.202331 239.014476
22 31 30 0.694399 0.138340 0.167262 240.480881 211.609659
22 23 31 0.460641 0.288225 0.251135 257.712796 209.450610
22 23 31 0.087534 0.349863 0.562603 259.013467 219.987276
22 23 31 0.014230 0.318817 0.666953 254.634222 231.285558
22 23 31 0.138742 0.783236 0.078022 277.181134 204.248301
22 23 31 0.659067 0.112506 0.228427 247.928133 209.250215
22 23 31 0.828969 0.005340 0.165691 239.583961 207.683112
22 23 31 0.094282 0.318042 0.587676 256.861235 223.637075
22 23 31 0.262549 0.221965 0.515486 252.422772 224.948133
22 23 31 0.924860 0.036645 0.038495 243.421016 201.107922
22 23 31 0.272529 0.472408 0.255063 264.996751 214.775315
23 32 31 0.597729 0.174834 0.227437 282.293457 217.764581
23 32 31 0.504128 0.491235 0.004637 284.923970 222.285435
23 32 31 0.212780 0.619080 0.168140 277.332362 236.588559
23 32 31 0.689169 0.191852 0.118979 283.663726 215.445193
23 32 31 0.942171 0.022590 0.035239 290.121293 203.563633
23 32 31 0.021501 0.837980 0.140519 277.284222 240.412640
23 32 31 0.580901 0.048238 0.370861 268.983133 216.297386
23 32 31 0.538466 0.265565 0.195969 278.955702 220.321442
23 32 31 0.961990 0.014359 0.023650 288.501752 208.826166
23 32 31 0.987486 0.008785 0.003730 288.088949 200.837298
23 24 32 0.384669 0.064562 0.550769 291.557474 224.987934
23 24 32 0.649070 0.069429 0.281501 288.825261 213.888296
23 24 32 0.118698 0.633858 0.247444 312.082389 208.467018
23 24 32 0.180369 0.161685 0.657947 290.565901 232.006074
23 24 32 0.672248 0.185365 0.142387 296.360000 209.057068
23 24 32 0.090032 0.709008 0.200960 315.831208 208.732093
23 24 32 0.447680 0.115682 0.436638 290.891422 221.989351
23 24 32 0.820791 0.067258 0.111951 289.422790 206.855868
23 24 32 0.920529 0.045831 0.033641 290.293308 202.947459
23 24 32 0.339518 0.417090 0.243392 303.493331 212.788782
24 33 32 0.442105 0.496872 0.061023 328.135277 223.785315
24 33 32 0.074489 0.467995 0.457516 302.866801 242.788900
24 33 32 0.956629 0.019541 0.023830 330.661324 205.709390
24 33 32 0.164420 0.064985 0.770595 292.494264 236.397768
24 33 32 0.755298 0.131086 0.113617 324.895738 214.767370
24 33 32 0.415459 0.301203 0.283337 313.654251 226.340625
24 33 32 0.549519 0.182945 0.267536 320.891968 221.240164
24 33 32 0.530253 0.070541 0.399206 312.550344 222.030704
24 33 32 0.450628 0.171414 0.377957 313.552995 224.478068
24 33 32 0.996935 0.003018 0.000047 328.315287 205.549984
24 25 33 0.396918 0.560271 0.042811 356.755749 205.166447
24 25 33 0.887383 0.075412 0.037205 332.302039 203.912783
24 25 33 0.322120 0.011451 0.666429 328.768436 231.950111
24 25 33 0.389840 0.584743 0.025416 357.297688 201.288972
24 25 33 0.855925 0.025638 0.118437 331.297390 208.165247
24 25 33 0.770795 0.159566 0.069639 333.222531 205.300411
24 25 33 0.036753 0.536954 0.426292 353.660409 217.947763
24 25 33 0.902115 0.022671 0.075214 329.628729 203.250173
24 25 33 0.310214 0.370724 0.319062 345.945700 220.092718
24 25 33 0.761833 0.120576 0.117592 333.508575 205.120752
25 34 33 0.175966 0.150617 0.673417 340.460518 236.499527
25 34 33 0.589277 0.256609 0.154114 362.795719 222.675713
25 34 33 0.791986 0.166278 0.041735 371.010137 206.174148
25 34 33 0.107759 0.572049 0.320192 356.254884 235.031730
25 34 33 0.991383 0.007030 0.001587 371.398728 200.837995
25 34 33 0.584828 0.373260 0.041912 372.188030 221.973129
25 34 33 0.074677 0.563657 0.361666 361.040433 244.983588
25 34 33 0.049962 0.717439 0.232599 363.604849 243.564442
25 34 33 0.839572 0.129647 0.030781 371.471675 208.488850
25 34 33 0.148347 0.738891 0.112761 368.129360 242.428987
25 26 34 0.956164 0.024932 0.018904 369.473371 204.633414
25 26 34 0.540723 0.068182 0.391095 376.959762 221.245814
25 26 34 0.298996 0.026035 0.674969 375.830754 229.939505
25 26 34 0.205098 0.644001 0.150901 400.658709 208.114283
25 26 34 0.292169 0.134353 0.573477 378.164795 222.827899
25 26 34 0.590935 0.331573 0.077492 388.765721 204.470285
25 26 34 0.656900 0.311680 0.031420 383.779662 205.174979
25 26 34 0.002030 0.933929 0.064041 416.256482 205.945986
25 26 34 0.545481 0.022344 0.432174 370.319604 218.331138
25 26 34 0.562775 0.346068 0.091158 391.796735 205.970727
26 35 34 0.788272 0.031801 0.179927 410.820312 215.390857
26 35 34 0.800515 0.091259 0.108226 409.863751 210.579343
26 35 34 0.831397 0.100710 0.067893 416.590631 211.362146
26 35 34 0.346787 0.410966 0.242247 411.442493 231.019753
26 35 34 0.710188 0.104943 0.184869 408.275568 214.519073
26 35 34 0.430914 0.076552 0.492535 396.888342 225.636511
26 35 34 0.342331 0.422598 0.235071 408.003802 230.303992
26 35 34 0.785782 0.005880 0.208338 410.186900 217.010084
26 35 34 0.802050 0.104899 0.093051 418.372360 207.583640
26 35 34 0.487984 0.317879 0.194137 411.888291 225.150540
27 28 36 0.083924 0.455139 0.460936 102.950352 262.161408
27 28 36 0.887764 0.038257 0.073979 80.795631 244.316174
27 28 36 0.460272 0.220671 0.319057 89.211046 249.392720
27 28 36 0.217216 0.382927 0.399857 100.857161 257.143721
27 28 36 0.867252 0.030095 0.102653 81.008754 243.670101
27 28 36 0.842464 0.157101 0.000435 88.976080 240.717236
27 28 36 0.795683 0.102308 0.102008 85.462759 244.781262
27 28 36 0.852395 0.130597 0.017008 85.715672 245.293943
27 28 36 0.246481 0.157339 0.596179 94.974608 263.797139
27 28 36 0.561775 0.004821 0.433404 83.982577 255.871869
28 37 36 0.790011 0.078303 0.131685 115.194589 250.658033
28 37 36 0.799918 0.046196 0.153886 115.712879 252.950634
28 37 36 0.972638 0.014863 0.012499 118.596129 245.076168
28 37 36 0.051548 0.476265 0.472188 103.941184 277.723055
28 37 36 0.984660 0.004190 0.011150 121.175328 240.845428
28 37 36 0.346157 0.605721 0.048121 123.052225 268.710292
28 37 36 0.212537 0.163960 0.623503 99.831177 271.871377
28 37 36 0.380899 0.538759 0.080342 122.577504 268.168938
28 37 36 0.312511 0.557225 0.130264 115.421418 268.546462
28 37 36 0.087031 0.596267 0.316702 113.862767 278.270818
28 29 37 0.868872 0.084856 0.046272 127.185744 242.929738
28 29 37 0.562049 0.181425 0.256525 128.607939 250.997783
28 29 37 0.024427 0.235690 0.739883 129.197807 273.146493
28 29 37 0.285044 0.530848 0.184108 140.728078 252.802332
28 29 37 0.013072 0.655115 0.331812 146.611354 254.047319
28 29 37 0.897036 0.027790 0.075173 126.579276 243.435345
28 29 37 0.199719 0.694954 0.105327 145.909084 246.953610
28 29 37 0.340292 0.588613 0.071096 145.015835 247.097725
28 29 37 0.549547 0.263940 0.186513 128.364207 250.304414
28 29 37 0.933664 0.056048 0.010288 123.175174 240.077169
29 38 37 0.760119 0.101596 0.138285 154.399642 251.721060
29 38 37 0.492256 0.269239 0.238505 153.407219 264.001185
29 38 37 0.728233 0.088840 0.182927 152.072465 253.056555
29 38 37 0.289334 0.695162 0.015505 159.871029 272.156307
29 38 37 0.802430 0.118527 0.079042 157.228643 253.400963
29 38 37 0.280678 0.506014 0.213308 152.664899 270.857480
29 38 37 0.636042 0.205093 0.158865 153.578816 253.846045
29 38 37 0.327149 0.482292 0.190559 156.161776 268.867609
29 38 37 0.965403 0.013391 0.021206 156.405942 239.607895
29 38 37 0.035739 0.372086 0.592175 142.243545 277.823759
29 30 38 0.343369 0.241813 0.414818 170.639415 258.973580
29 30 38 0.534408 0.080293 0.385300 163.667595 259.011469
29 30 38 0.005893 0.060909 0.933198 164.690610 278.389389
29 30 38 0.735233 0.020729 0.244038 159.346761 248.689709
29 30 38 0.355675 0.065259 0.579066 162.359857 266.082215
29 30 38 0.094144 0.745546 0.160310 189.254482 249.771972
29 30 38 0.094639 0.067695 0.837666 163.142281 274.111631
29 30 38 0.169567 0.193062 0.637372 164.992821 265.966183
29 30 38 0.195993 0.651043 0.152964 187.640922 250.536656
29 30 38 0.878704 0.042550 0.078746 161.692064 243.012372
30 39 38 0.838633 0.115842 0.045526 198.545121 249.553643
30 39 38 0.173248 0.190131 0.636621 177.795657 275.103890
30 39 38 0.627787 0.013369 0.358844 183.709582 256.264799
30 39 38 0.775189 0.224429 0.000381 201.543701 249.481830
30 39 38 0.738602 0.243244 0.018154 200.869065 253.610716
30 39 38 0.970806 0.013468 0.015726 200.733329 244.054764
30 39 38 0.365651 0.443963 0.190386 196.639034 269.247352
30 39 38 0.034412 0.537079 0.428509 184.841984 280.447578
30 39 38 0.604494 0.288559 0.106948 200.007194 259.892340
30 39 38 0.593735 0.340225 0.066040 199.759079 261.723695
30 31 39 0.756835 0.185379 0.057786 209.368642 246.794066
30 31 39 0.387278 0.088905 0.523817 205.462742 264.853077
30 31 39 0.624861 0.016029 0.359111 205.825199 258.466919
30 31 39 0.670753 0.086614 0.242633 207.511675 254.364240
30 31 39 0.535813 0.424532 0.039655 223.528273 241.305585
30 31 39 0.539266 0.033200 0.427533 204.350759 265.113907
30 31 39 0.597030 0.338634 0.064335 211.707571 248.725879
30 31 39 0.964774 0.034264 0.000962 203.101432 241.945696
30 31 39 0.030334 0.442043 0.527624 221.457112 267.801298
30 31 39 0.264184 0.442138 0.293678 218.999499 258.042761
31 40 39 0.866651 0.087019 0.046331 239.241378 250.758962
31 40 39 0.612947 0.207313 0.179740 232.471169 256.597723
31 40 39 0.868980 0.016412 0.114608 239.185280 252.234044
31 40 39 0.015261 0.672238 0.312501 229.397790 285.697424
31 40 39 0.472597 0.329646 0.197757 234.609587 265.204615
31 40 39 0.037648 0.044644 0.917708 202.889153 281.295289
31 40 39 0.897428 0.020864 0.081707 238.525060 248.711467
31 40 39 0.252625 0.732805 0.014570 240.425313 276.046602
31 40 39 0.955193 0.029822 0.014985 241.600681 243.711912
31 40 39 0.674475 0.108889 0.216636 233.389857 257.022057
31 32 40 0.956993 0.005847 0.037161 243.887486 244.651178
31 32 40 0.891004 0.001758 0.107238 242.311881 246.665741
31 32 40 0.709173 0.222862 0.067965 253.080156 245.505364
31 32 40 0.859325 0.136109 0.004566 245.081454 244.580607
31 32 40 0.827536 0.138590 0.033874 251.740766 249.373070
31 32 40 0.277024 0.466962 0.256013 259.665561 257.346287
31 32 40 0.479728 0.104144 0.416128 245.053073 260.901621
31 32 40 0.828760 0.126395 0.044846 247.227046 242.851310
31 32 40 0.600293 0.264447 0.135260 252.310559 247.885056
31 32 40 0.857102 0.088003 0.054895 245.880015 246.858528
32 41 40 0.838164 0.071726 0.090110 283.585929 250.289947
32 41 40 0.909549 0.010401 0.080050 282.299875 249.202444
32 41 40 0.752999 0.043035 0.203966 277.974590 254.659973
32 41 40 0.212433 0.064688 0.722879 251.391710 279.168611
32 41 40 0.925352 0.024536 0.050111 283.943859 245.573967
32 41 40 0.737526 0.052711 0.209762 273.556870 255.789962
32 41 40 0.591317 0.214288 0.194395 278.149879 263.574837
32 41 40 0.199808 0.058743 0.741449 251.986833 279.268020
32 41 40 0.837564 0.081798 0.080638 278.521729 250.590537
32 41 40 0.375721 0.559438 0.064840 282.994811 273.955657
32 33 41 0.313851 0.590326 0.095823 311.064703 245.832672
32 33 41 0.794993 0.084201 0.120806 286.861401 248.287514
32 33 41 0.095380 0.213450 0.691170 289.976327 273.297191
32 33 41 0.783512 0.058759 0.157730 286.839188 253.696979
32 33 41 0.304711 0.639248 0.056041 315.135116 247.035808
32 33 41 0.444049 0.007924 0.548027 286.142178 267.375407
32 33 41 0.245713 0.243646 0.510641 296.022518 261.080850
32 33 41 0.952210 0.037164 0.010626 286.807648 242.363113
32 33 41 0.681016 0.300719 0.018265 300.370978 242.609618
32 33 41 0.384326 0.222282 0.393392 294.568195 261.619731
33 42 41 0.710360 0.181531 0.108110 325.688623 257.697257
33 42 41 0.189715 0.119466 0.690819 297.467984 278.367253
33 42 41 0.314907 0.079894 0.605199 301.541949 270.505980
33 42 41 0.110791 0.666318 0.222892 313.054848 281.643599
33 42 41 0.160452 0.554647 0.284900 312.414305 280.075750
33 42 41 0.743194 0.113777 0.143028 322.188731 251.650090
33 42 41 0.297848 0.120451 0.581702 300.318892 275.491849
33 42 41 0.941911 0.039113 0.018976 327.222247 246.852174
33 42 41 0.470237 0.269734 0.260029 317.555028 266.115904
33 42 41 0.085934 0.365084 0.548981 306.625587 283.830619
33 34 42 0.838605 0.119644 0.041751 332.231713 246.993944
33 34 42 0.022139 0.326960 0.650901 339.921330 272.450623
33 34 42 0.825632 0.104318 0.070049 330.661814 246.675154
33 34 42 0.347418 0.427345 0.225237 343.972443 255.284385
33 34 42 0.733410 0.242521 0.024069 344.154309 247.980479
33 34 42 0.985822 0.001212 0.012966 329.621440 242.536760
33 34 42 0.908442 0.089470 0.002089 336.156945 246.612721
33 34 42 0.390589 0.235976 0.373435 340.000033 260.081136
33 34 42 0.708283 0.173832 0.117885 337.171051 251.545462
33 34 42 0.231900 0.547794 0.220305 354.088857 248.782372
34 43 42 0.682027 0.202636 0.115337 368.348313 259.395491
34 43 42 0.481572 0.346847 0.171582 367.202205 268.847679
34 43 42 0.846963 0.132672 0.020366 375.142277 251.853893
34 43 42 0.042307 0.953535 0.004158 372.732059 289.694578
34 43 42 0.100215 0.608319 0.291466 356.625226 285.429097
34 43 42 0.534738 0.418840 0.046423 373.047861 262.835297
34 43 42 0.629122 0.072660 0.298217 359.350412 259.143636
34 43 42 0.431547 0.408197 0.160256 364.449573 269.750747
34 43 42 0.474263 0.426863 0.098874 367.074966 270.477307
34 43 42 0.763821 0.011847 0.224332 364.537939 253.175968
34 35 43 0.244020 0.215548 0.540432 383.638801 267.059256
34 35 43 0.363419 0.441407 0.195175 391.640843 256.879779
34 35 43 0.053443 0.649614 0.296943 399.772207 256.966401
34 35 43 0.752485 0.081918 0.165597 374.468650 251.612881
34 35 43 0.800340 0.153886 0.045774 382.602285 249.504656
34 35 43 0.343156 0.082363 0.574481 376.958377 267.183331
34 35 43 0.427634 0.147695 0.424671 376.165634 264.736571
34 35 43 0.885046 0.079400 0.035555 376.312732 248.800318
34 35 43 0.323849 0.148965 0.527185 381.152483 271.446154
34 35 43 0.038405 0.396593 0.565002 389.093289 273.901892
35 44 43 0.260253 0.092657 0.647090 388.750915 279.328880
35 44 43 0.277998 0.597363 0.124639 415.083036 275.656258
35 44 43 0.913864 0.033567 0.052569 417.862491 250.565980
35 44 43 0.688859 0.125513 0.185628 410.962634 259.235113
35 44 43 0.686442 0.268507 0.045051 413.950448 260.670780
35 44 43 0.461528 0.233453 0.305019 402.850334 268.818225
35 44 43 0.537598 0.163731 0.298671 406.655985 265.881012
35 44 43 0.190403 0.365933 0.443664 400.774764 281.307198
35 44 43 0.098197 0.590485 0.311318 399.168511 283.317778
35 44 43 0.850303 0.120690 0.029007 417.523857 254.370584
36 37 45 0.807013 0.175515 0.017472 93.637401 279.977449
36 37 45 0.579561 0.033075 0.387364 89.122161 291.165072
36 37 45 0.434870 0.222143 0.342987 96.870644 291.990700
36 37 45 0.548454 0.272887 0.178659 97.163324 284.597445
36 37 45 0.934135 0.063962 0.001903 86.551353 278.679004
36 37 45 0.756177 0.110109 0.133713 92.165986 287.221293
36 37 45 0.488513 0.344015 0.167472 103.065580 281.276647
36 37 45 0.145848 0.077623 0.776529 94.622834 301.827243
36 37 45 0.911160 0.010335 0.078505 84.742165 281.209899
36 37 45 0.488629 0.224674 0.286697 95.807838 289.036966
37 46 45 0.291425 0.244693 0.463882 114.624446 304.996839
37 46 45 0.363937 0.100702 0.535361 108.711192 300.062731
37 46 45 0.318929 0.332149 0.348922 119.491417 306.619081
37 46 45 0.200382 0.378679 0.420939 112.179874 306.225641
37 46 45 0.609099 0.266217 0.124684 124.752104 292.153066
37 46 45 0.259988 0.593822 0.146191 123.788158 301.773769
37 46 45 0.085022 0.862251 0.052726 127.661187 314.400947
37 46 45 0.549775 0.123207 0.327019 115.415204 297.266148
37 46 45 0.648510 0.233131 0.118359 120.560779 292.103794
37 46 45 0.502152 0.026184 0.471664 111.868620 296.857844
37 38 46 0.536979 0.185318 0.277703 134.061122 290.550398
37 38 46 0.170728 0.190638 0.638634 135.885511 304.104954
37 38 46 0.801864 0.027064 0.171071 125.781473 286.021562
37 38 46 0.388543 0.467491 0.143966 145.976338 288.392437
37 38 46 0.991787 0.001033 0.007181 121.758540 279.520033
37 38 46 0.707025 0.254647 0.038327 134.076120 282.930976
37 38 46 0.544690 0.068848 0.386462 127.022954 295.246646
37 38 46 0.770927 0.054412 0.174661 127.940308 288.484175
37 38 46 0.250346 0.699217 0.050437 152.546899 281.524437
37 38 46 0.638314 0.313830 0.047856 134.415582 280.329938
38 47 46 0.787665 0.196997 0.015338 163.436863 289.872555
38 47 46 0.316615 0.588677 0.094708 163.778008 305.680147
38 47 46 0.024248 0.445014 0.530738 145.209988 313.909168
38 47 46 0.619262 0.064818 0.315920 152.265353 296.786646
38 47 46 0.057825 0.924982 0.017193 169.882389 315.162340
38 47 46 0.349093 0.374475 0.276432 152.001828 306.558730
38 47 46 0.778348 0.027202 0.194449 155.716609 290.797238
38 47 46 0.408465 0.287221 0.304313 156.422458 304.082666
38 47 46 0.845445 0.122952 0.031602 160.526367 290.880939
38 47 46 0.041018 0.565333 0.393648 150.165699 315.797927
38 39 47 0.847509 0.003984 0.148507 163.281525 286.831357
38 39 47 0.236108 0.217166 0.546727 174.253414 303.060840
38 39 47 0.535960 0.416291 0.047749 179.225317 283.824760
38 39 47 0.588297 0.193540 0.218163 168.307611 290.974589
38 39 47 0.365499 0.216521 0.417980 172.150981 297.252427
38 39 47 0.436944 0.315384 0.247671 179.857772 290.975603
38 39 47 0.768849 0.093152 0.137999 166.450842 286.713787
38 39 47 0.872280 0.048006 0.079714 161.211121 282.993034
38 39 47 0.018932 0.201269 0.779799 171.989467 309.127019
38 39 47 0.642737 0.350636 0.006627 178.197050 283.213052
39 48 47 0.352530 0.411854 0.235616 193.830407 308.808522
39 48 47 0.725967 0.248672 0.025361 198.035001 291.947202
39 48 47 0.985746 0.003579 0.010675 202.324626 282.569666
39 48 47 0.482230 0.457843 0.059927 199.415386 302.229346
39 48 47 0.562179 0.428460 0.009361 202.819573 298.956461
39 48 47 0.264648 0.508313 0.227039 194.292439 307.021583
39 48 47 0.981781 0.005936 0.012283 201.355869 283.682127
39 48 47 0.926309 0.029270 0.044421 201.393504 285.005612
39 48 47 0.411877 0.018405 0.569718 183.418971 303.687890
39 48 47 0.667288 0.264184 0.068528 199.246731 296.267614
39 40 48 0.924500 0.041145 0.034356 201.655260 285.211195
39 40 48 0.572099 0.394709 0.033192 218.895169 286.020758
39 40 48 0.729269 0.197752 0.072979 208.782683 287.483605
39 40 48 0.859099 0.011262 0.129639 202.292475 289.212312
39 40 48 0.702358 0.012205 0.285437 203.719916 294.804966
39 40 48 0.069171 0.059437 0.871392 204.013026 315.594870
39 40 48 0.436025 0.489584 0.074391 218.500716 290.268296
39 40 48 0.464984 0.432082 0.102934 220.309040 292.107202
39 40 48 0.908925 0.019351 0.071724 203.929971 285.143758
39 40 48 0.069156 0.435826 0.495018 222.509775 299.349840
40 49 48 0.182803 0.267280 0.549918 215.645459 312.934307
40 49 48 0.811575 0.138856 0.049569 239.294173 294.076247
40 49 48 0.468368 0.448688 0.082944 236.299094 299.692976
40 49 48 0.443803 0.088152 0.468046 223.556812 305.028344
40 49 48 0.816493 0.064258 0.119250 236.597706 289.568660
40 49 48 0.193766 0.622857 0.183377 233.004615 312.805193
40 49 48 0.958474 0.010542 0.030983 236.886568 284.646975
40 49 48 0.981171 0.001042 0.017787 240.396104 290.754180
40 49 48 0.426177 0.562509 0.011314 244.088878 307.526834
40 49 48 0.426844 0.327170 0.245986 233.570001 302.337532
40 41 49 0.037695 0.500424 0.461881 263.438264 302.202046
40 41 49 0.323969 0.205979 0.470052 251.309602 303.829178
40 41 49 0.487963 0.184728 0.327309 249.811179 300.422584
40 41 49 0.430119 0.521989 0.047892 264.396528 286.209313
40 41 49 0.616346 0.277027 0.106628 253.501204 287.407728
40 41 49 0.899002 0.082929 0.018069 244.591708 285.536956
40 41 49 0.305193 0.290978 0.403830 255.815911 297.048175
40 41 49 0.184308 0.681199 0.134493 269.025470 290.592905
40 41 49 0.163580 0.090790 0.745630 243.743742 309.786316
40 41 49 0.347680 0.125198 0.527121 246.669645 301.053240
41 50 49 0.305727 0.116193 0.578081 258.615073 310.971849
41 50 49 0.712654 0.057145 0.230201 276.081414 296.270128
41 50 49 0.625594 0.242998 0.131408 276.065122 298.162000
41 50 49 0.276726 0.649227 0.074047 278.850288 313.715105
41 50 49 0.278938 0.668836 0.052227 283.325698 313.681893
41 50 49 0.245591 0.518293 0.236116 274.809319 317.443213
41 50 49 0.046724 0.531873 0.421403 263.226560 320.483422
41 50 49 0.930341 0.032837 0.036822 284.013212 289.177574
41 50 49 0.635861 0.071239 0.292900 274.361859 298.610814
41 50 49 0.915999 0.027741 0.056260 284.261284 286.776496
41 42 50 0.974970 0.014148 0.010882 282.613760 283.908981
41 42 50 0.518001 0.262266 0.219733 294.124766 297.760051
41 42 50 0.674972 0.198978 0.126050 288.604457 290.671753
41 42 50 0.886248 0.113574 0.000178 289.174354 288.120956
41 42 50 0.359215 0.529776 0.111009 303.172853 287.931346
41 42 50 0.585755 0.390063 0.024183 305.600821 288.321645
41 42 50 0.013830 0.241186 0.744985 292.835802 314.223637
41 42 50 0.897347 0.024430 0.078223 288.097360 288.671526
41 42 50 0.177952 0.398038 0.424010 301.374247 301.405613
41 42 50 0.071392 0.802663 0.125946 316.723411 289.176006
42 51 50 0.412914 0.321033 0.266053 315.285423 307.579843
42 51 50 0.129920 0.637378 0.232702 317.221630 317.366142
42 51 50 0.964288 0.010895 0.024817 323.924651 288.977156
42 51 50 0.807202 0.040093 0.152704 317.455588 294.373477
42 51 50 0.613295 0.194143 0.192562 319.738147 301.516823
42 51 50 0.708841 0.001067 0.290092 312.490744 301.096871
42 51 50 0.759823 0.173381 0.066796 323.152364 294.830479
42 51 50 0.125277 0.807892 0.066831 318.349159 319.790794
42 51 50 0.242924 0.384934 0.372142 309.838081 316.154681
42 51 50 0.878715 0.026765 0.094520 323.821389 289.529906
42 43 51 0.604809 0.319829 0.075362 340.299281 289.219643
42 43 51 0.416247 0.467227 0.116525 347.077475 289.920481
42 43 51 0.351942 0.506041 0.142017 350.004460 293.335851
42 43 51 0.331166 0.031129 0.637705 326.789501 312.777128
42 43 51 0.503071 0.125603 0.371326 334.580258 299.386970
42 43 51 0.890471 0.029645 0.079883 325.647586 290.877085
42 43 51 0.154839 0.409117 0.436044 340.669698 306.595791
42 43 51 0.128140 0.083888 0.787972 332.117359 318.228232
42 43 51 0.939839 0.015156 0.045005 329.437310 288.519514
42 43 51 0.306373 0.091042 0.602585 329.181688 309.660413
43 52 51 0.853842 0.059034 0.087123 366.232708 290.856741
43 52 51 0.315708 0.126204 0.558088 346.468522 313.844066
43 52 51 0.319729 0.214254 0.466017 346.091281 311.372278
43 52 51 0.057272 0.546403 0.396325 349.782267 321.797632
43 52 51 0.861333 0.069804 0.068863 371.068047 293.209682
43 52 51 0.668175 0.296277 0.035548 365.284182 300.804536
43 52 51 0.695439 0.276475 0.028086 365.604637 297.939466
43 52 51 0.431573 0.402971 0.165455 359.144615 306.699305
43 52 51 0.007836 0.847640 0.144525 360.765532 323.731218
43 52 51 0.998979 0.000468 0.000553 373.034992 292.266193
43 44 52 0.301541 0.394353 0.304106 386.144886 304.054814
43 44 52 0.437379 0.052408 0.510212 369.785946 305.032032
43 44 52 0.391814 0.389397 0.218790 384.433711 298.018488
43 44 52 0.207436 0.747646 0.044919 403.105029 295.422137
43 44 52 0.860666 0.021729 0.117606 373.002419 292.152410
43 44 52 0.263192 0.617967 0.118841 393.614735 292.882197
43 44 52 0.641349 0.280138 0.078513 382.591039 292.731155
43 44 52 0.719443 0.110026 0.170531 374.779884 291.155504
43 44 52 0.871608 0.019127 0.109265 372.913957 293.054893
43 44 52 0.980486 0.003419 0.016095 371.693170 290.810992
44 53 52 0.885999 0.110903 0.003098 418.740615 294.845632
44 53 52 0.793262 0.143510 0.063227 411.723593 301.040574
44 53 52 0.267590 0.006262 0.726148 377.414396 316.252390
44 53 52 0.617986 0.055426 0.326589 399.094948 309.191321
44 53 52 0.720987 0.259263 0.019750 412.014449 302.605435
44 53 52 0.267388 0.657656 0.074956 411.812968 317.685422
44 53 52 0.123458 0.581936 0.294605 400.291547 322.409814
44 53 52 0.888278 0.009606 0.102117 410.197959 292.212824
44 53 52 0.172273 0.567821 0.259906 395.966430 319.516359
44 53 52 0.681904 0.098782 0.219314 405.264658 302.293682
45 46 54 0.193169 0.785240 0.021592 124.269661 314.930596
45 46 54 0.652770 0.078685 0.268545 99.442199 321.563844
45 46 54 0.532973 0.040146 0.426881 102.379438 325.062234
45 46 54 0.707953 0.127334 0.164712 103.073441 317.319187
45 46 54 0.272689 0.709430 0.017880 122.766552 311.761922
45 46 54 0.598555 0.057685 0.343760 103.597203 320.081044
45 46 54 0.126120 0.318229 0.555651 115.184762 329.759821
45 46 54 0.550297 0.166941 0.282762 103.536324 317.245152
45 46 54 0.193258 0.499781 0.306961 115.252803 322.021236
45 46 54 0.991539 0.001121 0.007341 94.086030 312.737813
46 55 54 0.662920 0.212975 0.124105 128.676950 324.787260
46 55 54 0.523544 0.259354 0.217102 127.517323 328.201571
46 55 54 0.815443 0.106251 0.078307 126.522221 321.350716
46 55 54 0.415529 0.102399 0.482072 118.662079 326.843080
46 55 54 0.373330 0.537382 0.089288 133.679595 331.744173
46 55 54 0.786760 0.066966 0.146275 129.797566 320.711175
46 55 54 0.624238 0.060722 0.315040 121.645558 329.363157
46 55 54 0.571888 0.215103 0.213009 125.921642 324.153662
46 55 54 0.696362 0.199264 0.104373 126.603362 320.938830
46 55 54 0.164214 0.662342 0.173445 131.625276 334.670950
46 47 55 0.045307 0.033139 0.921554 139.197254 339.762208
46 47 55 0.352244 0.090198 0.557558 135.792185 331.091230
46 47 55 0.529794 0.062738 0.407467 137.390099 324.871359
46 47 55 0.393352 0.520335 0.086314 147.019664 318.973925
46 47 55 0.177772 0.664089 0.158139 156.835693 318.864127
46 47 55 0.169197 0.347604 0.483200 146.222306 330.243282
46 47 55 0.894145 0.085956 0.019899 131.960602 318.847308
46 47 55 0.377486 0.396248 0.226266 146.881719 320.246913
46 47 55 0.148490 0.314828 0.536681 143.575531 329.754078
46 47 55 0.038521 0.248308 0.713171 147.891836 337.093413
47 56 55 0.043369 0.205188 0.751444 146.437632 341.121404
47 56 55 0.462476 0.152097 0.385427 151.243493 331.238203
47 56 55 0.678356 0.183034 0.138610 163.139269 324.714497
47 56 55 0.316412 0.635672 0.047916 172.485975 339.466835
47 56 55 0.094724 0.082162 0.823114 147.563371 338.573414
47 56 55 0.825058 0.060634 0.114308 161.094038 323.807952
47 56 55 0.521012 0.302647 0.176341 165.075188 328.089075
47 56 55 0.720070 0.059201 0.220730 159.354644 325.627734
47 56 55 0.494799 0.341193 0.164008 164.538273 333.309326
47 56 55 0.558794 0.056101 0.385105 153.458340 330.918086
47 48 56 0.424300 0.470559 0.105141 183.901287 320.933400
47 48 56 0.013369 0.159937 0.826694 177.817745 344.814903
47 48 56 0.410317 0.311548 0.278135 180.462733 326.849783
47 48 56 0.372826 0.058680 0.568494 177.024578 332.031299
47 48 56 0.167931 0.032284 0.799786 177.730294 343.330913
47 48 56 0.947353 0.012666 0.039980 168.923666 318.044679
47 48 56 0.554513 0.116120 0.329367 177.864471 322.635360
47 48 56 0.179209 0.134114 0.686678 181.001491 339.109651
47 48 56 0.470174 0.514215 0.015611 186.970187 321.327270
47 48 56 0.880172 0.054500 0.065328 169.076097 317.596100
48 57 56 0.418740 0.262131 0.319129 193.524832 331.651237
48 57 56 0.276001 0.536334 0.187665 198.556003 338.700926
48 57 56 0.199010 0.284616 0.516375 187.774714 341.067572
48 57 56 0.953674 0.043446 0.002880 198.449450 317.304083
48 57 56 0.388954 0.329746 0.281300 198.761564 335.498604
48 57 56 0.657869 0.211999 0.130131 202.281589 328.916279
48 57 56 0.996796 0.000449 0.002755 203.173924 317.960569
48 57 56 0.426250 0.454313 0.119437 206.057217 331.176839
48 57 56 0.121356 0.672061 0.206583 204.408349 343.780649
48 57 56 0.979257 0.004739 0.016005 204.952587 319.629177
48 49 57 0.667876 0.266390 0.065734 211.556085 320.627019
48 49 57 0.337543 0.447302 0.215155 218.454456 326.353607
48 49 57 0.823526 0.072629 0.103845 206.101198 326.020027
48 49 57 0.017454 0.313613 0.668933 220.474404 338.673910
48 49 57 0.604979 0.115096 0.279925 208.268594 325.050760
48 49 57 0.891533 0.005612 0.102854 203.721726 320.405595
48 49 57 0.283906 0.360735 0.355359 220.144011 329.839786
48 49 57 0.846913 0.070484 0.082603 209.731057 323.641445
48 49 57 0.838032 0.105828 0.056140 205.257921 321.287716
48 49 57 0.041546 0.818017 0.140437 239.955476 323.041434
49 58 57 0.404699 0.058857 0.536444 224.508955 335.457619
49 58 57 0.541064 0.451978 0.006958 243.057716 327.467596
49 58 57 0.794496 0.110196 0.095307 236.912700 325.819744
49 58 57 0.450261 0.227665 0.322074 230.141532 335.887403
49 58 57 0.483438 0.242534 0.274028 234.560164 336.461396
49 58 57 0.420039 0.004522 0.575439 223.148170 337.447063
49 58 57 0.057020 0.052600 0.890380 209.361742 345.149719
49 58 57 0.614691 0.112718 0.272591 235.859422 327.119160
49 58 57 0.197008 0.105211 0.697781 223.214931 339.520563
49 58 57 0.316832 0.500898 0.182270 236.542775 337.413370
49 50 58 0.934502 0.063717 0.001780 242.468225 319.161509
49 50 58 0.051129 0.097683 0.851187 250.046565 343.281496
49 50 58 0.274277 0.000818 0.724906 243.242892 343.089364
49 50 58 0.680634 0.205287 0.114080 247.282525 322.450792
49 50 58 0.140546 0.109547 0.749906 245.684562 339.599529
49 50 58 0.258365 0.185026 0.556609 248.341896 337.324827
49 50 58 0.628337 0.077862 0.293801 249.689223 329.172183
49 50 58 0.642622 0.350681 0.006696 253.767219 319.760769
49 50 58 0.555932 0.438938 0.005130 262.381099 317.944659
49 50 58 0.652924 0.293621 0.053455 252.307537 323.887444
50 59 58 0.085680 0.640378 0.273941 272.558910 349.827464
50 59 58 0.069692 0.557099 0.373208 269.251422 350.978676
50 59 58 0.293524 0.444144 0.262332 272.388924 342.589293
50 59 58 0.015020 0.243009 0.741971 256.149779 345.931292
50 59 58 0.495262 0.343175 0.161563 277.420834 338.472624
50 59 58 0.582374 0.213354 0.204272 273.687201 331.754713
50 59 58 0.067879 0.012973 0.919148 248.196842 344.063293
50 59 58 0.183749 0.597632 0.218619 272.851976 349.363645
50 59 58 0.164212 0.224953 0.610836 261.029546 344.715865
50 59 58 0.893267 0.044568 0.062165 281.813534 323.853563
50 51 59 0.071140 0.924906 0.003955 321.771471 325.799790
50 51 59 0.953291 0.036698 0.010011 286.896123 322.178025
50 51 59 0.291884 0.285880 0.422236 297.411619 335.053537
50 51 59 0.458071 0.510117 0.031813 305.085317 323.746019
50 51 59 0.935134 0.020387 0.044478 286.198732 325.294112
50 51 59 0.823936 0.001297 0.174766 283.909782 328.414667
50 51 59 0.135510 0.510219 0.354271 302.726255 333.189402
50 51 59 0.914413 0.036119 0.049467 283.437219 321.828788
50 51 59 0.925030 0.053436 0.021533 285.578115 321.636578
50 51 59 0.636428 0.312194 0.051378 293.385152 320.574235
51 60 59 0.379987 0.059390 0.560623 301.969837 336.672348
51 60 59 0.143220 0.659379 0.197401 314.371578 351.365446
51 60 59 0.984927 0.012467 0.002607 326.693638 324.061572
51 60 59 0.204720 0.195790 0.599490 299.509535 343.381754
51 60 59 0.790054 0.142933 0.067012 319.133399 324.364560
51 60 59 0.139942 0.208323 0.651736 293.898145 344.326532
51 60 59 0.224861 0.470407 0.304732 307.162363 345.946111
51 60 59 0.361259 0.170775 0.467967 300.888450 344.737718
51 60 59 0.263212 0.035862 0.700926 292.880628 340.207160
51 60 59 0.175257 0.021767 0.802976 290.447598 344.814196
51 52 60 0.018086 0.115094 0.866820 327.162382 347.254234
51 52 60 0.575097 0.158639 0.266264 328.546977 328.206494
51 52 60 0.613388 0.022348 0.364264 320.274957 334.726451
51 52 60 0.662867 0.198168 0.138965 332.964473 327.643986
51 52 60 0.348745 0.620353 0.030902 352.971651 326.467512
51 52 60 0.305247 0.247078 0.447675 333.259785 337.252119
51 52 60 0.024045 0.772364 0.203591 354.566880 331.537879
51 52 60 0.980107 0.015186 0.004707 322.658868 323.490350
51 52 60 0.569085 0.284949 0.145966 337.884757 329.598071
51 52 60 0.759272 0.141334 0.099394 331.889681 327.988313
52 61 60 0.690061 0.147702 0.162236 357.192972 334.131784
52 61 60 0.136458 0.529316 0.334226 346.608316 349.192918
52 61 60 0.803039 0.164354 0.032607 365.992518 335.982383
52 61 60 0.971970 0.019857 0.008173 360.849323 329.698693
52 61 60 0.501959 0.050885 0.447156 343.411827 338.032558
52 61 60 0.250290 0.005949 0.743761 333.056630 349.421825
52 61 60 0.680504 0.312841 0.006655 364.754843 334.893195
52 61 60 0.466521 0.256895 0.276584 347.414656 344.041988
52 61 60 0.056075 0.126657 0.817268 327.750051 354.346928
52 61 60 0.472670 0.211449 0.315881 350.442498 341.211868
52 53 61 0.770786 0.070486 0.158729 370.259684 328.681166
52 53 61 0.689179 0.120131 0.190690 368.657395 333.990518
52 53 61 0.781822 0.210878 0.007299 375.117224 328.061977
52 53 61 0.533726 0.328936 0.137338 381.886902 328.926348
52 53 61 0.890732 0.005792 0.103475 363.426977 328.275643
52 53 61 0.694593 0.178694 0.126713 374.269897 328.775187
52 53 61 0.069230 0.477153 0.453617 384.046786 339.520298
52 53 61 0.421852 0.310029 0.268119 376.712875 331.907344
52 53 61 0.545151 0.308113 0.146736 377.962794 337.600966
52 53 61 0.840584 0.048038 0.111378 369.052600 330.709343
53 62 61 0.074431 0.718567 0.207003 396.247460 357.803481
53 62 61 0.029002 0.306534 0.664463 374.565214 356.406521
53 62 61 0.982244 0.017466 0.000290 409.810864 327.987665
53 62 61 0.594268 0.204260 0.201472 398.671637 339.602192
53 62 61 0.100812 0.521212 0.377976 388.285456 355.222283
53 62 61 0.639070 0.305982 0.054947 408.645918 336.086611
53 62 61 0.218339 0.769651 0.012010 405.254054 349.183318
53 62 61 0.118985 0.481124 0.399891 387.296418 353.102184
53 62 61 0.712338 0.009523 0.278138 395.613499 335.368615
53 62 61 0.433575 0.420342 0.146083 399.559418 347.302391
54 55 63 0.171237 0.310466 0.518297 121.755708 347.971215
54 55 63 0.722781 0.071342 0.205877 108.269728 338.675756
54 55 63 0.747182 0.211845 0.040973 112.633382 339.628444
54 55 63 0.671293 0.246215 0.082492 116.424918 339.520100
54 55 63 0.175026 0.018340 0.806634 112.958758 353.763634
54 55 63 0.541764 0.288269 0.169967 120.279171 345.006842
54 55 63 0.589740 0.242548 0.167712 114.829669 341.429147
54 55 63 0.139000 0.169030 0.691970 117.242569 347.847275
54 55 63 0.873781 0.048113 0.078106 105.248790 342.103339
54 55 63 0.540462 0.375213 0.084325 119.681367 343.050871
55 64 63 0.348716 0.342759 0.308525 129.137222 354.688711
55 64 63 0.829295 0.006185 0.164520 131.885966 344.337448
55 64 63 0.596848 0.160856 0.242296 134.774025 351.189649
55 64 63 0.490512 0.016346 0.493141 125.556042 350.098004
55 64 63 0.271980 0.299981 0.428040 134.756680 355.908365
55 64 63 0.959014 0.025797 0.015189 137.867185 337.018946
55 64 63 0.983171 0.002198 0.014631 140.137274 342.716891
55 64 63 0.236412 0.751806 0.011782 147.778696 355.511406
55 64 63 0.843666 0.080216 0.076118 137.989581 339.641959
55 64 63 0.924571 0.026481 0.048947 135.622618 339.151135
55 56 64 0.516922 0.073943 0.409136 148.746132 348.012722
55 56 64 0.356458 0.532037 0.111505 159.240809 338.984574
55 56 64 0.440742 0.267094 0.292164 153.509394 343.335653
55 56 64 0.785597 0.084381 0.130022 145.642491 343.026611
55 56 64 0.649639 0.194053 0.156308 146.729152 345.680012
55 56 64 0.652425 0.174246 0.173329 147.302317 346.885857
55 56 64 0.268627 0.374391 0.356982 153.355925 350.655220
55 56 64 0.438273 0.200166 0.361561 148.231807 347.156760
55 56 64 0.634247 0.268478 0.097275 151.890861 343.310870
55 56 64 0.996494 0.002801 0.000705 136.711001 342.031799
56 65 64 0.481534 0.158557 0.359910 165.902849 354.610633
56 65 64 0.763902 0.039882 0.196216 169.500030 346.521693
56 65 64 0.692293 0.058708 0.248999 163.388423 348.755481
56 65 64 0.853453 0.082490 0.064057 175.466551 344.622850
56 65 64 0.607026 0.155624 0.237350 167.735225 350.837834
56 65 64 0.043433 0.665963 0.290604 173.089945 358.243680
56 65 64 0.012489 0.622207 0.365305 167.961507 361.222270
56 65 64 0.127499 0.796145 0.076356 176.447481 360.330364
56 65 64 0.133865 0.502681 0.363453 162.647431 360.862647
56 65 64 0.225359 0.135556 0.639085 159.274187 354.572641
56 57 65 0.160484 0.097037 0.742478 185.779666 355.254751
56 57 65 0.777478 0.220756 0.001766 181.892202 342.881648
56 57 65 0.235043 0.763412 0.001545 203.534090 344.790992
56 57 65 0.432294 0.091944 0.475762 181.704356 353.329717
56 57 65 0.565404 0.421657 0.012939 188.332313 342.740022
56 57 65 0.607320 0.147639 0.245040 181.401138 351.982037
56 57 65 0.023316 0.165694 0.810990 185.392857 359.577996
56 57 65 0.143036 0.818847 0.038117 205.948868 343.803165
56 57 65 0.810217 0.112423 0.077360 182.527123 345.613835
56 57 65 0.578234 0.084894 0.336872 180.537306 351.763493
57 66 65 0.215231 0.456854 0.327915 203.587420 360.605148
57 66 65 0.252394 0.139183 0.608423 194.703183 360.668742
57 66 65 0.448316 0.033980 0.517704 194.894592 354.698503
57 66 65 0.609971 0.206919 0.183110 204.257514 354.700849
57 66 65 0.811402 0.000761 0.187837 203.292880 349.478437
57 66 65 0.108054 0.857601 0.034345 215.499692 363.642263
57 66 65 0.477337 0.143715 0.378948 201.168562 357.537907
57 66 65 0.129687 0.389996 0.480317 195.058295 360.962085
57 66 65 0.252511 0.066678 0.680811 192.260511 356.795550
57 66 65 0.717556 0.217165 0.065279 207.352811 350.536526
57 58 66 0.275082 0.656489 0.068430 230.143607 352.796564
57 58 66 0.378381 0.154881 0.466739 216.507699 354.110354
57 58 66 0.744094 0.205801 0.050105 219.373480 346.532593
57 58 66 0.948319 0.010056 0.041625 211.164397 350.125641
57 58 66 0.803656 0.152616 0.043728 212.445598 345.564094
57 58 66 0.365337 0.201142 0.433521 219.497343 356.558946
57 58 66 0.250405 0.698982 0.050613 231.903032 349.820851
57 58 66 0.951307 0.043909 0.004784 212.885113 347.638503
57 58 66 0.792309 0.173637 0.034054 216.831482 346.510997
57 58 66 0.648515 0.282271 0.069214 217.961942 346.729634
58 67 66 0.085746 0.542280 0.371973 237.394321 362.949865
58 67 66 0.849975 0.136698 0.013328 246.674807 349.028227
58 67 66 0.450117 0.240001 0.309882 236.902852 357.962500
58 67 66 0.852551 0.001838 0.145612 240.145230 347.923475
58 67 66 0.927495 0.028423 0.044082 244.199814 345.830741
58 67 66 0.566276 0.039155 0.394569 233.828005 355.066145
58 67 66 0.305533 0.435935 0.258532 239.083400 359.227683
58 67 66 0.900110 0.035633 0.064257 241.380681 344.981153
58 67 66 0.664279 0.012772 0.322950 235.103597 355.752039
58 67 66 0.554366 0.274774 0.170860 244.198310 354.401205
58 59 67 0.691529 0.237095 0.071376 254.979500 347.755583
58 59 67 0.285884 0.338340 0.375776 260.172936 353.435369
58 59 67 0.646822 0.308757 0.044421 256.135575 350.077778
58 59 67 0.822935 0.024383 0.152682 244.615305 350.482059
58 59 67 0.506414 0.056979 0.436607 251.040545 356.563715
58 59 67 0.709796 0.041201 0.249002 245.885682 350.684413
58 59 67 0.609064 0.316833 0.074103 258.750762 351.868390
58 59 67 0.456201 0.405179 0.138620 259.399647 353.617507
58 59 67 0.443980 0.453799 0.102221 261.639060 350.995296
58 59 67 0.990821 0.008638 0.000541 247.357698 343.634010
59 68 67 0.243556 0.363317 0.393127 271.356929 364.908670
59 68 67 0.972428 0.022334 0.005237 282.396832 355.488074
59 68 67 0.437473 0.081152 0.481375 261.891998 362.095218
59 68 67 0.938588 0.048997 0.012415 280.704358 349.514077
59 68 67 0.303134 0.391577 0.305289 271.837443 363.290279
59 68 67 0.426513 0.073257 0.500229 266.538914 358.478511
59 68 67 0.518871 0.148738 0.332391 271.287867 361.348553
59 68 67 0.253944 0.644469 0.101587 281.255522 364.586878
59 68 67 0.409022 0.196164 0.394814 267.006645 361.505370
59 68 67 0.900797 0.015697 0.083507 282.853527 351.626310
59 60 68 0.883771 0.057828 0.058401 283.918077 352.103065
59 60 68 0.861989 0.119610 0.018401 283.853718 351.831980
59 60 68 0.625583 0.249868 0.124549 288.352515 351.562354
59 60 68 0.943119 0.033832 0.023049 285.160685 350.874758
59 60 68 0.999607 0.000338 0.000055 282.744830 349.123561
59 60 68 0.539484 0.263265 0.197251 294.134816 354.196585
59 60 68 0.438272 0.385387 0.176341 298.943060 355.269847
59 60 68 0.023468 0.349739 0.626793 296.772591 362.176444
59 60 68 0.028477 0.342616 0.628907 294.316040 361.589143
59 60 68 0.494685 0.025493 0.479823 282.404128 357.445186
60 69 68 0.327611 0.216845 0.455544 305.086582 364.526765
60 69 68 0.071604 0.343347 0.585050 297.575734 369.104793
60 69 68 0.150901 0.036117 0.812982 292.338010 367.003845
60 69 68 0.796329 0.144011 0.059660 319.826280 356.509787
60 69 68 0.782697 0.212098 0.005205 320.897826 352.466806
60 69 68 0.771795 0.087945 0.140260 317.100396 358.000551
60 69 68 0.873593 0.074582 0.051825 318.356343 355.213323
60 69 68 0.990723 0.006630 0.002647 322.842275 353.363717
60 69 68 0.404305 0.103856 0.491838 303.512788 364.837064
60 69 68 0.025140 0.253215 0.721645 293.756185 368.429166
60 61 69 0.173834 0.683783 0.142383 347.652165 362.564551
60 61 69 0.208746 0.286211 0.505043 334.251512 363.661836
60 61 69 0.328194 0.325282 0.346524 332.167784 362.501701
60 61 69 0.284374 0.050125 0.665501 323.140611 361.658009
60 61 69 0.111613 0.084705 0.803682 321.269729 368.590525
60 61 69 0.763539 0.056588 0.179874 322.293831 358.903101
60 61 69 0.205733 0.545971 0.248295 338.340028 359.066410
60 61 69 0.337216 0.568153 0.094631 338.900239 358.418723
60 61 69 0.678107 0.273904 0.047989 333.341999 355.419178
60 61 69 0.042077 0.368752 0.589171 332.341396 365.334859
61 70 69 0.412100 0.474680 0.113220 354.024565 366.588278
61 70 69 0.027379 0.556169 0.416452 339.388221 372.324605
61 70 69 0.965896 0.027920 0.006184 360.868092 356.696097
61 70 69 0.022770 0.636853 0.340377 343.310786 377.291550
61 70 69 0.041701 0.478477 0.479822 336.394470 376.669933
61 70 69 0.568871 0.043511 0.387617 341.711713 364.225570
61 70 69 0.077113 0.109212 0.813675 326.592314 372.376840
61 70 69 0.950286 0.045928 0.003786 359.535616 356.444297
61 70 69 0.678602 0.049803 0.271595 348.033010 361.336579
61 70 69 0.641788 0.105450 0.252763 350.653820 362.137029
61 62 70 0.184074 0.099773 0.716153 363.082629 368.933627
61 62 70 0.519770 0.211063 0.269167 366.367835 363.920521
61 62 70 0.494366 0.017387 0.488247 356.659472 365.628958
61 62 70 0.897674 0.020953 0.081373 361.975395 357.450519
61 62 70 0.435762 0.134189 0.430049 366.706096 366.084015
61 62 70 0.248197 0.210547 0.541256 365.543423 366.337596
61 62 70 0.376596 0.077137 0.546267 360.708267 368.169862
61 62 70 0.291310 0.298636 0.410054 369.949960 362.709752
61 62 70 0.507675 0.216211 0.276114 366.329536 363.684769
61 62 70 0.496967 0.038045 0.464987 361.131021 363.597064
62 71 70 0.233655 0.329685 0.436660 376.480958 374.659046
62 71 70 0.586388 0.225171 0.188441 390.476997 365.910635
62 71 70 0.182791 0.154577 0.662632 366.745237 370.129321
62 71 70 0.039320 0.126435 0.834244 360.896793 375.869599
62 71 70 0.632857 0.176113 0.191030 393.848152 363.913429
62 71 70 0.013549 0.724873 0.261578 384.168031 375.480866
62 71 70 0.243362 0.689367 0.067272 394.020670 374.035227
62 71 70 0.301502 0.335789 0.362709 381.967825 373.988806
62 71 70 0.629656 0.017750 0.352594 386.625322 363.965509
62 71 70 0.877959 0.081221 0.040821 399.541341 357.029948
63 64 72 0.987540 0.001047 0.011413 114.933955 358.654043
63 64 72 0.883425 0.103297 0.013278 118.182988 361.911410
63 64 72 0.701226 0.084855 0.213918 122.847795 358.938252
63 64 72 0.429918 0.041973 0.528109 124.985770 364.474738
63 64 72 0.926538 0.028127 0.045335 115.301927 356.621487
63 64 72 0.026425 0.490825 0.482750 138.045806 360.199511
63 64 72 0.769332 0.007789 0.222879 116.123616 360.344119
63 64 72 0.587385 0.351888 0.060728 128.136851 359.922988
63 64 72 0.162802 0.410592 0.426607 134.006313 363.381411
63 64 72 0.917957 0.064702 0.017342 115.093321 354.008449
64 73 72 0.519636 0.019802 0.460561 137.529361 361.422279
64 73 72 0.923173 0.049633 0.027193 147.194118 358.144475
64 73 72 0.368572 0.296403 0.335025 142.621620 367.428170
64 73 72 0.705495 0.051270 0.243234 143.141977 360.709171
64 73 72 0.205181 0.658148 0.136671 149.314316 371.202384
64 73 72 0.608711 0.070998 0.320290 138.894388 363.780537
64 73 72 0.842738 0.125796 0.031466 152.079756 356.629502
64 73 72 0.677767 0.207017 0.115216 145.454343 364.632840
64 73 72 0.039927 0.438555 0.521518 140.655833 372.515050
64 73 72 0.138341 0.821333 0.040326 152.813561 370.935092
64 65 73 0.117144 0.159368 0.723487 161.644079 368.613860
64 65 73 0.074950 0.001168 0.923882 158.556560 372.108488
64 65 73 0.155409 0.037772 0.806819 157.483005 371.427936
64 65 73 0.897533 0.007939 0.094528 148.332528 359.065583
64 65 73 0.007791 0.729480 0.262729 173.653346 363.113719
64 65 73 0.831268 0.025232 0.143501 148.747944 362.618624
64 65 73 0.527912 0.218462 0.253626 159.409053 365.407375
64 65 73 0.621172 0.361769 0.017059 161.850321 360.869742
64 65 73 0.496717 0.037805 0.465478 154.255404 370.591209
64 65 73 0.686225 0.271230 0.042545 155.660018 364.705986
65 74 73 0.420710 0.013089 0.566201 170.038430 370.361715
65 74 73 0.765490 0.020792 0.213719 171.996560 367.311186
65 74 73 0.430511 0.086455 0.483034 174.343020 368.737089
65 74 73 0.252746 0.694247 0.053007 183.549786 370.716861
65 74 73 0.309465 0.571100 0.119435 181.049772 374.790495
65 74 73 0.892554 0.027701 0.079745 177.407133 359.240560
65 74 73 0.379109 0.260576 0.360315 172.873824 368.325110
65 74 73 0.504989 0.042911 0.452100 169.903460 366.248091
65 74 73 0.833699 0.065020 0.101280 178.103610 365.767820
65 74 73 0.220157 0.053399 0.726444 165.223479 372.768218
65 66 74 0.696719 0.009326 0.293955 182.428232 366.592301
65 66 74 0.893096 0.102642 0.004262 184.342660 362.182550
65 66 74 0.141308 0.508863 0.349829 195.830764 369.640620
65 66 74 0.122820 0.451659 0.425521 201.505721 369.995668
65 66 74 0.523918 0.459414 0.016668 198.048771 362.658997
65 66 74 0.045316 0.675712 0.278972 203.540246 364.919862
65 66 74 0.741530 0.142702 0.115768 191.233018 362.536751
65 66 74 0.785160 0.197689 0.017151 189.980973 363.067235
65 66 74 0.230527 0.274062 0.495411 190.866073 371.578467
65 66 74 0.731876 0.142293 0.125831 184.792195 368.190889
66 75 74 0.236301 0.170178 0.593521 201.354511 374.570429
66 75 74 0.970152 0.006046 0.023801 211.839324 364.521082
66 75 74 0.389086 0.544568 0.066347 213.657408 374.128171
66 75 74 0.822548 0.172046 0.005405 216.531309 365.009407
66 75 74 0.148094 0.629285 0.222622 209.806778 374.845075
66 75 74 0.774732 0.102426 0.122842 210.543380 368.655870
66 75 74 0.418969 0.044638 0.536393 200.528565 368.416565
66 75 74 0.089200 0.810532 0.100268 216.654956 374.715369
66 75 74 0.726748 0.184968 0.088284 214.841574 368.936137
66 75 74 0.642699 0.331473 0.025828 214.462607 367.484040
66 67 75 0.338992 0.410569 0.250439 228.376511 372.378273
66 67 75 0.120043 0.207784 0.672173 225.235445 372.659064
66 67 75 0.226771 0.237499 0.535730 225.608412 373.318958
66 67 75 0.551963 0.203809 0.244228 223.400624 365.877325
66 67 75 0.357614 0.452177 0.190208 230.287301 368.439572
66 67 75 0.567167 0.356482 0.076350 228.411646 368.613534
66 67 75 0.556499 0.317196 0.126305 226.372716 368.921895
66 67 75 0.295966 0.486179 0.217855 232.429222 368.117710
66 67 75 0.365608 0.632495 0.001898 236.154113 365.540617
66 67 75 0.227560 0.002293 0.770147 220.629203 375.860765
67 76 75 0.490541 0.158697 0.350762 237.594905 371.487283
67 76 75 0.060663 0.030530 0.908807 219.755691 376.857496
67 76 75 0.308979 0.372221 0.318800 235.264236 375.833035
67 76 75 0.829218 0.082452 0.088330 244.840002 369.127536
67 76 75 0.867312 0.102103 0.030584 246.180872 368.387859
67 76 75 0.047171 0.770046 0.182783 243.793030 380.262058
67 76 75 0.559503 0.223033 0.217464 244.601723 373.194507
67 76 75 0.598852 0.332214 0.068934 243.502762 373.852820
67 76 75 0.640157 0.153432 0.206411 241.534188 370.910598
67 76 75 0.576910 0.287818 0.135272 243.996610 372.783476
67 68 76 0.677439 0.075220 0.247341 254.018888 366.507202
67 68 76 0.108780 0.379052 0.512167 265.588064 374.215144
67 68 76 0.240817 0.526128 0.233056 268.051722 372.214347
67 68 76 0.859651 0.037962 0.102387 252.796871 370.608735
67 68 76 0.302896 0.119532 0.577572 256.753478 376.358658
67 68 76 0.607837 0.046567 0.345597 252.511940 371.738700
67 68 76 0.928104 0.059670 0.012226 254.383671 367.908487
67 68 76 0.792418 0.190942 0.016640 254.746071 367.851814
67 68 76 0.739853 0.131412 0.128735 255.204976 372.082362
67 68 76 0.934595 0.020601 0.044804 247.880637 368.955552
68 77 76 0.305720 0.553593 0.140687 275.723633 376.974248
68 77 76 0.149594 0.154641 0.695765 262.690450 380.596742
68 77 76 0.250212 0.544575 0.205212 275.924530 381.221826
68 77 76 0.193394 0.766190 0.040416 282.824451 379.305067
68 77 76 0.495622 0.445903 0.058475 282.245183 380.732635
68 77 76 0.254493 0.139910 0.605597 264.008811 377.919395
68 77 76 0.771909 0.004300 0.223791 276.071324 370.875063
68 77 76 0.604569 0.308361 0.087071 278.440777 373.611298
68 77 76 0.492939 0.318477 0.188584 277.158023 379.001576
68 77 76 0.123506 0.113775 0.762720 257.759162 378.033375
68 69 77 0.540567 0.281180 0.178253 291.573105 374.758726
68 69 77 0.933861 0.058769 0.007370 283.406534 372.985775
68 69 77 0.079613 0.292663 0.627725 295.019717 374.541019
68 69 77 0.374319 0.173032 0.452649 289.633974 375.148485
68 69 77 0.800928 0.138886 0.060186 288.778778 371.216400
68 69 77 0.741714 0.211122 0.047164 290.181913 369.265824
68 69 77 0.025031 0.694057 0.280912 307.713815 374.032210
68 69 77 0.633784 0.073971 0.292245 285.359736 370.647394
68 69 77 0.645938 0.198725 0.155337 290.202993 370.589203
68 69 77 0.223371 0.401710 0.374919 298.117093 376.299551
69 78 77 0.541056 0.328966 0.129978 315.617517 377.153780
69 78 77 0.108090 0.340453 0.551457 295.149857 383.992611
69 78 77 0.241598 0.618811 0.139591 310.924079 380.808631
69 78 77 0.928865 0.033819 0.037316 317.433827 373.302588
69 78 77 0.975591 0.004268 0.020141 315.992235 371.363892
69 78 77 0.506137 0.137599 0.356264 305.728212 376.719057
69 78 77 0.315785 0.316635 0.367580 303.160636 384.803098
69 78 77 0.662740 0.172849 0.164412 311.854246 376.754114
69 78 77 0.554892 0.420396 0.024711 319.561355 377.473434
69 78 77 0.574702 0.205008 0.220290 308.443852 376.901489
69 70 78 0.560028 0.200065 0.239907 326.174254 375.963953
69 70 78 0.771368 0.126070 0.102562 319.255934 375.951005
69 70 78 0.478177 0.045097 0.476727 319.646009 378.893256
69 70 78 0.139092 0.112816 0.748091 319.023027 386.962827
69 70 78 0.623878 0.366310 0.009812 334.680793 375.056863
69 70 78 0.428584 0.079124 0.492292 316.206693 379.834812
69 70 78 0.207386 0.437742 0.354872 334.699110 377.462890
69 70 78 0.226768 0.374990 0.398242 331.629547 381.014419
69 70 78 0.184732 0.248810 0.566458 324.430770 379.930001
69 70 78 0.789285 0.145378 0.065337 321.330212 371.710155
70 79 78 0.391964 0.520816 0.087220 349.070267 385.041610
70 79 78 0.744368 0.235880 0.019752 354.216817 377.569411
70 79 78 0.334363 0.564936 0.100701 349.663991 384.449847
70 79 78 0.657081 0.157085 0.185834 344.929136 379.391971
70 79 78 0.583714 0.354604 0.061682 352.589574 379.565631
70 79 78 0.686908 0.080185 0.232907 346.275895 377.793176
70 79 78 0.467863 0.400038 0.132098 351.354926 380.585924
70 79 78 0.441018 0.503653 0.055329 351.893883 379.815877
70 79 78 0.547081 0.275205 0.177714 347.430734 379.548266
70 79 78 0.746262 0.059814 0.193923 348.018468 377.410179
70 71 79 0.780840 0.184987 0.034173 359.152791 375.333205
70 71 79 0.378244 0.153843 0.467913 358.947001 384.595030
70 71 79 0.743982 0.031397 0.224621 355.605182 374.480290
70 71 79 0.990025 0.003626 0.006349 359.450837 375.617077
70 71 79 0.999977 0.000018 0.000005 361.707176 375.038466
70 71 79 0.015261 0.572479 0.412260 378.236966 379.587388
70 71 79 0.936138 0.036858 0.027004 357.877067 374.152080
70 71 79 0.069416 0.273542 0.657042 361.052225 382.754570
70 71 79 0.844197 0.057185 0.098618 356.489689 378.271672
70 71 79 0.134441 0.094588 0.770971 354.246786 385.211500
71 80 79 0.745024 0.100790 0.154186 386.684650 382.371164
71 80 79 0.124414 0.640419 0.235167 377.801717 388.474796
71 80 79 0.333101 0.218677 0.448222 373.433296 384.519824
71 80 79 0.824558 0.126421 0.049022 390.119717 377.157304
71 80 79 0.119467 0.494974 0.385559 379.882105 390.003883
71 80 79 0.010913 0.215108 0.773979 359.203547 392.568879
71 80 79 0.852259 0.107419 0.040322 391.944495 376.558835
71 80 79 0.635580 0.046293 0.318127 381.733007 383.505534
71 80 79 0.568898 0.203404 0.227697 379.592071 384.158399
71 80 79 0.157503 0.830684 0.011813 388.798196 389.615128
