0 1 9 0.670228 0.126685 0.203087 86.741400 129.205440
0 1 9 0.902893 0.049097 0.048011 83.863964 123.106245
0 1 9 0.206660 0.640133 0.153207 101.796532 127.126653
0 1 9 0.059825 0.212147 0.728028 91.871691 150.931081
0 1 9 0.944053 0.020403 0.035543 79.806964 122.749059
0 1 9 0.870546 0.024950 0.104504 81.022506 126.909094
0 1 9 0.592672 0.227600 0.179728 90.997050 130.022762
0 1 9 0.976157 0.015663 0.008180 79.881387 120.517643
0 1 9 0.741814 0.070924 0.187262 84.905780 125.025654
0 1 9 0.243321 0.434818 0.321860 97.672646 132.948503
1 10 9 0.300294 0.561631 0.138075 112.694583 148.263044
1 10 9 0.049132 0.247227 0.703641 92.568039 158.667830
1 10 9 0.455990 0.516781 0.027229 119.287550 140.417640
1 10 9 0.510467 0.327626 0.161908 113.062227 142.175312
1 10 9 0.413108 0.237350 0.349542 106.955362 142.821690
1 10 9 0.378639 0.256490 0.364871 102.338171 146.703523
1 10 9 0.897219 0.052651 0.050131 122.009974 125.109991
1 10 9 0.540728 0.195143 0.264129 107.873541 138.856540
1 10 9 0.673250 0.008761 0.317989 104.584944 132.112201
1 10 9 0.664709 0.022346 0.312945 111.670336 133.567693
1 2 10 0.875619 0.054631 0.069750 120.719294 122.208601
1 2 10 0.526499 0.246264 0.227237 124.998412 130.683008
1 2 10 0.351203 0.308093 0.340704 131.548167 131.093748
1 2 10 0.285504 0.165625 0.548871 126.644634 142.589101
1 2 10 0.479235 0.509115 0.011651 141.896090 118.816042
1 2 10 0.491238 0.438927 0.069836 138.961097 126.288668
1 2 10 0.305945 0.191425 0.502630 130.219445 141.577407
1 2 10 0.065408 0.197414 0.737177 131.861476 150.847317
1 2 10 0.123251 0.062157 0.814592 121.980994 147.965620
1 2 10 0.727206 0.139916 0.132878 127.272634 127.103617
2 11 10 0.630942 0.019515 0.349542 146.123373 136.221217
2 11 10 0.986057 0.010363 0.003580 161.416985 120.462124
2 11 10 0.472646 0.456241 0.071113 160.388189 141.969471
2 11 10 0.033872 0.265408 0.700720 133.063466 158.952019
2 11 10 0.619257 0.102084 0.278658 149.345045 135.910833
2 11 10 0.146181 0.077617 0.776202 126.067302 153.858086
2 11 10 0.193711 0.534638 0.271651 148.320893 151.567234
2 11 10 0.691609 0.251276 0.057115 155.307967 130.153545
2 11 10 0.396730 0.241299 0.361972 145.256292 141.857083
2 11 10 0.272141 0.029022 0.698837 133.141463 148.900998
2 3 11 0.163585 0.131497 0.704919 164.428772 142.484781
2 3 11 0.763078 0.008205 0.228716 160.652017 129.592947
2 3 11 0.166563 0.750457 0.082981 189.862539 125.646180
2 3 11 0.103952 0.694029 0.202019 185.734146 127.801513
2 3 11 0.344387 0.368990 0.286624 173.412989 127.411842
2 3 11 0.251140 0.734796 0.014063 186.255819 121.766975
2 3 11 0.334105 0.127162 0.538733 163.775340 139.545457
2 3 11 0.696108 0.133024 0.170868 164.156005 126.366725
2 3 11 0.530953 0.401857 0.067190 176.828977 122.446124
2 3 11 0.636877 0.191942 0.171181 168.685632 127.796404
3 12 11 0.798770 0.000426 0.200804 187.199185 125.270203
3 12 11 0.967569 0.015475 0.016956 198.764563 119.780273
3 12 11 0.020809 0.863283 0.115907 198.039833 161.737994
3 12 11 0.615948 0.092576 0.291476 187.107512 134.315168
3 12 11 0.598710 0.359312 0.041978 202.225162 135.054141
3 12 11 0.604953 0.276870 0.118177 198.436210 133.493722
3 12 11 0.596071 0.203476 0.200452 191.510490 137.709885
3 12 11 0.506738 0.062295 0.430967 181.089476 136.100317
3 12 11 0.300763 0.191306 0.507931 180.576136 149.224814
3 12 11 0.923185 0.064464 0.012352 199.163967 119.320019
3 4 12 0.425570 0.140181 0.434249 207.198520 135.570206
3 4 12 0.814870 0.172939 0.012192 209.666595 118.116875
3 4 12 0.889023 0.059426 0.051551 202.030916 118.754055
3 4 12 0.214904 0.587341 0.197755 225.550769 128.517884
3 4 12 0.383541 0.397994 0.218466 214.501177 127.770464
3 4 12 0.394344 0.571331 0.034325 223.322870 124.600426
3 4 12 0.693398 0.193230 0.113372 205.557832 120.842280
3 4 12 0.316399 0.079779 0.603821 208.344904 141.455409
3 4 12 0.065483 0.616922 0.317595 224.951634 133.927508
3 4 12 0.658231 0.005917 0.335852 200.620158 131.172352
4 13 12 0.276872 0.660115 0.063013 241.692262 148.308516
4 13 12 0.230055 0.372761 0.397184 223.285860 149.829641
4 13 12 0.073455 0.556986 0.369559 224.320775 158.327920
4 13 12 0.658323 0.257946 0.083732 240.035436 132.074464
4 13 12 0.905269 0.040574 0.054156 236.269982 126.792847
4 13 12 0.560978 0.071671 0.367350 222.413904 137.720452
4 13 12 0.985403 0.007634 0.006963 242.259096 120.411626
4 13 12 0.793374 0.184807 0.021819 242.631464 127.888927
4 13 12 0.416288 0.349016 0.234696 233.697116 142.212813
4 13 12 0.760983 0.011224 0.227793 231.385685 130.378498
4 5 13 0.181742 0.045566 0.772692 246.952506 148.817579
4 5 13 0.974007 0.002108 0.023884 238.626611 115.323122
4 5 13 0.913113 0.006839 0.080048 241.195512 125.938016
4 5 13 0.588832 0.204959 0.206210 252.551147 124.424440
4 5 13 0.772816 0.072340 0.154844 243.006318 123.311878
4 5 13 0.615720 0.251157 0.133123 251.353783 124.921783
4 5 13 0.179150 0.386060 0.434790 259.101642 136.208163
4 5 13 0.087600 0.200533 0.711867 251.255934 150.319818
4 5 13 0.076446 0.120357 0.803198 250.003545 150.151810
4 5 13 0.436294 0.532430 0.031276 265.524815 120.825577
5 14 13 0.723007 0.252078 0.024915 283.568368 129.358255
5 14 13 0.519644 0.448509 0.031847 285.446714 135.005554
5 14 13 0.760780 0.070653 0.168567 280.433796 128.928215
5 14 13 0.032407 0.046104 0.921489 244.998635 156.997543
5 14 13 0.055464 0.476847 0.467690 265.343684 156.265959
5 14 13 0.475139 0.199899 0.324962 270.648538 141.120935
5 14 13 0.903884 0.023935 0.072181 281.884566 121.007339
5 14 13 0.294050 0.652774 0.053177 283.285640 142.607683
5 14 13 0.486977 0.413046 0.099977 280.174712 135.287645
5 14 13 0.093979 0.675698 0.230322 276.052306 150.936017
5 6 14 0.535592 0.159248 0.305160 295.616164 132.883259
5 6 14 0.249274 0.126882 0.623844 290.845729 140.507030
5 6 14 0.591007 0.242012 0.166981 297.938135 127.352473
5 6 14 0.449316 0.294392 0.256292 300.752223 130.903027
5 6 14 0.730011 0.012750 0.257239 286.706269 127.548205
5 6 14 0.831893 0.022716 0.145391 289.048783 123.705835
5 6 14 0.220962 0.233483 0.545555 295.663983 137.729631
5 6 14 0.206311 0.139341 0.654348 296.267382 140.522353
5 6 14 0.109635 0.439115 0.451249 304.588111 134.685173
5 6 14 0.236432 0.041722 0.721847 288.537281 149.529261
6 15 14 0.460268 0.465600 0.074132 324.168720 141.229334
6 15 14 0.687316 0.188193 0.124491 323.666031 129.813310
6 15 14 0.371650 0.190133 0.438217 308.461792 141.904514
6 15 14 0.361756 0.500369 0.137875 321.573811 143.536510
6 15 14 0.697609 0.062850 0.239541 318.867810 126.883760
6 15 14 0.527982 0.192747 0.279271 317.877615 135.558726
6 15 14 0.960778 0.009986 0.029237 325.673492 121.392665
6 15 14 0.614698 0.104196 0.281105 315.364091 134.802397
6 15 14 0.326405 0.399883 0.273712 318.684931 146.048712
6 15 14 0.125116 0.389561 0.485322 305.320768 150.533631
6 7 15 0.167576 0.635112 0.197312 356.709064 128.358060
6 7 15 0.669723 0.153476 0.176801 334.394668 126.879900
6 7 15 0.407980 0.041802 0.550219 329.561411 144.515778
6 7 15 0.658872 0.274476 0.066652 337.097864 126.046307
6 7 15 0.571999 0.400485 0.027515 344.412896 119.503080
6 7 15 0.496341 0.329179 0.174480 342.510478 126.955191
6 7 15 0.518351 0.262711 0.218939 338.297866 127.209799
6 7 15 0.322134 0.625569 0.052297 354.282126 119.491113
6 7 15 0.131958 0.211117 0.656925 338.850823 146.808552
6 7 15 0.377082 0.176021 0.446897 334.552466 134.281248
7 16 15 0.280092 0.173698 0.546210 348.492992 147.611031
7 16 15 0.854577 0.133772 0.011651 370.026190 126.157925
7 16 15 0.217543 0.265614 0.516843 348.997018 150.677827
7 16 15 0.804604 0.062872 0.132525 365.448910 125.823330
7 16 15 0.179298 0.283853 0.536849 348.062577 150.412777
7 16 15 0.037068 0.605612 0.357320 357.949069 156.101422
7 16 15 0.214731 0.560944 0.224325 363.200460 148.004558
7 16 15 0.516490 0.312418 0.171092 362.033934 141.002964
7 16 15 0.169457 0.174845 0.655697 343.140066 152.861167
7 16 15 0.001231 0.539164 0.459605 353.161938 156.960907
7 8 16 0.714690 0.028618 0.256692 375.185595 127.885653
7 8 16 0.301080 0.558776 0.140145 398.127807 122.156611
7 8 16 0.098134 0.117147 0.784718 376.883594 146.526019
7 8 16 0.513951 0.441473 0.044576 390.675987 117.419145
7 8 16 0.915853 0.034481 0.049667 371.732551 119.739338
7 8 16 0.363452 0.280566 0.355982 385.935576 130.966968
7 8 16 0.033826 0.221452 0.744722 379.574953 147.046814
7 8 16 0.965581 0.032466 0.001953 372.968076 120.747246
7 8 16 0.766272 0.053892 0.179835 372.391919 124.556504
7 8 16 0.947744 0.018115 0.034141 371.625804 122.666790
8 17 16 0.304100 0.175548 0.520352 395.177222 143.469803
8 17 16 0.450934 0.057093 0.491974 395.236473 138.346415
8 17 16 0.941111 0.013746 0.045143 409.400470 120.164132
8 17 16 0.361305 0.063572 0.575124 392.135225 140.046538
8 17 16 0.590999 0.319196 0.089804 409.893805 131.008771
8 17 16 0.581106 0.148534 0.270359 396.683981 133.219221
8 17 16 0.468534 0.456108 0.075358 408.369580 134.823582
8 17 16 0.989110 0.002410 0.008480 413.337831 118.847995
8 17 16 0.333383 0.392196 0.274421 401.353619 142.837204
8 17 16 0.159406 0.045997 0.794598 384.792990 149.678012
9 10 18 0.329565 0.486806 0.183629 100.752008 169.184546
9 10 18 0.216846 0.565188 0.217966 97.592209 170.698168
9 10 18 0.201478 0.240626 0.557896 87.071101 187.107420
9 10 18 0.393669 0.377431 0.228900 91.370326 167.748002
9 10 18 0.054204 0.301578 0.644218 96.193002 187.834824
9 10 18 0.015946 0.126683 0.857371 87.343692 196.262792
9 10 18 0.170331 0.380953 0.448716 98.127768 178.526772
9 10 18 0.089279 0.102185 0.808535 88.172082 193.953849
9 10 18 0.315229 0.525557 0.159214 101.636248 169.389389
9 10 18 0.017914 0.341380 0.640706 96.554423 185.796789
10 19 18 0.167965 0.658945 0.173090 113.289119 194.005014
10 19 18 0.952585 0.042949 0.004466 118.158531 163.805791
10 19 18 0.441759 0.136730 0.421511 104.315777 188.231437
10 19 18 0.026239 0.904492 0.069269 116.055704 200.838239
10 19 18 0.642887 0.120126 0.236986 108.388834 173.895112
10 19 18 0.488887 0.226741 0.284372 107.951944 181.506911
10 19 18 0.916965 0.037008 0.046027 121.052376 163.102363
10 19 18 0.151880 0.699771 0.148349 113.503699 199.001727
10 19 18 0.041773 0.074285 0.883942 82.453736 196.875007
10 19 18 0.753117 0.071352 0.175532 112.853274 170.923168
10 11 19 0.326094 0.219453 0.454453 132.052410 181.085987
10 11 19 0.354148 0.525034 0.120818 142.297320 166.341006
10 11 19 0.378442 0.205517 0.416041 129.064459 176.411958
10 11 19 0.917051 0.060039 0.022910 121.001749 158.370319
10 11 19 0.403771 0.126316 0.469913 127.759807 178.565163
10 11 19 0.011943 0.024529 0.963528 117.222209 206.312055
10 11 19 0.217754 0.372860 0.409386 133.754037 177.946943
10 11 19 0.554647 0.082291 0.363062 122.908017 176.564396
10 11 19 0.025507 0.922125 0.052368 156.546985 162.472500
10 11 19 0.970126 0.025037 0.004837 122.569013 157.980181
11 20 19 0.123419 0.036189 0.840392 125.574513 196.454524
11 20 19 0.347395 0.648224 0.004380 161.924034 189.686871
11 20 19 0.115509 0.327358 0.557133 136.345320 198.661026
11 20 19 0.152876 0.816930 0.030194 157.804720 197.253275
11 20 19 0.787503 0.148664 0.063833 159.503461 166.326438
11 20 19 0.675938 0.104509 0.219553 149.857820 174.783317
11 20 19 0.715673 0.053835 0.230492 148.831491 168.900740
11 20 19 0.743511 0.138760 0.117729 156.903137 171.324384
11 20 19 0.817606 0.069512 0.112882 151.064447 164.047886
11 20 19 0.232342 0.511447 0.256211 145.795752 194.731679
11 12 20 0.456613 0.452574 0.090814 180.158495 162.631815
11 12 20 0.362075 0.157372 0.480552 164.947034 181.699120
11 12 20 0.837087 0.119779 0.043133 164.020825 159.912074
11 12 20 0.063114 0.340964 0.595922 171.927845 185.988899
11 12 20 0.616097 0.073041 0.310862 161.950954 173.413754
11 12 20 0.184402 0.572022 0.243576 181.116074 168.506465
11 12 20 0.651598 0.278295 0.070107 170.310096 161.808202
11 12 20 0.703276 0.110816 0.185908 164.909344 165.429181
11 12 20 0.454077 0.002423 0.543500 158.854443 181.126513
11 12 20 0.813111 0.170290 0.016599 169.815067 157.200164
12 21 20 0.721243 0.094681 0.184076 193.038117 172.518702
12 21 20 0.594456 0.260293 0.145250 197.106626 176.899659
12 21 20 0.741620 0.129679 0.128701 195.756082 171.173747
12 21 20 0.683788 0.002608 0.313604 187.462861 172.707332
12 21 20 0.437345 0.556005 0.006649 197.903461 180.295610
12 21 20 0.519841 0.468141 0.012018 202.508419 179.153133
12 21 20 0.617977 0.163635 0.218388 191.496130 175.376992
12 21 20 0.223027 0.613435 0.163537 193.606150 194.305778
12 21 20 0.321567 0.360492 0.317941 186.738294 188.262139
12 21 20 0.383142 0.009827 0.607031 175.621420 185.859825
12 13 21 0.818073 0.126089 0.055839 204.499504 159.925413
12 13 21 0.120888 0.408493 0.470619 217.884002 178.274700
12 13 21 0.997494 0.002386 0.000120 203.054445 159.607688
12 13 21 0.699098 0.080440 0.220462 206.960276 166.098442
12 13 21 0.762510 0.153420 0.084070 208.939738 163.975076
12 13 21 0.648295 0.136716 0.214989 210.796983 168.450056
12 13 21 0.868697 0.001101 0.130202 199.612701 164.873321
12 13 21 0.072402 0.884025 0.043573 234.232489 161.361387
12 13 21 0.388824 0.433729 0.177447 216.875323 167.367900
12 13 21 0.960367 0.016342 0.023291 203.998732 162.311920
13 22 21 0.780196 0.132498 0.087305 239.550292 168.096494
13 22 21 0.649273 0.057450 0.293277 226.829523 171.772623
13 22 21 0.376966 0.497212 0.125822 237.911702 184.010278
13 22 21 0.087924 0.337218 0.574857 214.577757 197.234105
13 22 21 0.303067 0.564946 0.131987 236.542633 191.065487
13 22 21 0.588738 0.235278 0.175983 239.269221 176.861829
13 22 21 0.698812 0.061292 0.239896 234.646973 170.709934
13 22 21 0.251984 0.312375 0.435641 219.766694 188.282250
13 22 21 0.312824 0.015717 0.671459 214.521516 182.645739
13 22 21 0.555546 0.267460 0.176994 234.051417 176.403180
13 14 22 0.318256 0.350363 0.331381 259.256501 173.587736
13 14 22 0.798980 0.027148 0.173873 241.782007 164.210311
13 14 22 0.031744 0.322242 0.646013 253.260407 186.037184
13 14 22 0.560397 0.418137 0.021467 262.874340 156.355530
13 14 22 0.776383 0.064039 0.159577 241.560009 162.717510
13 14 22 0.316499 0.097563 0.585938 247.185663 180.032716
13 14 22 0.831137 0.140479 0.028384 249.424250 160.513855
13 14 22 0.258279 0.655497 0.086223 274.227879 163.456943
13 14 22 0.446360 0.548795 0.004845 266.396079 159.734078
13 14 22 0.400459 0.305445 0.294096 255.939287 168.155167
14 23 22 0.324058 0.636287 0.039655 285.429196 186.087009
14 23 22 0.227541 0.522550 0.249909 271.473739 190.180857
14 23 22 0.548692 0.000904 0.450404 266.015715 171.923705
14 23 22 0.606183 0.167081 0.226736 279.478992 172.739262
14 23 22 0.885258 0.065634 0.049108 281.844252 158.842812
14 23 22 0.188282 0.540671 0.271047 275.377490 192.907410
14 23 22 0.128398 0.585676 0.285926 275.302374 191.651389
14 23 22 0.361414 0.157194 0.481392 264.362009 181.626735
14 23 22 0.294784 0.591917 0.113298 278.989852 185.347021
14 23 22 0.518036 0.248196 0.233768 276.243862 180.199091
14 15 23 0.889404 0.081059 0.029537 289.515323 156.795774
14 15 23 0.496342 0.199503 0.304154 294.118232 170.717061
14 15 23 0.880259 0.119229 0.000512 294.749530 153.654362
14 15 23 0.786666 0.203571 0.009763 296.010960 155.709361
14 15 23 0.267311 0.246623 0.486066 295.355853 178.907254
14 15 23 0.559944 0.308477 0.131579 299.104089 159.431701
14 15 23 0.634069 0.274353 0.091578 298.298128 161.252952
14 15 23 0.033458 0.638391 0.328151 313.615396 172.897660
14 15 23 0.761014 0.093986 0.145000 292.641114 162.238303
14 15 23 0.838281 0.161546 0.000173 295.009203 155.167160
15 24 23 0.534371 0.009547 0.456082 312.206687 180.501243
15 24 23 0.304723 0.582824 0.112452 322.884052 186.570377
15 24 23 0.317254 0.187915 0.494831 308.992747 180.878946
15 24 23 0.459985 0.484424 0.055592 327.671751 179.962677
15 24 23 0.625967 0.198018 0.176015 316.978792 174.654494
15 24 23 0.444583 0.504973 0.050444 325.904058 179.650983
15 24 23 0.101505 0.256030 0.642464 302.034340 194.824647
15 24 23 0.514648 0.039161 0.446191 311.196711 182.078593
15 24 23 0.002069 0.976279 0.021652 326.456512 198.666004
15 24 23 0.450711 0.326268 0.223021 321.911012 182.994116
15 16 24 0.115709 0.565831 0.318460 354.765478 171.756689
15 16 24 0.916609 0.033110 0.050281 332.386764 160.256248
15 16 24 0.511358 0.392788 0.095854 347.140435 162.374217
15 16 24 0.240162 0.454516 0.305322 351.459927 169.827157
15 16 24 0.658225 0.048963 0.292811 332.938720 173.738082
15 16 24 0.606188 0.303654 0.090157 345.251067 160.653189
15 16 24 0.952671 0.022817 0.024512 332.336835 159.871585
15 16 24 0.856266 0.056593 0.087141 331.078229 164.418003
15 16 24 0.635922 0.058490 0.305587 335.524818 170.981867
15 16 24 0.245496 0.359115 0.395389 344.803541 178.906929
16 25 24 0.706675 0.122479 0.170846 368.244366 169.551823
16 25 24 0.697129 0.237040 0.065831 372.117163 172.581363
16 25 24 0.069833 0.019500 0.910667 333.986878 200.276608
16 25 24 0.745020 0.092754 0.162226 369.509339 169.411845
16 25 24 0.202585 0.660420 0.136995 363.560942 191.362664
16 25 24 0.615311 0.354249 0.030441 374.325396 169.886255
16 25 24 0.009306 0.215195 0.775499 338.456497 199.613344
16 25 24 0.141826 0.852583 0.005591 372.399200 190.578239
16 25 24 0.767955 0.038233 0.193812 361.875108 165.137180
16 25 24 0.235860 0.494213 0.269927 358.105981 189.006724
16 17 25 0.795303 0.001664 0.203033 374.035520 163.992695
16 17 25 0.411021 0.405475 0.183503 392.918305 164.164185
16 17 25 0.619012 0.362950 0.018038 385.038618 159.499563
16 17 25 0.655241 0.266358 0.078401 381.193607 159.434796
16 17 25 0.773166 0.099907 0.126927 376.553318 164.296390
16 17 25 0.765922 0.110935 0.123144 377.451793 164.837282
16 17 25 0.678176 0.137434 0.184390 378.280551 162.985655
16 17 25 0.034835 0.359346 0.605819 387.360922 181.445482
16 17 25 0.132145 0.080625 0.787229 376.217808 192.152730
16 17 25 0.238166 0.691285 0.070549 402.962060 160.072405
17 26 25 0.404603 0.078681 0.516717 390.631773 182.459247
17 26 25 0.099647 0.492397 0.407956 397.483056 195.009996
17 26 25 0.782377 0.044670 0.172953 404.317654 163.833461
17 26 25 0.367461 0.565207 0.067332 413.566563 183.646876
17 26 25 0.190756 0.424911 0.384333 402.710606 190.898598
17 26 25 0.355670 0.062043 0.582287 389.636428 184.150803
17 26 25 0.616379 0.143597 0.240024 406.990404 176.338779
17 26 25 0.222739 0.598402 0.178859 410.297767 192.264219
17 26 25 0.240024 0.588012 0.171964 411.996654 188.713980
17 26 25 0.868814 0.067258 0.063928 410.155536 162.605301
18 19 27 0.898167 0.069407 0.032426 82.646025 204.856587
18 19 27 0.044582 0.604219 0.351200 100.498214 213.428709
18 19 27 0.319638 0.114776 0.565586 87.307165 223.877822
18 19 27 0.186341 0.774113 0.039546 113.090709 203.533473
18 19 27 0.683861 0.127854 0.188285 84.238409 211.599242
18 19 27 0.352926 0.162250 0.484824 88.024011 224.878398
18 19 27 0.532468 0.081333 0.386199 85.206232 220.149264
18 19 27 0.254113 0.647748 0.098139 106.000034 206.665707
18 19 27 0.572588 0.267923 0.159490 93.988859 208.790713
18 19 27 0.046116 0.006065 0.947819 86.400208 240.530755
19 28 27 0.734382 0.129996 0.135622 110.743742 215.458005
19 28 27 0.444508 0.123011 0.432480 106.567404 226.036465
19 28 27 0.148824 0.163990 0.687186 92.035189 243.738172
19 28 27 0.301670 0.602630 0.095701 121.437617 232.678755
19 28 27 0.101089 0.707267 0.191644 116.179910 238.291543
19 28 27 0.184099 0.802826 0.013075 119.159478 234.884324
19 28 27 0.341202 0.139864 0.518934 98.097934 231.489910
19 28 27 0.977997 0.007361 0.014642 117.307639 200.847793
19 28 27 0.631783 0.322800 0.045417 118.270180 217.676088
19 28 27 0.201996 0.489733 0.308271 110.932374 236.205002
19 20 28 0.787472 0.092618 0.119909 121.517220 203.513379
19 20 28 0.508272 0.482143 0.009584 138.105673 202.924574
19 20 28 0.554987 0.036611 0.408402 118.880925 219.263941
19 20 28 0.632584 0.309349 0.058067 132.384869 200.884387
19 20 28 0.371453 0.166381 0.462165 125.286816 223.313202
19 20 28 0.670187 0.227453 0.102360 130.780891 209.685501
19 20 28 0.988553 0.006899 0.004548 116.366863 204.773499
19 20 28 0.806065 0.149926 0.044008 124.961652 202.746768
19 20 28 0.948348 0.029361 0.022291 115.835105 203.438656
19 20 28 0.414492 0.168429 0.417079 123.363162 221.279675
20 29 28 0.486301 0.240342 0.273357 149.026239 224.486999
20 29 28 0.787697 0.192570 0.019733 158.353209 214.124410
20 29 28 0.917678 0.046581 0.035740 157.586981 206.049569
20 29 28 0.653936 0.217637 0.128427 154.651754 216.998693
20 29 28 0.419917 0.256878 0.323205 149.793649 227.134364
20 29 28 0.834138 0.145999 0.019864 158.583219 209.185033
20 29 28 0.445436 0.157287 0.397278 143.279123 223.592610
20 29 28 0.822185 0.066882 0.110933 157.524789 209.650074
20 29 28 0.403569 0.395238 0.201193 151.987542 228.642595
20 29 28 0.101502 0.071894 0.826603 127.448929 242.243769
20 21 29 0.529583 0.123656 0.346761 166.985719 218.784190
20 21 29 0.653323 0.030779 0.315898 160.112158 215.826030
20 21 29 0.305481 0.073532 0.620986 166.011840 229.695643
20 21 29 0.497433 0.032768 0.469799 159.964644 221.892318
20 21 29 0.066368 0.059404 0.874228 166.981402 242.062337
20 21 29 0.206684 0.243441 0.549875 167.589711 223.761027
20 21 29 0.852823 0.137548 0.009629 165.027409 204.465288
20 21 29 0.091483 0.788215 0.120301 189.897508 209.304811
20 21 29 0.115894 0.779393 0.104713 192.438884 208.328384
20 21 29 0.821000 0.125683 0.053316 165.970835 205.453281
21 30 29 0.791140 0.015731 0.193130 191.774166 211.212946
21 30 29 0.748578 0.162298 0.089124 192.305990 211.940572
21 30 29 0.237619 0.322298 0.440083 182.635327 231.099351
21 30 29 0.589630 0.007081 0.403290 182.332461 221.179141
21 30 29 0.569842 0.364843 0.065315 193.999607 221.424202
21 30 29 0.262663 0.205815 0.531522 175.065916 229.535036
21 30 29 0.644307 0.190643 0.165050 194.226208 216.549555
21 30 29 0.693612 0.241660 0.064728 197.347149 213.702038
21 30 29 0.063294 0.265793 0.670914 178.400251 241.681650
21 30 29 0.787412 0.038058 0.174530 189.523322 209.134622
21 22 30 0.072147 0.496474 0.431379 220.888995 221.464588
21 22 30 0.715610 0.078645 0.205746 203.805578 208.209811
21 22 30 0.006962 0.098980 0.894058 202.342924 241.168624
21 22 30 0.898698 0.008731 0.092571 197.984819 205.772600
21 22 30 0.520663 0.358459 0.120878 211.633744 208.720485
21 22 30 0.519688 0.275831 0.204481 209.821278 209.933894
21 22 30 0.697539 0.282412 0.020049 208.738614 199.367622
21 22 30 0.680554 0.224981 0.094464 211.390712 208.060257
21 22 30 0.306172 0.359130 0.334698 214.812318 217.477857
21 22 30 0.301913 0.460125 0.237962 218.279676 211.339044
22 31 30 0.269639 0.157272 0.573089 218.512434 232.654913
22 31 30 0.211572 0.460754 0.327673 225.451140 233.935633
22 31 30 0.415580 0.483427 0.100993 234.061735 224.742977
22 31 30 0.942332 0.056931 0.000736 243.232001 200.480293
22 31 30 0.605698 0.228455 0.165847 234.935235 222.877542
22 31 30 0.501111 0.370028 0.128861 236.752140 222.115357
22 31 30 0.341357 0.313554 0.345089 228.543530 229.876404
22 31 30 0.067122 0.599040 0.333838 227.618898 242.052658
22 31 30 0.748227 0.006749 0.245024 229.258234 209.416662
22 31 30 0.651361 0.258999 0.089640 242.345697 218.086533
22 23 31 0.035679 0.046536 0.917785 241.735378 239.113445
22 23 31 0.492196 0.126513 0.381291 247.737516 214.616143
22 23 31 0.885943 0.028134 0.085924 243.386334 201.631634
22 23 31 0.960434 0.025468 0.014098 242.508105 202.476082
22 23 31 0.318223 0.545031 0.136747 267.450049 207.918271
22 23 31 0.699804 0.189254 0.110942 246.866797 201.592179
22 23 31 0.096992 0.417021 0.485987 262.822387 223.162281
22 23 31 0.869427 0.093951 0.036622 245.458015 204.642172
22 23 31 0.662106 0.056001 0.281892 242.258246 213.816894
22 23 31 0.014938 0.287100 0.697961 253.520083 229.018127
23 32 31 0.897582 0.100397 0.002021 284.345464 208.747264
23 32 31 0.799017 0.144778 0.056204 286.672888 210.107291
23 32 31 0.076771 0.718454 0.204775 275.357128 241.994822
23 32 31 0.011824 0.493646 0.494530 260.657258 244.169749
23 32 31 0.973136 0.023574 0.003290 284.718922 202.356288
23 32 31 0.685332 0.174791 0.139877 279.025825 212.961776
23 32 31 0.941188 0.004342 0.054470 281.176679 202.268665
23 32 31 0.093646 0.358816 0.547538 263.278215 243.675358
23 32 31 0.282343 0.024270 0.693387 257.039445 234.221903
23 32 31 0.304583 0.270199 0.425219 267.964377 228.257677
23 24 32 0.468500 0.001674 0.529826 283.119157 227.672194
23 24 32 0.129636 0.611603 0.258761 309.001894 209.168046
23 24 32 0.640404 0.033910 0.325686 289.318288 217.579226
23 24 32 0.932920 0.038144 0.028937 286.951760 201.137487
23 24 32 0.519750 0.210720 0.269530 294.028338 215.864656
23 24 32 0.815445 0.079125 0.105430 286.674917 203.406162
23 24 32 0.984766 0.010565 0.004669 288.125131 201.532561
23 24 32 0.913661 0.032200 0.054139 287.227497 208.846768
23 24 32 0.908265 0.023620 0.068116 287.304209 203.839017
23 24 32 0.753815 0.131096 0.115089 289.909292 206.384283
24 33 32 0.370337 0.133747 0.495916 308.606407 226.305991
24 33 32 0.049119 0.068070 0.882811 287.142116 238.771767
24 33 32 0.350759 0.435467 0.213774 318.304624 229.076922
24 33 32 0.468918 0.281885 0.249197 318.822091 222.565460
24 33 32 0.781935 0.015873 0.202192 316.714706 206.389598
24 33 32 0.658293 0.074161 0.267546 312.436100 215.792711
24 33 32 0.306737 0.234303 0.458960 307.889373 231.135194
24 33 32 0.547909 0.193127 0.258964 314.916857 217.593068
24 33 32 0.220463 0.413993 0.365544 313.305299 230.891850
24 33 32 0.047160 0.336968 0.615872 300.561404 238.406836
24 25 33 0.758156 0.067207 0.174638 329.387350 206.894917
24 25 33 0.910958 0.071023 0.018018 332.891891 201.024937
24 25 33 0.026261 0.433861 0.539878 347.275069 221.661286
24 25 33 0.653882 0.018650 0.327468 331.859038 213.462243
24 25 33 0.647699 0.346652 0.005649 343.089269 199.022315
24 25 33 0.736335 0.220573 0.043093 336.814261 205.679325
24 25 33 0.181916 0.778268 0.039816 361.496839 200.071689
24 25 33 0.775213 0.133169 0.091617 333.889397 201.071630
24 25 33 0.642778 0.279490 0.077733 341.044795 206.205839
24 25 33 0.931103 0.052086 0.016810 328.115413 200.471482
25 34 33 0.950395 0.023921 0.025683 372.512863 200.976421
25 34 33 0.411282 0.346365 0.242353 362.985389 221.752590
25 34 33 0.149324 0.480500 0.370176 356.878766 237.672090
25 34 33 0.437671 0.185198 0.377131 355.876467 225.619730
25 34 33 0.776584 0.214463 0.008953 370.798960 210.625194
25 34 33 0.528200 0.311856 0.159944 364.251501 220.996171
25 34 33 0.064782 0.732075 0.203143 362.896908 239.915085
25 34 33 0.260972 0.543926 0.195102 364.843248 230.855108
25 34 33 0.157125 0.716307 0.126568 361.363057 237.310913
25 34 33 0.298507 0.160137 0.541355 350.683440 228.129212
25 26 34 0.792908 0.014430 0.192662 370.609900 208.948437
25 26 34 0.899951 0.051045 0.049004 373.380199 203.765976
25 26 34 0.612030 0.095811 0.292159 375.026075 211.388270
25 26 34 0.713719 0.086321 0.199960 378.152966 210.834581
25 26 34 0.567483 0.173188 0.259329 376.733331 214.823482
25 26 34 0.341581 0.013659 0.644760 367.582601 230.078998
25 26 34 0.788434 0.133469 0.078097 380.053913 203.546637
25 26 34 0.576009 0.037120 0.386872 370.760046 215.776331
25 26 34 0.986068 0.003318 0.010614 369.546090 199.725351
25 26 34 0.083544 0.170821 0.745635 379.700853 229.271168
26 35 34 0.232430 0.002606 0.764964 382.607492 226.760797
26 35 34 0.688682 0.209291 0.102027 411.804035 211.506733
26 35 34 0.592740 0.369318 0.037942 415.686630 216.933599
26 35 34 0.718160 0.101857 0.179983 410.149981 211.738166
26 35 34 0.659110 0.106947 0.233942 406.177888 215.722559
26 35 34 0.250150 0.716861 0.032990 413.784280 234.724580
26 35 34 0.645435 0.083935 0.270631 406.601758 217.093651
26 35 34 0.316509 0.026342 0.657149 383.693206 230.738589
26 35 34 0.363739 0.055812 0.580450 392.087246 228.055153
26 35 34 0.519011 0.241477 0.239512 402.444253 219.504922
27 28 36 0.770713 0.212343 0.016944 90.014145 243.118456
27 28 36 0.439867 0.364338 0.195794 100.058351 256.418730
27 28 36 0.646563 0.044634 0.308804 87.618343 253.135552
27 28 36 0.148531 0.842818 0.008651 114.620913 249.258284
27 28 36 0.493913 0.220866 0.285221 94.732222 252.840953
27 28 36 0.775766 0.196621 0.027613 93.796691 245.137708
27 28 36 0.260801 0.038722 0.700477 93.037798 268.030881
27 28 36 0.710148 0.069371 0.220482 84.768500 252.679711
27 28 36 0.569584 0.424679 0.005737 99.264473 248.509798
27 28 36 0.408186 0.341923 0.249891 100.965503 253.540242
28 37 36 0.150463 0.069194 0.780343 96.802408 272.732277
28 37 36 0.828341 0.074011 0.097647 121.670078 250.255250
28 37 36 0.161334 0.650823 0.187843 123.358832 276.184087
28 37 36 0.323977 0.201796 0.474227 107.911876 268.889900
28 37 36 0.658808 0.156042 0.185150 119.555751 260.401250
28 37 36 0.659496 0.061518 0.278986 115.049906 255.954211
28 37 36 0.011398 0.728281 0.260320 120.241660 281.563423
28 37 36 0.811424 0.183780 0.004796 124.626224 252.444269
28 37 36 0.987149 0.006858 0.005993 125.588138 248.466855
28 37 36 0.952445 0.003021 0.044535 125.221785 246.725044
28 29 37 0.669179 0.157183 0.173637 130.158538 249.564090
28 29 37 0.336159 0.472416 0.191425 146.837615 250.970522
28 29 37 0.494594 0.453068 0.052339 140.233479 245.461990
28 29 37 0.524091 0.341038 0.134871 138.223880 249.398645
28 29 37 0.695053 0.063791 0.241156 125.576213 252.265354
28 29 37 0.161939 0.818623 0.019437 149.744043 242.177067
28 29 37 0.294012 0.095374 0.610614 127.141036 267.726918
28 29 37 0.987097 0.009972 0.002931 122.784075 248.309502
28 29 37 0.968079 0.021481 0.010440 121.176274 245.065136
28 29 37 0.917714 0.057817 0.024469 126.337489 242.360585
29 38 37 0.737051 0.077838 0.185110 154.865823 254.605262
29 38 37 0.316743 0.124119 0.559138 147.395843 268.361785
29 38 37 0.860328 0.120648 0.019025 160.905135 251.106378
29 38 37 0.914233 0.045635 0.040132 160.649920 242.401115
29 38 37 0.419853 0.338140 0.242007 157.339694 266.757051
29 38 37 0.078080 0.775872 0.146048 159.538940 278.492445
29 38 37 0.199131 0.439544 0.361324 152.939625 275.902846
29 38 37 0.313331 0.636079 0.050590 161.231231 270.698234
29 38 37 0.473594 0.138339 0.388067 147.096600 261.266876
29 38 37 0.781054 0.087114 0.131832 158.089571 253.642428
29 30 38 0.163863 0.444450 0.391687 179.574115 259.544508
29 30 38 0.461714 0.509465 0.028820 181.283109 245.225974
29 30 38 0.142248 0.466140 0.391612 180.154033 258.179175
29 30 38 0.888694 0.067987 0.043319 163.464874 245.754157
29 30 38 0.525691 0.005761 0.468548 161.688117 261.902328
29 30 38 0.667498 0.206562 0.125940 171.378783 246.808511
29 30 38 0.737164 0.145824 0.117012 166.300613 248.837703
29 30 38 0.669626 0.110359 0.220016 167.881552 255.477054
29 30 38 0.942494 0.042405 0.015101 165.139871 247.505850
29 30 38 0.147686 0.502961 0.349353 182.891490 258.785558
30 39 38 0.377179 0.358616 0.264205 195.003411 270.013802
30 39 38 0.190825 0.343904 0.465271 187.110902 279.841101
30 39 38 0.436203 0.020935 0.542862 180.400033 262.937837
30 39 38 0.368250 0.093061 0.538690 183.999591 267.937320
30 39 38 0.855047 0.041753 0.103200 197.525432 250.198289
30 39 38 0.356837 0.176432 0.466731 188.019983 271.360167
30 39 38 0.316636 0.538673 0.144691 194.551639 269.977829
30 39 38 0.337369 0.580657 0.081975 201.479157 268.003906
30 39 38 0.404745 0.249703 0.345551 189.601130 265.970469
30 39 38 0.599553 0.194076 0.206371 192.358621 259.952561
30 31 39 0.631478 0.295083 0.073438 215.220246 245.505897
30 31 39 0.102447 0.645879 0.251673 228.646404 255.391087
30 31 39 0.958748 0.024126 0.017126 203.828442 243.196649
30 31 39 0.574388 0.065531 0.360081 207.136984 262.352812
30 31 39 0.587202 0.085809 0.326989 203.061952 261.888352
30 31 39 0.200275 0.087154 0.712571 207.187761 272.737047
30 31 39 0.584188 0.139031 0.276781 210.981377 257.035887
30 31 39 0.876861 0.001267 0.121871 200.648500 251.759517
30 31 39 0.123902 0.410293 0.465806 216.452194 258.982459
30 31 39 0.062029 0.487498 0.450473 223.735424 263.134644
31 40 39 0.686038 0.205651 0.108310 236.878634 256.444698
31 40 39 0.938541 0.045762 0.015697 237.983597 245.347154
31 40 39 0.571788 0.371994 0.056217 241.674802 260.281252
31 40 39 0.916367 0.004048 0.079585 239.215093 250.891762
31 40 39 0.446504 0.074101 0.479395 220.656489 266.406745
31 40 39 0.173970 0.216790 0.609240 221.953649 278.861158
31 40 39 0.222906 0.197172 0.579921 219.902428 276.963207
31 40 39 0.493462 0.389098 0.117440 242.329886 263.221476
31 40 39 0.319802 0.520796 0.159402 235.489760 271.554088
31 40 39 0.367910 0.154962 0.477127 223.722980 269.488805
31 32 40 0.650686 0.052799 0.296515 240.703328 255.203795
31 32 40 0.125529 0.429710 0.444761 263.462933 265.036153
31 32 40 0.845551 0.060289 0.094160 246.667150 249.759615
31 32 40 0.981647 0.010752 0.007601 241.382866 242.753944
31 32 40 0.254064 0.005080 0.740856 243.858085 277.257104
31 32 40 0.724279 0.255874 0.019847 251.820841 243.986536
31 32 40 0.087732 0.689756 0.222512 273.373545 254.328886
31 32 40 0.107446 0.491965 0.400589 260.582811 260.093150
31 32 40 0.970016 0.004672 0.025313 244.049026 245.539859
31 32 40 0.144313 0.818314 0.037373 273.669602 244.374412
32 41 40 0.963334 0.022090 0.014576 286.365134 242.378680
32 41 40 0.798629 0.059382 0.141989 276.617187 251.563468
32 41 40 0.273305 0.308491 0.418204 265.561195 275.287642
32 41 40 0.591164 0.236758 0.172078 278.852216 264.644613
32 41 40 0.614426 0.017908 0.367667 268.719385 259.416186
32 41 40 0.848113 0.151474 0.000413 282.036850 249.814035
32 41 40 0.883274 0.077307 0.039419 282.841574 249.400010
32 41 40 0.524443 0.027958 0.447599 265.706822 260.088612
32 41 40 0.251992 0.741417 0.006590 284.124531 276.494490
32 41 40 0.436494 0.516620 0.046886 280.482039 268.045912
32 33 41 0.753578 0.198184 0.048238 292.895310 247.148152
32 33 41 0.045499 0.649271 0.305230 313.873054 253.811836
32 33 41 0.346460 0.396453 0.257087 300.317961 251.246882
32 33 41 0.241376 0.096249 0.662375 287.365356 271.560579
32 33 41 0.696199 0.187637 0.116164 292.015203 248.950412
32 33 41 0.552219 0.153257 0.294524 292.856734 252.508631
32 33 41 0.685891 0.004971 0.309137 285.082972 256.144946
32 33 41 0.039947 0.372145 0.587908 300.833087 271.261723
32 33 41 0.398883 0.574566 0.026551 309.880208 244.549776
32 33 41 0.470094 0.321061 0.208845 296.757058 250.628266
33 42 41 0.543569 0.448642 0.007790 326.773893 262.931814
33 42 41 0.955477 0.040289 0.004234 326.880230 243.995651
33 42 41 0.069525 0.506322 0.424153 307.123458 283.169692
33 42 41 0.130580 0.258192 0.611228 304.059725 277.105909
33 42 41 0.306004 0.362849 0.331147 310.937240 270.814517
33 42 41 0.356169 0.173868 0.469963 310.350342 266.982156
33 42 41 0.125884 0.813311 0.060804 324.501872 279.067181
33 42 41 0.854502 0.011897 0.133601 322.097082 250.888249
33 42 41 0.410437 0.321170 0.268394 315.179583 264.649526
33 42 41 0.604271 0.303070 0.092659 318.195478 259.393062
33 34 42 0.351229 0.476597 0.172174 344.987643 249.536988
33 34 42 0.149307 0.081874 0.768819 331.766105 279.124414
33 34 42 0.329583 0.281932 0.388485 340.282287 257.946975
33 34 42 0.103430 0.201527 0.695043 333.553691 267.593958
33 34 42 0.427797 0.383640 0.188562 344.152973 253.973116
33 34 42 0.671234 0.168237 0.160530 333.520479 247.995817
33 34 42 0.822141 0.095569 0.082290 328.525644 243.629248
33 34 42 0.933605 0.064897 0.001498 331.726066 241.514997
33 34 42 0.715483 0.191151 0.093367 337.988928 244.652849
33 34 42 0.838866 0.014189 0.146945 329.435304 248.560401
34 43 42 0.654776 0.032304 0.312920 360.975450 258.444919
34 43 42 0.710827 0.118222 0.170951 363.592803 258.198156
34 43 42 0.856508 0.094128 0.049364 369.660028 249.413833
34 43 42 0.550424 0.176953 0.272624 355.048417 262.238675
34 43 42 0.553629 0.266267 0.180104 363.278806 264.704416
34 43 42 0.994077 0.005169 0.000754 370.586527 245.733226
34 43 42 0.105241 0.632920 0.261839 361.779065 274.746958
34 43 42 0.415188 0.017182 0.567630 343.923378 268.869445
34 43 42 0.979509 0.002649 0.017841 372.689203 242.687843
34 43 42 0.471032 0.302214 0.226754 358.704047 267.754750
34 35 43 0.444941 0.049249 0.505809 375.503162 264.124956
34 35 43 0.512672 0.067670 0.419657 375.667140 259.206185
34 35 43 0.249432 0.168839 0.581730 377.628444 261.987752
34 35 43 0.171555 0.406370 0.422075 385.434955 259.941846
34 35 43 0.894274 0.064476 0.041251 375.062475 246.601413
34 35 43 0.727791 0.031179 0.241030 371.888602 253.867157
34 35 43 0.373493 0.083189 0.543317 374.973917 265.465845
34 35 43 0.290278 0.184938 0.524784 378.804500 264.546820
34 35 43 0.331382 0.329542 0.339077 389.990530 256.345853
34 35 43 0.381311 0.155360 0.463328 377.384855 264.679497
35 44 43 0.523511 0.101402 0.375087 397.095500 262.519127
35 44 43 0.654764 0.082786 0.262450 404.163951 257.513395
35 44 43 0.388438 0.463225 0.148337 405.809025 268.406846
35 44 43 0.603509 0.283180 0.113311 409.157306 261.394614
35 44 43 0.223004 0.676015 0.100981 411.642905 274.937043
35 44 43 0.405359 0.142798 0.451843 398.324413 266.864605
35 44 43 0.676290 0.221418 0.102292 410.486166 257.332719
35 44 43 0.389609 0.217740 0.392651 397.459926 269.961912
35 44 43 0.862937 0.001659 0.135404 411.122844 253.781194
35 44 43 0.252521 0.294420 0.453059 395.209767 272.505353
36 37 45 0.108068 0.047778 0.844154 106.017615 303.156929
36 37 45 0.087573 0.802928 0.109499 123.894430 283.598039
36 37 45 0.405514 0.253873 0.340613 103.837596 288.795968
36 37 45 0.629016 0.178164 0.192821 101.814136 288.381094
36 37 45 0.735793 0.042191 0.222016 94.985092 288.425750
36 37 45 0.161710 0.039052 0.799238 99.473539 305.470296
36 37 45 0.239237 0.655534 0.105229 117.009065 285.790150
36 37 45 0.173123 0.422604 0.404273 111.261178 292.252122
36 37 45 0.501634 0.047984 0.450381 95.121902 293.068397
36 37 45 0.807168 0.183658 0.009174 102.574521 278.098186
37 46 45 0.618919 0.351356 0.029725 130.698839 291.414501
37 46 45 0.885056 0.018648 0.096296 127.194631 286.073752
37 46 45 0.158471 0.058628 0.782901 108.100267 302.149211
37 46 45 0.606967 0.316813 0.076220 131.608422 292.048640
37 46 45 0.591653 0.226198 0.182149 128.021245 292.463940
37 46 45 0.739479 0.053444 0.207076 122.877049 287.593761
37 46 45 0.371279 0.358243 0.270477 123.585420 304.757378
37 46 45 0.962295 0.036367 0.001339 128.670546 282.472779
37 46 45 0.020046 0.500130 0.479824 119.882733 311.659706
37 46 45 0.610688 0.132242 0.257071 123.808937 292.117450
37 38 46 0.447705 0.378909 0.173386 145.955188 285.527017
37 38 46 0.487286 0.252042 0.260672 141.110774 289.599010
37 38 46 0.150375 0.017240 0.832385 137.264548 306.890643
37 38 46 0.092969 0.540422 0.366609 152.894306 294.020725
37 38 46 0.242373 0.513826 0.243801 146.117904 285.412327
37 38 46 0.627807 0.053926 0.318267 132.932130 290.593579
37 38 46 0.245399 0.015983 0.738619 137.898410 304.332673
37 38 46 0.895253 0.099152 0.005596 129.967642 278.483460
37 38 46 0.181588 0.053007 0.765405 135.095081 308.786020
37 38 46 0.716639 0.196000 0.087361 131.374973 283.900736
38 47 46 0.259100 0.126933 0.613967 149.324447 306.109904
38 47 46 0.953688 0.003566 0.042746 162.154305 280.338198
38 47 46 0.397133 0.269107 0.333761 158.858498 302.001274
38 47 46 0.407094 0.229562 0.363343 157.914970 296.228492
38 47 46 0.401914 0.308764 0.289322 156.986675 298.798387
38 47 46 0.367166 0.273548 0.359286 155.943431 300.294552
38 47 46 0.340327 0.127667 0.532006 151.141908 302.419743
38 47 46 0.189108 0.506662 0.304230 164.214819 306.214671
38 47 46 0.330281 0.352657 0.317062 157.517257 303.940816
38 47 46 0.415245 0.144838 0.439918 155.578512 299.623657
38 39 47 0.286240 0.466494 0.247266 188.207282 290.540263
38 39 47 0.661302 0.014818 0.323880 167.506600 295.407742
38 39 47 0.486696 0.197355 0.315949 176.263806 293.050320
38 39 47 0.953519 0.014537 0.031944 164.483161 280.584112
38 39 47 0.156464 0.530844 0.312692 189.351158 293.476930
38 39 47 0.178874 0.454230 0.366896 184.126980 296.750662
38 39 47 0.106687 0.231559 0.661754 183.627548 304.612035
38 39 47 0.329145 0.462962 0.207894 185.983259 288.393697
38 39 47 0.746920 0.221755 0.031325 173.565390 282.727987
38 39 47 0.342078 0.064263 0.593658 172.254721 302.724942
39 48 47 0.071012 0.549947 0.379042 195.326835 316.301509
39 48 47 0.452051 0.195269 0.352680 196.448931 300.643308
39 48 47 0.268726 0.111229 0.620045 187.329973 303.904252
39 48 47 0.085041 0.174752 0.740206 178.634310 310.276998
39 48 47 0.771568 0.037818 0.190614 197.003940 287.689011
39 48 47 0.270031 0.496331 0.233638 198.735284 308.376761
39 48 47 0.507787 0.011764 0.480449 190.366517 298.704915
39 48 47 0.824476 0.065353 0.110170 202.978352 291.912740
39 48 47 0.315181 0.513475 0.171344 200.584032 304.548461
39 48 47 0.132202 0.080134 0.787665 178.135926 308.700404
39 40 48 0.057314 0.741153 0.201533 230.496635 288.792867
39 40 48 0.791170 0.103386 0.105444 206.221664 284.473291
39 40 48 0.589493 0.328929 0.081578 218.458236 284.811474
39 40 48 0.815683 0.027427 0.156890 205.202422 286.492926
39 40 48 0.964090 0.027120 0.008790 209.234310 277.047504
39 40 48 0.922208 0.060852 0.016940 210.003852 281.675046
39 40 48 0.659822 0.328161 0.012016 218.173985 282.304748
39 40 48 0.257271 0.699551 0.043179 234.033409 282.489076
39 40 48 0.568353 0.203982 0.227665 211.253060 286.459627
39 40 48 0.755021 0.092252 0.152728 208.080557 284.917378
40 49 48 0.858241 0.114968 0.026791 246.483845 290.898482
40 49 48 0.456002 0.227388 0.316611 234.080255 302.726634
40 49 48 0.006379 0.661968 0.331653 231.324535 313.707471
40 49 48 0.455856 0.423544 0.120600 238.992174 299.510177
40 49 48 0.704340 0.276721 0.018939 241.339137 294.209470
40 49 48 0.774124 0.185785 0.040091 242.815655 289.751140
40 49 48 0.093569 0.702570 0.203862 237.621880 315.006873
40 49 48 0.364281 0.349440 0.286278 234.752840 306.928223
40 49 48 0.299423 0.423955 0.276622 232.018784 306.363961
40 49 48 0.797322 0.140482 0.062197 239.947779 291.158040
40 41 49 0.205608 0.175646 0.618746 249.826476 302.983840
40 41 49 0.540984 0.436791 0.022225 258.379873 285.126438
40 41 49 0.818276 0.112528 0.069197 245.948538 285.276365
40 41 49 0.852450 0.082348 0.065202 244.992960 288.530042
40 41 49 0.995251 0.002197 0.002552 243.122001 282.800488
40 41 49 0.440227 0.481071 0.078702 260.978951 286.030578
40 41 49 0.733065 0.263447 0.003489 255.298879 279.159200
40 41 49 0.056840 0.010159 0.933001 249.061838 313.162534
40 41 49 0.122043 0.431298 0.446660 264.302908 299.257663
40 41 49 0.442595 0.434868 0.122537 262.135449 290.059653
41 50 49 0.954434 0.001861 0.043705 285.339270 284.533346
41 50 49 0.797749 0.056568 0.145683 278.764936 288.732466
41 50 49 0.860818 0.025205 0.113978 279.251855 292.272175
41 50 49 0.244229 0.511131 0.244640 272.621065 308.750424
41 50 49 0.564971 0.364021 0.071008 283.019902 300.499065
41 50 49 0.337221 0.473059 0.189720 278.332674 305.642319
41 50 49 0.889110 0.026772 0.084118 283.831930 289.935995
41 50 49 0.538665 0.391631 0.069703 285.593165 299.233671
41 50 49 0.300580 0.433915 0.265505 274.833736 310.893706
41 50 49 0.368479 0.301691 0.329831 271.759146 305.166647
41 42 50 0.213141 0.571583 0.215276 310.361602 292.129008
41 42 50 0.336956 0.394008 0.269036 304.176653 288.053634
41 42 50 0.856484 0.140670 0.002846 290.591379 284.708435
41 42 50 0.254104 0.713687 0.032210 312.923652 283.091758
41 42 50 0.472405 0.127350 0.400245 289.034559 300.224822
41 42 50 0.598323 0.168077 0.233600 292.352970 290.496039
41 42 50 0.007248 0.276087 0.716665 293.244733 308.147400
41 42 50 0.902098 0.081171 0.016731 290.740368 286.074765
41 42 50 0.014904 0.422837 0.562258 296.943510 304.016599
41 42 50 0.297276 0.359835 0.342889 303.425224 294.617560
42 51 50 0.194002 0.168692 0.637306 299.188779 308.367669
42 51 50 0.400041 0.019843 0.580117 301.048449 301.669137
42 51 50 0.077847 0.713359 0.208793 319.381367 316.883105
42 51 50 0.253908 0.424035 0.322056 314.812220 310.966887
42 51 50 0.893418 0.058870 0.047712 324.091415 286.063062
42 51 50 0.655141 0.034209 0.310650 315.452842 296.654990
42 51 50 0.423115 0.418507 0.158378 319.417372 304.761569
42 51 50 0.887237 0.107146 0.005617 321.088311 287.620395
42 51 50 0.687779 0.231795 0.080426 322.927736 296.229672
42 51 50 0.902105 0.069156 0.028740 326.327009 284.965731
42 43 51 0.187981 0.367222 0.444797 340.854092 296.612350
42 43 51 0.662754 0.029291 0.307955 323.581383 298.749728
42 43 51 0.012606 0.447978 0.539415 344.654795 303.655363
42 43 51 0.249306 0.291746 0.458948 336.577022 300.795078
42 43 51 0.744420 0.114237 0.141343 331.531592 287.743800
42 43 51 0.724236 0.166679 0.109085 334.321253 288.567181
42 43 51 0.292682 0.025925 0.681392 327.036969 310.970890
42 43 51 0.199870 0.591430 0.208700 352.089833 293.764397
42 43 51 0.086889 0.573953 0.339157 349.849599 295.355286
42 43 51 0.023972 0.042366 0.933662 326.618798 318.437986
43 52 51 0.570144 0.285938 0.143918 359.728996 299.981557
43 52 51 0.222530 0.773733 0.003737 363.816189 314.092687
43 52 51 0.468487 0.070667 0.460845 350.002475 305.628225
43 52 51 0.995597 0.002008 0.002396 369.307455 286.401957
43 52 51 0.927599 0.053819 0.018581 369.014017 287.237101
43 52 51 0.557097 0.023497 0.419406 350.916478 301.309247
43 52 51 0.360062 0.365591 0.274347 356.799586 307.797935
43 52 51 0.811342 0.165749 0.022909 366.008171 292.807107
43 52 51 0.714621 0.111541 0.173838 363.435982 295.695666
43 52 51 0.035437 0.080824 0.883739 331.708652 313.141650
43 44 52 0.648968 0.268837 0.082195 378.479734 285.622301
43 44 52 0.358338 0.466433 0.175229 389.747558 289.624381
43 44 52 0.972919 0.015638 0.011443 368.275256 282.145794
43 44 52 0.579243 0.057498 0.363259 369.327459 296.030492
43 44 52 0.192323 0.347018 0.460659 381.820750 298.974235
43 44 52 0.439320 0.342307 0.218373 380.110541 292.299788
43 44 52 0.420731 0.034946 0.544323 366.624462 301.678867
43 44 52 0.557138 0.100917 0.341945 374.694282 298.933448
43 44 52 0.771151 0.207974 0.020874 376.717979 285.337875
43 44 52 0.880227 0.111871 0.007902 376.537363 282.856220
44 53 52 0.689885 0.200275 0.109840 403.724881 295.373061
44 53 52 0.339773 0.395863 0.264364 397.929776 309.130692
44 53 52 0.049118 0.606221 0.344661 395.597645 322.101090
44 53 52 0.731577 0.122049 0.146375 402.294513 294.022719
44 53 52 0.132208 0.358125 0.509668 387.604499 313.833400
44 53 52 0.864956 0.007115 0.127930 410.125226 291.870600
44 53 52 0.063419 0.578171 0.358410 391.591131 317.244281
44 53 52 0.483621 0.434724 0.081655 407.839550 305.371361
44 53 52 0.683467 0.273938 0.042595 409.896636 299.060982
44 53 52 0.219904 0.674383 0.105713 406.459359 314.001338
45 46 54 0.209421 0.389457 0.401121 118.813734 321.117790
45 46 54 0.617706 0.088277 0.294016 106.601271 317.542706
45 46 54 0.330725 0.251815 0.417461 118.893249 319.371426
45 46 54 0.764249 0.027199 0.208551 103.961476 312.323223
45 46 54 0.113684 0.056120 0.830196 113.295115 334.903763
45 46 54 0.209961 0.635262 0.154777 124.373010 315.828724
45 46 54 0.170905 0.304382 0.524713 120.752347 326.364618
45 46 54 0.034847 0.008340 0.956813 111.013563 334.423570
45 46 54 0.248172 0.446947 0.304882 120.315194 319.457665
45 46 54 0.533016 0.304301 0.162683 117.050538 313.299213
46 55 54 0.116277 0.773487 0.110236 132.314444 333.841607
46 55 54 0.575822 0.089943 0.334235 128.170378 321.429939
46 55 54 0.734755 0.108246 0.156999 136.052351 319.478587
46 55 54 0.108080 0.873199 0.018721 142.016133 333.856467
46 55 54 0.546131 0.110992 0.342877 127.842785 322.144719
46 55 54 0.396925 0.359858 0.243217 132.618012 327.450973
46 55 54 0.796812 0.027441 0.175747 130.820456 313.820314
46 55 54 0.372468 0.132735 0.494796 129.626772 327.356572
46 55 54 0.412972 0.062287 0.524741 125.115915 328.130830
46 55 54 0.157614 0.441071 0.401315 131.060625 332.013091
46 47 55 0.443129 0.037272 0.519598 143.354310 324.988778
46 47 55 0.258479 0.357448 0.384073 151.940147 323.335688
46 47 55 0.153432 0.521758 0.324811 160.262646 321.457036
46 47 55 0.447954 0.013653 0.538394 141.797170 327.181905
46 47 55 0.785908 0.121477 0.092615 143.318867 314.471432
46 47 55 0.610362 0.022556 0.367082 141.767203 321.406036
46 47 55 0.031343 0.730838 0.237819 163.220157 317.003775
46 47 55 0.336164 0.181255 0.482581 146.134995 322.601287
46 47 55 0.000479 0.309250 0.690271 152.646673 330.172724
46 47 55 0.673130 0.096662 0.230208 143.516588 319.069734
47 56 55 0.353207 0.064340 0.582453 157.443979 330.099406
47 56 55 0.595359 0.208885 0.195756 165.436461 324.429306
47 56 55 0.815893 0.117564 0.066543 172.785349 317.194700
47 56 55 0.905317 0.007239 0.087444 168.661888 316.145792
47 56 55 0.703079 0.019827 0.277094 166.116363 321.466878
47 56 55 0.995196 0.000528 0.004276 172.813890 311.940252
47 56 55 0.531016 0.357731 0.111253 172.246208 329.959439
47 56 55 0.913700 0.061909 0.024391 176.984570 312.769168
47 56 55 0.369715 0.490685 0.139601 175.234924 331.968777
47 56 55 0.978474 0.001243 0.020282 170.789224 314.740312
47 48 56 0.837961 0.085609 0.076431 179.034979 316.665490
47 48 56 0.203519 0.052535 0.743946 179.179866 333.377757
47 48 56 0.421311 0.376349 0.202340 187.728162 321.425763
47 48 56 0.960501 0.015420 0.024079 174.735404 313.525325
47 48 56 0.439391 0.095434 0.465175 179.697859 329.364930
47 48 56 0.183735 0.067331 0.748934 177.773003 339.019013
47 48 56 0.119177 0.559447 0.321377 191.792137 328.247689
47 48 56 0.076965 0.179150 0.743885 185.009939 333.802555
47 48 56 0.430083 0.568525 0.001391 190.682479 315.914875
47 48 56 0.386102 0.310123 0.303775 187.471207 324.259241
48 57 56 0.848510 0.065964 0.085526 204.198641 318.967608
48 57 56 0.474002 0.299464 0.226535 202.532739 327.359030
48 57 56 0.157189 0.066625 0.776187 185.647146 342.690257
48 57 56 0.045665 0.265849 0.688486 187.969859 341.585994
48 57 56 0.563688 0.273549 0.162763 202.817333 327.115505
48 57 56 0.334923 0.275640 0.389437 195.777527 329.890534
48 57 56 0.078147 0.542281 0.379572 202.060320 338.770745
48 57 56 0.725701 0.074959 0.199340 202.925356 320.014583
48 57 56 0.043211 0.520835 0.435954 198.353250 341.780396
48 57 56 0.630118 0.046487 0.323395 197.916536 327.004246
48 49 57 0.710276 0.269063 0.020661 221.500157 313.997243
48 49 57 0.110262 0.084572 0.805167 215.418859 336.254836
48 49 57 0.080677 0.247035 0.672289 218.748097 335.307463
48 49 57 0.204728 0.728680 0.066592 236.502085 316.378092
48 49 57 0.505790 0.341365 0.152846 223.475294 317.653328
48 49 57 0.495470 0.320008 0.184522 219.708246 317.632466
48 49 57 0.736625 0.206455 0.056920 212.020247 316.619128
48 49 57 0.909287 0.028942 0.061771 208.611867 321.171011
48 49 57 0.443699 0.106919 0.449382 214.889191 326.504940
48 49 57 0.648519 0.302483 0.048998 217.831613 318.078545
49 58 57 0.501051 0.490760 0.008188 247.483064 329.284564
49 58 57 0.575978 0.283077 0.140945 242.637959 328.450531
49 58 57 0.918400 0.048709 0.032891 242.465281 318.201017
49 58 57 0.627661 0.304438 0.067901 242.049756 324.644654
49 58 57 0.712337 0.071846 0.215817 240.022769 325.247222
49 58 57 0.971303 0.013291 0.015406 241.975809 316.470968
49 58 57 0.367420 0.529951 0.102629 245.873342 334.518262
49 58 57 0.409485 0.122310 0.468205 228.325099 332.401857
49 58 57 0.103319 0.272060 0.624621 226.056107 343.424568
49 58 57 0.551167 0.013836 0.434998 230.514391 328.216866
49 50 58 0.922451 0.031411 0.046138 244.559051 317.667322
49 50 58 0.481711 0.085120 0.433169 255.082086 326.552988
49 50 58 0.111797 0.514576 0.373626 268.272352 327.982113
49 50 58 0.715699 0.084149 0.200152 245.548089 322.022369
49 50 58 0.490104 0.247867 0.262028 253.853658 324.203846
49 50 58 0.956264 0.017946 0.025790 243.108546 313.906668
49 50 58 0.208289 0.721851 0.069860 271.039936 319.734945
49 50 58 0.751648 0.160970 0.087381 250.928359 318.108067
49 50 58 0.681283 0.068289 0.250428 249.909077 324.919601
49 50 58 0.396146 0.112905 0.490950 247.619312 332.497716
50 59 58 0.788062 0.048243 0.163695 283.322155 323.488909
50 59 58 0.824599 0.037465 0.137936 281.458962 323.667116
50 59 58 0.655531 0.009937 0.334532 271.168404 326.648665
50 59 58 0.668479 0.292652 0.038869 284.124545 328.505416
50 59 58 0.526016 0.388116 0.085868 283.829277 332.528325
50 59 58 0.081732 0.052467 0.865801 253.246915 339.960400
50 59 58 0.977048 0.008288 0.014663 283.517343 317.578233
50 59 58 0.092695 0.882738 0.024567 281.651856 342.644003
50 59 58 0.410630 0.285643 0.303727 270.958309 331.320494
50 59 58 0.210110 0.609512 0.180378 278.094196 338.273529
50 51 59 0.790269 0.074011 0.135719 290.173541 320.804900
50 51 59 0.491406 0.082401 0.426193 288.440443 331.712580
50 51 59 0.927530 0.007593 0.064877 290.919839 316.540471
50 51 59 0.649219 0.127200 0.223581 287.360425 323.442440
50 51 59 0.077535 0.526043 0.396423 304.611678 330.301092
50 51 59 0.010649 0.897382 0.091968 322.819940 321.070265
50 51 59 0.557775 0.230574 0.211651 296.450733 325.004308
50 51 59 0.676766 0.169712 0.153521 289.461412 317.926798
50 51 59 0.944378 0.030351 0.025272 286.548659 314.217237
50 51 59 0.807207 0.121828 0.070966 291.660389 323.467451
51 60 59 0.901069 0.066620 0.032311 321.805301 326.978430
51 60 59 0.058382 0.851558 0.090060 318.456053 345.115259
51 60 59 0.636396 0.171663 0.191941 316.198922 329.738083
51 60 59 0.071068 0.696529 0.232403 315.962632 348.321832
51 60 59 0.274161 0.483634 0.242205 314.627025 342.355332
51 60 59 0.616168 0.211259 0.172573 317.897967 331.222789
51 60 59 0.681110 0.220903 0.097987 320.566143 327.744592
51 60 59 0.960949 0.032601 0.006450 323.353443 319.089744
51 60 59 0.671583 0.151177 0.177240 320.091929 328.171640
51 60 59 0.228899 0.480161 0.290939 311.609253 337.631252
51 52 60 0.838418 0.121810 0.039773 327.917532 317.502954
51 52 60 0.236592 0.112901 0.650507 330.873216 338.533365
51 52 60 0.875637 0.097984 0.026380 327.693076 320.176818
51 52 60 0.119301 0.681772 0.198927 351.752365 321.669051
51 52 60 0.091311 0.343755 0.564934 334.761073 338.799700
51 52 60 0.913644 0.041987 0.044369 326.380732 319.672107
51 52 60 0.159018 0.781650 0.059332 356.931627 322.706277
51 52 60 0.541052 0.234354 0.224595 329.961492 322.072217
51 52 60 0.037352 0.089601 0.873047 329.817876 346.069591
51 52 60 0.162454 0.323282 0.514263 334.289298 335.879902
52 61 60 0.415461 0.577727 0.006811 359.732476 336.658886
52 61 60 0.113949 0.419734 0.466317 343.262802 346.526366
52 61 60 0.748292 0.179717 0.071992 359.921401 328.733867
52 61 60 0.970324 0.000725 0.028952 361.632752 320.188779
52 61 60 0.226776 0.568893 0.204331 352.734823 344.443357
52 61 60 0.774841 0.149819 0.075341 364.159996 327.510074
52 61 60 0.830971 0.121134 0.047894 359.996042 326.094387
52 61 60 0.126621 0.306096 0.567284 337.501835 345.196410
52 61 60 0.316875 0.551253 0.131872 356.073468 342.564597
52 61 60 0.439760 0.317662 0.242578 353.288398 337.224522
52 53 61 0.328011 0.289687 0.382302 376.075512 333.192281
52 53 61 0.208278 0.462452 0.329270 381.480263 330.637551
52 53 61 0.405831 0.289899 0.304271 375.218148 333.623643
52 53 61 0.621272 0.363694 0.015034 379.416126 322.850741
52 53 61 0.663757 0.185440 0.150802 372.188368 326.539601
52 53 61 0.690509 0.018672 0.290819 365.304740 327.934620
52 53 61 0.936580 0.062299 0.001121 366.406041 321.379895
52 53 61 0.129797 0.404006 0.466198 379.883561 337.294017
52 53 61 0.724951 0.166398 0.108651 370.756723 327.050916
52 53 61 0.223094 0.288502 0.488403 377.518979 337.339993
53 62 61 0.704653 0.205546 0.089801 403.024347 330.389570
53 62 61 0.828851 0.152416 0.018733 404.500749 328.091916
53 62 61 0.062668 0.164676 0.772656 371.106037 352.477144
53 62 61 0.488345 0.488621 0.023033 404.137799 338.422716
53 62 61 0.333210 0.188471 0.478319 382.361167 341.535638
53 62 61 0.318214 0.456685 0.225101 394.560664 340.453472
53 62 61 0.383510 0.321114 0.295376 388.028895 344.652359
53 62 61 0.806793 0.043054 0.150154 401.536020 327.695660
53 62 61 0.231843 0.263637 0.504520 378.869502 345.805420
53 62 61 0.442592 0.378491 0.178917 395.252847 339.006850
54 55 63 0.645275 0.085949 0.268776 119.326796 345.431691
54 55 63 0.520151 0.175337 0.304511 120.319919 344.268471
54 55 63 0.680585 0.195745 0.123670 118.384446 338.392084
54 55 63 0.210922 0.260526 0.528552 124.444624 344.490406
54 55 63 0.806338 0.159867 0.033795 118.146339 336.649822
54 55 63 0.951618 0.031453 0.016928 116.474966 337.767474
54 55 63 0.363545 0.410104 0.226350 127.035290 337.725964
54 55 63 0.008147 0.061902 0.929951 121.896858 357.600133
54 55 63 0.551914 0.034697 0.413389 117.955160 347.658389
54 55 63 0.156027 0.615264 0.228709 134.316306 342.228920
55 64 63 0.565839 0.048377 0.385784 138.313894 348.491204
55 64 63 0.415969 0.490129 0.093902 147.209508 351.904326
55 64 63 0.098331 0.371741 0.529928 134.340478 356.877654
55 64 63 0.020603 0.263039 0.716357 131.143047 358.141656
55 64 63 0.495132 0.052388 0.452480 133.150295 349.622587
55 64 63 0.560837 0.398568 0.040595 144.705872 347.735837
55 64 63 0.481015 0.420696 0.098288 148.061775 350.166441
55 64 63 0.078899 0.105555 0.815546 130.314084 360.557132
55 64 63 0.313346 0.360545 0.326109 140.211632 354.405918
55 64 63 0.122515 0.038814 0.838671 120.952972 359.557143
55 56 64 0.759627 0.029332 0.211041 146.493318 339.310848
55 56 64 0.766446 0.098378 0.135176 149.367459 342.173727
55 56 64 0.138410 0.561067 0.300523 163.388373 349.332669
55 56 64 0.146203 0.208414 0.645383 157.743389 352.667278
55 56 64 0.451497 0.467259 0.081244 165.924978 340.526057
55 56 64 0.487123 0.482815 0.030062 161.767430 345.322330
55 56 64 0.147161 0.080706 0.772134 155.970181 354.019405
55 56 64 0.429141 0.507637 0.063222 163.472444 341.850286
55 56 64 0.104871 0.682641 0.212487 170.518051 346.478088
55 56 64 0.401935 0.590724 0.007340 165.027011 341.364928
56 65 64 0.327404 0.283922 0.388674 173.303421 353.300719
56 65 64 0.348379 0.374525 0.277096 171.939318 353.254014
56 65 64 0.486201 0.376858 0.136941 177.979407 351.157488
56 65 64 0.390570 0.250450 0.358980 167.343011 350.900797
56 65 64 0.575285 0.045108 0.379606 168.892912 348.356523
56 65 64 0.928574 0.066880 0.004546 177.757791 342.781233
56 65 64 0.725032 0.047464 0.227503 173.951003 344.986486
56 65 64 0.141270 0.229883 0.628847 165.265244 359.659972
56 65 64 0.888935 0.085711 0.025354 182.781430 344.655336
56 65 64 0.492499 0.048776 0.458725 169.154569 349.960927
56 57 65 0.877456 0.100786 0.021758 182.898681 342.888112
56 57 65 0.860870 0.076581 0.062549 182.702698 342.795418
56 57 65 0.858361 0.083572 0.058067 184.085985 343.098978
56 57 65 0.171206 0.802306 0.026488 207.648600 339.551338
56 57 65 0.370010 0.110035 0.519956 184.062198 352.415684
56 57 65 0.717080 0.204352 0.078568 187.287983 343.787110
56 57 65 0.545118 0.223649 0.231233 190.057281 345.673223
56 57 65 0.553463 0.323153 0.123384 190.738757 338.584210
56 57 65 0.878428 0.098861 0.022711 184.628892 340.307585
56 57 65 0.477996 0.181366 0.340639 185.395832 350.451243
57 66 65 0.275183 0.005912 0.718906 195.571598 356.053337
57 66 65 0.948297 0.027530 0.024173 209.710299 343.742178
57 66 65 0.412090 0.351209 0.236701 204.496614 354.566931
57 66 65 0.852447 0.123448 0.024105 211.328200 343.900863
57 66 65 0.847100 0.090361 0.062539 212.050791 344.061932
57 66 65 0.974799 0.015677 0.009524 214.783046 340.824450
57 66 65 0.297106 0.401913 0.300981 206.811827 355.804107
57 66 65 0.924198 0.026881 0.048922 212.894126 344.867958
57 66 65 0.480517 0.037050 0.482433 196.321679 353.430454
57 66 65 0.959764 0.027813 0.012424 211.569411 343.813096
57 58 66 0.541325 0.169989 0.288686 222.817365 348.151460
57 58 66 0.931899 0.006334 0.061767 211.739998 341.573345
57 58 66 0.394337 0.220478 0.385186 220.976508 352.484098
57 58 66 0.111673 0.197615 0.690712 224.650643 358.503336
57 58 66 0.280670 0.417237 0.302093 229.306670 346.411225
57 58 66 0.626653 0.167404 0.205943 217.984449 349.731667
57 58 66 0.946456 0.043467 0.010078 213.345464 339.085726
57 58 66 0.074406 0.171824 0.753769 224.994907 359.179388
57 58 66 0.364478 0.381818 0.253703 227.763092 346.004676
57 58 66 0.290465 0.527440 0.182094 230.486270 345.634697
58 67 66 0.415965 0.425853 0.158182 240.954682 358.613309
58 67 66 0.605778 0.093427 0.300795 239.444039 349.924607
58 67 66 0.589093 0.257892 0.153015 243.355378 350.674742
58 67 66 0.212033 0.574687 0.213280 239.136536 359.885200
58 67 66 0.238727 0.697114 0.064159 248.124263 361.506278
58 67 66 0.256443 0.191491 0.552066 233.561269 356.368544
58 67 66 0.013991 0.918471 0.067537 245.009561 366.186827
58 67 66 0.498529 0.291933 0.209538 241.403984 352.320458
58 67 66 0.089777 0.012748 0.897476 221.046156 363.465548
58 67 66 0.762194 0.196546 0.041261 250.508530 347.094630
58 59 67 0.407982 0.495592 0.096426 263.122302 350.371832
58 59 67 0.123107 0.775500 0.101393 274.477686 344.724583
58 59 67 0.397090 0.186560 0.416350 254.808674 356.656594
58 59 67 0.898953 0.040109 0.060938 250.054706 343.864615
58 59 67 0.089884 0.277652 0.632464 257.422615 358.163015
58 59 67 0.515574 0.100791 0.383635 254.397263 351.075010
58 59 67 0.476992 0.441680 0.081328 263.878079 347.910651
58 59 67 0.947908 0.041132 0.010959 246.354850 345.381043
58 59 67 0.474755 0.070321 0.454924 253.837938 353.756007
58 59 67 0.453325 0.144096 0.402579 251.782080 351.858375
59 68 67 0.187103 0.091015 0.721883 260.043609 362.085254
59 68 67 0.701811 0.045763 0.252426 276.654345 352.418432
59 68 67 0.350441 0.611061 0.038498 285.952744 362.007217
59 68 67 0.970118 0.007977 0.021905 283.730774 345.195746
59 68 67 0.880938 0.021356 0.097706 279.220441 349.886831
59 68 67 0.670751 0.041163 0.288085 277.996483 355.854781
59 68 67 0.792118 0.075726 0.132156 277.536606 350.285209
59 68 67 0.127303 0.086934 0.785764 256.099900 363.752150
59 68 67 0.836123 0.043204 0.120673 278.912705 351.888395
59 68 67 0.348311 0.444528 0.207161 277.502498 358.508200
59 60 68 0.225099 0.617068 0.157833 305.561539 351.991420
59 60 68 0.955083 0.043781 0.001137 286.912710 345.419615
59 60 68 0.371396 0.136275 0.492329 291.084673 360.335955
59 60 68 0.574945 0.424145 0.000910 299.856932 344.009149
59 60 68 0.673662 0.274063 0.052275 295.794315 349.927610
59 60 68 0.392079 0.561672 0.046249 304.642102 348.787879
59 60 68 0.285334 0.529542 0.185124 301.356692 352.231849
59 60 68 0.586791 0.009114 0.404096 283.574984 355.622850
59 60 68 0.493803 0.425728 0.080469 302.699046 350.440797
59 60 68 0.529731 0.039195 0.431075 285.161170 357.500427
60 69 68 0.431441 0.342516 0.226043 309.352354 362.777216
60 69 68 0.192978 0.624325 0.182697 316.468876 367.897993
60 69 68 0.879115 0.050668 0.070216 319.277996 351.802400
60 69 68 0.613861 0.277581 0.108558 321.435119 361.406007
60 69 68 0.746023 0.178715 0.075262 312.881943 353.521380
60 69 68 0.573675 0.300995 0.125330 313.999973 362.510930
60 69 68 0.204165 0.775696 0.020140 319.037908 367.141807
60 69 68 0.427607 0.334088 0.238305 312.793961 363.004797
60 69 68 0.124466 0.115716 0.759818 295.031901 372.034813
60 69 68 0.734506 0.198483 0.067012 315.462124 351.297170
60 61 69 0.762511 0.053820 0.183670 324.353291 349.819360
60 61 69 0.978275 0.004980 0.016746 323.533938 350.077274
60 61 69 0.999870 0.000040 0.000090 325.460002 350.131788
60 61 69 0.324367 0.356442 0.319191 332.807821 355.661808
60 61 69 0.322681 0.553538 0.123781 342.845363 352.776049
60 61 69 0.125197 0.828115 0.046688 350.172848 355.451001
60 61 69 0.869674 0.092725 0.037601 326.714560 350.663715
60 61 69 0.738203 0.075349 0.186447 327.194968 354.834276
60 61 69 0.690608 0.233951 0.075441 328.018943 351.209575
60 61 69 0.998832 0.001011 0.000157 322.241196 350.294797
61 70 69 0.542828 0.286371 0.170801 351.236727 364.486800
61 70 69 0.164928 0.693337 0.141735 348.431145 371.126902
61 70 69 0.478232 0.402636 0.119132 355.907096 364.996700
61 70 69 0.493624 0.319523 0.186854 348.724733 362.686241
61 70 69 0.957604 0.028174 0.014222 359.438369 352.587331
61 70 69 0.416001 0.000784 0.583215 334.026108 361.222418
61 70 69 0.171085 0.260969 0.567946 335.035601 374.918263
61 70 69 0.494079 0.092978 0.412942 343.036567 363.650893
61 70 69 0.405115 0.504918 0.089966 355.482999 367.736593
61 70 69 0.748962 0.003817 0.247221 350.050223 355.799402
61 62 70 0.563307 0.391760 0.044933 376.680672 352.179682
61 62 70 0.860546 0.024197 0.115257 363.608752 354.332359
61 62 70 0.971393 0.021750 0.006857 363.010950 349.559712
61 62 70 0.653649 0.305257 0.041094 376.199642 353.005159
61 62 70 0.812961 0.157782 0.029256 366.640688 353.733967
61 62 70 0.991974 0.007395 0.000631 361.848271 352.766542
61 62 70 0.038844 0.668839 0.292318 387.184029 359.061107
61 62 70 0.481645 0.274468 0.243887 372.048546 357.615486
61 62 70 0.584393 0.077435 0.338172 363.631022 361.480782
61 62 70 0.728431 0.075175 0.196394 363.589070 361.401652
62 71 70 0.505617 0.041672 0.452711 383.051773 366.863084
62 71 70 0.613764 0.083377 0.302858 387.440184 361.560333
62 71 70 0.416093 0.056959 0.526948 376.190129 368.984990
62 71 70 0.475425 0.330607 0.193968 389.796567 363.922027
62 71 70 0.896873 0.014560 0.088567 399.661456 355.170943
62 71 70 0.587579 0.386428 0.025993 399.662827 364.069076
62 71 70 0.063903 0.322019 0.614078 373.470370 379.590173
62 71 70 0.208856 0.154253 0.636891 369.885046 374.454971
62 71 70 0.896695 0.013776 0.089529 397.544871 357.602322
62 71 70 0.890336 0.100838 0.008826 401.273391 357.293893
63 64 72 0.473562 0.506688 0.019749 138.324274 361.112638
63 64 72 0.096234 0.750955 0.152812 145.522475 364.191353
63 64 72 0.606062 0.177520 0.216418 128.321939 366.613572
63 64 72 0.934507 0.053749 0.011744 122.911486 358.919113
63 64 72 0.740668 0.092230 0.167102 126.088989 358.757599
63 64 72 0.778415 0.077637 0.143948 125.063231 362.996978
63 64 72 0.171786 0.257125 0.571089 135.048556 372.149158
63 64 72 0.455901 0.511686 0.032413 136.053732 356.889247
63 64 72 0.896846 0.054011 0.049143 124.733348 361.948215
63 64 72 0.064268 0.334017 0.601715 139.926495 372.375782
64 73 72 0.371261 0.266957 0.361782 145.095757 370.901201
64 73 72 0.339813 0.289477 0.370710 148.864828 370.697082
64 73 72 0.817716 0.116582 0.065702 154.460470 364.339988
64 73 72 0.836383 0.092974 0.070643 153.922531 364.315486
64 73 72 0.935336 0.059699 0.004965 151.101193 361.218645
64 73 72 0.290153 0.494281 0.215566 151.121413 375.450875
64 73 72 0.034301 0.711551 0.254148 157.397411 382.246980
64 73 72 0.801582 0.155878 0.042540 152.172525 364.698241
64 73 72 0.457966 0.396386 0.145649 153.104032 371.436421
64 73 72 0.273483 0.312914 0.413603 150.815698 375.677494
64 65 73 0.434362 0.157689 0.407948 158.946925 369.012608
64 65 73 0.412989 0.457061 0.129950 170.255724 362.537995
64 65 73 0.264422 0.209400 0.526179 163.920453 369.600736
64 65 73 0.341408 0.254836 0.403756 163.307397 367.079418
64 65 73 0.239265 0.691330 0.069405 172.359229 361.932809
64 65 73 0.782197 0.104959 0.112843 158.605524 363.684414
64 65 73 0.590826 0.248063 0.161110 160.408306 361.738875
64 65 73 0.660901 0.071416 0.267683 155.046590 366.120440
64 65 73 0.542408 0.076333 0.381259 159.038975 372.628344
64 65 73 0.749159 0.037654 0.213188 156.212170 364.731083
65 74 73 0.858537 0.073498 0.067965 183.380379 368.134285
65 74 73 0.115580 0.878344 0.006077 188.603236 377.133677
65 74 73 0.611581 0.102548 0.285871 179.927993 369.964284
65 74 73 0.582212 0.305938 0.111850 186.082236 367.964225
65 74 73 0.314283 0.380094 0.305623 179.217061 376.834422
65 74 73 0.691894 0.281023 0.027083 186.165171 366.511042
65 74 73 0.135908 0.327502 0.536590 170.456252 378.858739
65 74 73 0.890720 0.057793 0.051486 185.476285 366.409303
65 74 73 0.253795 0.330569 0.415636 178.982526 376.686840
65 74 73 0.139076 0.734034 0.126890 185.567463 377.163933
65 66 74 0.991108 0.007460 0.001432 184.747661 358.537155
65 66 74 0.848167 0.036638 0.115195 187.743641 363.009406
65 66 74 0.016867 0.555190 0.427943 207.687920 375.427130
65 66 74 0.644694 0.012329 0.342977 187.333197 369.641858
65 66 74 0.731090 0.128601 0.140310 192.215393 364.771433
65 66 74 0.258940 0.691115 0.049945 211.740799 366.283884
65 66 74 0.302324 0.268725 0.428951 197.056041 369.967821
65 66 74 0.900605 0.068712 0.030683 187.425704 359.367255
65 66 74 0.139406 0.550250 0.310344 207.349961 372.192986
65 66 74 0.898758 0.077137 0.024106 187.902392 360.607264
66 75 74 0.247922 0.189488 0.562591 206.872012 376.787476
66 75 74 0.688928 0.109922 0.201150 215.953636 371.217261
66 75 74 0.592784 0.135087 0.272129 210.824618 372.806361
66 75 74 0.161872 0.162046 0.676082 201.382717 378.842544
66 75 74 0.325368 0.299751 0.374881 212.896671 373.971954
66 75 74 0.399638 0.417172 0.183190 217.260444 374.755037
66 75 74 0.492691 0.414847 0.092462 217.075944 371.920640
66 75 74 0.907759 0.055999 0.036242 217.914246 363.900940
66 75 74 0.870808 0.109322 0.019869 220.631850 362.545048
66 75 74 0.323295 0.382798 0.293907 209.242923 374.825755
66 67 75 0.979005 0.005970 0.015025 218.151635 363.732395
66 67 75 0.773930 0.180737 0.045333 225.651272 362.691091
66 67 75 0.574154 0.059918 0.365928 223.709536 369.949372
66 67 75 0.626616 0.296046 0.077338 230.064075 365.484527
66 67 75 0.225522 0.235626 0.538852 231.101682 374.436001
66 67 75 0.542996 0.390624 0.066380 228.605052 368.189314
66 67 75 0.409772 0.145255 0.444973 224.602075 372.326933
66 67 75 0.283317 0.287442 0.429241 231.047574 373.253004
66 67 75 0.246026 0.447344 0.306630 233.643074 369.713657
66 67 75 0.768753 0.034985 0.196262 219.922385 367.226911
67 76 75 0.416213 0.446578 0.137209 248.617619 378.544015
67 76 75 0.057825 0.205742 0.736433 227.812438 381.718555
67 76 75 0.589176 0.276268 0.134555 247.803223 371.248056
67 76 75 0.694362 0.195115 0.110523 248.695628 375.466129
67 76 75 0.856360 0.016143 0.127497 247.585524 367.568315
67 76 75 0.330524 0.605242 0.064234 251.825625 374.662564
67 76 75 0.106317 0.866166 0.027517 254.706936 385.741997
67 76 75 0.260398 0.443504 0.296098 242.888883 378.036926
67 76 75 0.187315 0.480247 0.332437 242.002150 385.001004
67 76 75 0.512755 0.028617 0.458627 239.490575 374.411611
67 68 76 0.738297 0.144232 0.117472 254.337287 368.598568
67 68 76 0.037688 0.608943 0.353369 274.079938 375.377537
67 68 76 0.343576 0.526039 0.130385 270.352905 370.297435
67 68 76 0.173696 0.551017 0.275286 269.992947 373.462939
67 68 76 0.769593 0.122297 0.108111 258.465730 371.550835
67 68 76 0.923270 0.061445 0.015285 252.615779 367.084208
67 68 76 0.587986 0.292367 0.119647 262.627651 371.868411
67 68 76 0.765443 0.216202 0.018355 254.650804 368.257308
67 68 76 0.357265 0.331987 0.310749 264.032515 376.531686
67 68 76 0.570452 0.215078 0.214470 259.900823 375.046748
68 77 76 0.803890 0.107760 0.088350 278.895352 377.110161
68 77 76 0.910672 0.033200 0.056128 283.091228 371.500598
68 77 76 0.650497 0.302528 0.046975 283.498545 378.018841
68 77 76 0.455660 0.172997 0.371343 271.297453 378.475211
68 77 76 0.914190 0.042488 0.043322 281.312826 372.110123
68 77 76 0.027554 0.392580 0.579866 265.064184 387.066280
68 77 76 0.612942 0.171466 0.215591 277.760660 376.520616
68 77 76 0.213994 0.412590 0.373415 269.800224 382.806460
68 77 76 0.838546 0.004515 0.156940 278.246918 370.128430
68 77 76 0.929359 0.049572 0.021070 277.658788 374.145447
68 69 77 0.501306 0.378322 0.120372 296.822682 376.142628
68 69 77 0.281136 0.013772 0.705092 286.750539 381.933045
68 69 77 0.170551 0.709566 0.119883 307.646001 374.499074
68 69 77 0.851622 0.013450 0.134928 286.001463 375.244440
68 69 77 0.136835 0.196434 0.666732 294.886628 384.744112
68 69 77 0.933964 0.034104 0.031932 282.056139 374.768117
68 69 77 0.528321 0.219870 0.251809 291.735101 376.777206
68 69 77 0.615158 0.115530 0.269312 288.809083 377.347863
68 69 77 0.892873 0.065225 0.041902 291.168191 371.684441
68 69 77 0.359305 0.274786 0.365909 293.928927 376.848672
69 78 77 0.996637 0.001829 0.001534 321.075585 376.938346
69 78 77 0.838183 0.032822 0.128995 315.397505 374.080164
69 78 77 0.673946 0.277624 0.048430 321.162207 379.999259
69 78 77 0.385351 0.521973 0.092676 318.603717 385.795181
69 78 77 0.735780 0.252662 0.011558 318.268635 378.945784
69 78 77 0.366686 0.114342 0.518971 303.456806 386.365522
69 78 77 0.542440 0.147503 0.310057 309.517661 382.200967
69 78 77 0.592076 0.040668 0.367256 303.834504 380.162900
69 78 77 0.703911 0.289107 0.006982 318.330687 378.063599
69 78 77 0.294667 0.470220 0.235114 311.173259 387.594930
69 70 78 0.215870 0.691833 0.092297 343.026875 376.647789
69 70 78 0.568610 0.234803 0.196587 329.153383 377.922729
69 70 78 0.126870 0.044275 0.828856 321.198387 392.836392
69 70 78 0.787382 0.096588 0.116030 317.422619 380.512226
69 70 78 0.707402 0.147188 0.145411 326.077624 380.971410
69 70 78 0.183096 0.786580 0.030325 349.797689 372.479574
69 70 78 0.680753 0.058675 0.260571 324.746170 378.775088
69 70 78 0.400614 0.428498 0.170888 335.743237 377.420594
69 70 78 0.546463 0.349108 0.104430 333.877167 376.204604
69 70 78 0.430296 0.282565 0.287139 331.306325 379.968897
70 79 78 0.614254 0.248091 0.137654 352.658252 383.870976
70 79 78 0.071649 0.793013 0.135338 352.174897 395.374958
70 79 78 0.751472 0.234234 0.014294 356.007838 379.721674
70 79 78 0.758516 0.123935 0.117549 352.159014 381.495334
70 79 78 0.078534 0.694637 0.226829 345.883292 395.393196
70 79 78 0.673552 0.042201 0.284247 343.958926 380.940458
70 79 78 0.399974 0.165120 0.434906 344.213885 386.812271
70 79 78 0.963652 0.004211 0.032137 357.112209 377.336580
70 79 78 0.031717 0.777438 0.190845 348.477470 395.287227
70 79 78 0.010487 0.734381 0.255132 345.205766 393.452263
70 71 79 0.970330 0.017150 0.012521 361.084030 375.742769
70 71 79 0.071187 0.715147 0.213666 378.903242 382.633986
70 71 79 0.751867 0.235081 0.013052 368.967082 375.132234
70 71 79 0.632514 0.184797 0.182689 362.532820 377.504884
70 71 79 0.137770 0.701909 0.160321 380.781694 381.044519
70 71 79 0.110261 0.083695 0.806043 358.388582 391.618696
70 71 79 0.070684 0.709882 0.219434 381.259474 382.189449
70 71 79 0.458005 0.193525 0.348470 362.067048 383.012421
70 71 79 0.848620 0.003088 0.148292 356.534803 379.825570
70 71 79 0.278224 0.061023 0.660753 354.435323 392.103625
71 80 79 0.744868 0.192001 0.063130 393.132978 385.188582
71 80 79 0.030266 0.019926 0.949808 354.972163 396.934772
71 80 79 0.250678 0.424886 0.324437 383.714544 391.270076
71 80 79 0.640532 0.290455 0.069013 391.173065 382.275369
71 80 79 0.257102 0.482236 0.260662 383.370439 392.722788
71 80 79 0.771149 0.110663 0.118188 391.089202 383.524019
71 80 79 0.819194 0.027342 0.153464 387.775226 381.333150
71 80 79 0.342369 0.572016 0.085615 388.918673 391.476638
71 80 79 0.881162 0.092854 0.025984 396.617597 383.340268
71 80 79 0.383663 0.257580 0.358757 378.650304 391.599101
