0 1 9 0.196581 0.732230 0.071189 127.488817 130.271624
0 1 9 0.755945 0.225336 0.018719 108.310257 132.647372
0 1 9 0.834969 0.001051 0.163980 103.770802 133.510235
0 1 9 0.358033 0.132817 0.509150 102.956819 148.873766
0 1 9 0.559546 0.169347 0.271108 102.143137 140.224442
0 1 9 0.934888 0.007297 0.057815 100.670332 128.541757
0 1 9 0.107285 0.392075 0.500640 111.443563 147.592020
0 1 9 0.323633 0.653424 0.022943 121.117089 127.876435
0 1 9 0.156202 0.442719 0.401080 112.701212 144.572815
0 1 9 0.833346 0.146297 0.020357 102.984249 128.519564
1 10 9 0.200012 0.249667 0.550321 116.870856 156.250592
1 10 9 0.852810 0.042251 0.104940 127.702864 135.315857
1 10 9 0.464511 0.154143 0.381346 120.773001 147.072861
1 10 9 0.087917 0.480141 0.431943 123.141345 161.356423
1 10 9 0.295888 0.493181 0.210930 126.241931 153.405492
1 10 9 0.236002 0.580619 0.183379 131.391590 158.394844
1 10 9 0.213883 0.661406 0.124711 133.268919 158.745629
1 10 9 0.558746 0.311891 0.129363 132.456434 145.472417
1 10 9 0.782662 0.173305 0.044033 131.875606 137.286892
1 10 9 0.022362 0.723959 0.253679 125.201003 165.377168
1 2 10 0.824652 0.051154 0.124194 140.532917 134.224554
1 2 10 0.372801 0.488537 0.138662 148.642246 133.431540
1 2 10 0.439669 0.126405 0.433926 140.684215 147.750773
1 2 10 0.669462 0.089329 0.241209 139.707106 136.761681
1 2 10 0.572059 0.339638 0.088303 147.078578 130.675476
1 2 10 0.611367 0.069745 0.318888 138.483028 142.170332
1 2 10 0.581828 0.165181 0.252991 143.153270 137.469429
1 2 10 0.536453 0.303312 0.160235 147.336392 136.079739
1 2 10 0.817176 0.111861 0.070963 137.097187 132.056610
1 2 10 0.834563 0.060166 0.105272 136.884145 130.947617
2 11 10 0.684464 0.064927 0.250609 161.722337 137.393720
2 11 10 0.243770 0.343282 0.412948 159.748989 152.684571
2 11 10 0.772218 0.092778 0.135004 170.135763 137.011941
2 11 10 0.437156 0.334777 0.228067 166.613544 147.725355
2 11 10 0.227084 0.386233 0.386682 157.141482 154.331937
2 11 10 0.799576 0.153072 0.047352 166.707176 133.125090
2 11 10 0.426796 0.216623 0.356581 158.410461 143.002089
2 11 10 0.702511 0.196331 0.101158 164.473769 135.258908
2 11 10 0.171791 0.651039 0.177170 165.939884 157.025740
2 11 10 0.164509 0.084180 0.751311 143.104149 158.289390
2 3 11 0.622189 0.223311 0.154500 180.197047 130.828690
2 3 11 0.474952 0.203672 0.321376 177.118128 137.487686
2 3 11 0.334722 0.634845 0.030433 191.004272 124.637268
2 3 11 0.336199 0.133914 0.529887 176.456924 147.239928
2 3 11 0.756169 0.118159 0.125672 176.322727 131.677155
2 3 11 0.635920 0.088536 0.275544 171.549894 138.022854
2 3 11 0.370875 0.204782 0.424343 179.400240 143.344134
2 3 11 0.538356 0.078468 0.383175 172.764843 138.113480
2 3 11 0.004993 0.569118 0.425889 190.285801 143.885675
2 3 11 0.891928 0.061022 0.047050 172.130291 126.268425
3 12 11 0.953203 0.033586 0.013211 207.277049 123.900443
3 12 11 0.043385 0.717645 0.238970 198.628464 158.568558
3 12 11 0.541633 0.057192 0.401174 191.161576 140.032169
3 12 11 0.751635 0.117592 0.130773 199.841300 133.700761
3 12 11 0.336837 0.385941 0.277222 199.722773 146.126310
3 12 11 0.381875 0.152588 0.465538 190.473587 146.181105
3 12 11 0.993618 0.001378 0.005004 206.345955 125.807753
3 12 11 0.648494 0.302540 0.048966 206.633297 133.687936
3 12 11 0.300827 0.280118 0.419055 194.446451 151.555933
3 12 11 0.975221 0.017559 0.007219 205.212072 121.824202
3 4 12 0.197772 0.415268 0.386960 222.609155 143.294007
3 4 12 0.199301 0.100830 0.699868 212.145341 149.598845
3 4 12 0.873268 0.042269 0.084463 210.205698 126.379516
3 4 12 0.148828 0.297006 0.554166 223.952462 144.841467
3 4 12 0.939840 0.007801 0.052359 207.332916 125.124775
3 4 12 0.775755 0.162398 0.061846 215.542867 124.477414
3 4 12 0.052938 0.146433 0.800629 214.518553 151.535514
3 4 12 0.623656 0.332400 0.043944 220.493659 126.347270
3 4 12 0.446111 0.049100 0.504789 210.070267 141.733966
3 4 12 0.004171 0.636560 0.359269 229.182058 137.695592
4 13 12 0.660699 0.110129 0.229172 237.428308 134.989358
4 13 12 0.961933 0.010246 0.027821 244.012208 125.165763
4 13 12 0.761026 0.156263 0.082711 240.242979 132.996640
4 13 12 0.788777 0.202946 0.008277 243.583002 133.649740
4 13 12 0.330803 0.444023 0.225173 235.148327 146.115250
4 13 12 0.570186 0.325292 0.104522 238.940191 142.584276
4 13 12 0.194233 0.105768 0.699998 223.098474 158.275421
4 13 12 0.063948 0.737074 0.198978 239.901600 157.506108
4 13 12 0.728310 0.028214 0.243475 239.718481 133.698127
4 13 12 0.592497 0.389482 0.018021 241.117926 141.211414
4 5 13 0.457879 0.013490 0.528632 245.238747 147.512804
4 5 13 0.014042 0.760887 0.225072 270.968197 132.695763
4 5 13 0.245020 0.164612 0.590369 253.443155 145.513647
4 5 13 0.491064 0.369763 0.139173 255.546282 124.348009
4 5 13 0.134237 0.625753 0.240010 267.727293 132.927595
4 5 13 0.435119 0.339725 0.225156 254.147748 132.357102
4 5 13 0.890472 0.012813 0.096714 243.907256 130.676953
4 5 13 0.345148 0.162854 0.491998 249.078760 138.544313
4 5 13 0.125257 0.373432 0.501311 263.458080 141.993955
4 5 13 0.370475 0.464833 0.164692 261.650393 130.387782
5 14 13 0.031610 0.284135 0.684255 257.346269 162.170101
5 14 13 0.869206 0.062262 0.068532 282.932876 126.760295
5 14 13 0.672685 0.039009 0.288307 273.066634 136.708304
5 14 13 0.732134 0.227641 0.040225 280.356215 130.026443
5 14 13 0.140771 0.276585 0.582643 262.736290 153.899074
5 14 13 0.933716 0.040752 0.025533 285.601660 123.490476
5 14 13 0.891354 0.026183 0.082463 280.421733 125.942055
5 14 13 0.815254 0.023885 0.160861 281.492405 129.733268
5 14 13 0.121768 0.780731 0.097501 285.136513 155.357809
5 14 13 0.513991 0.112202 0.373806 268.502066 138.214513
5 6 14 0.242609 0.399737 0.357654 300.200285 132.671358
5 6 14 0.816860 0.051495 0.131645 286.425404 126.950971
5 6 14 0.768196 0.202554 0.029250 293.593967 122.070304
5 6 14 0.152308 0.075765 0.771927 289.398012 152.471796
5 6 14 0.850065 0.076847 0.073088 284.533050 123.610669
5 6 14 0.689545 0.259183 0.051272 293.637579 125.562599
5 6 14 0.032488 0.219136 0.748376 292.580449 148.262421
5 6 14 0.875982 0.012854 0.111164 281.318685 125.362829
5 6 14 0.378963 0.022473 0.598564 284.061471 142.680695
5 6 14 0.804589 0.048060 0.147351 287.321039 128.613588
6 15 14 0.299869 0.532047 0.168084 314.106301 145.258978
6 15 14 0.467455 0.174161 0.358384 309.584292 140.441994
6 15 14 0.347473 0.196773 0.455754 308.999947 145.692789
6 15 14 0.828571 0.118550 0.052879 320.518179 126.731660
6 15 14 0.399424 0.525898 0.074678 319.312980 141.716903
6 15 14 0.383611 0.584097 0.032293 321.072292 146.906988
6 15 14 0.559892 0.233291 0.206817 316.912019 138.538056
6 15 14 0.430497 0.292066 0.277436 313.593464 141.130785
6 15 14 0.553598 0.336170 0.110233 318.377388 141.747272
6 15 14 0.065555 0.710236 0.224209 314.471377 157.615956
6 7 15 0.049575 0.589965 0.360460 344.073299 130.514186
6 7 15 0.290597 0.202850 0.506554 331.784175 140.277637
6 7 15 0.594038 0.366246 0.039716 334.788820 124.347824
6 7 15 0.047764 0.342095 0.610141 338.619583 146.418147
6 7 15 0.687483 0.139076 0.173440 329.915502 128.710534
6 7 15 0.658654 0.156099 0.185248 330.918750 127.328680
6 7 15 0.606778 0.054029 0.339193 325.735952 132.926838
6 7 15 0.488634 0.038456 0.472910 326.184486 139.872162
6 7 15 0.110120 0.807990 0.081889 356.508262 122.461520
6 7 15 0.367573 0.455644 0.176782 341.079826 129.344423
7 16 15 0.113121 0.143669 0.743210 336.334444 155.184589
7 16 15 0.593188 0.212838 0.193975 361.603984 132.682454
7 16 15 0.648228 0.048205 0.303566 349.791518 136.777793
7 16 15 0.883988 0.003939 0.112073 361.647632 127.691616
7 16 15 0.383048 0.137803 0.479149 346.754000 143.525528
7 16 15 0.031591 0.139362 0.829047 331.460968 158.479599
7 16 15 0.236959 0.063121 0.699920 339.901601 152.798797
7 16 15 0.398219 0.046229 0.555552 340.341489 146.312449
7 16 15 0.419383 0.575839 0.004778 363.366406 142.542377
7 16 15 0.093957 0.431369 0.474674 344.550600 157.344700
7 8 16 0.060798 0.660891 0.278312 389.081573 121.239129
7 8 16 0.555083 0.038577 0.406340 363.697842 133.783501
7 8 16 0.611606 0.312746 0.075648 375.664048 116.860729
7 8 16 0.790938 0.126203 0.082859 366.701958 122.338304
7 8 16 0.483519 0.508835 0.007646 384.680795 117.768111
7 8 16 0.266055 0.270108 0.463837 371.599613 135.228342
7 8 16 0.550249 0.218023 0.231728 374.052096 126.093103
7 8 16 0.695310 0.271304 0.033386 373.214571 118.420826
7 8 16 0.365626 0.460480 0.173894 383.158834 123.377987
7 8 16 0.287827 0.588611 0.123562 383.186431 119.197124
8 17 16 0.187409 0.256028 0.556563 382.309053 151.139715
8 17 16 0.199220 0.030203 0.770576 374.755915 150.150605
8 17 16 0.259237 0.169139 0.571624 380.949091 148.370567
8 17 16 0.632611 0.212027 0.155363 394.381185 129.036278
8 17 16 0.666393 0.281743 0.051863 401.348776 131.673223
8 17 16 0.145805 0.078019 0.776176 374.902124 150.838841
8 17 16 0.833651 0.129960 0.036389 404.455812 120.918872
8 17 16 0.181151 0.776446 0.042403 400.800582 148.862791
8 17 16 0.827303 0.096675 0.076023 401.288325 121.975182
8 17 16 0.044398 0.939559 0.016042 400.589719 157.308104
9 10 18 0.363943 0.461095 0.174962 113.604159 172.328614
9 10 18 0.473489 0.312607 0.213903 106.470290 169.544574
9 10 18 0.705932 0.291092 0.002976 112.663909 162.044617
9 10 18 0.319136 0.243986 0.436877 109.829194 181.717288
9 10 18 0.121253 0.654632 0.224115 124.976724 169.422826
9 10 18 0.020638 0.832995 0.146368 128.003824 169.126471
9 10 18 0.136884 0.158056 0.705060 107.514962 193.095368
9 10 18 0.940907 0.058627 0.000467 102.079188 164.031107
9 10 18 0.315027 0.312760 0.372213 108.826921 183.539294
9 10 18 0.262989 0.702129 0.034881 123.363347 165.605986
10 19 18 0.125878 0.694997 0.179125 130.015712 199.457544
10 19 18 0.434192 0.031321 0.534487 117.447354 190.434914
10 19 18 0.235692 0.182344 0.581963 112.786378 194.772109
10 19 18 0.511648 0.289576 0.198777 123.863284 185.614465
10 19 18 0.861990 0.093403 0.044607 134.862116 170.680896
10 19 18 0.764143 0.138811 0.097046 132.425211 172.799203
10 19 18 0.904504 0.021773 0.073723 133.820314 169.338303
10 19 18 0.505626 0.458601 0.035773 133.561616 182.342498
10 19 18 0.457654 0.114186 0.428160 118.282903 180.709565
10 19 18 0.020717 0.447151 0.532132 114.884050 201.414640
10 11 19 0.417700 0.194546 0.387754 140.371192 177.391066
10 11 19 0.999912 0.000086 0.000002 138.265734 163.694913
10 11 19 0.352691 0.595522 0.051787 155.973318 162.875950
10 11 19 0.644410 0.239949 0.115641 142.988464 166.983681
10 11 19 0.563542 0.246684 0.189773 143.940584 169.939739
10 11 19 0.978737 0.005145 0.016118 134.240471 164.419404
10 11 19 0.119798 0.676517 0.203685 157.149373 168.606885
10 11 19 0.051986 0.179520 0.768494 140.560755 194.449660
10 11 19 0.326204 0.125481 0.548315 139.805833 183.432686
10 11 19 0.643998 0.017382 0.338620 134.428587 179.581491
11 20 19 0.592545 0.016375 0.391080 153.199974 179.207526
11 20 19 0.065365 0.698476 0.236159 161.151136 199.452778
11 20 19 0.682229 0.199136 0.118635 168.378296 173.896459
11 20 19 0.539367 0.377908 0.082725 167.593889 179.820084
11 20 19 0.994109 0.002999 0.002892 174.093776 162.934504
11 20 19 0.353558 0.381480 0.264962 159.809170 189.413626
11 20 19 0.629024 0.035466 0.335510 158.275639 176.835474
11 20 19 0.386646 0.520537 0.092817 168.511589 180.532742
11 20 19 0.035896 0.816237 0.147867 166.050965 202.761929
11 20 19 0.365259 0.567116 0.067624 167.541498 188.036404
11 12 20 0.218084 0.347674 0.434242 182.279819 178.999007
11 12 20 0.168080 0.237473 0.594447 180.655076 186.858152
11 12 20 0.830798 0.013981 0.155221 171.838436 170.064852
11 12 20 0.280380 0.059771 0.659849 175.317569 188.594692
11 12 20 0.003583 0.510397 0.486020 189.850590 181.192879
11 12 20 0.561364 0.224421 0.214215 178.617896 169.478756
11 12 20 0.335807 0.420508 0.243684 184.450879 173.405454
11 12 20 0.366871 0.187147 0.445982 172.893025 181.971251
11 12 20 0.231619 0.605316 0.163065 193.060116 169.871287
11 12 20 0.678206 0.045656 0.276138 175.012149 175.901941
12 21 20 0.733373 0.078999 0.187628 202.762399 171.669487
12 21 20 0.576932 0.326892 0.096176 204.626881 180.091528
12 21 20 0.961048 0.016970 0.021981 207.727381 161.032826
12 21 20 0.628440 0.059065 0.312495 197.239523 176.498738
12 21 20 0.585049 0.296873 0.118078 205.643070 178.975589
12 21 20 0.398409 0.506429 0.095163 203.368836 183.800234
12 21 20 0.823937 0.110058 0.066006 205.673454 163.147157
12 21 20 0.913523 0.076486 0.009991 210.701880 164.560469
12 21 20 0.530539 0.299623 0.169837 200.229709 181.240035
12 21 20 0.901560 0.051389 0.047051 205.232491 168.239338
12 13 21 0.786332 0.052576 0.161092 210.839014 170.196514
12 13 21 0.923309 0.027217 0.049475 208.320181 166.920872
12 13 21 0.021304 0.474486 0.504210 223.332093 183.063788
12 13 21 0.758534 0.128066 0.113401 212.538242 166.700919
12 13 21 0.692696 0.163359 0.143945 217.893416 162.633749
12 13 21 0.839205 0.033689 0.127106 207.167138 163.842790
12 13 21 0.485464 0.446479 0.068056 225.178095 163.077545
12 13 21 0.604497 0.233825 0.161678 216.768007 166.209144
12 13 21 0.370545 0.073840 0.555615 207.181688 189.287832
12 13 21 0.116946 0.178140 0.704914 212.290176 190.799716
13 22 21 0.654334 0.002449 0.343217 233.298698 178.020257
13 22 21 0.968310 0.007481 0.024209 248.470682 163.801713
13 22 21 0.836619 0.013974 0.149407 235.564931 168.363311
13 22 21 0.768937 0.161136 0.069927 243.216432 172.237860
13 22 21 0.225659 0.146611 0.627730 223.077953 190.590284
13 22 21 0.732555 0.037370 0.230075 237.582471 171.150221
13 22 21 0.492089 0.209797 0.298114 230.776995 178.391072
13 22 21 0.711618 0.258957 0.029425 246.207777 172.029927
13 22 21 0.689928 0.109493 0.200578 241.246842 175.278992
13 22 21 0.842731 0.088580 0.068689 241.794478 168.283706
13 14 22 0.888327 0.069243 0.042431 250.114128 160.816639
13 14 22 0.019776 0.495637 0.484587 265.666193 178.609061
13 14 22 0.178413 0.369149 0.452438 261.305731 180.854045
13 14 22 0.752891 0.170465 0.076644 252.046292 168.015892
13 14 22 0.781359 0.069525 0.149116 246.754752 168.236454
13 14 22 0.464483 0.350683 0.184834 259.476577 164.503758
13 14 22 0.302913 0.619528 0.077558 268.961782 164.670452
13 14 22 0.068217 0.424014 0.507768 259.072657 177.203930
13 14 22 0.016747 0.966696 0.016558 286.159884 162.657357
13 14 22 0.668138 0.191160 0.140702 251.975489 164.697510
14 23 22 0.425239 0.269083 0.305678 274.749264 182.986859
14 23 22 0.502784 0.014959 0.482257 266.338887 179.849794
14 23 22 0.159092 0.013980 0.826928 254.735997 192.836928
14 23 22 0.539257 0.441297 0.019446 285.148397 179.391261
14 23 22 0.583269 0.329280 0.087451 285.085620 176.326126
14 23 22 0.041626 0.281945 0.676429 255.497815 195.060261
14 23 22 0.143642 0.630432 0.225926 276.943462 192.979939
14 23 22 0.958933 0.005186 0.035881 282.644392 157.305367
14 23 22 0.837151 0.099270 0.063579 287.559850 165.092907
14 23 22 0.615925 0.133586 0.250490 277.329115 173.828234
14 15 23 0.846146 0.063481 0.090373 286.864742 162.831589
14 15 23 0.520324 0.127213 0.352463 291.667802 174.280301
14 15 23 0.967372 0.024853 0.007775 287.703427 160.820824
14 15 23 0.080956 0.892413 0.026632 321.404466 159.675307
14 15 23 0.457968 0.428939 0.113093 301.603001 164.637157
14 15 23 0.786826 0.083510 0.129664 287.918279 165.437862
14 15 23 0.876436 0.068115 0.055449 288.326563 158.356003
14 15 23 0.966454 0.024663 0.008883 286.644092 161.222081
14 15 23 0.092697 0.644769 0.262534 313.667823 165.651849
14 15 23 0.576724 0.370841 0.052435 297.962323 159.631168
15 24 23 0.669204 0.321591 0.009206 324.424853 171.500552
15 24 23 0.431669 0.227057 0.341274 311.182128 182.006862
15 24 23 0.164401 0.355455 0.480143 303.471000 192.063599
15 24 23 0.293027 0.066783 0.640190 300.285179 187.654459
15 24 23 0.755481 0.051205 0.193314 319.374819 168.308692
15 24 23 0.139537 0.638097 0.222366 314.946955 191.613830
15 24 23 0.063346 0.594035 0.342619 310.827941 194.629065
15 24 23 0.637565 0.001466 0.360970 312.443571 174.965461
15 24 23 0.400167 0.534550 0.065282 319.054555 183.628438
15 24 23 0.039636 0.425687 0.534677 304.375717 196.458365
15 16 24 0.605752 0.187094 0.207154 331.789759 163.849934
15 16 24 0.160921 0.702046 0.137033 352.573677 162.324571
15 16 24 0.265823 0.254458 0.479719 331.047266 177.104638
15 16 24 0.235900 0.074924 0.689176 326.202033 184.105939
15 16 24 0.421334 0.283308 0.295358 337.047266 170.851381
15 16 24 0.670561 0.036646 0.292794 326.892852 174.279720
15 16 24 0.258658 0.028473 0.712869 322.362250 186.164499
15 16 24 0.122092 0.156279 0.721629 331.431095 186.687705
15 16 24 0.184736 0.131786 0.683478 330.084442 188.447131
15 16 24 0.294163 0.401518 0.304320 337.362648 169.815702
16 25 24 0.938175 0.035871 0.025953 365.934409 161.107866
16 25 24 0.528844 0.375314 0.095842 362.169154 174.145813
16 25 24 0.919938 0.075369 0.004693 365.301028 158.882518
16 25 24 0.994319 0.004036 0.001645 364.852672 159.592499
16 25 24 0.969635 0.024075 0.006290 363.452406 155.674086
16 25 24 0.272857 0.524860 0.202282 354.434181 182.678819
16 25 24 0.452417 0.217415 0.330169 351.587008 183.554394
16 25 24 0.587870 0.058218 0.353912 351.881432 176.141086
16 25 24 0.404209 0.239401 0.356390 351.220283 181.846518
16 25 24 0.770661 0.028495 0.200844 355.742908 169.528522
16 17 25 0.600656 0.236604 0.162741 375.012603 164.978956
16 17 25 0.133404 0.421649 0.444946 377.979637 177.087840
16 17 25 0.149647 0.035714 0.814639 366.962567 188.503306
16 17 25 0.744334 0.164300 0.091366 373.256488 160.487580
16 17 25 0.852899 0.130640 0.016461 373.732814 158.602642
16 17 25 0.003111 0.356793 0.640096 377.745483 184.185228
16 17 25 0.700499 0.022261 0.277240 363.645368 166.061155
16 17 25 0.979814 0.010638 0.009548 368.660804 159.854202
16 17 25 0.192537 0.609715 0.197747 390.404565 164.899892
16 17 25 0.945129 0.015195 0.039676 362.626568 159.060026
17 26 25 0.870581 0.057455 0.071964 401.717363 158.720795
17 26 25 0.871895 0.072356 0.055749 399.743435 160.405007
17 26 25 0.384818 0.291259 0.323923 389.479401 182.841843
17 26 25 0.388786 0.570547 0.040666 401.563681 179.949751
17 26 25 0.465363 0.503351 0.031286 400.435183 174.084020
17 26 25 0.264603 0.355713 0.379684 386.846261 188.483500
17 26 25 0.920852 0.061836 0.017312 402.200723 158.020342
17 26 25 0.037690 0.684390 0.277920 391.079743 196.676436
17 26 25 0.926148 0.025914 0.047938 403.382601 158.469082
17 26 25 0.104972 0.175038 0.719990 371.950722 194.317284
18 19 27 0.476582 0.282254 0.241164 107.958757 211.676211
18 19 27 0.656173 0.041418 0.302409 99.051826 212.453233
18 19 27 0.797619 0.180911 0.021470 105.793351 204.254957
18 19 27 0.811630 0.051791 0.136579 103.492463 209.155768
18 19 27 0.312738 0.622320 0.064942 120.250501 207.023427
18 19 27 0.239824 0.425135 0.335041 112.762744 215.116071
18 19 27 0.607612 0.172773 0.219616 99.331803 210.746445
18 19 27 0.930501 0.045009 0.024490 100.682853 200.251338
18 19 27 0.447444 0.204577 0.347979 105.382527 214.895883
18 19 27 0.416073 0.566629 0.017298 114.679198 200.349023
19 28 27 0.905277 0.085044 0.009679 132.438276 204.544253
19 28 27 0.246602 0.163436 0.589962 111.762404 230.004901
19 28 27 0.304669 0.242880 0.452451 114.451189 225.512587
19 28 27 0.955921 0.031912 0.012167 132.856459 204.164495
19 28 27 0.742169 0.240605 0.017226 135.810417 213.714335
19 28 27 0.222851 0.489453 0.287696 124.718186 229.112744
19 28 27 0.723485 0.006776 0.269739 123.636242 214.944698
19 28 27 0.974139 0.017071 0.008791 131.647338 207.990213
19 28 27 0.665181 0.081500 0.253319 124.431180 210.484289
19 28 27 0.623719 0.305222 0.071059 130.556187 214.999904
19 20 28 0.116335 0.749152 0.134513 161.979997 208.164416
19 20 28 0.473208 0.175651 0.351141 139.555389 215.462423
19 20 28 0.469750 0.403108 0.127142 146.649101 208.951175
19 20 28 0.126697 0.396054 0.477249 151.332689 224.274039
19 20 28 0.167055 0.785901 0.047044 162.174040 204.815183
19 20 28 0.908335 0.014400 0.077264 134.118469 208.910819
19 20 28 0.991184 0.007774 0.001042 133.103341 203.703643
19 20 28 0.999012 0.000666 0.000322 132.196692 200.226312
19 20 28 0.842072 0.121706 0.036222 139.678273 204.966508
19 20 28 0.450852 0.341800 0.207348 145.709879 205.910484
20 29 28 0.229570 0.037151 0.733279 141.215770 232.086353
20 29 28 0.718154 0.071259 0.210587 162.915378 216.042523
20 29 28 0.751663 0.020903 0.227434 158.463679 212.476286
20 29 28 0.328979 0.580717 0.090305 165.602194 226.983275
20 29 28 0.062983 0.215140 0.721877 145.731533 237.295158
20 29 28 0.043853 0.202360 0.753787 141.498325 238.666677
20 29 28 0.476031 0.322302 0.201667 165.422628 223.486024
20 29 28 0.356360 0.314741 0.328899 160.220070 227.327896
20 29 28 0.677079 0.093977 0.228944 158.571855 217.617594
20 29 28 0.029591 0.050446 0.919963 138.694905 239.532505
20 21 29 0.101068 0.201489 0.697443 177.450109 226.154080
20 21 29 0.194564 0.361223 0.444213 180.463418 214.121604
20 21 29 0.574358 0.112402 0.313240 177.285189 213.527587
20 21 29 0.912912 0.016543 0.070545 167.020455 202.751844
20 21 29 0.996440 0.003455 0.000106 168.968012 202.877141
20 21 29 0.925822 0.034870 0.039309 174.903272 204.758770
20 21 29 0.977248 0.018962 0.003790 170.687758 204.130587
20 21 29 0.322262 0.237625 0.440113 180.045532 218.777494
20 21 29 0.520063 0.130792 0.349145 173.284530 214.347847
20 21 29 0.640652 0.219273 0.140076 179.832527 205.263622
21 30 29 0.941496 0.026711 0.031793 208.923977 204.041528
21 30 29 0.287539 0.405438 0.307023 196.550235 228.183514
21 30 29 0.973621 0.020501 0.005878 206.730217 198.068905
21 30 29 0.492821 0.186335 0.320844 195.387686 222.105969
21 30 29 0.400849 0.260349 0.338803 193.529004 225.314295
21 30 29 0.044038 0.833676 0.122287 203.543189 235.573829
21 30 29 0.153153 0.551739 0.295109 196.705431 231.134381
21 30 29 0.101967 0.264817 0.633216 183.103976 235.344752
21 30 29 0.921573 0.020480 0.057947 204.346702 204.356190
21 30 29 0.634876 0.130763 0.234361 200.307298 216.278938
21 22 30 0.437505 0.430775 0.131720 224.284007 205.422813
21 22 30 0.719874 0.117130 0.162996 211.364963 207.383982
21 22 30 0.782279 0.018242 0.199479 206.590777 206.430833
21 22 30 0.295375 0.418973 0.285652 225.010831 210.293590
21 22 30 0.450049 0.130389 0.419562 208.434708 216.912898
21 22 30 0.926738 0.061899 0.011362 210.273713 201.840999
21 22 30 0.559572 0.255229 0.185200 216.718184 203.468725
21 22 30 0.269285 0.634739 0.095976 231.751872 205.818285
21 22 30 0.705826 0.036620 0.257554 207.871969 206.383970
21 22 30 0.288296 0.341125 0.370579 218.852934 215.465644
22 31 30 0.546520 0.030800 0.422680 228.091418 215.286708
22 31 30 0.627504 0.272188 0.100308 242.065470 215.076544
22 31 30 0.081370 0.627085 0.291544 233.589810 233.796484
22 31 30 0.517138 0.200196 0.282666 234.805286 220.852067
22 31 30 0.720598 0.087041 0.192362 237.424223 209.831075
22 31 30 0.116859 0.619430 0.263711 234.933948 234.003137
22 31 30 0.876508 0.123082 0.000410 245.402323 207.958476
22 31 30 0.093934 0.387207 0.518858 229.153727 234.475979
22 31 30 0.687627 0.198683 0.113690 242.307564 208.677052
22 31 30 0.147372 0.449880 0.402748 232.114234 230.819059
22 23 31 0.213730 0.081829 0.704441 251.721074 224.883600
22 23 31 0.425065 0.013807 0.561129 243.803509 220.612451
22 23 31 0.721868 0.091634 0.186498 251.002084 206.641110
22 23 31 0.701600 0.201586 0.096814 253.997986 203.104457
22 23 31 0.906961 0.002184 0.090856 246.935586 205.629396
22 23 31 0.377337 0.336274 0.286388 254.183222 213.118051
22 23 31 0.353460 0.041644 0.604896 246.769985 224.773539
22 23 31 0.773316 0.092079 0.134604 252.074182 207.377779
22 23 31 0.338667 0.201094 0.460239 253.666925 219.285853
22 23 31 0.201843 0.771998 0.026160 276.004411 197.597060
23 32 31 0.109658 0.677825 0.212518 277.340847 234.320758
23 32 31 0.707688 0.196318 0.095995 281.879517 213.953726
23 32 31 0.883643 0.062833 0.053524 284.566013 201.948781
23 32 31 0.081500 0.122720 0.795780 257.464613 233.993585
23 32 31 0.194103 0.094388 0.711508 257.245804 228.274255
23 32 31 0.211706 0.062228 0.726067 257.969088 230.619931
23 32 31 0.951497 0.011434 0.037069 282.043425 205.982780
23 32 31 0.465408 0.370401 0.164191 276.603174 218.868277
23 32 31 0.873866 0.106913 0.019222 283.293012 203.550601
23 32 31 0.259967 0.679461 0.060572 283.955561 227.937691
23 24 32 0.083241 0.185798 0.730961 292.734122 227.676684
23 24 32 0.555619 0.296874 0.147508 297.937264 199.510419
23 24 32 0.459416 0.362493 0.178091 298.401421 203.522714
23 24 32 0.489254 0.375764 0.134982 299.465876 202.848173
23 24 32 0.727380 0.201627 0.070994 293.286403 200.756605
23 24 32 0.932948 0.005794 0.061257 285.430735 201.383595
23 24 32 0.143627 0.106492 0.749882 287.718551 227.285855
23 24 32 0.714130 0.248832 0.037038 294.402972 199.541962
23 24 32 0.323658 0.425441 0.250900 298.600442 208.706170
23 24 32 0.448708 0.119143 0.432149 285.909481 214.635893
24 33 32 0.520324 0.195879 0.283796 313.045980 216.666161
24 33 32 0.632184 0.165423 0.202393 319.138014 212.960381
24 33 32 0.866218 0.096972 0.036810 322.510830 203.222489
24 33 32 0.788562 0.085840 0.125598 319.245762 206.373562
24 33 32 0.115550 0.709470 0.174980 319.226879 236.072268
24 33 32 0.584445 0.376288 0.039267 323.194999 210.285595
24 33 32 0.649477 0.004277 0.346247 309.494974 210.435436
24 33 32 0.785641 0.153644 0.060715 319.175342 203.051367
24 33 32 0.879569 0.023216 0.097215 318.260574 202.226452
24 33 32 0.600147 0.077497 0.322356 314.403598 215.236025
24 25 33 0.041643 0.400066 0.558292 337.644004 221.180845
24 25 33 0.951679 0.041469 0.006852 327.936587 203.258211
24 25 33 0.946950 0.027184 0.025866 326.628589 201.707787
24 25 33 0.721647 0.240746 0.037607 335.137390 197.799376
24 25 33 0.337498 0.600088 0.062414 345.977519 200.811361
24 25 33 0.307605 0.450330 0.242065 342.855341 205.530613
24 25 33 0.306040 0.224074 0.469886 333.199472 216.429338
24 25 33 0.375117 0.259623 0.365259 332.188022 210.648393
24 25 33 0.092607 0.100168 0.807226 327.412025 230.172230
24 25 33 0.598706 0.064764 0.336531 326.903341 209.829221
25 34 33 0.418951 0.300144 0.280905 349.833689 218.249904
25 34 33 0.871347 0.085975 0.042678 361.870876 198.779701
25 34 33 0.022261 0.938775 0.038965 362.912275 233.494233
25 34 33 0.384883 0.179948 0.435169 344.914776 219.154875
25 34 33 0.777121 0.024662 0.198217 353.304702 203.423340
25 34 33 0.089303 0.207526 0.703171 337.878172 232.728037
25 34 33 0.787301 0.062772 0.149927 355.736707 207.748797
25 34 33 0.942997 0.022865 0.034138 365.486283 199.202878
25 34 33 0.394925 0.268118 0.336957 351.294450 219.605078
25 34 33 0.924629 0.011222 0.064149 359.832431 198.422308
25 26 34 0.478505 0.424728 0.096767 384.249101 197.364062
25 26 34 0.782642 0.025255 0.192103 364.576109 204.618732
25 26 34 0.977085 0.018817 0.004098 365.645652 194.361225
25 26 34 0.641295 0.345174 0.013531 377.969834 197.960096
25 26 34 0.284125 0.549404 0.166470 390.004004 203.659809
25 26 34 0.801487 0.031581 0.166932 362.020780 200.984913
25 26 34 0.811894 0.092651 0.095455 362.834588 197.856781
25 26 34 0.240588 0.292994 0.466418 377.897784 213.867083
25 26 34 0.550428 0.429049 0.020523 383.099701 197.548287
25 26 34 0.466444 0.064402 0.469153 370.234376 211.570470
26 35 34 0.000158 0.679422 0.320420 391.217780 234.836839
26 35 34 0.632516 0.216822 0.150661 397.394663 208.567040
26 35 34 0.194592 0.681737 0.123671 401.609277 227.606887
26 35 34 0.048010 0.009427 0.942562 363.223207 234.938780
26 35 34 0.879067 0.079736 0.041196 403.575488 200.731050
26 35 34 0.299576 0.338053 0.362371 391.061701 225.038369
26 35 34 0.391831 0.148766 0.459403 385.697841 222.763691
26 35 34 0.524232 0.194349 0.281419 392.769545 214.001782
26 35 34 0.601996 0.281961 0.116043 404.627571 213.748173
26 35 34 0.723149 0.091888 0.184962 394.693607 207.050850
27 28 36 0.556862 0.231959 0.211179 107.615286 245.443319
27 28 36 0.823908 0.135627 0.040465 100.630049 242.429851
27 28 36 0.641432 0.182882 0.175686 105.297876 247.547020
27 28 36 0.769279 0.083738 0.146983 103.486975 244.217723
27 28 36 0.978336 0.011884 0.009780 95.986877 238.879779
27 28 36 0.152010 0.367161 0.480829 110.663742 259.955230
27 28 36 0.803691 0.108107 0.088203 101.153759 243.691367
27 28 36 0.600096 0.330561 0.069343 107.697376 238.808048
27 28 36 0.698361 0.109782 0.191856 99.976722 244.539113
27 28 36 0.347008 0.055717 0.597275 100.092801 260.463715
28 37 36 0.564930 0.062134 0.372936 121.805052 257.162803
28 37 36 0.788583 0.204869 0.006548 137.159898 249.967364
28 37 36 0.232001 0.386287 0.381712 122.499335 266.744396
28 37 36 0.793407 0.032005 0.174588 130.182529 246.014971
28 37 36 0.084526 0.318754 0.596720 114.364306 270.423858
28 37 36 0.608968 0.101628 0.289404 122.232106 257.015592
28 37 36 0.842411 0.068916 0.088673 130.039835 247.417004
28 37 36 0.416920 0.004957 0.578122 111.938796 266.615776
28 37 36 0.154135 0.681891 0.163973 130.435933 273.740475
28 37 36 0.227143 0.357007 0.415850 116.215557 272.120689
28 29 37 0.439200 0.361031 0.199769 146.903246 241.954832
28 29 37 0.550453 0.384755 0.064792 149.074200 241.218964
28 29 37 0.397483 0.040077 0.562440 141.192874 259.225537
28 29 37 0.311760 0.318574 0.369666 147.067838 255.209312
28 29 37 0.108581 0.450778 0.440641 152.101677 255.772607
28 29 37 0.960778 0.001840 0.037382 136.753818 243.056216
28 29 37 0.662476 0.000963 0.336561 134.471745 252.522628
28 29 37 0.900659 0.036655 0.062687 133.284292 240.162706
28 29 37 0.940705 0.052813 0.006482 136.944328 241.470901
28 29 37 0.634165 0.278138 0.087696 144.779389 244.941893
29 38 37 0.813814 0.046808 0.139378 164.560963 246.279153
29 38 37 0.412850 0.580322 0.006828 172.486335 262.309990
29 38 37 0.244749 0.450163 0.305087 157.142587 265.267659
29 38 37 0.479906 0.430099 0.089995 167.252345 258.410031
29 38 37 0.496372 0.343786 0.159842 167.769946 255.631873
29 38 37 0.336410 0.186607 0.476984 151.657423 269.188711
29 38 37 0.585205 0.069648 0.345146 160.042867 256.247919
29 38 37 0.018285 0.822825 0.158891 165.572808 277.201292
29 38 37 0.484672 0.167544 0.347783 160.043480 254.541372
29 38 37 0.204952 0.139965 0.655083 146.131065 268.799138
29 30 38 0.472087 0.145507 0.382407 176.819168 254.727807
29 30 38 0.693909 0.117832 0.188258 177.202610 243.392843
29 30 38 0.566067 0.064046 0.369888 172.359548 250.826653
29 30 38 0.379678 0.068698 0.551624 177.844331 261.163182
29 30 38 0.809928 0.164815 0.025257 178.155916 238.142683
29 30 38 0.260631 0.033533 0.705836 170.208896 264.901500
29 30 38 0.613314 0.025112 0.361574 172.728937 256.819568
29 30 38 0.059137 0.154127 0.786736 177.899287 267.563955
29 30 38 0.061680 0.497792 0.440528 190.192569 256.807995
29 30 38 0.519190 0.343071 0.137739 183.087753 248.888573
30 39 38 0.929324 0.048282 0.022394 206.712255 243.791295
30 39 38 0.766925 0.141471 0.091604 201.447111 245.573613
30 39 38 0.253574 0.694647 0.051779 205.399110 266.205919
30 39 38 0.721421 0.161397 0.117182 205.078202 248.660679
30 39 38 0.767254 0.183857 0.048889 209.473370 245.518043
30 39 38 0.365991 0.485469 0.148540 201.675829 262.485066
30 39 38 0.457562 0.189739 0.352699 194.841030 261.226403
30 39 38 0.513630 0.477384 0.008986 207.684614 257.670773
30 39 38 0.868335 0.038501 0.093164 203.949107 242.837062
30 39 38 0.962934 0.009204 0.027862 210.890925 242.237663
30 31 39 0.532023 0.264738 0.203239 219.026973 244.649419
30 31 39 0.418570 0.398840 0.182589 223.659376 244.218483
30 31 39 0.618791 0.130426 0.250783 214.014502 247.489811
30 31 39 0.047884 0.188394 0.763722 215.510327 269.349419
30 31 39 0.838217 0.105404 0.056379 215.076598 238.509813
30 31 39 0.067562 0.732742 0.199696 236.224694 248.127023
30 31 39 0.742986 0.149328 0.107686 216.574964 238.161900
30 31 39 0.918869 0.042604 0.038527 203.873427 241.730099
30 31 39 0.593142 0.338743 0.068115 220.743976 242.535939
30 31 39 0.251138 0.376804 0.372058 223.449669 253.930453
31 40 39 0.361999 0.151196 0.486805 229.350533 261.728241
31 40 39 0.369937 0.182246 0.447817 225.350971 265.516162
31 40 39 0.227356 0.134614 0.638030 218.953915 270.766480
31 40 39 0.326288 0.331909 0.341803 237.855250 259.967524
31 40 39 0.045097 0.549398 0.405504 229.323632 271.129017
31 40 39 0.707786 0.004251 0.287963 233.167063 246.899415
31 40 39 0.986922 0.002859 0.010219 242.723073 238.582734
31 40 39 0.079464 0.823886 0.096649 239.400679 272.725745
31 40 39 0.361337 0.024528 0.614135 223.058536 262.215373
31 40 39 0.314535 0.485145 0.200320 238.210875 269.208392
31 32 40 0.071602 0.059182 0.869215 250.273597 270.634739
31 32 40 0.839566 0.037309 0.123125 250.154331 241.516844
31 32 40 0.926394 0.059018 0.014588 248.142278 238.239781
31 32 40 0.284174 0.100514 0.615312 251.320507 258.612944
31 32 40 0.158246 0.711467 0.130287 271.755446 244.038711
31 32 40 0.004268 0.356215 0.639518 258.001638 263.819958
31 32 40 0.547706 0.300083 0.152210 256.106598 242.094822
31 32 40 0.807749 0.026743 0.165508 247.203071 246.374959
31 32 40 0.353292 0.423407 0.223301 260.496968 243.915874
31 32 40 0.489020 0.090109 0.420871 248.366857 255.479325
32 41 40 0.123262 0.754013 0.122725 278.926944 272.622570
32 41 40 0.435639 0.332009 0.232351 272.617330 259.474428
32 41 40 0.763008 0.088130 0.148862 282.617902 245.698476
32 41 40 0.237103 0.086854 0.676043 256.425252 270.563954
32 41 40 0.140919 0.564563 0.294518 269.313237 271.230742
32 41 40 0.290890 0.092959 0.616151 260.185638 262.838891
32 41 40 0.278687 0.145331 0.575982 261.423592 264.567363
32 41 40 0.352081 0.633650 0.014269 287.477732 264.665318
32 41 40 0.111938 0.234793 0.653269 257.684031 270.254608
32 41 40 0.886586 0.015943 0.097471 279.154615 242.896073
32 33 41 0.290817 0.150250 0.558932 290.685909 257.746665
32 33 41 0.120744 0.657801 0.221455 309.213781 244.025023
32 33 41 0.435761 0.407436 0.156804 300.302466 241.992119
32 33 41 0.121672 0.646012 0.232316 308.951659 245.841841
32 33 41 0.357467 0.014081 0.628452 284.636154 260.041648
32 33 41 0.837748 0.040888 0.121364 285.159858 243.565878
32 33 41 0.557359 0.015705 0.426935 281.514790 254.140456
32 33 41 0.031199 0.584145 0.384656 305.075935 251.414025
32 33 41 0.878143 0.067666 0.054191 287.625499 239.477366
32 33 41 0.659120 0.068767 0.272112 286.356517 249.205926
33 42 41 0.161072 0.582166 0.256762 312.638249 266.779223
33 42 41 0.139250 0.134475 0.726275 295.557642 274.131380
33 42 41 0.396749 0.236547 0.366705 314.299156 256.805329
33 42 41 0.978147 0.007783 0.014070 324.104243 233.599133
33 42 41 0.457303 0.139493 0.403204 307.476128 256.956932
33 42 41 0.613169 0.364252 0.022579 319.221084 249.106465
33 42 41 0.376792 0.444239 0.178969 320.265024 258.240806
33 42 41 0.884450 0.061392 0.054158 323.389480 239.380071
33 42 41 0.407674 0.266539 0.325787 311.515049 259.634938
33 42 41 0.686740 0.135132 0.178129 318.513086 246.164066
33 34 42 0.304991 0.320173 0.374836 338.348663 246.147550
33 34 42 0.288343 0.143623 0.568034 329.359387 256.770924
33 34 42 0.810057 0.144654 0.045289 331.527633 237.810758
33 34 42 0.418304 0.394437 0.187259 338.389336 242.084179
33 34 42 0.936163 0.013898 0.049939 323.918407 241.432700
33 34 42 0.403503 0.471129 0.125368 340.854940 243.377164
33 34 42 0.118632 0.484393 0.396975 344.815569 250.761067
33 34 42 0.997050 0.002091 0.000859 323.038112 235.881515
33 34 42 0.267872 0.444552 0.287575 343.847699 247.279966
33 34 42 0.628927 0.063961 0.307112 329.149492 250.777152
34 43 42 0.003002 0.612447 0.384552 351.755849 273.825606
34 43 42 0.503731 0.369468 0.126801 360.673879 256.380195
34 43 42 0.929686 0.044833 0.025482 365.534805 239.795285
34 43 42 0.984152 0.005757 0.010092 367.243013 237.466222
34 43 42 0.016685 0.539900 0.443415 348.327577 274.114336
34 43 42 0.284569 0.225651 0.489779 342.306090 264.023987
34 43 42 0.137589 0.413801 0.448609 347.987358 272.201030
34 43 42 0.171507 0.580112 0.248381 356.903140 266.260033
34 43 42 0.595693 0.187612 0.216696 356.783796 253.976554
34 43 42 0.849701 0.046261 0.104038 364.914723 240.300831
34 35 43 0.418666 0.409181 0.172152 380.076378 242.354819
34 35 43 0.706098 0.270560 0.023342 374.432863 236.206483
34 35 43 0.254368 0.423142 0.322490 382.491409 249.521454
34 35 43 0.815563 0.125249 0.059188 369.737612 236.503781
34 35 43 0.597634 0.281503 0.120863 376.094426 236.166279
34 35 43 0.013943 0.622446 0.363611 387.871420 247.060879
34 35 43 0.580725 0.011989 0.407286 363.393467 252.512955
34 35 43 0.083826 0.488239 0.427935 383.132645 253.185432
34 35 43 0.700710 0.116304 0.182987 368.154491 243.194619
34 35 43 0.775066 0.160574 0.064360 369.161280 238.711790
35 44 43 0.873253 0.124288 0.002459 408.416687 238.891793
35 44 43 0.092796 0.154148 0.753056 376.407918 269.753715
35 44 43 0.249041 0.212674 0.538286 380.794555 264.223487
35 44 43 0.601289 0.139546 0.259165 395.688124 250.504070
35 44 43 0.081778 0.529173 0.389049 391.347391 269.347783
35 44 43 0.660541 0.087822 0.251636 394.648414 251.358316
35 44 43 0.821603 0.111404 0.066993 400.878093 241.979610
35 44 43 0.146097 0.421461 0.432441 387.884847 270.158120
35 44 43 0.314804 0.226528 0.458668 387.555198 260.974973
35 44 43 0.110996 0.860614 0.028390 400.961174 269.578754
36 37 45 0.036363 0.729333 0.234304 124.529900 286.912756
36 37 45 0.121106 0.490478 0.388415 117.133795 288.153207
36 37 45 0.889511 0.109209 0.001280 99.103215 279.437581
36 37 45 0.444013 0.298284 0.257703 109.735041 287.551251
36 37 45 0.899820 0.032298 0.067881 98.772869 277.283493
36 37 45 0.917145 0.063245 0.019610 99.025017 276.669905
36 37 45 0.789090 0.187100 0.023810 105.715397 276.883109
36 37 45 0.696354 0.230726 0.072920 106.865657 276.020341
36 37 45 0.871702 0.006284 0.122014 96.344335 282.630632
36 37 45 0.564410 0.313589 0.122001 113.405417 279.108192
37 46 45 0.128302 0.213570 0.658128 114.026090 308.809082
37 46 45 0.841518 0.037718 0.120764 128.535423 282.194659
37 46 45 0.174729 0.781079 0.044192 134.540309 308.958052
37 46 45 0.046617 0.539673 0.413710 118.924350 312.807861
37 46 45 0.411764 0.443433 0.144803 132.968861 298.667048
37 46 45 0.207286 0.000195 0.792519 109.611764 306.837580
37 46 45 0.223806 0.601058 0.175137 121.572992 305.700840
37 46 45 0.074771 0.363892 0.561337 112.929206 312.852650
37 46 45 0.921796 0.076688 0.001516 135.686291 280.488510
37 46 45 0.496897 0.333114 0.169989 126.055722 295.047044
37 38 46 0.415271 0.119073 0.465656 139.143252 293.919817
37 38 46 0.577202 0.042637 0.380161 134.854735 288.101149
37 38 46 0.173197 0.548627 0.278176 159.023970 286.988572
37 38 46 0.324823 0.123552 0.551625 139.596924 297.654289
37 38 46 0.835583 0.008084 0.156333 135.177918 281.073133
37 38 46 0.489065 0.273521 0.237414 144.955766 289.143961
37 38 46 0.999687 0.000057 0.000256 136.204075 274.377157
37 38 46 0.810070 0.163339 0.026591 142.933026 277.030210
37 38 46 0.170142 0.591057 0.238802 155.783379 287.020503
37 38 46 0.472102 0.431881 0.096017 149.152916 278.018584
38 47 46 0.850978 0.097439 0.051583 168.133279 278.826253
38 47 46 0.794322 0.103922 0.101756 163.685366 286.548415
38 47 46 0.038803 0.538044 0.423152 157.135705 309.859506
38 47 46 0.040195 0.238243 0.721562 144.907563 316.764412
38 47 46 0.501699 0.028555 0.469746 154.959589 300.314393
38 47 46 0.339245 0.449238 0.211517 164.783378 303.703820
38 47 46 0.049691 0.630231 0.320078 157.803264 313.281005
38 47 46 0.531313 0.059352 0.409335 157.279365 295.610335
38 47 46 0.677212 0.085987 0.236801 161.547259 292.594742
38 47 46 0.287788 0.243243 0.468969 154.155906 301.587508
38 39 47 0.634267 0.018108 0.347626 171.924794 286.266421
38 39 47 0.823799 0.113634 0.062567 174.573001 279.958815
38 39 47 0.387593 0.038318 0.574089 173.287683 296.976362
38 39 47 0.931208 0.015320 0.053472 169.721716 279.658533
38 39 47 0.052736 0.465752 0.481512 187.206654 293.315476
38 39 47 0.401632 0.203182 0.395186 175.422759 287.154693
38 39 47 0.039506 0.025776 0.934718 172.871498 312.928691
38 39 47 0.479195 0.415780 0.105025 186.434366 281.587373
38 39 47 0.283357 0.391410 0.325233 183.857792 288.775467
38 39 47 0.890507 0.016629 0.092864 173.059937 276.440357
39 48 47 0.750347 0.224914 0.024740 207.257502 287.187113
39 48 47 0.490621 0.222183 0.287196 200.164980 296.065448
39 48 47 0.860720 0.087820 0.051460 206.460947 282.067686
39 48 47 0.662103 0.262051 0.075846 206.250220 288.980567
39 48 47 0.462314 0.066690 0.470995 191.664107 297.078507
39 48 47 0.343725 0.569142 0.087133 205.396999 301.076837
39 48 47 0.470715 0.334512 0.194773 201.516212 300.160761
39 48 47 0.081541 0.289809 0.628649 185.136117 313.266600
39 48 47 0.336036 0.133718 0.530246 190.302246 302.503776
39 48 47 0.502381 0.324679 0.172939 198.943543 294.466905
39 40 48 0.276602 0.489347 0.234050 226.031575 284.570372
39 40 48 0.830076 0.051272 0.118653 212.600819 283.614076
39 40 48 0.712095 0.186646 0.101259 216.923925 279.835186
39 40 48 0.630448 0.313779 0.055773 223.690863 279.754325
39 40 48 0.755032 0.183323 0.061646 214.467729 280.065225
39 40 48 0.121686 0.211780 0.666534 211.079145 299.836172
39 40 48 0.844847 0.142426 0.012727 207.920987 276.043353
39 40 48 0.688217 0.010447 0.301336 206.154375 287.298058
39 40 48 0.760566 0.194090 0.045344 211.920801 280.167227
39 40 48 0.128640 0.239413 0.631947 215.427407 304.559213
40 49 48 0.994325 0.005106 0.000568 244.566621 278.011632
40 49 48 0.504341 0.313955 0.181703 238.357702 293.094821
40 49 48 0.327616 0.106069 0.566315 220.604279 306.620847
40 49 48 0.599605 0.217267 0.183129 235.594063 291.644396
40 49 48 0.528500 0.260716 0.210784 234.341278 295.816781
40 49 48 0.691737 0.158139 0.150124 237.439887 290.557999
40 49 48 0.754298 0.216019 0.029683 244.985276 285.168643
40 49 48 0.641528 0.105672 0.252800 235.995792 292.860552
40 49 48 0.657324 0.028589 0.314087 235.438599 291.446110
40 49 48 0.843165 0.020304 0.136531 240.250007 282.135078
40 41 49 0.078054 0.379043 0.542904 262.034464 296.534097
40 41 49 0.798533 0.042965 0.158502 249.510001 284.321152
40 41 49 0.232682 0.555675 0.211642 270.031155 286.842997
40 41 49 0.469819 0.515846 0.014335 264.069362 277.471312
40 41 49 0.904844 0.028318 0.066838 244.077009 280.466869
40 41 49 0.678864 0.187114 0.134022 251.599395 284.002096
40 41 49 0.542815 0.356953 0.100232 262.124573 280.618454
40 41 49 0.646187 0.145608 0.208205 250.258848 287.080401
40 41 49 0.168804 0.625715 0.205482 270.644565 283.103307
40 41 49 0.757001 0.168694 0.074305 254.963561 278.561084
41 50 49 0.881091 0.060972 0.057937 282.191066 278.842672
41 50 49 0.284068 0.134937 0.580994 264.570929 301.102296
41 50 49 0.647971 0.207059 0.144970 280.119920 291.325078
41 50 49 0.659815 0.112505 0.227680 277.358146 290.231195
41 50 49 0.778699 0.019493 0.201808 277.044748 282.642924
41 50 49 0.269297 0.384230 0.346473 273.119110 305.961519
41 50 49 0.401695 0.141894 0.456411 268.090604 298.739431
41 50 49 0.596237 0.200602 0.203161 279.452440 288.846781
41 50 49 0.339450 0.215385 0.445165 266.304113 299.660149
41 50 49 0.090118 0.351954 0.557927 260.865018 312.021949
41 42 50 0.444729 0.088252 0.467019 288.203133 294.760983
41 42 50 0.693639 0.109560 0.196801 286.687839 280.732065
41 42 50 0.462741 0.501038 0.036221 304.214984 279.159847
41 42 50 0.072262 0.457293 0.470445 302.834441 292.848194
41 42 50 0.512239 0.391645 0.096115 299.615151 278.621861
41 42 50 0.864581 0.125313 0.010106 289.582819 275.613156
41 42 50 0.313831 0.304473 0.381695 297.449654 290.616979
41 42 50 0.837000 0.059503 0.103496 286.455855 282.331936
41 42 50 0.277249 0.178526 0.544225 295.633004 296.227132
41 42 50 0.982497 0.001257 0.016246 286.789338 276.814923
42 51 50 0.997894 0.000085 0.002021 325.088814 270.776587
42 51 50 0.869024 0.040844 0.090133 319.617756 281.124403
42 51 50 0.125514 0.189652 0.684834 300.657184 308.805654
42 51 50 0.202565 0.105776 0.691659 296.158918 306.022216
42 51 50 0.172334 0.204058 0.623607 299.536384 313.160573
42 51 50 0.243457 0.752613 0.003930 326.566070 305.786094
42 51 50 0.102259 0.621769 0.275972 314.253394 308.233145
42 51 50 0.108351 0.661100 0.230549 320.583015 313.335636
42 51 50 0.385364 0.278372 0.336264 312.849864 296.732403
42 51 50 0.951097 0.044203 0.004700 319.422364 280.779552
42 43 51 0.950577 0.024736 0.024688 328.228911 277.278180
42 43 51 0.767984 0.104359 0.127657 328.812907 280.104025
42 43 51 0.629291 0.159520 0.211189 331.730868 285.907783
42 43 51 0.645805 0.290472 0.063724 333.637915 277.900330
42 43 51 0.224746 0.690472 0.084782 351.068318 273.593192
42 43 51 0.200435 0.651054 0.148511 347.418167 279.503010
42 43 51 0.606477 0.129438 0.264085 328.526993 288.037105
42 43 51 0.752846 0.036589 0.210565 324.744198 285.963451
42 43 51 0.604618 0.049443 0.345938 329.700370 291.350437
42 43 51 0.373075 0.427085 0.199840 340.722860 279.944302
43 52 51 0.376197 0.377950 0.245852 353.545638 304.511232
43 52 51 0.629215 0.126958 0.243827 357.970999 287.404667
43 52 51 0.406549 0.584295 0.009156 360.172924 303.031552
43 52 51 0.994583 0.001924 0.003493 366.546505 276.195459
43 52 51 0.050440 0.415112 0.534447 339.135580 313.517691
43 52 51 0.758972 0.162622 0.078405 361.662242 283.524263
43 52 51 0.907666 0.077304 0.015030 365.395908 279.213510
43 52 51 0.635228 0.041240 0.323532 356.365285 287.951660
43 52 51 0.951300 0.033398 0.015303 363.249409 276.421815
43 52 51 0.321514 0.486027 0.192459 361.364026 303.439549
43 44 52 0.540539 0.298653 0.160808 373.005493 280.077633
43 44 52 0.520635 0.125041 0.354324 372.058026 289.110300
43 44 52 0.703304 0.083910 0.212785 365.110875 286.140131
43 44 52 0.624954 0.263875 0.111170 374.501044 277.899929
43 44 52 0.119664 0.029524 0.850812 366.248027 311.386587
43 44 52 0.931220 0.006369 0.062411 363.594239 278.744589
43 44 52 0.733345 0.003296 0.263360 368.603440 285.109452
43 44 52 0.653932 0.085748 0.260320 370.230231 285.792451
43 44 52 0.158744 0.339146 0.502110 380.218082 297.975462
43 44 52 0.032696 0.796372 0.170932 401.394976 281.547560
44 53 52 0.499120 0.156024 0.344856 394.405281 297.317339
44 53 52 0.934122 0.027950 0.037928 408.742563 276.562537
44 53 52 0.213061 0.776211 0.010728 405.102390 307.956188
44 53 52 0.689890 0.161267 0.148843 399.275237 287.656707
44 53 52 0.302250 0.439358 0.258392 396.718844 301.742436
44 53 52 0.506056 0.237880 0.256063 397.318511 295.633069
44 53 52 0.117693 0.260626 0.621681 381.742057 312.842368
44 53 52 0.656764 0.079373 0.263863 398.129905 294.076454
44 53 52 0.068856 0.774837 0.156307 401.345408 316.841030
44 53 52 0.857188 0.072746 0.070065 401.826147 281.848896
45 46 54 0.460232 0.037462 0.502306 99.210737 334.068479
45 46 54 0.953221 0.003273 0.043507 97.269985 316.296605
45 46 54 0.779039 0.073483 0.147479 98.883235 321.646576
45 46 54 0.526434 0.453302 0.020264 115.623146 316.711542
45 46 54 0.774875 0.003129 0.221996 96.975494 322.853439
45 46 54 0.853623 0.108530 0.037847 103.004808 320.760518
45 46 54 0.745020 0.057026 0.197954 97.939917 322.582815
45 46 54 0.018652 0.770558 0.210790 125.431847 324.394785
45 46 54 0.100924 0.264803 0.634273 107.895375 339.930160
45 46 54 0.885157 0.101252 0.013592 102.097762 314.027286
46 55 54 0.455662 0.033582 0.510756 115.857233 333.408776
46 55 54 0.378238 0.182563 0.439199 117.822231 337.171979
46 55 54 0.664029 0.068851 0.267121 126.187629 329.698758
46 55 54 0.253938 0.328048 0.418014 119.531694 339.375663
46 55 54 0.864454 0.117352 0.018195 131.431164 321.715927
46 55 54 0.805056 0.167925 0.027018 132.170932 319.582425
46 55 54 0.223813 0.094104 0.682083 106.003792 342.714690
46 55 54 0.513412 0.319846 0.166741 128.585862 330.565622
46 55 54 0.833431 0.128274 0.038295 132.477503 318.902863
46 55 54 0.750457 0.233416 0.016127 135.897983 321.466690
46 47 55 0.759872 0.194720 0.045408 139.914380 318.514360
46 47 55 0.697975 0.249287 0.052738 142.741336 313.742143
46 47 55 0.994584 0.001388 0.004028 132.093618 313.607884
46 47 55 0.524917 0.080079 0.395005 136.698303 329.941996
46 47 55 0.798912 0.098765 0.102322 138.431788 319.060319
46 47 55 0.319206 0.034007 0.646787 135.392643 339.739883
46 47 55 0.878364 0.062432 0.059205 134.204514 314.551840
46 47 55 0.272761 0.726669 0.000570 161.949849 312.465784
46 47 55 0.781943 0.213414 0.004643 143.023442 313.768603
46 47 55 0.636944 0.275862 0.087194 148.937696 315.972032
47 56 55 0.737313 0.222557 0.040130 170.851843 324.432679
47 56 55 0.590117 0.170173 0.239710 163.885216 326.884609
47 56 55 0.822342 0.148545 0.029113 167.879963 320.832051
47 56 55 0.819928 0.005149 0.174923 166.439102 321.251257
47 56 55 0.802957 0.172288 0.024755 170.554653 321.756953
47 56 55 0.115461 0.246084 0.638454 147.902639 348.909839
47 56 55 0.232134 0.458422 0.309445 160.611542 344.118588
47 56 55 0.457103 0.383992 0.158905 168.066887 332.878767
47 56 55 0.784808 0.161812 0.053380 168.534651 326.160078
47 56 55 0.723328 0.096209 0.180462 165.294581 322.213270
47 48 56 0.295438 0.574030 0.130532 190.653709 317.765509
47 48 56 0.167821 0.306739 0.525440 180.651117 336.210484
47 48 56 0.257674 0.634588 0.107738 196.230647 315.887342
47 48 56 0.831275 0.107066 0.061659 175.504124 317.844278
47 48 56 0.823189 0.151841 0.024970 176.195247 314.380763
47 48 56 0.439657 0.264764 0.295579 180.734982 327.833694
47 48 56 0.397718 0.401683 0.200599 185.030041 320.789582
47 48 56 0.146176 0.592556 0.261268 193.051556 325.575648
47 48 56 0.329264 0.412559 0.258177 185.481117 325.202039
47 48 56 0.249839 0.610989 0.139172 194.472799 319.264088
48 57 56 0.540322 0.131071 0.328607 196.403167 332.717780
48 57 56 0.800824 0.146343 0.052833 206.041411 322.923086
48 57 56 0.664995 0.073011 0.261994 202.187290 328.335232
48 57 56 0.593259 0.131731 0.275011 198.234354 330.650354
48 57 56 0.896120 0.086739 0.017142 205.241027 317.449246
48 57 56 0.578655 0.132510 0.288835 196.581175 330.681683
48 57 56 0.564994 0.254651 0.180355 201.989019 331.973024
48 57 56 0.656742 0.062401 0.280857 195.853008 324.561043
48 57 56 0.511331 0.442248 0.046421 211.150856 332.441786
48 57 56 0.219982 0.641398 0.138620 202.886685 346.637969
48 49 57 0.051522 0.657956 0.290521 233.258855 323.924852
48 49 57 0.102060 0.697149 0.200790 234.184782 323.092293
48 49 57 0.018417 0.603681 0.377902 232.010322 329.195078
48 49 57 0.122614 0.123303 0.754083 216.868656 342.511454
48 49 57 0.711532 0.058084 0.230384 208.466656 329.009560
48 49 57 0.475353 0.036047 0.488600 211.269750 334.565990
48 49 57 0.668524 0.202993 0.128483 214.542737 320.657391
48 49 57 0.999572 0.000011 0.000417 209.258220 310.089454
48 49 57 0.444037 0.520973 0.034990 227.502887 315.318133
48 49 57 0.966435 0.016417 0.017148 208.625424 318.861587
49 58 57 0.919932 0.030425 0.049643 245.073287 318.929823
49 58 57 0.228730 0.074475 0.696795 219.740311 344.383784
49 58 57 0.822230 0.123125 0.054644 241.730160 320.511870
49 58 57 0.569082 0.217735 0.213183 234.658230 329.153673
49 58 57 0.517622 0.433651 0.048727 241.182400 333.440957
49 58 57 0.615577 0.136466 0.247957 240.971805 330.796145
49 58 57 0.074059 0.200407 0.725534 217.999642 348.777004
49 58 57 0.766297 0.071480 0.162223 239.776304 322.033428
49 58 57 0.832567 0.055735 0.111698 240.002925 322.092993
49 58 57 0.609838 0.068238 0.321924 234.274772 331.723540
49 50 58 0.899695 0.004877 0.095429 246.133354 319.245427
49 50 58 0.985753 0.013110 0.001138 248.189277 308.929395
49 50 58 0.221913 0.345405 0.432682 259.732388 331.508015
49 50 58 0.928206 0.062008 0.009787 248.121589 314.658654
49 50 58 0.386314 0.059282 0.554404 247.887383 335.851320
49 50 58 0.882926 0.035160 0.081914 244.221139 316.461058
49 50 58 0.428098 0.253827 0.318074 258.986774 324.849493
49 50 58 0.545723 0.113529 0.340747 250.429749 327.915469
49 50 58 0.437866 0.503783 0.058351 265.820188 317.748326
49 50 58 0.411958 0.362999 0.225043 261.470109 321.432634
50 59 58 0.262585 0.179797 0.557618 265.498340 340.542238
50 59 58 0.131825 0.696523 0.171652 276.330172 345.410366
50 59 58 0.131146 0.435029 0.433825 267.646750 348.633661
50 59 58 0.920821 0.023972 0.055208 283.913569 316.399330
50 59 58 0.405386 0.566733 0.027880 284.555310 334.718105
50 59 58 0.262305 0.352935 0.384760 270.821996 342.722782
50 59 58 0.797661 0.183015 0.019324 287.307333 323.496998
50 59 58 0.256581 0.019167 0.724252 256.608696 341.506200
50 59 58 0.122526 0.579113 0.298361 274.540174 349.858046
50 59 58 0.289016 0.659014 0.051971 284.311162 343.741608
50 51 59 0.138456 0.090256 0.771288 289.900982 344.581189
50 51 59 0.078727 0.027036 0.894237 287.864140 349.110985
50 51 59 0.144097 0.110440 0.745463 290.290033 343.864170
50 51 59 0.646326 0.273447 0.080228 295.648461 319.608389
50 51 59 0.547203 0.404306 0.048491 303.711691 315.969690
50 51 59 0.546923 0.263113 0.189963 294.567434 321.066740
50 51 59 0.575097 0.206576 0.218326 293.307193 320.003822
50 51 59 0.635292 0.324102 0.040606 298.205637 313.558421
50 51 59 0.419052 0.542027 0.038921 306.414959 316.179339
50 51 59 0.481713 0.338140 0.180148 298.893292 321.933433
51 60 59 0.432436 0.146546 0.421018 306.444871 339.847326
51 60 59 0.852020 0.110066 0.037914 322.552520 319.626995
51 60 59 0.700715 0.029420 0.269865 312.511060 326.733240
51 60 59 0.000347 0.595275 0.404379 310.763235 354.649129
51 60 59 0.211753 0.742360 0.045887 321.139848 348.989162
51 60 59 0.403883 0.358713 0.237404 315.668914 338.536457
51 60 59 0.127589 0.448743 0.423668 310.030036 353.032186
51 60 59 0.114876 0.637661 0.247463 312.866818 349.620443
51 60 59 0.564743 0.134245 0.301012 314.525228 333.730787
51 60 59 0.411431 0.499778 0.088792 321.980434 338.847220
51 52 60 0.575861 0.340805 0.083334 336.556849 318.944957
51 52 60 0.878070 0.044205 0.077725 330.385334 318.718004
51 52 60 0.180963 0.131842 0.687195 329.774335 346.495501
51 52 60 0.216583 0.370167 0.413249 339.884683 331.001776
51 52 60 0.943820 0.015621 0.040559 330.701236 318.930235
51 52 60 0.932586 0.015735 0.051679 327.737845 318.802149
51 52 60 0.688289 0.275952 0.035759 337.894800 318.579081
51 52 60 0.139615 0.238846 0.621539 334.566858 340.643023
51 52 60 0.498228 0.425972 0.075800 342.341804 321.882099
51 52 60 0.259779 0.137894 0.602327 328.200065 339.246010
52 61 60 0.089246 0.382204 0.528550 341.361697 355.459719
52 61 60 0.906975 0.033454 0.059571 360.261791 316.198754
52 61 60 0.307584 0.446575 0.245841 351.940418 343.694799
52 61 60 0.133672 0.749665 0.116662 362.441817 351.734716
52 61 60 0.583525 0.131302 0.285173 353.855225 331.508615
52 61 60 0.003471 0.871524 0.125005 361.645515 351.600823
52 61 60 0.919287 0.006293 0.074420 365.061557 319.325174
52 61 60 0.698720 0.269858 0.031423 359.874846 328.187898
52 61 60 0.928974 0.004098 0.066928 360.730963 315.975128
52 61 60 0.863380 0.002479 0.134141 359.291730 320.294440
52 53 61 0.772808 0.030800 0.196391 363.839010 322.975795
52 53 61 0.728883 0.114039 0.157078 369.301721 322.243039
52 53 61 0.738996 0.177516 0.083488 370.030515 321.697638
52 53 61 0.384902 0.501492 0.113605 388.297802 321.058726
52 53 61 0.887543 0.026191 0.086266 367.607687 321.056383
52 53 61 0.902745 0.078864 0.018391 368.873044 316.316274
52 53 61 0.677173 0.313939 0.008888 378.477621 312.484745
52 53 61 0.096313 0.542173 0.361514 390.487917 327.935158
52 53 61 0.666580 0.287155 0.046265 377.124796 315.035230
52 53 61 0.442300 0.335571 0.222129 380.268507 323.070108
53 62 61 0.363483 0.511280 0.125237 400.723909 336.783257
53 62 61 0.050517 0.721065 0.228419 398.041173 355.017327
53 62 61 0.828783 0.162976 0.008242 408.329749 324.762150
53 62 61 0.093707 0.382849 0.523444 384.194230 353.100568
53 62 61 0.692048 0.260375 0.047577 406.460492 328.284132
53 62 61 0.509922 0.376121 0.113956 405.091246 337.127225
53 62 61 0.531209 0.060870 0.407922 389.339646 332.013956
53 62 61 0.936968 0.027934 0.035098 404.144979 316.992179
53 62 61 0.851169 0.029169 0.119662 403.887637 324.529057
53 62 61 0.497958 0.288826 0.213216 398.134102 336.478430
54 55 63 0.661787 0.200976 0.137237 106.023216 358.032233
54 55 63 0.519432 0.023262 0.457306 93.537542 368.325760
54 55 63 0.168285 0.492280 0.339434 115.327691 363.028796
54 55 63 0.861942 0.107090 0.030968 102.234660 353.500598
54 55 63 0.172397 0.201155 0.626448 105.171683 375.956040
54 55 63 0.854477 0.100167 0.045356 99.488308 355.084674
54 55 63 0.845428 0.124595 0.029977 101.477262 353.822358
54 55 63 0.663842 0.176041 0.160117 103.816099 361.953346
54 55 63 0.220532 0.765171 0.014297 125.443809 353.266021
54 55 63 0.227361 0.575491 0.197148 118.089492 357.840349
55 64 63 0.923845 0.053966 0.022188 131.763048 357.661674
55 64 63 0.451701 0.384817 0.163483 127.478254 373.336679
55 64 63 0.332583 0.214553 0.452864 118.506405 378.193776
55 64 63 0.881239 0.115475 0.003286 134.554624 356.774863
55 64 63 0.374349 0.373397 0.252254 123.614932 375.611658
55 64 63 0.141194 0.632048 0.226758 124.648920 385.079109
55 64 63 0.138903 0.571679 0.289418 119.813521 384.338811
55 64 63 0.516708 0.309647 0.173645 128.291829 373.474876
55 64 63 0.452905 0.478193 0.068902 132.125617 376.352924
55 64 63 0.282181 0.347177 0.370641 118.671588 377.599178
55 56 64 0.905716 0.038105 0.056179 138.970585 354.612498
55 56 64 0.860886 0.100556 0.038558 135.875661 355.607282
55 56 64 0.481831 0.511772 0.006397 152.582559 354.610262
55 56 64 0.895075 0.088912 0.016014 136.456987 354.461790
55 56 64 0.804843 0.142874 0.052283 141.422457 353.360786
55 56 64 0.341810 0.519686 0.138503 153.137924 357.088525
55 56 64 0.458588 0.202395 0.339017 139.653382 366.677766
55 56 64 0.547795 0.078180 0.374026 133.004520 366.619509
55 56 64 0.400914 0.245246 0.353840 145.127465 363.070759
55 56 64 0.665311 0.290490 0.044199 146.724209 355.851867
56 65 64 0.740925 0.006375 0.252700 161.826146 367.399185
56 65 64 0.984661 0.009100 0.006239 172.187137 354.747550
56 65 64 0.306113 0.034131 0.659757 147.041696 380.322725
56 65 64 0.457938 0.209820 0.332243 156.956779 371.835009
56 65 64 0.245174 0.655442 0.099383 170.215949 379.441345
56 65 64 0.230512 0.309617 0.459870 152.388187 381.085432
56 65 64 0.440471 0.207603 0.351927 158.801526 378.789249
56 65 64 0.573251 0.277384 0.149365 168.907468 368.907774
56 65 64 0.738061 0.159114 0.102826 164.817111 362.426984
56 65 64 0.462654 0.130821 0.406526 156.129614 376.751903
56 57 65 0.940179 0.010978 0.048843 174.797423 354.970122
56 57 65 0.056268 0.839908 0.103824 202.025749 357.679392
56 57 65 0.569718 0.281270 0.149012 182.373710 356.167759
56 57 65 0.114207 0.093893 0.791901 177.293946 383.608630
56 57 65 0.944445 0.003504 0.052052 168.933970 360.279316
56 57 65 0.786606 0.163062 0.050331 176.180797 353.335712
56 57 65 0.662188 0.306857 0.030955 187.131982 355.721588
56 57 65 0.715816 0.259483 0.024701 181.466472 354.559903
56 57 65 0.234147 0.762679 0.003174 199.449240 351.581877
56 57 65 0.859410 0.094043 0.046547 173.370839 355.706598
57 66 65 0.323548 0.216218 0.460234 190.798614 377.159785
57 66 65 0.914854 0.069681 0.015465 208.380845 354.284290
57 66 65 0.051817 0.460242 0.487941 190.537469 390.673752
57 66 65 0.265601 0.545917 0.188482 198.860874 382.650945
57 66 65 0.043031 0.583089 0.373880 191.835965 392.698882
57 66 65 0.057633 0.718975 0.223392 203.403752 389.772090
57 66 65 0.508562 0.155004 0.336434 195.112784 370.451747
57 66 65 0.533413 0.266540 0.200048 201.487857 366.861744
57 66 65 0.841425 0.069649 0.088925 208.009140 360.963103
57 66 65 0.778310 0.025297 0.196394 200.104604 361.680857
57 58 66 0.453177 0.528743 0.018080 229.054576 356.691038
57 58 66 0.441827 0.322884 0.235289 223.632644 360.971736
57 58 66 0.036857 0.344330 0.618813 222.323159 374.627285
57 58 66 0.213573 0.350498 0.435928 223.171716 369.836943
57 58 66 0.969810 0.009479 0.020710 209.165008 354.005118
57 58 66 0.851379 0.006805 0.141817 207.108086 361.827436
57 58 66 0.008275 0.869735 0.121989 240.809386 354.633996
57 58 66 0.504317 0.446824 0.048859 225.423980 356.260728
57 58 66 0.350484 0.293429 0.356087 222.475920 367.401061
57 58 66 0.321968 0.529151 0.148882 225.216595 353.695042
58 67 66 0.487727 0.433726 0.078548 246.982399 372.644490
58 67 66 0.095264 0.063707 0.841029 213.802573 387.761008
58 67 66 0.832295 0.117987 0.049718 246.319975 359.227674
58 67 66 0.322273 0.132417 0.545311 224.905743 377.283018
58 67 66 0.451156 0.492816 0.056028 242.922407 379.644668
58 67 66 0.906018 0.063778 0.030205 246.944324 355.327740
58 67 66 0.514215 0.123059 0.362726 236.453438 374.860344
58 67 66 0.533254 0.185649 0.281097 235.530292 369.866678
58 67 66 0.143220 0.593414 0.263365 241.000805 386.945676
58 67 66 0.383589 0.123777 0.492634 227.411910 377.450349
58 59 67 0.730005 0.094924 0.175071 250.669710 359.523406
58 59 67 0.454401 0.134089 0.411510 250.034830 369.976645
58 59 67 0.598574 0.000128 0.401298 249.254222 368.981330
58 59 67 0.632760 0.042285 0.324955 250.529626 362.971441
58 59 67 0.850957 0.141887 0.007157 249.713646 351.923435
58 59 67 0.297118 0.631291 0.071591 270.930666 356.795881
58 59 67 0.521968 0.318837 0.159195 258.311293 360.368361
58 59 67 0.066965 0.663735 0.269301 272.881071 365.174221
58 59 67 0.856049 0.027555 0.116396 245.798265 354.990414
58 59 67 0.202735 0.109182 0.688083 251.015080 384.041386
59 68 67 0.164291 0.144242 0.691468 260.808475 386.786956
59 68 67 0.923098 0.036308 0.040594 283.331068 357.424974
59 68 67 0.025067 0.915377 0.059555 284.597444 395.680258
59 68 67 0.540992 0.392363 0.066645 281.150372 373.478243
59 68 67 0.248882 0.652959 0.098160 283.507416 385.621419
59 68 67 0.985819 0.007976 0.006204 283.456479 350.458674
59 68 67 0.139789 0.129279 0.730931 255.613270 385.382528
59 68 67 0.817643 0.125538 0.056819 280.905512 362.653752
59 68 67 0.176550 0.151514 0.671937 259.564985 390.140325
59 68 67 0.435369 0.367081 0.197550 279.410122 373.112847
59 60 68 0.225714 0.431133 0.343153 302.085117 369.087549
59 60 68 0.219814 0.069391 0.710795 289.713463 384.492993
59 60 68 0.067954 0.057413 0.874633 290.910714 391.192632
59 60 68 0.744796 0.070305 0.184899 284.097987 360.526369
59 60 68 0.003813 0.457081 0.539106 305.336816 379.569090
59 60 68 0.845291 0.108240 0.046469 289.212487 354.775041
59 60 68 0.966770 0.019662 0.013567 287.045259 353.980422
59 60 68 0.276810 0.384609 0.338581 301.810160 367.990270
59 60 68 0.491013 0.060649 0.448339 288.884315 368.825683
59 60 68 0.972377 0.009419 0.018204 285.690965 357.365261
60 69 68 0.976978 0.021597 0.001425 326.307644 356.336152
60 69 68 0.362020 0.361132 0.276847 313.834783 378.381473
60 69 68 0.850474 0.050663 0.098864 319.094962 362.220059
60 69 68 0.449778 0.296928 0.253294 313.170068 378.291136
60 69 68 0.527712 0.435935 0.036353 322.722386 375.108280
60 69 68 0.509387 0.084744 0.405870 312.240656 373.739081
60 69 68 0.926459 0.059481 0.014060 323.127386 355.447339
60 69 68 0.728177 0.186372 0.085451 324.543965 364.065424
60 69 68 0.204060 0.335558 0.460382 306.245608 388.557737
60 69 68 0.676302 0.027392 0.296306 312.842197 368.941325
60 61 69 0.966422 0.028782 0.004796 325.286505 353.675184
60 61 69 0.603516 0.248849 0.147636 332.639060 362.163786
60 61 69 0.853715 0.000869 0.145415 323.924922 354.844770
60 61 69 0.510275 0.465524 0.024202 341.102166 358.117870
60 61 69 0.658973 0.043672 0.297355 323.415441 366.114606
60 61 69 0.772644 0.213294 0.014062 332.822669 355.090412
60 61 69 0.449439 0.051665 0.498896 328.512997 377.944798
60 61 69 0.016367 0.484640 0.498992 343.555846 375.094533
60 61 69 0.915631 0.014712 0.069656 324.269686 360.088233
60 61 69 0.485581 0.086630 0.427789 329.537580 370.892747
61 70 69 0.540324 0.120943 0.338733 348.382060 375.561176
61 70 69 0.148928 0.238612 0.612461 337.862563 390.039994
61 70 69 0.699657 0.185009 0.115334 363.643921 368.412664
61 70 69 0.788276 0.181961 0.029762 362.277412 364.712518
61 70 69 0.389744 0.251453 0.358803 350.325093 380.341243
61 70 69 0.449709 0.405594 0.144696 360.228624 375.585726
61 70 69 0.553185 0.418263 0.028553 366.360965 378.088229
61 70 69 0.215747 0.448369 0.335885 353.253022 390.449002
61 70 69 0.766344 0.198573 0.035083 363.453389 365.907816
61 70 69 0.319116 0.143259 0.537626 341.481629 384.063708
61 62 70 0.242518 0.202494 0.554988 377.911978 372.874328
61 62 70 0.058557 0.631340 0.310103 393.239567 367.261174
61 62 70 0.855672 0.090566 0.053762 370.658483 357.857021
61 62 70 0.023788 0.497531 0.478681 385.483061 376.919326
61 62 70 0.203182 0.381230 0.415588 382.866490 375.682818
61 62 70 0.813939 0.089120 0.096940 369.852934 361.028709
61 62 70 0.842826 0.064350 0.092824 369.592177 358.060796
61 62 70 0.862523 0.126143 0.011334 371.060450 355.316809
61 62 70 0.126309 0.191703 0.681988 372.327493 386.205756
61 62 70 0.420184 0.312464 0.267352 376.615493 362.045910
62 71 70 0.413739 0.191424 0.394838 393.577596 381.444069
62 71 70 0.361285 0.602533 0.036182 409.885071 381.696092
62 71 70 0.581590 0.053894 0.364516 389.585630 374.063663
62 71 70 0.287691 0.339259 0.373050 396.859220 384.567961
62 71 70 0.507354 0.085681 0.406965 392.897754 375.461393
62 71 70 0.645788 0.105745 0.248467 401.498625 368.270235
62 71 70 0.705167 0.044930 0.249903 400.247405 370.455389
62 71 70 0.857680 0.043939 0.098380 403.980290 359.635743
62 71 70 0.426647 0.170191 0.403163 391.755792 382.405481
62 71 70 0.002130 0.941789 0.056081 410.637200 397.747337
63 64 72 0.494446 0.420657 0.084897 111.076398 391.868057
63 64 72 0.199903 0.065905 0.734192 93.996204 416.649014
63 64 72 0.268093 0.380269 0.351638 114.235954 405.756856
63 64 72 0.967149 0.003320 0.029531 96.316996 392.251591
63 64 72 0.190798 0.668733 0.140469 121.312906 393.699349
63 64 72 0.497484 0.372685 0.129831 109.801452 396.320227
63 64 72 0.222111 0.258434 0.519456 105.770741 410.060646
63 64 72 0.686915 0.078913 0.234172 99.406167 400.706354
63 64 72 0.495827 0.048317 0.455855 98.103065 404.614515
63 64 72 0.126909 0.238022 0.635069 103.873851 412.841001
64 73 72 0.010817 0.490967 0.498216 112.463759 424.098888
64 73 72 0.796254 0.042864 0.160882 128.750438 396.483661
64 73 72 0.888194 0.051903 0.059904 128.821604 395.193576
64 73 72 0.075699 0.575557 0.348744 122.905070 427.330005
64 73 72 0.930383 0.066855 0.002762 134.180883 393.147206
64 73 72 0.110032 0.633185 0.256782 126.393281 426.384588
64 73 72 0.143501 0.486690 0.369809 117.610044 423.399277
64 73 72 0.940009 0.000108 0.059883 131.875840 393.155065
64 73 72 0.018322 0.561033 0.420646 118.105895 429.351385
64 73 72 0.353752 0.388526 0.257721 119.446014 414.508682
64 65 73 0.256066 0.035515 0.708419 135.917247 421.211245
64 65 73 0.670951 0.307873 0.021176 143.592531 392.791544
64 65 73 0.171674 0.684138 0.144188 164.066028 396.912669
64 65 73 0.729117 0.176413 0.094471 143.083739 400.364572
64 65 73 0.724199 0.186803 0.088998 135.679510 394.243084
64 65 73 0.206561 0.549129 0.244310 154.443707 397.608012
64 65 73 0.020845 0.929380 0.049776 167.807251 388.252346
64 65 73 0.930070 0.049915 0.020015 140.744014 391.411017
64 65 73 0.375767 0.181384 0.442848 140.696598 408.718570
64 65 73 0.937204 0.040558 0.022239 136.625455 392.150225
65 74 73 0.558195 0.011809 0.429997 149.621649 409.692246
65 74 73 0.238780 0.638112 0.123107 163.715686 419.221404
65 74 73 0.096863 0.524570 0.378567 158.985605 428.118144
65 74 73 0.439392 0.410404 0.150203 166.895591 411.367235
65 74 73 0.148389 0.510641 0.340970 160.372605 422.640299
65 74 73 0.107441 0.686121 0.206438 161.144037 430.377004
65 74 73 0.311745 0.259654 0.428602 153.759633 420.146816
65 74 73 0.221537 0.018310 0.760153 142.726489 422.064814
65 74 73 0.108669 0.402667 0.488664 150.947419 422.501976
65 74 73 0.703477 0.238410 0.058113 168.307358 400.292373
65 66 74 0.478569 0.433425 0.088006 186.737626 396.947254
65 66 74 0.128074 0.328863 0.543063 185.790400 412.766015
65 66 74 0.936506 0.060678 0.002816 168.902926 392.292405
65 66 74 0.478975 0.110622 0.410402 176.251130 408.698612
65 66 74 0.088407 0.301916 0.609677 184.173054 411.764178
65 66 74 0.917959 0.032130 0.049911 171.300194 393.298846
65 66 74 0.886001 0.033087 0.080911 173.620923 393.838797
65 66 74 0.531552 0.023243 0.445205 172.073430 411.553860
65 66 74 0.218263 0.469310 0.312427 187.015794 403.841066
65 66 74 0.932570 0.053152 0.014279 174.294451 386.090519
66 75 74 0.609630 0.062787 0.327583 201.488486 409.266313
66 75 74 0.516183 0.165419 0.318398 195.507562 412.105671
66 75 74 0.492948 0.384430 0.122621 206.107533 411.442520
66 75 74 0.165833 0.711251 0.122916 203.623219 425.485840
66 75 74 0.917094 0.035781 0.047125 207.580685 391.876202
66 75 74 0.706834 0.069186 0.223980 203.013958 404.477783
66 75 74 0.776133 0.119285 0.104582 207.368363 399.486084
66 75 74 0.780631 0.049612 0.169757 202.854693 399.773518
66 75 74 0.711450 0.257573 0.030977 213.355610 403.273829
66 75 74 0.828431 0.008724 0.162846 206.245466 401.312198
66 67 75 0.174338 0.791405 0.034257 240.683633 392.255040
66 67 75 0.543847 0.292114 0.164039 220.235100 400.656536
66 67 75 0.104564 0.578798 0.316639 231.734187 404.077297
66 67 75 0.733828 0.178937 0.087235 217.106117 392.825934
66 67 75 0.504302 0.490881 0.004817 227.784935 391.648984
66 67 75 0.280955 0.607566 0.111479 230.094625 397.256220
66 67 75 0.607982 0.371220 0.020798 225.098273 393.299782
66 67 75 0.778911 0.097404 0.123685 218.222864 397.348316
66 67 75 0.505805 0.226135 0.268060 219.505563 405.344771
66 67 75 0.682528 0.291124 0.026348 220.891825 391.951984
67 76 75 0.027849 0.700934 0.271217 237.344105 431.368662
67 76 75 0.148881 0.599369 0.251750 241.477934 426.993934
67 76 75 0.907228 0.056821 0.035951 244.585176 396.783614
67 76 75 0.933664 0.015542 0.050793 245.802502 397.539392
67 76 75 0.678461 0.248602 0.072936 248.040570 406.582690
67 76 75 0.810148 0.179038 0.010814 247.231955 398.389773
67 76 75 0.123073 0.215349 0.661578 223.082656 429.388061
67 76 75 0.941249 0.034787 0.023964 246.976740 396.469342
67 76 75 0.103415 0.358047 0.538539 225.678694 430.346140
67 76 75 0.000458 0.941264 0.058278 245.376542 434.599636
67 68 76 0.196321 0.014684 0.788995 251.262317 424.233520
67 68 76 0.150504 0.005312 0.844184 248.895617 424.522055
67 68 76 0.911012 0.026127 0.062861 250.645581 392.952538
67 68 76 0.930915 0.050761 0.018324 249.426516 393.887129
67 68 76 0.066269 0.379448 0.554282 260.401354 416.545874
67 68 76 0.146816 0.618560 0.234624 271.777263 403.952949
67 68 76 0.251135 0.201181 0.547684 255.453374 414.535578
67 68 76 0.746286 0.044874 0.208840 248.697237 401.295133
67 68 76 0.714148 0.143567 0.142285 253.005805 403.015303
67 68 76 0.179116 0.787529 0.033355 278.020570 394.427267
68 77 76 0.869313 0.091489 0.039198 282.971349 398.485458
68 77 76 0.216174 0.526083 0.257743 273.223387 430.589787
68 77 76 0.669970 0.122132 0.207897 278.058097 407.676950
68 77 76 0.374260 0.494653 0.131088 280.543681 418.271683
68 77 76 0.619696 0.209151 0.171153 280.866608 411.535004
68 77 76 0.128890 0.068914 0.802197 256.314017 427.301918
68 77 76 0.479122 0.377110 0.143768 277.878955 414.186992
68 77 76 0.421712 0.508147 0.070141 281.979312 419.232131
68 77 76 0.878762 0.006488 0.114750 275.814666 400.289551
68 77 76 0.277597 0.388164 0.334239 265.653193 419.299157
68 69 77 0.600478 0.264386 0.135136 296.017093 398.507138
68 69 77 0.025978 0.148168 0.825854 291.776379 427.059286
68 69 77 0.833040 0.120790 0.046170 288.571821 393.442417
68 69 77 0.445872 0.548843 0.005285 305.842494 395.899251
68 69 77 0.814079 0.144775 0.041147 288.991946 399.111494
68 69 77 0.891311 0.074576 0.034113 289.352764 400.901112
68 69 77 0.331136 0.277414 0.391450 295.329914 411.128907
68 69 77 0.072764 0.393583 0.533653 302.326550 416.043990
68 69 77 0.040611 0.442088 0.517301 303.701428 416.597053
68 69 77 0.494394 0.101507 0.404100 293.941990 408.840191
69 78 77 0.049684 0.560500 0.389816 314.296316 435.145623
69 78 77 0.214663 0.121897 0.663441 296.468610 423.015263
69 78 77 0.320785 0.425804 0.253411 311.988870 426.610593
69 78 77 0.471993 0.431310 0.096697 321.450956 420.189284
69 78 77 0.269915 0.250552 0.479533 303.821523 424.092707
69 78 77 0.108615 0.323789 0.567595 307.855990 432.017476
69 78 77 0.294603 0.106074 0.599323 299.208964 425.452453
69 78 77 0.872547 0.052688 0.074765 320.416076 403.372874
69 78 77 0.294600 0.130554 0.574846 300.160790 424.667955
69 78 77 0.959211 0.007197 0.033592 322.604325 396.061024
69 70 78 0.008838 0.468446 0.522716 346.153979 419.579830
69 70 78 0.546124 0.171985 0.281891 328.572472 410.595136
69 70 78 0.745587 0.154608 0.099805 329.933066 399.574160
69 70 78 0.383036 0.261526 0.355438 337.154508 414.047311
69 70 78 0.522535 0.264738 0.212727 332.372831 405.673041
69 70 78 0.432296 0.392288 0.175416 341.733924 403.583426
69 70 78 0.078357 0.479475 0.442168 343.870236 410.830742
69 70 78 0.324703 0.018914 0.656383 328.248984 423.100983
69 70 78 0.629350 0.283972 0.086678 333.627705 397.168602
69 70 78 0.979301 0.018953 0.001746 325.829233 396.998002
70 79 78 0.798078 0.095475 0.106447 361.598048 403.555738
70 79 78 0.145587 0.321741 0.532672 346.506395 428.980029
70 79 78 0.846787 0.063346 0.089867 361.685069 405.194079
70 79 78 0.049224 0.005188 0.945587 325.651463 432.824246
70 79 78 0.109552 0.845000 0.045448 366.583905 434.645944
70 79 78 0.879177 0.069221 0.051602 366.699124 402.151219
70 79 78 0.681618 0.268698 0.049684 364.704869 412.688133
70 79 78 0.712961 0.281025 0.006014 363.991553 408.264551
70 79 78 0.949379 0.032149 0.018472 365.889451 398.825199
70 79 78 0.157933 0.686156 0.155911 363.114160 431.791368
70 71 79 0.180037 0.698175 0.121788 400.032800 402.644890
70 71 79 0.562989 0.128137 0.308874 367.955039 412.606459
70 71 79 0.005928 0.942481 0.051590 412.762586 398.036059
70 71 79 0.048145 0.882404 0.069451 409.023212 399.667468
70 71 79 0.709503 0.175030 0.115466 371.581294 405.637691
70 71 79 0.501459 0.282553 0.215988 376.334530 404.656005
70 71 79 0.891762 0.093747 0.014491 368.396380 399.558212
70 71 79 0.534096 0.125571 0.340333 372.056565 409.116841
70 71 79 0.119147 0.391284 0.489569 384.880729 416.853751
70 71 79 0.147813 0.009674 0.842513 374.148234 430.030293
71 80 79 0.972187 0.018281 0.009531 408.383067 403.207910
71 80 79 0.202766 0.632263 0.164970 406.800868 433.070346
71 80 79 0.101776 0.439088 0.459136 391.218096 433.849437
71 80 79 0.507637 0.033715 0.458649 391.085637 418.048117
71 80 79 0.465785 0.431044 0.103170 404.989701 423.242477
71 80 79 0.655357 0.002127 0.342516 395.226113 409.498895
71 80 79 0.983370 0.013901 0.002730 413.052936 395.690132
71 80 79 0.374912 0.233146 0.391942 396.185299 426.399160
71 80 79 0.261352 0.528317 0.210331 402.446756 432.540729
71 80 79 0.864478 0.028185 0.107337 405.787179 403.082340
