0 1 9 0.625022 0.002856 0.372122 80.301939 137.353478
0 1 9 0.273188 0.218385 0.508428 88.165349 139.866397
0 1 9 0.364873 0.609994 0.025133 103.301707 120.366877
0 1 9 0.907761 0.059570 0.032669 81.136938 115.743959
0 1 9 0.146999 0.796026 0.056975 108.306229 121.306295
0 1 9 0.035627 0.559401 0.404973 99.423748 137.321052
0 1 9 0.369997 0.429485 0.200518 95.358797 128.286200
0 1 9 0.799336 0.025279 0.175385 77.502339 127.028619
0 1 9 0.610639 0.126440 0.262921 79.592242 132.555297
0 1 9 0.698163 0.016376 0.285461 86.265891 129.976540
1 10 9 0.442494 0.384320 0.173186 112.768361 141.413464
1 10 9 0.515066 0.094040 0.390895 106.537863 140.433207
1 10 9 0.558701 0.427155 0.014144 120.434530 134.982357
1 10 9 0.335506 0.471801 0.192693 111.902401 147.054896
1 10 9 0.769188 0.167331 0.063481 118.194171 127.739625
1 10 9 0.834327 0.156740 0.008932 115.747611 123.362191
1 10 9 0.959149 0.040702 0.000149 116.792530 118.841988
1 10 9 0.818036 0.152079 0.029886 113.590589 126.987068
1 10 9 0.581693 0.352151 0.066156 115.592899 135.471967
1 10 9 0.955472 0.017784 0.026744 114.084473 120.119305
1 2 10 0.072138 0.621800 0.306062 142.574462 131.270765
1 2 10 0.462485 0.061718 0.475797 120.993830 137.053150
1 2 10 0.267757 0.069218 0.663025 123.062968 143.173390
1 2 10 0.958620 0.034176 0.007204 119.087172 119.182667
1 2 10 0.267627 0.346065 0.386308 131.368000 135.674236
1 2 10 0.488095 0.484058 0.027847 132.778860 121.971114
1 2 10 0.105581 0.542082 0.352337 140.006344 129.639328
1 2 10 0.825355 0.057946 0.116699 118.538129 124.804064
1 2 10 0.807777 0.192126 0.000096 122.325156 117.719761
1 2 10 0.188786 0.595084 0.216130 141.729187 126.973310
2 11 10 0.443611 0.253419 0.302970 145.832750 137.948847
2 11 10 0.541771 0.321769 0.136459 149.226211 135.233656
2 11 10 0.230049 0.148797 0.621154 136.884873 150.146915
2 11 10 0.314315 0.285763 0.399922 138.685033 142.834519
2 11 10 0.704850 0.033200 0.261950 145.741753 127.199057
2 11 10 0.057489 0.163309 0.779202 132.424977 155.891436
2 11 10 0.248929 0.234180 0.516891 143.484440 148.664782
2 11 10 0.001587 0.438784 0.559629 138.062247 160.622149
2 11 10 0.728643 0.239887 0.031471 152.868032 126.454439
2 11 10 0.637058 0.140405 0.222537 150.771055 132.563634
2 3 11 0.726880 0.124921 0.148200 161.720531 125.122139
2 3 11 0.969154 0.024734 0.006112 161.532726 114.761382
2 3 11 0.516706 0.063781 0.419514 158.242051 136.207736
2 3 11 0.354984 0.046033 0.598982 163.858319 140.691859
2 3 11 0.665461 0.081198 0.253341 161.253280 130.379911
2 3 11 0.126638 0.140192 0.733170 166.408433 144.318130
2 3 11 0.949623 0.000289 0.050088 158.666161 119.556153
2 3 11 0.152947 0.002716 0.844337 161.255685 150.233287
2 3 11 0.929417 0.011375 0.059208 158.490609 117.796184
2 3 11 0.103156 0.636213 0.260632 180.800492 125.490784
3 12 11 0.180171 0.184064 0.635765 174.013143 148.796903
3 12 11 0.560067 0.116001 0.323931 184.704042 129.153290
3 12 11 0.021885 0.243386 0.734729 169.872499 156.664163
3 12 11 0.835957 0.013691 0.150352 188.253965 121.257161
3 12 11 0.149774 0.481450 0.368776 186.173907 152.342728
3 12 11 0.481372 0.075191 0.443438 178.603704 136.074051
3 12 11 0.758997 0.130063 0.110940 191.004515 126.237942
3 12 11 0.755070 0.183452 0.061478 193.687502 121.392450
3 12 11 0.634197 0.031250 0.334554 182.997199 129.755650
3 12 11 0.993505 0.001917 0.004578 193.976809 113.002893
3 4 12 0.173216 0.353846 0.472939 213.639940 135.415395
3 4 12 0.499037 0.296084 0.204879 210.452537 123.074178
3 4 12 0.685352 0.199351 0.115297 205.078542 117.004223
3 4 12 0.603889 0.385824 0.010287 212.056821 111.587166
3 4 12 0.892617 0.041433 0.065950 198.650354 115.489137
3 4 12 0.308326 0.276877 0.414797 209.840135 128.588002
3 4 12 0.011779 0.634452 0.353770 225.398496 127.557070
3 4 12 0.474147 0.214957 0.310897 206.151210 124.954103
3 4 12 0.099326 0.410574 0.490100 216.882773 134.568518
3 4 12 0.886408 0.094083 0.019509 200.737968 114.180962
4 13 12 0.580567 0.331821 0.087612 237.243199 129.213193
4 13 12 0.869317 0.057052 0.073631 238.879496 120.173108
4 13 12 0.899051 0.090848 0.010101 240.119601 115.294659
4 13 12 0.935938 0.013718 0.050344 236.332211 115.576037
4 13 12 0.541129 0.332315 0.126556 238.027815 131.724027
4 13 12 0.725471 0.189661 0.084868 228.669420 122.396409
4 13 12 0.056803 0.697576 0.245621 232.168743 153.138287
4 13 12 0.015136 0.777587 0.207276 234.381646 155.735503
4 13 12 0.775710 0.094271 0.130018 233.648544 119.447673
4 13 12 0.794438 0.029627 0.175935 232.716751 121.222349
4 5 13 0.074545 0.586409 0.339046 268.845881 126.068022
4 5 13 0.917961 0.054629 0.027410 243.091456 116.600999
4 5 13 0.757791 0.099049 0.143160 247.249129 120.025449
4 5 13 0.473953 0.326627 0.199420 255.737259 118.902549
4 5 13 0.828167 0.147934 0.023899 246.610029 114.122705
4 5 13 0.138579 0.127449 0.733973 244.324289 144.219301
4 5 13 0.261329 0.588840 0.149831 263.199609 117.784038
4 5 13 0.458090 0.092126 0.449784 244.799424 133.835981
4 5 13 0.851932 0.064835 0.083233 237.021049 116.573310
4 5 13 0.491125 0.327378 0.181497 252.829970 118.779655
5 14 13 0.137210 0.614387 0.248403 275.877102 147.359945
5 14 13 0.251581 0.660454 0.087965 282.655458 143.954732
5 14 13 0.987228 0.007794 0.004978 285.010671 110.709122
5 14 13 0.069430 0.085906 0.844665 249.638820 152.607340
5 14 13 0.286911 0.365445 0.347644 270.477990 139.204241
5 14 13 0.498050 0.070824 0.431126 265.315054 131.760221
5 14 13 0.695221 0.081067 0.223712 273.273787 122.818242
5 14 13 0.490724 0.505069 0.004207 284.706701 129.653765
5 14 13 0.078885 0.568794 0.352321 266.253944 149.399180
5 14 13 0.580074 0.211590 0.208337 274.875787 129.877384
5 6 14 0.677215 0.259259 0.063526 296.473467 112.180243
5 6 14 0.226231 0.253148 0.520621 294.573268 126.789514
5 6 14 0.595130 0.051115 0.353755 284.604000 126.093610
5 6 14 0.971957 0.010790 0.017252 284.527363 115.112580
5 6 14 0.292057 0.220975 0.486968 292.333155 132.885662
5 6 14 0.170727 0.569479 0.259795 308.737328 120.323012
5 6 14 0.699376 0.126100 0.174524 287.903572 118.249648
5 6 14 0.248761 0.077500 0.673739 289.118327 137.876227
5 6 14 0.846022 0.131051 0.022927 288.650315 111.424718
5 6 14 0.395579 0.308306 0.296115 296.774125 124.408055
6 15 14 0.990984 0.007458 0.001558 324.635412 109.208002
6 15 14 0.525153 0.399912 0.074935 323.601631 130.383996
6 15 14 0.149840 0.436890 0.413270 308.779863 151.568065
6 15 14 0.271445 0.361732 0.366823 313.822688 145.306759
6 15 14 0.099018 0.665391 0.235591 315.434274 151.186044
6 15 14 0.714501 0.032041 0.253458 315.097478 119.124361
6 15 14 0.785548 0.081110 0.133342 321.179281 121.393384
6 15 14 0.112844 0.341943 0.545213 298.571365 151.779055
6 15 14 0.523060 0.209525 0.267415 315.384446 129.554470
6 15 14 0.370926 0.205076 0.423997 306.715687 133.745364
6 7 15 0.644204 0.169338 0.186458 334.741127 119.752909
6 7 15 0.735698 0.069265 0.195037 330.032960 115.630124
6 7 15 0.752809 0.005040 0.242151 328.620774 120.397012
6 7 15 0.362292 0.322620 0.315088 338.398030 122.600432
6 7 15 0.057549 0.644628 0.297823 353.376404 127.325857
6 7 15 0.867604 0.017767 0.114628 328.184416 116.456625
6 7 15 0.057913 0.002053 0.940033 326.642044 153.985085
6 7 15 0.538497 0.128707 0.332797 330.707667 125.568192
6 7 15 0.396823 0.061275 0.541902 330.790775 128.921643
6 7 15 0.448259 0.379209 0.172532 341.067824 117.949770
7 16 15 0.907102 0.074543 0.018355 367.391974 113.609593
7 16 15 0.159013 0.321366 0.519621 349.043782 147.612960
7 16 15 0.798248 0.191421 0.010331 369.037191 114.708146
7 16 15 0.105109 0.696199 0.198691 364.565236 147.957237
7 16 15 0.120287 0.308269 0.571444 345.453308 144.495089
7 16 15 0.625981 0.259599 0.114420 366.110528 124.615262
7 16 15 0.513603 0.092645 0.393753 350.767716 128.399710
7 16 15 0.981121 0.007486 0.011394 371.715287 111.670223
7 16 15 0.533485 0.402189 0.064326 370.580728 130.175057
7 16 15 0.526380 0.278930 0.194690 363.743477 127.448413
7 8 16 0.102332 0.479715 0.417954 390.797465 123.090489
7 8 16 0.697282 0.135053 0.167664 375.483753 116.344507
7 8 16 0.910581 0.073714 0.015705 370.772938 110.623339
7 8 16 0.716102 0.222173 0.061725 378.362043 111.820920
7 8 16 0.450707 0.530549 0.018744 388.046746 109.131834
7 8 16 0.544922 0.385770 0.069308 385.792388 110.084311
7 8 16 0.650496 0.179381 0.170123 377.941011 118.762286
7 8 16 0.608269 0.181837 0.209894 377.157208 118.004580
7 8 16 0.256331 0.588399 0.155270 392.691911 113.728268
7 8 16 0.946289 0.049752 0.003959 373.586856 110.713542
8 17 16 0.140722 0.124387 0.734891 382.166697 145.192297
8 17 16 0.448785 0.516323 0.034892 410.681154 132.168971
8 17 16 0.694737 0.292332 0.012931 410.138935 122.235352
8 17 16 0.245984 0.135103 0.618914 385.675083 136.322067
8 17 16 0.830547 0.075144 0.094309 404.260770 109.705590
8 17 16 0.711423 0.132728 0.155849 405.259275 118.048761
8 17 16 0.267237 0.322076 0.410687 393.484795 137.373080
8 17 16 0.932248 0.040014 0.027738 407.837308 109.504986
8 17 16 0.771564 0.055248 0.173189 403.004836 118.723072
8 17 16 0.144041 0.753932 0.102028 408.799235 144.746016
9 10 18 0.545416 0.170408 0.284176 92.240360 170.592478
9 10 18 0.225166 0.679455 0.095379 110.770608 163.870091
9 10 18 0.655413 0.090569 0.254018 88.174001 173.791871
9 10 18 0.785763 0.065567 0.148670 91.374381 167.354582
9 10 18 0.686253 0.226189 0.087557 92.356172 164.403018
9 10 18 0.165212 0.153888 0.680899 90.768506 188.371596
9 10 18 0.140638 0.412631 0.446731 102.513782 181.206739
9 10 18 0.965699 0.012214 0.022087 82.972714 159.256083
9 10 18 0.394516 0.365544 0.239940 102.138850 171.357130
9 10 18 0.679948 0.215683 0.104369 89.529164 164.609679
10 19 18 0.411688 0.079686 0.508627 104.046558 183.289981
10 19 18 0.952914 0.018379 0.028707 122.077229 160.569759
10 19 18 0.623924 0.043398 0.332678 110.681267 172.718873
10 19 18 0.446145 0.406104 0.147751 119.793404 181.392544
10 19 18 0.943327 0.048207 0.008466 125.045318 161.414911
10 19 18 0.774956 0.095715 0.129329 115.307992 167.764029
10 19 18 0.559492 0.166517 0.273992 114.217258 180.456980
10 19 18 0.246259 0.740750 0.012991 125.921869 191.910816
10 19 18 0.020929 0.834887 0.144184 119.834353 203.733038
10 19 18 0.077237 0.343416 0.579347 101.370985 199.852862
10 11 19 0.746036 0.250018 0.003946 130.649735 157.914808
10 11 19 0.139252 0.034181 0.826567 125.349360 195.117160
10 11 19 0.045019 0.783955 0.171026 155.464423 165.428254
10 11 19 0.134239 0.285924 0.579838 136.903617 184.597741
10 11 19 0.913200 0.026991 0.059810 121.734773 164.419365
10 11 19 0.525858 0.154333 0.319808 128.277435 168.949872
10 11 19 0.281931 0.287275 0.430795 135.090080 180.543401
10 11 19 0.995759 0.000846 0.003395 123.475774 161.008465
10 11 19 0.407610 0.127991 0.464400 129.725688 176.986929
10 11 19 0.977881 0.012512 0.009607 124.467946 155.693279
11 20 19 0.390207 0.095659 0.514134 143.937658 184.169768
11 20 19 0.039517 0.445699 0.514784 144.649097 202.150310
11 20 19 0.656922 0.045751 0.297327 146.008900 175.054120
11 20 19 0.406347 0.572144 0.021509 161.087447 179.944051
11 20 19 0.781083 0.012140 0.206777 155.247850 170.127051
11 20 19 0.937667 0.024972 0.037361 160.163535 162.942282
11 20 19 0.876633 0.100098 0.023269 160.394602 160.704648
11 20 19 0.706189 0.201104 0.092708 156.473043 172.240378
11 20 19 0.475238 0.165973 0.358789 150.031800 182.232507
11 20 19 0.823407 0.043956 0.132637 150.983575 163.861241
11 12 20 0.558696 0.203327 0.237977 173.052030 169.060639
11 12 20 0.804101 0.186364 0.009535 166.495825 158.605326
11 12 20 0.436897 0.080111 0.482992 167.774364 181.000914
11 12 20 0.222822 0.123639 0.653538 167.627976 184.224958
11 12 20 0.188745 0.310806 0.500449 174.961314 181.906080
11 12 20 0.464796 0.431243 0.103960 177.118305 158.893651
11 12 20 0.377153 0.058558 0.564289 162.716740 181.700292
11 12 20 0.761648 0.038121 0.200231 161.831935 165.066773
11 12 20 0.370854 0.247692 0.381453 170.057530 172.249165
11 12 20 0.542028 0.189016 0.268956 170.801960 170.952313
12 21 20 0.213198 0.511925 0.274877 195.424004 191.360516
12 21 20 0.652246 0.121587 0.226166 191.067224 173.591325
12 21 20 0.783703 0.054575 0.161722 198.292010 165.400620
12 21 20 0.980096 0.012812 0.007091 203.712829 154.223950
12 21 20 0.006175 0.728122 0.265703 189.816311 197.559002
12 21 20 0.638477 0.015757 0.345766 189.327226 175.369772
12 21 20 0.647162 0.198354 0.154484 195.978157 169.955808
12 21 20 0.878321 0.016692 0.104987 197.044378 163.826091
12 21 20 0.497110 0.337590 0.165300 197.597766 178.456002
12 21 20 0.110890 0.435297 0.453812 187.654108 197.362069
12 13 21 0.681527 0.235356 0.083117 210.273061 162.656811
12 13 21 0.820749 0.090417 0.088833 207.003721 157.357410
12 13 21 0.926587 0.067723 0.005690 206.687957 155.850388
12 13 21 0.492977 0.490673 0.016350 222.217327 158.898581
12 13 21 0.627484 0.201025 0.171491 207.945447 162.274266
12 13 21 0.892918 0.060971 0.046111 204.803071 158.220846
12 13 21 0.879268 0.042763 0.077969 203.824358 158.468945
12 13 21 0.538861 0.300698 0.160441 214.030720 160.635558
12 13 21 0.801113 0.051483 0.147405 203.063353 160.954663
12 13 21 0.219540 0.601822 0.178638 224.149487 163.369935
13 22 21 0.939170 0.008097 0.052732 240.236685 159.138643
13 22 21 0.887748 0.010389 0.101864 236.716817 160.123855
13 22 21 0.793311 0.042416 0.164273 234.145224 164.788081
13 22 21 0.770396 0.148296 0.081307 238.523046 165.156469
13 22 21 0.771663 0.211324 0.017012 239.560539 171.539983
13 22 21 0.641386 0.096918 0.261695 231.833154 172.019543
13 22 21 0.031206 0.824415 0.144379 239.828606 195.506873
13 22 21 0.964229 0.010195 0.025577 239.389198 156.564838
13 22 21 0.905704 0.044191 0.050105 239.824260 160.852753
13 22 21 0.079891 0.076115 0.843994 207.989326 195.871061
13 14 22 0.276553 0.456539 0.266908 260.224545 165.787338
13 14 22 0.955105 0.032635 0.012260 244.370557 154.562293
13 14 22 0.967943 0.018842 0.013215 242.806381 154.404255
13 14 22 0.691079 0.092600 0.216320 246.415234 166.665534
13 14 22 0.810070 0.187296 0.002635 247.105782 154.517364
13 14 22 0.003024 0.313280 0.683696 253.977145 180.867675
13 14 22 0.247996 0.148268 0.603735 244.380410 179.928579
13 14 22 0.240219 0.106285 0.653496 248.449260 181.579896
13 14 22 0.043890 0.228934 0.727176 250.782598 184.159787
13 14 22 0.385547 0.306472 0.307981 254.417539 172.219180
14 23 22 0.814243 0.011565 0.174192 280.851873 162.257893
14 23 22 0.798533 0.052090 0.149376 283.433358 161.693033
14 23 22 0.964688 0.004028 0.031285 283.674954 156.626574
14 23 22 0.107004 0.814002 0.078994 282.444513 192.876845
14 23 22 0.351391 0.111384 0.537225 263.721763 182.089468
14 23 22 0.353984 0.438364 0.207651 271.845783 179.645003
14 23 22 0.654043 0.144018 0.201939 276.800573 167.775277
14 23 22 0.051513 0.906650 0.041837 284.360343 194.414338
14 23 22 0.593972 0.023288 0.382740 265.975445 170.041393
14 23 22 0.892167 0.092502 0.015331 283.654607 155.763978
14 15 23 0.108148 0.007237 0.884615 287.895499 191.514498
14 15 23 0.385022 0.451909 0.163069 304.887265 168.054165
14 15 23 0.512436 0.011286 0.476278 284.770112 175.900665
14 15 23 0.653128 0.034343 0.312528 285.053820 166.166759
14 15 23 0.671772 0.274961 0.053267 296.317966 154.188212
14 15 23 0.474904 0.307402 0.217694 295.549758 164.050426
14 15 23 0.052098 0.685436 0.262466 314.202332 171.771336
14 15 23 0.553115 0.203560 0.243325 294.069108 161.914198
14 15 23 0.570154 0.327374 0.102472 299.300530 158.464975
14 15 23 0.776794 0.044362 0.178844 288.328537 163.103001
15 24 23 0.697976 0.142686 0.159338 322.920086 170.535537
15 24 23 0.852532 0.084816 0.062652 320.961183 161.513889
15 24 23 0.000001 0.113596 0.886403 291.476413 197.667680
15 24 23 0.763597 0.058746 0.177657 323.116649 165.392164
15 24 23 0.513222 0.078005 0.408773 309.455183 172.749696
15 24 23 0.180198 0.226306 0.593496 305.674724 186.907097
15 24 23 0.664792 0.208582 0.126626 320.200034 171.261720
15 24 23 0.782156 0.000681 0.217164 316.690342 164.350675
15 24 23 0.329187 0.473495 0.197318 320.931835 182.457305
15 24 23 0.895816 0.013912 0.090272 325.033785 156.447712
15 16 24 0.965807 0.029893 0.004300 326.967293 155.567107
15 16 24 0.981568 0.012280 0.006152 328.606204 158.908861
15 16 24 0.089781 0.038387 0.871832 324.061540 189.550634
15 16 24 0.468279 0.169635 0.362086 333.899932 171.163652
15 16 24 0.834577 0.014760 0.150663 328.528316 162.977754
15 16 24 0.788429 0.043038 0.168533 327.440045 159.656332
15 16 24 0.607775 0.320379 0.071846 340.129351 155.732809
15 16 24 0.721974 0.125891 0.152135 334.497613 161.475046
15 16 24 0.716013 0.238249 0.045739 334.728369 153.572226
15 16 24 0.588086 0.307994 0.103920 340.456798 157.505146
16 25 24 0.124771 0.641806 0.233423 358.412410 190.579538
16 25 24 0.683259 0.234232 0.082509 369.561054 164.273023
16 25 24 0.929144 0.070061 0.000795 369.596881 155.113728
16 25 24 0.385346 0.452297 0.162357 362.285059 180.183383
16 25 24 0.227922 0.003564 0.768515 333.979230 182.238557
16 25 24 0.050971 0.917710 0.031320 362.442641 189.786365
16 25 24 0.011808 0.477608 0.510584 347.318786 195.168120
16 25 24 0.919049 0.066777 0.014174 371.085204 153.743578
16 25 24 0.849696 0.007291 0.143013 366.501712 157.428826
16 25 24 0.125532 0.136208 0.738259 337.080303 184.795846
16 17 25 0.316796 0.289660 0.393544 378.175815 168.608081
16 17 25 0.640771 0.203774 0.155455 379.933273 155.620736
16 17 25 0.126431 0.372976 0.500593 383.859967 175.070330
16 17 25 0.509659 0.345482 0.144859 383.790077 160.590083
16 17 25 0.091645 0.082531 0.825823 369.436552 185.563071
16 17 25 0.657117 0.160769 0.182114 374.163729 158.237466
16 17 25 0.313141 0.658620 0.028238 394.781597 150.694236
16 17 25 0.570750 0.220934 0.208316 378.279684 160.000732
16 17 25 0.188770 0.233380 0.577850 382.344316 176.910227
16 17 25 0.213195 0.459915 0.326889 387.193272 166.838402
17 26 25 0.697292 0.265285 0.037423 410.074593 168.134689
17 26 25 0.850861 0.079116 0.070023 408.077124 160.484162
17 26 25 0.352453 0.394464 0.253082 395.852952 183.045909
17 26 25 0.802963 0.093181 0.103856 407.739046 157.921258
17 26 25 0.664167 0.251533 0.084300 406.831076 164.719276
17 26 25 0.401562 0.226624 0.371814 392.399001 175.940368
17 26 25 0.418743 0.356960 0.224298 405.395821 176.928747
17 26 25 0.172198 0.495960 0.331842 399.022144 189.830371
17 26 25 0.157657 0.145006 0.697337 378.852291 186.068161
17 26 25 0.492143 0.054449 0.453409 390.293147 170.534762
18 19 27 0.593466 0.230063 0.176471 98.208145 210.362301
18 19 27 0.767688 0.104028 0.128284 93.049053 210.097487
18 19 27 0.131610 0.820656 0.047735 120.161829 202.670954
18 19 27 0.358486 0.629281 0.012233 113.273113 203.986352
18 19 27 0.729127 0.077112 0.193762 92.937587 213.583809
18 19 27 0.725946 0.175438 0.098616 96.579682 206.193060
18 19 27 0.593598 0.384631 0.021770 100.996401 199.877678
18 19 27 0.420126 0.522842 0.057032 106.014454 202.633202
18 19 27 0.965916 0.011380 0.022704 88.854330 200.750062
18 19 27 0.582506 0.190440 0.227055 100.665336 207.734195
19 28 27 0.968567 0.014498 0.016935 123.906335 205.223129
19 28 27 0.826305 0.164558 0.009138 121.140121 204.854803
19 28 27 0.543336 0.128840 0.327824 115.494706 219.740976
19 28 27 0.131070 0.745807 0.123122 124.389781 236.352788
19 28 27 0.080202 0.857447 0.062351 131.993719 238.967841
19 28 27 0.665028 0.043711 0.291261 112.659121 215.746496
19 28 27 0.419401 0.567106 0.013493 128.016909 224.160782
19 28 27 0.026581 0.049912 0.923508 95.682389 238.923497
19 28 27 0.282064 0.474441 0.243495 119.072191 230.217893
19 28 27 0.478642 0.332982 0.188375 123.953743 222.758396
19 20 28 0.403562 0.246873 0.349565 136.215949 208.971582
19 20 28 0.044729 0.660292 0.294978 152.815826 212.761794
19 20 28 0.117095 0.525143 0.357762 147.436951 217.112974
19 20 28 0.943018 0.011288 0.045694 124.840331 207.903450
19 20 28 0.917402 0.058010 0.024588 130.517897 200.377893
19 20 28 0.615348 0.036532 0.348120 127.743764 214.456820
19 20 28 0.856180 0.010291 0.133529 124.680128 203.725806
19 20 28 0.245563 0.374852 0.379585 143.256402 217.241051
19 20 28 0.400560 0.108241 0.491199 132.699485 218.568794
19 20 28 0.340004 0.627019 0.032976 149.893102 202.814172
20 29 28 0.087703 0.764993 0.147304 164.864754 237.820994
20 29 28 0.735522 0.160903 0.103575 158.463469 213.968962
20 29 28 0.980396 0.011126 0.008478 165.707640 203.324784
20 29 28 0.382878 0.106868 0.510254 144.137167 226.330726
20 29 28 0.156814 0.191437 0.651749 144.989149 236.703034
20 29 28 0.761721 0.182905 0.055374 161.977657 211.196339
20 29 28 0.301611 0.184219 0.514170 146.442223 232.459862
20 29 28 0.781841 0.138990 0.079169 157.375027 208.086423
20 29 28 0.054488 0.796323 0.149189 163.953965 235.223518
20 29 28 0.497953 0.245142 0.256905 157.769177 223.381589
20 21 29 0.072308 0.876501 0.051191 197.453748 201.449811
20 21 29 0.425076 0.088980 0.485944 172.008904 219.884414
20 21 29 0.024707 0.745113 0.230181 192.716967 210.743191
20 21 29 0.616255 0.284296 0.099450 176.177029 204.483020
20 21 29 0.100033 0.449448 0.450519 183.058237 214.287137
20 21 29 0.996718 0.001434 0.001848 159.533808 206.384539
20 21 29 0.354752 0.594998 0.050250 183.183892 199.040419
20 21 29 0.462754 0.031528 0.505718 168.101528 222.505796
20 21 29 0.948858 0.001987 0.049155 164.684491 209.052179
20 21 29 0.030737 0.426707 0.542555 181.952376 223.337637
21 30 29 0.742476 0.157568 0.099957 199.071189 205.305264
21 30 29 0.705004 0.105222 0.189774 194.167464 212.168138
21 30 29 0.387033 0.115063 0.497904 184.373647 225.760867
21 30 29 0.949866 0.036404 0.013729 199.310198 200.479327
21 30 29 0.675112 0.192707 0.132180 195.671316 213.609675
21 30 29 0.773549 0.090455 0.135995 197.968378 208.293884
21 30 29 0.566238 0.022463 0.411299 184.164635 218.334417
21 30 29 0.036038 0.188274 0.775687 177.077551 236.229349
21 30 29 0.062719 0.931816 0.005464 204.932480 234.409788
21 30 29 0.668743 0.209024 0.122233 200.425121 214.378599
21 22 30 0.450004 0.245965 0.304031 215.332459 212.238866
21 22 30 0.773297 0.161108 0.065595 207.281262 203.994042
21 22 30 0.544320 0.003103 0.452578 201.001911 215.200341
21 22 30 0.770482 0.114332 0.115186 205.692548 200.753888
21 22 30 0.319566 0.622446 0.057988 229.351407 201.617482
21 22 30 0.300432 0.165698 0.533869 206.863172 221.703282
21 22 30 0.111651 0.391580 0.496770 222.195212 217.786777
21 22 30 0.562303 0.223509 0.214188 206.459539 207.244807
21 22 30 0.210950 0.137416 0.651634 207.256366 222.579121
21 22 30 0.150625 0.223350 0.626025 213.708662 228.140712
22 31 30 0.345128 0.448780 0.206093 233.567553 223.423753
22 31 30 0.253717 0.082294 0.663988 217.107725 227.384179
22 31 30 0.429345 0.329239 0.241415 234.072582 219.507074
22 31 30 0.232499 0.355227 0.412274 229.088781 226.879393
22 31 30 0.738560 0.126384 0.135056 235.750796 210.157719
22 31 30 0.944657 0.029260 0.026083 240.625529 200.089831
22 31 30 0.387523 0.207533 0.404944 231.688367 227.688347
22 31 30 0.993558 0.005867 0.000575 243.073767 199.183125
22 31 30 0.456148 0.139751 0.404102 226.701656 222.640680
22 31 30 0.056753 0.229093 0.714154 216.797271 239.097270
22 23 31 0.351212 0.571360 0.077428 270.254929 195.511428
22 23 31 0.001485 0.306896 0.691619 256.890830 224.909815
22 23 31 0.034014 0.118671 0.847315 247.121395 228.156792
22 23 31 0.488988 0.446566 0.064446 264.230807 198.438425
22 23 31 0.939125 0.002288 0.058587 245.144475 200.570967
22 23 31 0.579994 0.291910 0.128096 256.550432 203.872034
22 23 31 0.516411 0.237271 0.246318 250.876387 205.446650
22 23 31 0.853590 0.137509 0.008901 247.487031 196.223489
22 23 31 0.602082 0.102468 0.295449 248.824055 209.199439
22 23 31 0.534674 0.067563 0.397763 243.794375 213.582687
23 32 31 0.153300 0.156674 0.690027 253.830346 233.558862
23 32 31 0.225265 0.258636 0.516099 262.547287 225.817542
23 32 31 0.284004 0.328657 0.387339 267.200881 227.752361
23 32 31 0.268736 0.101138 0.630127 259.889409 226.864902
23 32 31 0.526809 0.214639 0.258553 271.790390 213.270332
23 32 31 0.447489 0.082844 0.469668 269.328436 220.839140
23 32 31 0.178180 0.815819 0.006001 284.735790 234.100782
23 32 31 0.747678 0.139410 0.112912 279.775971 208.234756
23 32 31 0.295228 0.307576 0.397196 266.874256 226.069430
23 32 31 0.867085 0.036110 0.096805 281.087099 202.979911
23 24 32 0.252936 0.626610 0.120454 310.071910 201.029668
23 24 32 0.843426 0.096811 0.059764 290.447396 200.770513
23 24 32 0.506190 0.439130 0.054680 303.804705 200.975659
23 24 32 0.479609 0.501816 0.018575 305.327552 198.314075
23 24 32 0.203985 0.321673 0.474342 294.022120 216.289098
23 24 32 0.421634 0.058865 0.519501 288.209110 219.615088
23 24 32 0.561135 0.060478 0.378387 289.561206 213.808442
23 24 32 0.824185 0.128908 0.046907 291.118697 197.817959
23 24 32 0.302658 0.267043 0.430299 290.628639 214.068929
23 24 32 0.394747 0.285014 0.320239 296.448658 213.062123
24 33 32 0.690728 0.176360 0.132912 318.299265 210.146936
24 33 32 0.266483 0.631031 0.102486 322.708782 222.919363
24 33 32 0.317372 0.510483 0.172145 314.806860 221.228651
24 33 32 0.414585 0.216464 0.368951 309.154610 219.449398
24 33 32 0.931202 0.017643 0.051154 328.450826 197.067747
24 33 32 0.983162 0.012500 0.004338 326.023618 195.256191
24 33 32 0.726531 0.048859 0.224610 319.370820 203.417903
24 33 32 0.696229 0.214117 0.089654 321.500314 210.273223
24 33 32 0.143133 0.161556 0.695311 294.879662 228.397254
24 33 32 0.132509 0.343987 0.523504 305.312354 230.792798
24 25 33 0.434386 0.303812 0.261802 337.370659 205.211173
24 25 33 0.510140 0.152155 0.337706 330.498806 207.473235
24 25 33 0.418346 0.432884 0.148770 343.803180 195.920442
24 25 33 0.389151 0.087970 0.522879 329.830712 216.892205
24 25 33 0.656414 0.211893 0.131693 334.180765 199.277374
24 25 33 0.435185 0.500959 0.063856 346.916410 203.199583
24 25 33 0.962733 0.017118 0.020149 324.879665 198.887089
24 25 33 0.580156 0.262439 0.157405 334.548323 200.473227
24 25 33 0.836139 0.030945 0.132917 329.533591 201.376286
24 25 33 0.842147 0.066295 0.091558 327.095533 200.775703
25 34 33 0.780006 0.199853 0.020141 367.048682 203.843104
25 34 33 0.784833 0.208311 0.006857 363.697968 205.487070
25 34 33 0.761461 0.086019 0.152521 359.038013 203.916016
25 34 33 0.096605 0.303691 0.599704 342.178410 233.867196
25 34 33 0.194831 0.353489 0.451680 348.718953 230.995112
25 34 33 0.131237 0.059965 0.808798 332.705953 230.990988
25 34 33 0.592966 0.104809 0.302225 354.252328 208.838000
25 34 33 0.446787 0.015520 0.537693 344.828842 217.302777
25 34 33 0.900083 0.002509 0.097409 359.924051 202.283775
25 34 33 0.166420 0.540059 0.293521 352.841189 231.787582
25 26 34 0.788820 0.165481 0.045699 370.352297 199.312696
25 26 34 0.270650 0.105393 0.623957 369.868920 217.138910
25 26 34 0.486251 0.390447 0.123302 385.603221 199.581351
25 26 34 0.852827 0.127099 0.020074 369.559153 196.001020
25 26 34 0.691808 0.145864 0.162328 376.955651 202.279504
25 26 34 0.680720 0.001981 0.317299 366.214429 206.136386
25 26 34 0.470597 0.515490 0.013914 393.349043 193.843898
25 26 34 0.717667 0.014544 0.267789 367.750226 208.084089
25 26 34 0.110955 0.569492 0.319553 392.576881 211.010974
25 26 34 0.737109 0.134944 0.127947 371.557225 198.965482
26 35 34 0.400778 0.441039 0.158182 407.633110 218.233092
26 35 34 0.530153 0.069212 0.400635 389.090030 212.182237
26 35 34 0.386588 0.249264 0.364148 395.221502 218.938254
26 35 34 0.264568 0.198185 0.537248 380.847259 225.096387
26 35 34 0.382829 0.113629 0.503542 389.940833 219.817578
26 35 34 0.800839 0.065569 0.133592 407.528407 202.551005
26 35 34 0.633326 0.224141 0.142533 403.509451 209.860277
26 35 34 0.006329 0.191373 0.802297 376.306441 232.515175
26 35 34 0.596274 0.385485 0.018241 410.985875 208.760044
26 35 34 0.287401 0.426347 0.286252 398.682845 219.200397
27 28 36 0.679314 0.060174 0.260513 98.218008 252.148266
27 28 36 0.698685 0.125584 0.175731 96.562840 249.845952
27 28 36 0.052980 0.018220 0.928800 97.250281 273.825558
27 28 36 0.218678 0.736774 0.044547 122.194379 243.205359
27 28 36 0.037891 0.446777 0.515331 112.215995 254.863441
27 28 36 0.246573 0.554943 0.198485 112.410398 248.907949
27 28 36 0.153180 0.542393 0.304427 113.092635 254.200473
27 28 36 0.397342 0.425459 0.177199 112.305354 247.692766
27 28 36 0.596832 0.169361 0.233807 103.197426 247.250420
27 28 36 0.977625 0.020722 0.001653 95.916462 236.481651
28 37 36 0.105385 0.429051 0.465565 122.183835 272.399914
28 37 36 0.097797 0.851524 0.050679 130.810428 274.293051
28 37 36 0.488678 0.128739 0.382583 118.734342 260.833269
28 37 36 0.470379 0.134434 0.395188 116.062469 261.758884
28 37 36 0.890544 0.072936 0.036519 131.785107 246.629249
28 37 36 0.415737 0.456209 0.128054 128.954944 262.163546
28 37 36 0.091041 0.119131 0.789829 106.136276 274.641808
28 37 36 0.336898 0.403591 0.259512 124.973677 265.975378
28 37 36 0.710285 0.086224 0.203491 121.938616 249.414674
28 37 36 0.608637 0.096709 0.294654 115.984497 256.528621
28 29 37 0.835406 0.066499 0.098095 131.014572 240.979994
28 29 37 0.749284 0.028600 0.222115 130.769394 249.659270
28 29 37 0.922771 0.030634 0.046595 131.647134 243.052660
28 29 37 0.347260 0.506433 0.146306 149.526070 245.733604
28 29 37 0.338498 0.126646 0.534856 138.643204 261.176469
28 29 37 0.003492 0.938247 0.058261 166.317216 241.008550
28 29 37 0.325868 0.023171 0.650961 136.267240 270.208255
28 29 37 0.217688 0.314820 0.467492 144.681106 259.682682
28 29 37 0.070975 0.010556 0.918469 137.140714 271.723128
28 29 37 0.669110 0.164238 0.166652 136.269958 249.797747
29 38 37 0.208865 0.466326 0.324809 154.372949 266.039742
29 38 37 0.403869 0.014498 0.581633 150.953057 258.128808
29 38 37 0.009853 0.293215 0.696932 143.434943 275.706321
29 38 37 0.055685 0.731042 0.213272 160.122755 273.572486
29 38 37 0.500815 0.171891 0.327294 157.319751 261.270349
29 38 37 0.408550 0.540661 0.050789 167.300849 261.147524
29 38 37 0.729255 0.033967 0.236777 161.107571 248.172395
29 38 37 0.701688 0.163550 0.134762 162.411376 248.422562
29 38 37 0.625956 0.115454 0.258590 157.952325 256.401661
29 38 37 0.193967 0.383459 0.422574 157.102250 268.663459
29 30 38 0.599960 0.170361 0.229679 178.163378 249.327150
29 30 38 0.525215 0.449303 0.025482 185.184356 240.402287
29 30 38 0.655033 0.234046 0.110921 176.918612 245.813652
29 30 38 0.370606 0.184947 0.444447 177.033236 257.232594
29 30 38 0.138041 0.000671 0.861288 172.352284 272.362520
29 30 38 0.233453 0.203647 0.562900 176.188119 261.088137
29 30 38 0.350393 0.093925 0.555682 173.104108 258.513654
29 30 38 0.302100 0.654777 0.043123 190.081957 240.875120
29 30 38 0.188772 0.192378 0.618850 174.694397 265.893768
29 30 38 0.952176 0.045721 0.002103 171.373863 241.946345
30 39 38 0.916559 0.020105 0.063336 202.796746 246.898784
30 39 38 0.772943 0.183285 0.043772 203.438201 245.754753
30 39 38 0.891539 0.005939 0.102522 201.255332 241.057059
30 39 38 0.732480 0.077308 0.190212 201.495038 247.719062
30 39 38 0.619378 0.170636 0.209987 196.333279 253.413291
30 39 38 0.168031 0.680489 0.151481 203.971226 271.473119
30 39 38 0.299450 0.475940 0.224610 199.543234 263.483107
30 39 38 0.196370 0.233491 0.570139 183.386380 270.894712
30 39 38 0.811738 0.095717 0.092545 203.770336 241.571178
30 39 38 0.412899 0.528964 0.058137 207.991974 263.128703
30 31 39 0.783968 0.012169 0.203863 201.954141 250.577779
30 31 39 0.372125 0.482682 0.145193 228.971020 244.134620
30 31 39 0.022839 0.850982 0.126179 236.312904 241.964181
30 31 39 0.733748 0.083058 0.183194 208.650215 245.946211
30 31 39 0.625096 0.107599 0.267305 206.068273 249.759338
30 31 39 0.951549 0.004297 0.044154 208.107530 241.808998
30 31 39 0.612400 0.081387 0.306213 209.445683 253.003933
30 31 39 0.007212 0.771319 0.221469 235.712603 246.346277
30 31 39 0.634689 0.350616 0.014695 217.077812 237.641422
30 31 39 0.670466 0.054875 0.274659 209.076470 248.967433
31 40 39 0.032329 0.072284 0.895387 213.090291 274.372111
31 40 39 0.301788 0.129575 0.568637 221.667086 268.016175
31 40 39 0.512808 0.250425 0.236768 235.534494 254.883316
31 40 39 0.024032 0.213769 0.762199 217.001812 275.078571
31 40 39 0.854000 0.082038 0.063962 239.341327 245.984168
31 40 39 0.994217 0.001003 0.004780 243.722753 240.667932
31 40 39 0.120854 0.530248 0.348898 228.089037 272.878850
31 40 39 0.019525 0.291791 0.688684 217.277548 274.389614
31 40 39 0.312321 0.371211 0.316468 235.153696 262.670245
31 40 39 0.902389 0.054565 0.043046 241.800139 244.588113
31 32 40 0.356289 0.496921 0.146790 262.131986 243.125911
31 32 40 0.951217 0.021372 0.027411 246.855592 242.636227
31 32 40 0.463627 0.051455 0.484918 245.942045 258.486817
31 32 40 0.557319 0.204927 0.237755 253.032262 248.459697
31 32 40 0.429132 0.238032 0.332837 250.107273 247.135206
31 32 40 0.526758 0.260365 0.212877 251.877278 249.489103
31 32 40 0.980370 0.014770 0.004860 242.386587 241.071684
31 32 40 0.542744 0.334850 0.122406 257.300826 243.431617
31 32 40 0.554754 0.184879 0.260367 249.944251 251.533977
31 32 40 0.669969 0.088985 0.241047 246.699504 248.033627
32 41 40 0.818448 0.085461 0.096091 280.936545 243.637364
32 41 40 0.497838 0.431505 0.070658 281.681519 257.592328
32 41 40 0.910509 0.053480 0.036011 280.601405 241.498983
32 41 40 0.106001 0.219533 0.674466 258.234111 275.508341
32 41 40 0.209139 0.319942 0.470919 270.041480 266.621177
32 41 40 0.477939 0.011782 0.510279 263.714136 256.026334
32 41 40 0.538184 0.246009 0.215808 278.555373 254.941250
32 41 40 0.553043 0.059419 0.387538 268.563979 255.065508
32 41 40 0.374744 0.482080 0.143176 281.858742 263.450211
32 41 40 0.218197 0.544429 0.237374 278.065876 267.558511
32 33 41 0.873337 0.107066 0.019597 289.550979 240.046847
32 33 41 0.578846 0.198911 0.222242 293.675652 244.498242
32 33 41 0.475552 0.483978 0.040470 300.079945 238.533169
32 33 41 0.566481 0.427889 0.005630 301.171019 236.600750
32 33 41 0.620092 0.193610 0.186298 294.201668 246.141100
32 33 41 0.741189 0.232762 0.026049 294.919135 238.591602
32 33 41 0.228535 0.641811 0.129654 310.051982 241.604985
32 33 41 0.307629 0.016713 0.675658 287.239435 261.501626
32 33 41 0.538688 0.269261 0.192051 295.347732 251.477777
32 33 41 0.811685 0.184653 0.003661 289.858194 238.197775
33 42 41 0.261982 0.497799 0.240219 315.286910 263.778676
33 42 41 0.308805 0.244061 0.447134 307.082434 266.546998
33 42 41 0.318779 0.548637 0.132584 316.122030 263.790905
33 42 41 0.619766 0.099776 0.280458 313.936318 249.002917
33 42 41 0.202036 0.015367 0.782596 296.658624 268.443612
33 42 41 0.471825 0.312406 0.215769 314.394057 258.288005
33 42 41 0.445064 0.037997 0.516939 305.447359 258.650564
33 42 41 0.922487 0.036294 0.041220 321.867672 238.460838
33 42 41 0.895399 0.082088 0.022513 325.816614 237.846168
33 42 41 0.068365 0.181656 0.749980 295.077568 272.343585
33 34 42 0.465465 0.501671 0.032865 343.796311 235.984976
33 34 42 0.400987 0.311704 0.287309 341.033268 245.628606
33 34 42 0.770787 0.225840 0.003373 336.490782 234.077840
33 34 42 0.696117 0.018033 0.285850 326.660747 248.426974
33 34 42 0.040105 0.357101 0.602795 337.213793 258.767233
33 34 42 0.859993 0.113238 0.026770 329.635181 234.281719
33 34 42 0.719981 0.250851 0.029168 333.252572 236.830830
33 34 42 0.860775 0.097611 0.041614 328.417148 234.239823
33 34 42 0.579548 0.164128 0.256323 330.929893 246.917081
33 34 42 0.251196 0.556141 0.192663 346.214974 244.284951
34 43 42 0.697023 0.091248 0.211728 356.406240 248.222023
34 43 42 0.341182 0.152061 0.506756 345.337822 265.233152
34 43 42 0.116282 0.816225 0.067493 361.722135 272.148408
34 43 42 0.780578 0.016013 0.203409 355.277000 243.691122
34 43 42 0.160038 0.680387 0.159575 359.006261 267.354773
34 43 42 0.550607 0.418492 0.030901 364.145283 255.638111
34 43 42 0.261522 0.597999 0.140479 362.339733 261.698074
34 43 42 0.357500 0.065048 0.577452 340.875277 263.684892
34 43 42 0.575080 0.002755 0.422165 349.289197 253.135095
34 43 42 0.668676 0.043320 0.288004 352.878357 247.326719
34 35 43 0.253806 0.013626 0.732567 367.884894 265.883188
34 35 43 0.017190 0.541216 0.441594 389.613928 249.754447
34 35 43 0.147602 0.135433 0.716965 369.292965 256.782052
34 35 43 0.929489 0.014508 0.056003 368.538448 236.785981
34 35 43 0.205756 0.761621 0.032623 395.577835 236.492525
34 35 43 0.523424 0.019718 0.456858 366.161030 258.290561
34 35 43 0.755292 0.034810 0.209898 369.859293 245.462776
34 35 43 0.868006 0.078261 0.053733 371.687502 235.559836
34 35 43 0.236736 0.631868 0.131395 392.141784 240.653450
34 35 43 0.017701 0.814372 0.167927 400.909995 239.819451
35 44 43 0.892304 0.031230 0.076466 404.292181 239.112104
35 44 43 0.769919 0.097732 0.132349 398.106884 242.455974
35 44 43 0.879392 0.041363 0.079245 403.089236 240.647210
35 44 43 0.901871 0.046024 0.052105 406.577454 239.807141
35 44 43 0.197151 0.656304 0.146545 399.038102 267.247163
35 44 43 0.171022 0.650461 0.178517 398.995451 269.509256
35 44 43 0.747134 0.243740 0.009127 409.267721 246.128158
35 44 43 0.416885 0.107979 0.475137 389.823066 261.232606
35 44 43 0.851966 0.109635 0.038400 405.494296 238.858794
35 44 43 0.576409 0.338665 0.084926 402.365427 250.928282
36 37 45 0.564135 0.332114 0.103751 110.080553 279.779700
36 37 45 0.964232 0.016629 0.019139 96.912078 280.149950
36 37 45 0.740043 0.218230 0.041727 112.806867 280.486539
36 37 45 0.630180 0.096747 0.273073 101.243459 289.042372
36 37 45 0.340038 0.589847 0.070115 120.916605 278.235815
36 37 45 0.379031 0.081597 0.539372 102.109175 297.980936
36 37 45 0.600220 0.286908 0.112872 105.691057 284.521487
36 37 45 0.407060 0.205439 0.387501 106.925416 292.564166
36 37 45 0.435932 0.269865 0.294203 108.292272 285.443799
36 37 45 0.030307 0.733557 0.236136 129.566762 287.045139
37 46 45 0.800808 0.167513 0.031679 134.109005 283.506467
37 46 45 0.162111 0.106089 0.731800 112.810471 303.733399
37 46 45 0.778657 0.034374 0.186969 127.244741 282.862413
37 46 45 0.680765 0.100507 0.218729 125.958819 286.159420
37 46 45 0.569798 0.253741 0.176461 128.950694 291.225967
37 46 45 0.870858 0.097984 0.031158 134.425917 281.366180
37 46 45 0.049445 0.885935 0.064620 135.389533 312.745581
37 46 45 0.814064 0.171564 0.014372 135.559965 282.177520
37 46 45 0.959311 0.021523 0.019166 133.707766 276.454272
37 46 45 0.412883 0.471951 0.115165 127.086352 297.121500
37 38 46 0.531130 0.436315 0.032555 150.697320 277.853674
37 38 46 0.210460 0.303364 0.486176 148.657991 296.733031
37 38 46 0.699502 0.214671 0.085827 145.013191 281.582867
37 38 46 0.613144 0.021845 0.365011 137.376968 287.994270
37 38 46 0.359394 0.357353 0.283252 149.917936 286.952666
37 38 46 0.200542 0.508706 0.290752 152.363572 284.212533
37 38 46 0.547500 0.446972 0.005528 151.599857 278.256034
37 38 46 0.600675 0.284335 0.114991 149.235628 282.966463
37 38 46 0.621881 0.113443 0.264676 137.501341 283.777472
37 38 46 0.504497 0.290614 0.204890 145.410074 284.420839
38 47 46 0.861934 0.103575 0.034491 169.337769 282.857000
38 47 46 0.307868 0.495472 0.196660 164.489440 301.908965
38 47 46 0.580689 0.328751 0.090560 166.882528 290.819898
38 47 46 0.795679 0.147405 0.056916 167.812892 287.315846
38 47 46 0.216566 0.064820 0.718614 148.524648 302.636515
38 47 46 0.489390 0.129596 0.381014 158.637020 296.282729
38 47 46 0.717982 0.007750 0.274267 160.571545 286.155231
38 47 46 0.367157 0.355911 0.276931 164.888634 300.393383
38 47 46 0.315113 0.235794 0.449093 154.892207 299.751070
38 47 46 0.900449 0.055752 0.043799 173.170533 277.104360
38 39 47 0.157063 0.235448 0.607489 182.248344 301.456979
38 39 47 0.805389 0.183753 0.010857 173.300406 277.852877
38 39 47 0.309737 0.102733 0.587530 175.374511 299.297156
38 39 47 0.325318 0.598844 0.075838 194.357222 276.777834
38 39 47 0.430763 0.496572 0.072665 189.667336 280.386530
38 39 47 0.788820 0.142124 0.069056 176.737250 282.598660
38 39 47 0.956487 0.024087 0.019426 171.737463 277.971792
38 39 47 0.160689 0.430501 0.408811 184.649904 292.987633
38 39 47 0.481114 0.459068 0.059818 190.699388 279.822620
38 39 47 0.735927 0.064609 0.199465 173.467607 282.719293
39 48 47 0.407356 0.387031 0.205613 204.766220 301.083090
39 48 47 0.391152 0.448325 0.160523 202.366877 299.166930
39 48 47 0.394804 0.373262 0.231935 201.145665 300.423518
39 48 47 0.339885 0.249111 0.411003 198.118979 302.080154
39 48 47 0.739101 0.157913 0.102986 205.638784 283.069437
39 48 47 0.370474 0.586917 0.042608 206.425658 297.605382
39 48 47 0.285353 0.060068 0.654579 187.979943 301.345980
39 48 47 0.254762 0.065978 0.679261 180.040157 302.438030
39 48 47 0.465448 0.384790 0.149762 200.982805 295.336790
39 48 47 0.380652 0.379405 0.239943 199.645759 298.323337
39 40 48 0.495787 0.438795 0.065418 222.890105 276.409360
39 40 48 0.992731 0.002315 0.004954 207.073634 280.399812
39 40 48 0.754506 0.031350 0.214144 211.541431 283.020782
39 40 48 0.139825 0.566869 0.293306 229.823477 290.152884
39 40 48 0.709372 0.154920 0.135707 216.786185 279.618020
39 40 48 0.564544 0.221944 0.213512 217.813410 284.965906
39 40 48 0.780493 0.183060 0.036447 214.308664 273.634267
39 40 48 0.158180 0.338468 0.503352 223.794256 293.200563
39 40 48 0.942572 0.050411 0.007017 211.247149 272.788675
39 40 48 0.934513 0.028213 0.037274 206.620448 279.638365
40 49 48 0.879304 0.052784 0.067913 238.183644 283.114492
40 49 48 0.894721 0.006919 0.098360 236.843360 282.272760
40 49 48 0.533661 0.056436 0.409904 230.451232 295.858244
40 49 48 0.333172 0.004875 0.661953 222.842679 298.870136
40 49 48 0.832437 0.024858 0.142705 234.643068 285.186974
40 49 48 0.481665 0.326121 0.192215 242.610568 297.258725
40 49 48 0.906091 0.003368 0.090541 244.088738 278.537686
40 49 48 0.172228 0.182292 0.645480 224.387697 300.684059
40 49 48 0.528255 0.124148 0.347596 232.387276 290.765237
40 49 48 0.731868 0.087886 0.180246 236.878622 286.751371
40 41 49 0.336305 0.397214 0.266481 258.840009 288.835479
40 41 49 0.545814 0.053926 0.400259 249.527339 291.727117
40 41 49 0.650107 0.172731 0.177162 252.132576 282.305752
40 41 49 0.629089 0.156670 0.214241 249.769457 283.778084
40 41 49 0.740503 0.098370 0.161127 247.296082 283.837310
40 41 49 0.793827 0.186343 0.019830 251.923169 279.274949
40 41 49 0.148833 0.563269 0.287898 270.300294 288.568363
40 41 49 0.839816 0.032417 0.127767 244.203515 279.325744
40 41 49 0.919661 0.019265 0.061074 244.533132 280.344030
40 41 49 0.025790 0.597295 0.376915 273.238632 286.608687
41 50 49 0.990204 0.003848 0.005948 284.007611 276.670339
41 50 49 0.742869 0.008154 0.248976 274.650446 286.608648
41 50 49 0.556247 0.408115 0.035638 282.929513 289.521595
41 50 49 0.436732 0.492811 0.070457 285.208253 295.997487
41 50 49 0.940531 0.021779 0.037690 284.988014 283.229448
41 50 49 0.898611 0.069335 0.032054 283.971432 281.066141
41 50 49 0.099377 0.480240 0.420384 270.194723 309.024881
41 50 49 0.162157 0.340974 0.496869 265.138121 309.476172
41 50 49 0.843445 0.135185 0.021370 281.949247 278.917017
41 50 49 0.947287 0.046219 0.006495 282.456212 274.526517
41 42 50 0.002344 0.421170 0.576486 302.480817 299.497475
41 42 50 0.886766 0.032019 0.081216 287.837597 277.867786
41 42 50 0.831947 0.120637 0.047416 291.565559 277.098706
41 42 50 0.453606 0.339766 0.206628 299.139313 281.540464
41 42 50 0.200848 0.285022 0.514131 300.681080 293.971148
41 42 50 0.264144 0.728886 0.006971 316.052600 272.553432
41 42 50 0.343361 0.418095 0.238544 302.639868 284.974618
41 42 50 0.995309 0.002697 0.001994 286.422758 275.333555
41 42 50 0.635906 0.304301 0.059793 298.455140 279.080140
41 42 50 0.863755 0.083338 0.052907 287.145057 279.451536
42 51 50 0.613467 0.090854 0.295679 315.033328 289.326183
42 51 50 0.761716 0.054247 0.184037 316.225759 282.173846
42 51 50 0.256524 0.265606 0.477870 307.676322 304.732717
42 51 50 0.216968 0.749523 0.033509 322.059353 307.609531
42 51 50 0.405759 0.429765 0.164475 318.781349 298.534315
42 51 50 0.064248 0.834029 0.101722 317.082548 309.139364
42 51 50 0.049010 0.900951 0.050040 323.090002 311.843966
42 51 50 0.072123 0.007336 0.920542 292.800523 309.066800
42 51 50 0.087564 0.765528 0.146908 317.311117 310.128250
42 51 50 0.408515 0.152045 0.439440 308.619602 294.492194
42 43 51 0.295355 0.064052 0.640593 322.704737 301.503015
42 43 51 0.384533 0.277662 0.337805 339.020931 290.091636
42 43 51 0.478911 0.085057 0.436032 331.058113 290.475557
42 43 51 0.440182 0.186525 0.373293 329.642274 288.273331
42 43 51 0.765495 0.233396 0.001109 331.050097 274.898247
42 43 51 0.271977 0.067380 0.660643 325.111283 296.756524
42 43 51 0.002000 0.619342 0.378658 350.859139 286.362870
42 43 51 0.840199 0.006019 0.153782 325.650845 282.933130
42 43 51 0.687477 0.019506 0.293016 324.237057 283.429147
42 43 51 0.491423 0.132399 0.376178 327.000092 289.111591
43 52 51 0.349663 0.517459 0.132878 360.214559 300.666678
43 52 51 0.363705 0.016369 0.619927 338.474105 298.831888
43 52 51 0.111706 0.414550 0.473744 344.463592 308.382095
43 52 51 0.021305 0.663951 0.314744 352.182232 311.625382
43 52 51 0.685734 0.165879 0.148387 359.918857 288.279332
43 52 51 0.010878 0.648664 0.340458 350.578095 311.497353
43 52 51 0.111416 0.699364 0.189220 354.804897 306.737027
43 52 51 0.694129 0.031195 0.274676 351.164709 286.021097
43 52 51 0.208501 0.093806 0.697693 333.036087 301.521105
43 52 51 0.753186 0.244275 0.002540 366.848157 286.020975
43 44 52 0.534470 0.071865 0.393665 367.249981 292.671746
43 44 52 0.930254 0.027538 0.042208 368.564594 276.453732
43 44 52 0.088102 0.184351 0.727546 365.938547 304.072461
43 44 52 0.941448 0.055158 0.003394 369.729056 277.687528
43 44 52 0.320939 0.656399 0.022662 390.621265 274.211609
43 44 52 0.655547 0.280648 0.063805 377.679578 275.242428
43 44 52 0.135910 0.162152 0.701938 366.386317 302.108215
43 44 52 0.333622 0.428478 0.237899 384.571871 282.572837
43 44 52 0.403732 0.087727 0.508541 367.031099 297.081212
43 44 52 0.576689 0.258071 0.165240 379.510044 278.583097
44 53 52 0.975343 0.022327 0.002330 409.981939 275.787990
44 53 52 0.900685 0.044895 0.054420 408.334422 281.583122
44 53 52 0.083774 0.387258 0.528968 383.815385 309.639752
44 53 52 0.762791 0.055434 0.181775 398.353342 283.835908
44 53 52 0.099153 0.200805 0.700042 378.854857 309.810375
44 53 52 0.364710 0.498151 0.137139 404.469524 299.133716
44 53 52 0.991818 0.002084 0.006098 406.163842 274.613586
44 53 52 0.647477 0.034483 0.318040 392.647749 286.135872
44 53 52 0.482643 0.163434 0.353923 390.513988 292.868348
44 53 52 0.030461 0.027693 0.941846 363.885437 311.157161
45 46 54 0.519173 0.284283 0.196544 117.135070 318.573902
45 46 54 0.302090 0.247771 0.450138 111.300780 332.100027
45 46 54 0.447808 0.446761 0.105431 121.492910 317.617136
45 46 54 0.489320 0.220589 0.290091 111.689009 319.336115
45 46 54 0.365843 0.390065 0.244092 118.307357 318.302317
45 46 54 0.938037 0.047787 0.014177 102.280619 308.748583
45 46 54 0.579836 0.135967 0.284197 111.936951 321.022256
45 46 54 0.144976 0.116757 0.738267 110.920566 337.698979
45 46 54 0.133570 0.276394 0.590036 117.692473 333.339159
45 46 54 0.862096 0.116174 0.021730 104.484679 312.589944
46 55 54 0.102590 0.661799 0.235611 131.456254 339.433518
46 55 54 0.313331 0.490267 0.196402 130.243026 333.700007
46 55 54 0.393749 0.250951 0.355300 121.667748 332.797578
46 55 54 0.200418 0.101311 0.698270 113.308630 339.922696
46 55 54 0.219319 0.737687 0.042994 137.669122 334.877006
46 55 54 0.350366 0.186746 0.462888 120.984013 337.707823
46 55 54 0.404553 0.218798 0.376649 128.006816 330.918980
46 55 54 0.208059 0.099580 0.692360 116.925479 343.680346
46 55 54 0.623248 0.266264 0.110488 134.732956 322.546969
46 55 54 0.365813 0.601877 0.032310 138.470188 334.855498
46 47 55 0.821298 0.128082 0.050620 140.157758 311.959504
46 47 55 0.141962 0.194777 0.663261 147.414344 336.382886
46 47 55 0.982256 0.011609 0.006135 135.967531 309.413602
46 47 55 0.495357 0.012878 0.491765 142.304524 324.413569
46 47 55 0.225197 0.244669 0.530134 148.734699 328.878485
46 47 55 0.667156 0.111607 0.221237 146.143193 320.409296
46 47 55 0.992506 0.004117 0.003377 140.154300 309.973363
46 47 55 0.934849 0.000905 0.064246 137.517348 315.010319
46 47 55 0.976387 0.005659 0.017954 137.466815 311.064415
46 47 55 0.058334 0.654117 0.287550 161.645705 321.816749
47 56 55 0.601340 0.027856 0.370804 163.964965 324.046781
47 56 55 0.684726 0.190619 0.124655 171.247120 321.369634
47 56 55 0.777178 0.068925 0.153897 170.356333 324.238435
47 56 55 0.267097 0.101937 0.630965 150.828171 337.141632
47 56 55 0.160560 0.027654 0.811786 148.493166 341.943924
47 56 55 0.791449 0.113695 0.094856 169.989018 320.401836
47 56 55 0.477984 0.305156 0.216860 166.892879 328.613902
47 56 55 0.738571 0.116000 0.145429 168.945078 321.673091
47 56 55 0.696620 0.178081 0.125299 172.179970 320.968972
47 56 55 0.113169 0.808101 0.078730 174.683557 342.126420
47 48 56 0.916720 0.009749 0.073531 175.718397 313.927448
47 48 56 0.654213 0.329090 0.016697 182.613672 314.522730
47 48 56 0.053606 0.532456 0.413938 190.032704 324.142579
47 48 56 0.520459 0.338670 0.140871 185.540054 312.269665
47 48 56 0.454584 0.021005 0.524411 176.374681 329.978826
47 48 56 0.854741 0.077064 0.068195 177.895528 315.968486
47 48 56 0.406381 0.480573 0.113046 192.061159 316.809645
47 48 56 0.791438 0.166690 0.041872 182.202539 311.638434
47 48 56 0.008662 0.641288 0.350050 200.042634 326.792310
47 48 56 0.137255 0.186255 0.676490 181.735485 332.728088
48 57 56 0.605918 0.337068 0.057014 210.401279 323.734677
48 57 56 0.185711 0.111287 0.703002 187.080802 340.609265
48 57 56 0.901498 0.082615 0.015886 206.605548 316.706432
48 57 56 0.043201 0.547879 0.408920 200.166246 342.327106
48 57 56 0.532877 0.002564 0.464559 192.968598 327.232437
48 57 56 0.325901 0.162313 0.511786 196.099395 337.343240
48 57 56 0.074012 0.881534 0.044454 212.230862 343.546718
48 57 56 0.507573 0.472885 0.019542 209.516782 329.664986
48 57 56 0.765637 0.002706 0.231658 205.058974 321.812121
48 57 56 0.140829 0.526808 0.332363 200.093152 340.835167
48 49 57 0.368243 0.210562 0.421196 225.060315 327.947835
48 49 57 0.678227 0.057561 0.264211 211.666952 321.154592
48 49 57 0.488246 0.143600 0.368154 215.069827 327.659027
48 49 57 0.351215 0.462996 0.185789 225.586907 319.822202
48 49 57 0.209283 0.787711 0.003006 238.509518 309.303904
48 49 57 0.013831 0.642280 0.343889 233.834778 322.479793
48 49 57 0.598832 0.101095 0.300073 215.860947 321.127803
48 49 57 0.777765 0.037374 0.184862 212.086234 315.886866
48 49 57 0.404391 0.001695 0.593914 209.667371 331.964823
48 49 57 0.155646 0.612651 0.231702 236.833972 315.667747
49 58 57 0.723227 0.045920 0.230854 235.970112 320.602264
49 58 57 0.154649 0.363356 0.481994 233.307170 339.276714
49 58 57 0.829646 0.007869 0.162485 238.393442 317.683332
49 58 57 0.449813 0.317790 0.232397 236.641205 329.641651
49 58 57 0.826055 0.036189 0.137756 243.210176 318.944119
49 58 57 0.106232 0.696990 0.196779 241.337683 339.372869
49 58 57 0.085593 0.513223 0.401184 232.280477 338.065113
49 58 57 0.247139 0.153483 0.599377 227.671372 334.772467
49 58 57 0.817811 0.007566 0.174623 238.478317 318.479348
49 58 57 0.262858 0.252368 0.484774 231.451732 337.301555
49 50 58 0.936418 0.015004 0.048578 248.381089 314.868499
49 50 58 0.863843 0.060850 0.075306 249.040776 312.935101
49 50 58 0.068390 0.809096 0.122515 278.459458 316.705396
49 50 58 0.303554 0.438601 0.257845 265.571675 318.099193
49 50 58 0.858999 0.093057 0.047944 253.785131 306.833953
49 50 58 0.003958 0.632373 0.363669 271.522706 326.256731
49 50 58 0.539385 0.301798 0.158817 257.188702 319.642123
49 50 58 0.978475 0.008039 0.013487 245.230052 315.121879
49 50 58 0.854227 0.068822 0.076951 250.227089 311.380490
49 50 58 0.644406 0.350138 0.005456 261.625709 311.605225
50 59 58 0.831727 0.119435 0.048838 284.752049 318.631751
50 59 58 0.604477 0.391846 0.003677 284.447552 325.636717
50 59 58 0.789875 0.159449 0.050675 284.295176 317.986922
50 59 58 0.995516 0.002409 0.002075 286.741488 313.581921
50 59 58 0.742946 0.188727 0.068327 282.423342 322.162228
50 59 58 0.427436 0.197299 0.375265 273.529698 332.055013
50 59 58 0.329919 0.138490 0.531591 268.006976 333.796399
50 59 58 0.192004 0.069721 0.738275 258.424449 338.866762
50 59 58 0.641463 0.351041 0.007497 285.905052 325.172200
50 59 58 0.071421 0.191532 0.737047 256.978603 340.136789
50 51 59 0.621643 0.295993 0.082364 295.517689 314.802166
50 51 59 0.084752 0.265728 0.649520 295.803782 334.133583
50 51 59 0.952010 0.012132 0.035858 285.237329 314.750996
50 51 59 0.882706 0.018193 0.099101 284.495543 313.048650
50 51 59 0.170488 0.631247 0.198265 309.869841 318.285368
50 51 59 0.409462 0.342279 0.248260 300.782739 322.801184
50 51 59 0.106352 0.096261 0.797387 285.122941 337.156914
50 51 59 0.492788 0.275538 0.231674 297.040599 320.827292
50 51 59 0.342692 0.445087 0.212220 305.275831 316.361149
50 51 59 0.233001 0.494248 0.272751 305.641185 325.141337
51 60 59 0.007855 0.714093 0.278052 315.319161 345.753539
51 60 59 0.278629 0.633786 0.087585 318.674526 338.036286
51 60 59 0.374634 0.331014 0.294352 315.135323 331.478528
51 60 59 0.170450 0.008658 0.820892 295.560612 336.793601
51 60 59 0.529812 0.285590 0.184598 316.510365 329.563657
51 60 59 0.670773 0.303504 0.025723 322.914956 325.506274
51 60 59 0.980775 0.010843 0.008382 325.382421 310.682314
51 60 59 0.113943 0.880956 0.005101 325.710240 343.726703
51 60 59 0.861943 0.116710 0.021346 324.489838 317.150186
51 60 59 0.851282 0.112883 0.035834 323.237341 315.149441
51 52 60 0.598766 0.334367 0.066867 338.987287 317.657462
51 52 60 0.896416 0.094511 0.009073 329.254055 312.664878
51 52 60 0.527297 0.407657 0.065046 342.292840 318.917730
51 52 60 0.336930 0.442432 0.220638 338.407852 318.859789
51 52 60 0.014533 0.489456 0.496011 341.255113 329.825682
51 52 60 0.764130 0.113592 0.122278 328.255278 317.414145
51 52 60 0.844835 0.074712 0.080453 324.886480 314.941889
51 52 60 0.759867 0.014059 0.226074 326.174795 318.921353
51 52 60 0.799566 0.141546 0.058888 330.141582 315.231075
51 52 60 0.356289 0.035521 0.608190 322.359027 332.090662
52 61 60 0.064851 0.198589 0.736560 331.940689 348.915690
52 61 60 0.041616 0.509025 0.449359 345.677353 347.127981
52 61 60 0.648840 0.294096 0.057064 358.651460 326.394135
52 61 60 0.080306 0.894616 0.025078 360.935565 344.355640
52 61 60 0.142103 0.579776 0.278122 347.902474 342.055198
52 61 60 0.966071 0.015560 0.018369 362.462473 313.022774
52 61 60 0.445258 0.435510 0.119232 359.085201 333.253636
52 61 60 0.456297 0.406901 0.136803 354.616368 333.929506
52 61 60 0.863929 0.012499 0.123572 360.435101 318.161019
52 61 60 0.658285 0.005482 0.336233 348.331942 325.123430
52 53 61 0.741289 0.199428 0.059283 372.375304 314.649782
52 53 61 0.500932 0.403997 0.095071 381.142024 315.701061
52 53 61 0.433560 0.360487 0.205952 378.314809 322.198110
52 53 61 0.497004 0.348640 0.154357 379.326287 317.530164
52 53 61 0.351756 0.013052 0.635192 363.091152 339.521774
52 53 61 0.806508 0.042483 0.151010 363.712016 318.605724
52 53 61 0.017609 0.781084 0.201306 393.240580 324.280211
52 53 61 0.232307 0.454907 0.312786 378.547087 324.836342
52 53 61 0.567238 0.326705 0.106057 376.011190 321.124664
52 53 61 0.594056 0.179145 0.226799 366.774022 317.646268
53 62 61 0.387802 0.530686 0.081512 401.144703 336.883436
53 62 61 0.528980 0.425478 0.045542 402.079500 331.095997
53 62 61 0.802390 0.065768 0.131842 397.646149 321.093475
53 62 61 0.093534 0.818429 0.088037 398.451186 350.809531
53 62 61 0.610147 0.081766 0.308086 391.775367 329.948003
53 62 61 0.137999 0.494083 0.367918 387.731588 341.058100
53 62 61 0.782201 0.080772 0.137027 396.642212 316.133594
53 62 61 0.066857 0.175026 0.758117 371.455507 345.987710
53 62 61 0.983853 0.011639 0.004507 405.935645 315.051260
53 62 61 0.624750 0.373946 0.001304 401.076245 327.195293
54 55 63 0.964323 0.000028 0.035650 106.853122 348.488928
54 55 63 0.563726 0.149287 0.286988 111.127737 357.407748
54 55 63 0.197711 0.306656 0.495633 115.152966 361.293767
54 55 63 0.969128 0.017302 0.013570 111.437010 344.525646
54 55 63 0.292487 0.371164 0.336349 118.441137 357.563455
54 55 63 0.366969 0.553750 0.079281 127.270746 347.632011
54 55 63 0.281926 0.536753 0.181321 126.202119 356.080935
54 55 63 0.614404 0.376101 0.009495 118.617863 345.057267
54 55 63 0.804496 0.046691 0.148812 108.615708 348.701145
54 55 63 0.723452 0.202115 0.074434 112.383947 349.871532
55 64 63 0.092479 0.575597 0.331923 133.229083 378.140808
55 64 63 0.238653 0.624500 0.136847 136.273464 371.205874
55 64 63 0.954997 0.034373 0.010630 141.357528 348.499271
55 64 63 0.171237 0.123209 0.705555 120.433380 374.954135
55 64 63 0.598619 0.139965 0.261417 132.135456 359.803397
55 64 63 0.279716 0.523334 0.196951 135.766293 370.455241
55 64 63 0.586037 0.318531 0.095432 139.680410 361.902286
55 64 63 0.938344 0.056800 0.004857 138.741317 348.286801
55 64 63 0.502127 0.264384 0.233489 136.641830 364.990404
55 64 63 0.265592 0.709156 0.025252 142.488617 373.722548
55 56 64 0.075634 0.863962 0.060404 175.105117 348.262052
55 56 64 0.809119 0.179748 0.011132 149.697367 344.251738
55 56 64 0.740095 0.044930 0.214975 143.762628 352.278427
55 56 64 0.569171 0.171198 0.259631 148.954039 355.145220
55 56 64 0.283233 0.264464 0.452304 152.678729 358.729196
55 56 64 0.877412 0.028492 0.094096 144.981796 353.300538
55 56 64 0.235534 0.298780 0.465686 154.890427 363.896989
55 56 64 0.393812 0.368092 0.238095 158.495659 353.108121
55 56 64 0.100956 0.874561 0.024483 172.271360 349.701835
55 56 64 0.249864 0.560813 0.189323 162.987771 351.448878
56 65 64 0.477540 0.399642 0.122818 176.802568 366.617040
56 65 64 0.141944 0.130155 0.727901 151.152885 373.949118
56 65 64 0.985921 0.007873 0.006206 176.901667 341.989739
56 65 64 0.636735 0.127131 0.236134 169.273110 359.557366
56 65 64 0.526836 0.016961 0.456204 161.831902 361.985358
56 65 64 0.734146 0.056265 0.209589 175.011220 356.341124
56 65 64 0.165672 0.485961 0.348367 167.768093 372.508087
56 65 64 0.939058 0.056921 0.004020 179.530356 348.671168
56 65 64 0.494647 0.082060 0.423293 167.013891 363.232988
56 65 64 0.326806 0.194996 0.478198 163.251435 366.958108
56 57 65 0.493217 0.338375 0.168408 194.375655 350.961206
56 57 65 0.014367 0.021808 0.963824 183.011372 378.789090
56 57 65 0.260254 0.676237 0.063509 200.991683 346.982974
56 57 65 0.877966 0.092577 0.029457 181.238145 349.120467
56 57 65 0.618234 0.040209 0.341557 181.533441 355.877958
56 57 65 0.257216 0.668380 0.074404 203.040153 351.365790
56 57 65 0.378078 0.542090 0.079832 199.168648 347.707770
56 57 65 0.519522 0.212703 0.267775 184.177546 356.230685
56 57 65 0.354998 0.119078 0.525924 182.895139 363.199889
56 57 65 0.773805 0.092223 0.133972 178.970592 352.721943
57 66 65 0.752769 0.071983 0.175248 209.198530 351.441498
57 66 65 0.372197 0.177714 0.450089 198.431765 365.894568
57 66 65 0.260014 0.640254 0.099732 205.059892 368.843789
57 66 65 0.238601 0.159011 0.602388 195.474818 369.070207
57 66 65 0.984487 0.001407 0.014106 211.129627 348.604037
57 66 65 0.779903 0.125351 0.094746 208.957360 354.285433
57 66 65 0.922654 0.035779 0.041566 212.236202 349.997188
57 66 65 0.520791 0.255417 0.223791 208.652524 360.437202
57 66 65 0.139777 0.186283 0.673940 188.080250 375.603013
57 66 65 0.532140 0.398172 0.069688 210.300585 361.195268
57 58 66 0.623759 0.325550 0.050691 221.000079 348.500498
57 58 66 0.487830 0.384765 0.127405 225.960906 350.230495
57 58 66 0.709433 0.176317 0.114250 222.116398 350.597101
57 58 66 0.195232 0.146403 0.658365 219.848080 370.234726
57 58 66 0.718064 0.204248 0.077688 222.039847 347.179210
57 58 66 0.136631 0.353621 0.509748 226.098228 363.242813
57 58 66 0.348022 0.299946 0.352032 225.901498 358.580419
57 58 66 0.180720 0.777519 0.041761 244.380885 347.513388
57 58 66 0.560629 0.367097 0.072273 226.448870 345.221323
57 58 66 0.337028 0.256702 0.406269 223.339957 362.561737
58 67 66 0.434619 0.076731 0.488649 233.327754 367.627283
58 67 66 0.432963 0.108659 0.458378 232.152674 363.693496
58 67 66 0.075613 0.855688 0.068699 249.436515 379.234286
58 67 66 0.695721 0.211768 0.092512 245.366397 353.982868
58 67 66 0.021064 0.320100 0.658837 225.784962 375.240007
58 67 66 0.571535 0.259774 0.168691 246.079219 361.847493
58 67 66 0.851268 0.114870 0.033862 248.553478 351.101649
58 67 66 0.221076 0.238557 0.540367 228.236208 372.332617
58 67 66 0.173220 0.550844 0.275936 240.561442 370.401362
58 67 66 0.106137 0.624953 0.268910 243.648912 379.649080
58 59 67 0.558490 0.102776 0.338734 254.471345 357.395579
58 59 67 0.006774 0.524724 0.468502 270.051021 362.613620
58 59 67 0.502165 0.298298 0.199537 259.657483 353.699616
58 59 67 0.590864 0.011066 0.398070 248.670932 360.657690
58 59 67 0.681865 0.092980 0.225155 251.590225 352.465052
58 59 67 0.588136 0.172461 0.239403 253.160325 359.281616
58 59 67 0.829679 0.141684 0.028637 251.320867 345.853400
58 59 67 0.141643 0.493110 0.365247 266.355948 356.719094
58 59 67 0.654142 0.327939 0.017919 262.151031 345.487634
58 59 67 0.408681 0.080960 0.510359 255.245216 365.871554
59 68 67 0.021796 0.114765 0.863439 256.569805 383.188704
59 68 67 0.349262 0.186962 0.463776 269.842790 372.383704
59 68 67 0.693506 0.292150 0.014344 287.613749 357.876320
59 68 67 0.869043 0.044357 0.086600 283.415931 347.683895
59 68 67 0.347555 0.502247 0.150198 282.902612 373.022137
59 68 67 0.637532 0.066120 0.296347 276.429856 360.283407
59 68 67 0.478195 0.072388 0.449417 270.408818 365.315408
59 68 67 0.449625 0.149468 0.400907 274.151616 367.677996
59 68 67 0.826407 0.169075 0.004518 282.735431 353.913018
59 68 67 0.085632 0.823038 0.091330 284.889388 378.945168
59 60 68 0.506464 0.358849 0.134687 298.060060 353.158270
59 60 68 0.885861 0.078625 0.035514 286.484844 345.118419
59 60 68 0.432659 0.557308 0.010034 304.039795 346.544515
59 60 68 0.168672 0.269962 0.561367 295.621878 368.263698
59 60 68 0.370008 0.268417 0.361575 295.842514 359.291063
59 60 68 0.719439 0.243469 0.037091 294.510793 347.640470
59 60 68 0.068713 0.275789 0.655498 298.308354 368.463874
59 60 68 0.273258 0.249851 0.476891 295.255757 360.265286
59 60 68 0.309854 0.161981 0.528164 288.249991 366.610271
59 60 68 0.788675 0.142254 0.069072 291.113087 348.523497
60 69 68 0.383437 0.414573 0.201990 312.929208 370.119619
60 69 68 0.333672 0.015815 0.650514 299.898819 367.118021
60 69 68 0.467935 0.081842 0.450223 304.257554 367.551239
60 69 68 0.834945 0.142157 0.022898 320.358678 351.647867
60 69 68 0.520815 0.457026 0.022159 318.335795 364.540584
60 69 68 0.402205 0.382608 0.215187 313.652977 367.202033
60 69 68 0.692041 0.297011 0.010949 322.352215 361.528430
60 69 68 0.066777 0.856529 0.076694 319.793101 379.620671
60 69 68 0.032383 0.369952 0.597665 299.991893 377.997822
60 69 68 0.221666 0.685792 0.092543 318.125215 375.716550
60 61 69 0.376836 0.112777 0.510387 328.793344 363.014291
60 61 69 0.530654 0.068040 0.401306 324.998065 358.929779
60 61 69 0.876635 0.065229 0.058137 324.179415 351.948709
60 61 69 0.107261 0.137638 0.755100 327.339947 373.003150
60 61 69 0.213819 0.013524 0.772656 324.529215 371.128010
60 61 69 0.163798 0.141150 0.695053 326.004168 371.881634
60 61 69 0.157541 0.221888 0.620570 330.496568 366.741294
60 61 69 0.424832 0.441737 0.133431 338.815847 352.524822
60 61 69 0.704960 0.209318 0.085723 332.401307 350.693332
60 61 69 0.265421 0.453469 0.281110 337.103820 357.651381
61 70 69 0.383442 0.580263 0.036295 359.458623 371.201995
61 70 69 0.501782 0.075271 0.422947 343.840969 362.934467
61 70 69 0.582332 0.056073 0.361595 348.980767 363.174467
61 70 69 0.912574 0.033276 0.054150 359.380807 353.561247
61 70 69 0.951804 0.030431 0.017765 363.714671 353.181047
61 70 69 0.435656 0.001360 0.562984 339.290573 367.864545
61 70 69 0.637822 0.247083 0.115095 360.265125 364.123707
61 70 69 0.487569 0.010461 0.501970 337.277014 367.401630
61 70 69 0.694813 0.190620 0.114567 356.540425 360.156671
61 70 69 0.709434 0.038040 0.252526 349.281730 357.958545
61 62 70 0.816729 0.046298 0.136973 359.807885 352.276284
61 62 70 0.753335 0.001287 0.245378 357.122156 358.923014
61 62 70 0.008525 0.479857 0.511618 378.497593 365.434673
61 62 70 0.921177 0.078118 0.000705 363.948340 346.739824
61 62 70 0.806669 0.094143 0.099189 364.298798 352.217286
61 62 70 0.492367 0.132628 0.375005 367.930247 364.589620
61 62 70 0.413581 0.349617 0.236802 374.744553 358.144131
61 62 70 0.295045 0.171702 0.533253 366.227616 367.489038
61 62 70 0.387286 0.026752 0.585962 361.240075 366.611176
61 62 70 0.737942 0.031917 0.230141 355.578137 358.383212
62 71 70 0.717861 0.272319 0.009820 402.301725 359.145262
62 71 70 0.358734 0.578501 0.062765 400.431144 373.670706
62 71 70 0.264407 0.518169 0.217424 393.363536 375.968692
62 71 70 0.379368 0.538883 0.081750 392.890765 368.160979
62 71 70 0.111210 0.273897 0.614893 374.390309 379.718620
62 71 70 0.674308 0.016491 0.309201 386.275985 360.374034
62 71 70 0.572649 0.362605 0.064746 398.757481 362.712359
62 71 70 0.626966 0.266014 0.107020 398.008015 362.517201
62 71 70 0.028914 0.480255 0.490831 379.784040 381.326202
62 71 70 0.649495 0.084146 0.266359 388.801849 360.789270
63 64 72 0.798422 0.196995 0.004582 115.539466 384.137403
63 64 72 0.647291 0.242546 0.110163 117.660901 385.729570
63 64 72 0.748281 0.132552 0.119167 111.278794 383.689250
63 64 72 0.877338 0.012206 0.110455 110.437019 385.721763
63 64 72 0.062901 0.058025 0.879073 112.669570 407.139598
63 64 72 0.119074 0.543558 0.337368 127.074432 392.286117
63 64 72 0.704330 0.206759 0.088911 119.139939 384.607848
63 64 72 0.132251 0.505497 0.362251 125.572711 392.441221
63 64 72 0.211438 0.034169 0.754393 114.035747 405.331184
63 64 72 0.535956 0.337299 0.126744 122.162940 387.433911
64 73 72 0.148748 0.285492 0.565760 127.725227 410.689192
64 73 72 0.082186 0.889740 0.028074 145.506163 408.990805
64 73 72 0.129598 0.668169 0.202233 141.114403 409.383903
64 73 72 0.017722 0.868239 0.114039 143.537855 406.835055
64 73 72 0.186791 0.183244 0.629965 123.116252 407.651592
64 73 72 0.563910 0.008977 0.427113 130.240172 395.421992
64 73 72 0.191092 0.749804 0.059104 144.227371 404.436248
64 73 72 0.008805 0.966287 0.024908 144.951822 411.738433
64 73 72 0.166161 0.464953 0.368886 134.668239 405.829637
64 73 72 0.160535 0.167950 0.671515 125.950279 405.787815
64 65 73 0.364482 0.416135 0.219383 162.312026 387.090828
64 65 73 0.384124 0.496768 0.119107 164.691194 382.322054
64 65 73 0.185523 0.470578 0.343900 160.092706 389.779839
64 65 73 0.446086 0.165701 0.388213 150.910737 391.684929
64 65 73 0.603628 0.324160 0.072212 156.379103 383.171055
64 65 73 0.447326 0.012255 0.540420 147.863697 398.128277
64 65 73 0.748183 0.147494 0.104324 150.176510 384.239358
64 65 73 0.938721 0.046927 0.014352 150.140232 379.168900
64 65 73 0.864196 0.134457 0.001347 154.191613 374.407136
64 65 73 0.356785 0.289817 0.353398 154.316940 392.145031
65 74 73 0.462696 0.418271 0.119033 176.637778 394.147454
65 74 73 0.531080 0.324973 0.143948 176.676619 392.431019
65 74 73 0.750320 0.231602 0.018078 180.629991 388.661556
65 74 73 0.276224 0.213810 0.509966 161.800282 405.261866
65 74 73 0.993984 0.002603 0.003413 179.576810 376.190036
65 74 73 0.586646 0.090746 0.322608 170.587516 392.506372
65 74 73 0.448151 0.115097 0.436752 166.720061 397.377806
65 74 73 0.366275 0.001002 0.632724 160.888683 400.641673
65 74 73 0.084412 0.444769 0.470820 165.879229 408.161268
65 74 73 0.446103 0.521399 0.032498 179.335233 398.919385
65 66 74 0.537217 0.458050 0.004733 192.469833 380.149908
65 66 74 0.649019 0.172842 0.178139 185.698898 383.541079
65 66 74 0.345879 0.336638 0.317483 196.964767 391.263784
65 66 74 0.918591 0.072913 0.008496 184.412823 376.976598
65 66 74 0.332279 0.621031 0.046690 204.368565 375.858552
65 66 74 0.313501 0.443411 0.243088 199.656769 388.155375
65 66 74 0.163357 0.594134 0.242510 196.994663 381.516424
65 66 74 0.536996 0.186917 0.276087 182.449701 391.498431
65 66 74 0.634819 0.081442 0.283739 185.050489 389.262388
65 66 74 0.794135 0.096026 0.109839 182.870315 381.739128
66 75 74 0.236354 0.316450 0.447196 204.167999 402.734578
66 75 74 0.466247 0.464113 0.069640 212.151524 395.919107
66 75 74 0.895777 0.042710 0.061513 210.553066 378.768371
66 75 74 0.639465 0.157777 0.202758 205.163889 393.340493
66 75 74 0.120620 0.365903 0.513477 200.526180 406.229615
66 75 74 0.626961 0.226044 0.146995 212.739813 390.476393
66 75 74 0.527019 0.125152 0.347830 204.459036 394.093193
66 75 74 0.883466 0.047207 0.069327 212.262921 381.901697
66 75 74 0.442472 0.431001 0.126526 212.666983 398.655306
66 75 74 0.009075 0.217851 0.773074 191.824157 411.407288
66 67 75 0.456375 0.421648 0.121978 233.205213 381.939088
66 67 75 0.194416 0.440172 0.365412 230.304863 390.247595
66 67 75 0.448573 0.317666 0.233760 224.835840 382.330057
66 67 75 0.337449 0.080778 0.581773 221.645571 398.306222
66 67 75 0.054891 0.940678 0.004431 249.535425 377.046758
66 67 75 0.136077 0.265448 0.598475 227.664285 398.352639
66 67 75 0.106992 0.706316 0.186692 238.390172 386.605927
66 67 75 0.784662 0.194904 0.020435 219.862882 375.313777
66 67 75 0.097844 0.022090 0.880066 220.732857 407.833867
66 67 75 0.722893 0.276584 0.000523 225.431279 376.363736
67 76 75 0.615247 0.331751 0.053002 250.066848 393.278358
67 76 75 0.812243 0.149205 0.038552 252.847549 384.818109
67 76 75 0.214384 0.702659 0.082957 250.263011 405.353984
67 76 75 0.984915 0.005403 0.009682 246.257160 380.164983
67 76 75 0.384782 0.525249 0.089969 250.684704 401.179256
67 76 75 0.906696 0.012591 0.080713 245.943805 382.971272
67 76 75 0.189315 0.311943 0.498742 232.945215 404.329359
67 76 75 0.914513 0.079527 0.005959 250.346826 378.997205
67 76 75 0.544403 0.380700 0.074897 249.945796 394.948616
67 76 75 0.449413 0.126315 0.424273 239.091803 395.099965
67 68 76 0.937361 0.007010 0.055629 253.111389 379.697785
67 68 76 0.709609 0.068631 0.221760 252.339575 388.707812
67 68 76 0.169910 0.724391 0.105698 278.018056 385.067814
67 68 76 0.166187 0.133142 0.700671 255.251113 401.435316
67 68 76 0.845324 0.142664 0.012012 256.583659 380.001979
67 68 76 0.417780 0.067639 0.514581 253.874865 396.067398
67 68 76 0.541802 0.405504 0.052694 264.609800 379.931289
67 68 76 0.958370 0.022830 0.018800 249.108351 378.741447
67 68 76 0.454562 0.091000 0.454438 256.729217 394.691836
67 68 76 0.649774 0.231775 0.118450 256.028896 382.712919
68 77 76 0.353659 0.354859 0.291482 275.532493 401.186988
68 77 76 0.476521 0.165335 0.358144 275.828101 396.653873
68 77 76 0.166381 0.223679 0.609940 264.387261 406.097567
68 77 76 0.352158 0.104479 0.543363 269.969037 397.091694
68 77 76 0.296317 0.258882 0.444801 272.170755 405.591489
68 77 76 0.778744 0.115361 0.105894 281.190490 387.565711
68 77 76 0.272562 0.469401 0.258037 275.885896 404.939604
68 77 76 0.200404 0.400966 0.398630 274.447757 403.152071
68 77 76 0.911135 0.054363 0.034502 287.958954 381.203022
68 77 76 0.148577 0.383383 0.468040 273.679719 407.026762
68 69 77 0.787520 0.206153 0.006328 292.008480 378.710149
68 69 77 0.856501 0.046961 0.096538 285.077406 382.303308
68 69 77 0.165869 0.583130 0.251001 305.747315 389.371180
68 69 77 0.131408 0.134744 0.733848 290.483581 403.327044
68 69 77 0.649706 0.233999 0.116294 294.461788 385.744829
68 69 77 0.983821 0.005016 0.011164 288.140675 381.043139
68 69 77 0.765636 0.218703 0.015661 296.490972 383.062259
68 69 77 0.910116 0.020706 0.069177 288.948039 380.927215
68 69 77 0.609572 0.025578 0.364850 288.131512 391.766731
68 69 77 0.362790 0.361086 0.276123 299.867347 391.696330
69 78 77 0.532569 0.156199 0.311231 316.738056 399.011431
69 78 77 0.204365 0.748717 0.046917 320.194789 407.893360
69 78 77 0.957201 0.015044 0.027755 321.135213 383.279662
69 78 77 0.191926 0.402847 0.405227 307.259951 410.056682
69 78 77 0.007001 0.163568 0.829431 289.367805 412.038908
69 78 77 0.606442 0.122364 0.271195 312.484330 392.284819
69 78 77 0.013911 0.484234 0.501855 304.395642 413.279228
69 78 77 0.591341 0.075463 0.333197 308.962331 391.910663
69 78 77 0.515878 0.252427 0.231695 316.588853 398.439841
69 78 77 0.959913 0.032431 0.007656 320.152335 382.212343
69 70 78 0.304212 0.225146 0.470642 333.896625 394.042306
69 70 78 0.930096 0.045925 0.023979 323.596359 382.767150
69 70 78 0.971560 0.019592 0.008848 320.286876 382.535376
69 70 78 0.203379 0.315856 0.480765 339.543071 397.823743
69 70 78 0.482336 0.257406 0.260258 332.453698 389.162937
69 70 78 0.182120 0.358465 0.459415 336.293069 394.510555
69 70 78 0.011677 0.152843 0.835480 331.165470 410.304754
69 70 78 0.251186 0.466945 0.281869 339.211604 391.959636
69 70 78 0.571869 0.232940 0.195191 331.444171 390.879131
69 70 78 0.811799 0.085487 0.102714 325.030382 385.191843
70 79 78 0.091172 0.798164 0.110663 355.288238 412.290657
70 79 78 0.869997 0.119879 0.010124 359.128971 390.529637
70 79 78 0.336343 0.284903 0.378754 340.711371 406.133266
70 79 78 0.315594 0.137526 0.546880 340.768085 404.732641
70 79 78 0.411672 0.085876 0.502452 342.771387 403.586264
70 79 78 0.214420 0.220239 0.565341 338.693191 410.129550
70 79 78 0.167810 0.408800 0.423389 342.968770 411.920317
70 79 78 0.755117 0.036117 0.208766 349.542041 391.000885
70 79 78 0.990732 0.001495 0.007772 355.673521 380.089298
70 79 78 0.048408 0.190409 0.761183 333.765640 410.166961
70 71 79 0.097494 0.768627 0.133880 388.517831 389.445769
70 71 79 0.630518 0.256863 0.112618 371.365567 389.318732
70 71 79 0.211356 0.337497 0.451147 370.694413 399.249427
70 71 79 0.331882 0.027923 0.640195 360.008369 401.520374
70 71 79 0.493005 0.117295 0.389700 362.383988 397.751268
70 71 79 0.620795 0.349633 0.029573 376.219907 382.005265
70 71 79 0.519913 0.175564 0.304523 367.426430 396.099462
70 71 79 0.316226 0.283502 0.400272 372.427005 398.735567
70 71 79 0.032973 0.384692 0.582336 373.582353 403.962043
70 71 79 0.694811 0.304033 0.001156 371.618768 384.952944
71 80 79 0.202400 0.245655 0.551945 378.156400 410.093640
71 80 79 0.381872 0.542076 0.076052 399.900116 406.194494
71 80 79 0.652149 0.139591 0.208260 390.068025 394.027315
71 80 79 0.172593 0.194954 0.632452 374.931563 412.310945
71 80 79 0.141264 0.491537 0.367199 387.344660 414.754362
71 80 79 0.449723 0.486733 0.063544 398.962861 409.687536
71 80 79 0.732800 0.022261 0.244939 387.954262 391.523717
71 80 79 0.466875 0.225504 0.307621 385.628512 402.018438
71 80 79 0.937010 0.055490 0.007500 402.300278 386.903710
71 80 79 0.370621 0.233848 0.395531 386.911098 408.447437
