0 1 9 0.335384 0.007092 0.657525 121.556195 170.648007
0 1 9 0.969634 0.007164 0.023203 126.910527 162.964665
0 1 9 0.381632 0.362367 0.256001 136.769718 163.946622
0 1 9 0.949723 0.003291 0.046987 125.595238 161.739724
0 1 9 0.874686 0.042227 0.083087 128.456897 161.400839
0 1 9 0.712758 0.081101 0.206141 125.298595 163.396504
0 1 9 0.022201 0.407222 0.570577 130.568285 170.362408
0 1 9 0.867520 0.024924 0.107556 126.602066 159.468481
0 1 9 0.765144 0.118061 0.116794 131.690459 162.754584
0 1 9 0.820880 0.057805 0.121315 126.578772 165.159961
1 10 9 0.662530 0.244501 0.092969 147.794645 165.352190
1 10 9 0.681363 0.080200 0.238436 142.676119 162.656635
1 10 9 0.465222 0.365536 0.169242 145.658651 173.296989
1 10 9 0.053693 0.625103 0.321204 137.000820 175.621834
1 10 9 0.629161 0.053710 0.317128 143.582429 168.250901
1 10 9 0.979280 0.020103 0.000617 155.104887 162.815586
1 10 9 0.906766 0.085428 0.007806 155.050062 165.949666
1 10 9 0.872361 0.068689 0.058949 155.107887 161.578392
1 10 9 0.823547 0.041770 0.134682 147.793775 165.403188
1 10 9 0.888385 0.064653 0.046962 150.492162 163.265552
1 2 10 0.937634 0.012989 0.049377 154.922625 160.125770
1 2 10 0.378658 0.016899 0.604442 151.493897 172.855081
1 2 10 0.108592 0.591737 0.299671 171.605034 165.469742
1 2 10 0.390796 0.044763 0.564441 147.997652 170.068553
1 2 10 0.298984 0.344071 0.356945 166.284829 166.117173
1 2 10 0.099282 0.857730 0.042988 184.119974 161.399732
1 2 10 0.885896 0.019225 0.094879 151.216567 164.830464
1 2 10 0.747761 0.027107 0.225132 152.226503 164.885912
1 2 10 0.898459 0.029576 0.071965 152.482919 162.529117
1 2 10 0.720471 0.025314 0.254215 153.447673 166.285093
2 11 10 0.652845 0.297076 0.050080 187.515631 162.233548
2 11 10 0.365682 0.532394 0.101924 179.000435 169.153592
2 11 10 0.486810 0.292133 0.221058 175.239072 169.794158
2 11 10 0.504804 0.454474 0.040722 179.753596 167.781039
2 11 10 0.925023 0.073741 0.001235 186.272306 163.423204
2 11 10 0.912074 0.004805 0.083122 183.691800 160.228484
2 11 10 0.841549 0.003339 0.155113 180.610154 164.335942
2 11 10 0.222323 0.382937 0.394740 168.184941 174.353586
2 11 10 0.228953 0.277180 0.493867 171.224287 172.325631
2 11 10 0.277383 0.373778 0.348839 172.532789 174.509185
2 3 11 0.608302 0.044654 0.347044 183.929088 167.404488
2 3 11 0.378434 0.057527 0.564039 187.353228 168.182481
2 3 11 0.438635 0.151940 0.409426 188.110581 166.761919
2 3 11 0.076368 0.505542 0.418090 204.685710 168.551203
2 3 11 0.892315 0.024828 0.082857 187.469758 162.449424
2 3 11 0.988691 0.007496 0.003813 186.460281 160.042489
2 3 11 0.544518 0.075080 0.380401 184.617256 166.791548
2 3 11 0.796838 0.096231 0.106931 191.718765 158.881744
2 3 11 0.760918 0.220686 0.018396 195.465497 158.351034
2 3 11 0.057829 0.732590 0.209581 209.189791 163.518292
3 12 11 0.545844 0.263048 0.191108 206.611426 165.954750
3 12 11 0.746248 0.121448 0.132304 214.515243 164.166859
3 12 11 0.428353 0.468194 0.103453 216.085032 169.097557
3 12 11 0.700934 0.196421 0.102645 214.250649 170.308402
3 12 11 0.671625 0.194474 0.133901 215.349034 165.072610
3 12 11 0.867640 0.040184 0.092176 216.007748 164.058476
3 12 11 0.184656 0.633037 0.182306 208.643759 170.870542
3 12 11 0.572182 0.398447 0.029371 218.034496 167.371877
3 12 11 0.319043 0.663362 0.017594 218.633823 168.673121
3 12 11 0.252828 0.421638 0.325533 206.478261 171.340084
3 4 12 0.287537 0.653446 0.059017 240.763735 161.715982
3 4 12 0.904534 0.048575 0.046892 222.566346 160.151956
3 4 12 0.154279 0.701309 0.144413 241.357504 162.350158
3 4 12 0.967743 0.004393 0.027864 217.805078 160.737914
3 4 12 0.460490 0.154815 0.384695 220.701347 169.584852
3 4 12 0.776933 0.181951 0.041116 224.730357 161.689641
3 4 12 0.980289 0.016537 0.003174 220.068051 161.864909
3 4 12 0.977332 0.002220 0.020448 216.823791 162.478624
3 4 12 0.724615 0.259022 0.016363 226.712277 160.399457
3 4 12 0.623398 0.005764 0.370838 218.555034 167.253916
4 13 12 0.392891 0.532842 0.074267 248.692694 171.395424
4 13 12 0.226484 0.186260 0.587257 232.610044 170.696091
4 13 12 0.503788 0.369339 0.126872 246.381298 167.682596
4 13 12 0.885838 0.102286 0.011876 251.502497 162.659215
4 13 12 0.005973 0.423051 0.570976 228.461018 176.191687
4 13 12 0.522952 0.430996 0.046052 248.892612 167.990370
4 13 12 0.804093 0.107305 0.088602 249.484444 159.781125
4 13 12 0.020281 0.867537 0.112182 246.589286 175.488926
4 13 12 0.134474 0.800575 0.064951 247.870170 176.914904
4 13 12 0.201592 0.067905 0.730503 223.692734 171.347548
4 5 13 0.141572 0.450817 0.407612 265.258339 163.987464
4 5 13 0.504486 0.087883 0.407632 251.150269 166.490798
4 5 13 0.535419 0.004332 0.460249 253.316370 169.577752
4 5 13 0.013553 0.449256 0.537191 266.836844 168.931181
4 5 13 0.846905 0.042660 0.110435 252.735659 162.937652
4 5 13 0.882711 0.106376 0.010913 256.843862 160.660414
4 5 13 0.924574 0.060739 0.014687 249.153347 159.080209
4 5 13 0.098995 0.153128 0.747877 257.128941 173.555447
4 5 13 0.432182 0.062579 0.505238 255.386652 166.462225
4 5 13 0.231176 0.721901 0.046923 272.761252 161.025136
5 14 13 0.724312 0.114157 0.161532 277.563740 162.798211
5 14 13 0.018095 0.304590 0.677315 261.206643 172.672633
5 14 13 0.098925 0.560991 0.340084 273.378052 169.644286
5 14 13 0.653505 0.230129 0.116367 282.897369 166.968742
5 14 13 0.897672 0.049838 0.052490 283.579929 161.358865
5 14 13 0.047708 0.111605 0.840686 255.613651 178.581951
5 14 13 0.701342 0.097734 0.200924 275.899056 162.012399
5 14 13 0.653129 0.194819 0.152052 279.801907 166.326336
5 14 13 0.709981 0.282105 0.007914 286.390082 164.675508
5 14 13 0.313917 0.328299 0.357783 276.060394 173.130259
5 6 14 0.580170 0.098535 0.321295 290.867779 165.277087
5 6 14 0.838077 0.140682 0.021241 294.171454 158.373649
5 6 14 0.573244 0.077994 0.348762 287.956469 163.170675
5 6 14 0.694884 0.265273 0.039842 298.023673 160.233089
5 6 14 0.322161 0.497769 0.180070 305.361818 160.969444
5 6 14 0.148994 0.193803 0.657203 294.913838 167.666772
5 6 14 0.511327 0.065904 0.422770 290.110995 166.930691
5 6 14 0.802499 0.175244 0.022258 292.846648 161.846198
5 6 14 0.952386 0.008102 0.039512 283.977575 160.768146
5 6 14 0.700872 0.202000 0.097128 292.642793 162.142341
6 15 14 0.823674 0.052571 0.123755 318.913065 160.948409
6 15 14 0.274992 0.205219 0.519789 305.079218 169.610719
6 15 14 0.109394 0.738536 0.152070 317.652027 178.917767
6 15 14 0.504328 0.059718 0.435953 309.221089 164.537599
6 15 14 0.381812 0.124817 0.493371 308.044745 167.282274
6 15 14 0.984139 0.001163 0.014697 320.620627 160.637913
6 15 14 0.960215 0.022000 0.017785 318.216590 156.181306
6 15 14 0.417616 0.074751 0.507632 305.605331 163.250003
6 15 14 0.434174 0.295574 0.270252 312.611219 169.833500
6 15 14 0.876997 0.017410 0.105593 317.208029 161.802006
6 7 15 0.087631 0.157326 0.755043 330.515027 166.266092
6 7 15 0.117004 0.535408 0.347588 341.951701 164.924667
6 7 15 0.743783 0.204605 0.051612 332.283820 159.697314
6 7 15 0.883622 0.030120 0.086258 323.102256 159.575040
6 7 15 0.695332 0.105011 0.199658 326.295657 161.021524
6 7 15 0.123325 0.014159 0.862516 323.313355 170.616028
6 7 15 0.343785 0.355582 0.300634 336.369594 157.640998
6 7 15 0.011477 0.160131 0.828392 326.944396 170.860456
6 7 15 0.497093 0.353118 0.149789 329.998305 158.780964
6 7 15 0.413446 0.388719 0.197835 332.861019 162.246245
7 16 15 0.358285 0.582920 0.058795 356.741292 162.989636
7 16 15 0.580833 0.329079 0.090088 355.910968 164.419539
7 16 15 0.866044 0.094554 0.039402 358.176345 162.722637
7 16 15 0.988223 0.001425 0.010352 358.688694 154.506623
7 16 15 0.131024 0.752983 0.115993 359.282124 171.456316
7 16 15 0.799012 0.147072 0.053916 356.025361 161.581056
7 16 15 0.257093 0.326114 0.416793 347.519816 169.156199
7 16 15 0.994495 0.004514 0.000991 355.252782 154.339333
7 16 15 0.476681 0.452266 0.071053 357.927823 160.013059
7 16 15 0.795963 0.123618 0.080418 352.753776 160.703654
7 8 16 0.885661 0.110540 0.003799 360.421806 157.704925
7 8 16 0.964677 0.035307 0.000016 357.842531 154.979253
7 8 16 0.427245 0.386590 0.186165 371.365227 159.869837
7 8 16 0.220609 0.311557 0.467833 374.448982 163.872376
7 8 16 0.636346 0.000763 0.362891 357.081467 162.098444
7 8 16 0.084961 0.796742 0.118297 386.288536 158.458162
7 8 16 0.669216 0.206723 0.124061 367.158775 156.611334
7 8 16 0.836467 0.049596 0.113937 358.220497 157.539379
7 8 16 0.730003 0.248166 0.021831 363.930749 154.990048
7 8 16 0.161475 0.462597 0.375927 377.745491 162.136227
8 17 16 0.254838 0.325431 0.419731 381.312120 167.194194
8 17 16 0.301079 0.249517 0.449405 383.756669 166.472622
8 17 16 0.970570 0.004598 0.024832 390.235623 151.789766
8 17 16 0.819262 0.101243 0.079495 390.297394 155.504131
8 17 16 0.640822 0.050216 0.308961 386.307868 161.390654
8 17 16 0.759965 0.067656 0.172380 387.258632 158.754553
8 17 16 0.789572 0.035615 0.174813 388.138011 157.958257
8 17 16 0.123474 0.817060 0.059466 394.733358 171.551602
8 17 16 0.552262 0.004219 0.443520 376.277372 161.335752
8 17 16 0.816917 0.027499 0.155584 389.827887 160.640428
9 10 18 0.622435 0.350555 0.027009 126.105604 176.711421
9 10 18 0.490732 0.391137 0.118131 123.869757 178.358020
9 10 18 0.556409 0.291177 0.152414 122.289195 184.762995
9 10 18 0.220397 0.299668 0.479935 119.642123 187.682143
9 10 18 0.485638 0.364510 0.149852 123.848284 180.725422
9 10 18 0.261713 0.292301 0.445986 121.275767 187.685412
9 10 18 0.716127 0.276391 0.007482 121.558217 178.133083
9 10 18 0.990103 0.001194 0.008703 110.572830 178.705483
9 10 18 0.285581 0.217448 0.496971 115.117383 188.893657
9 10 18 0.833811 0.107927 0.058262 115.014199 179.720137
10 19 18 0.225486 0.473039 0.301475 127.528944 193.936060
10 19 18 0.662189 0.297550 0.040261 143.184764 181.740317
10 19 18 0.566418 0.229326 0.204256 139.543594 188.062333
10 19 18 0.258798 0.337478 0.403724 123.338423 196.168067
10 19 18 0.554389 0.003069 0.442542 126.201955 186.215849
10 19 18 0.958794 0.014932 0.026275 145.639110 175.645679
10 19 18 0.138691 0.421354 0.439955 122.039349 196.516090
10 19 18 0.133965 0.424844 0.441191 123.421715 196.527083
10 19 18 0.010330 0.290088 0.699582 111.874971 203.749607
10 19 18 0.996513 0.002524 0.000963 147.445653 180.027661
10 11 19 0.739872 0.067112 0.193016 149.781405 182.571020
10 11 19 0.783642 0.156227 0.060131 152.797345 180.831076
10 11 19 0.823914 0.172537 0.003548 155.538949 177.283725
10 11 19 0.209682 0.212729 0.577588 152.326102 191.954230
10 11 19 0.285279 0.522387 0.192334 161.145092 182.346210
10 11 19 0.088830 0.076249 0.834921 140.900790 196.556419
10 11 19 0.205146 0.104091 0.690762 140.012720 191.854875
10 11 19 0.380293 0.127647 0.492059 147.277672 190.205617
10 11 19 0.523707 0.315505 0.160788 153.000207 180.705068
10 11 19 0.781033 0.032247 0.186720 144.899936 183.811336
11 20 19 0.103108 0.611630 0.285262 164.783155 201.345088
11 20 19 0.594238 0.036111 0.369650 165.010133 182.390899
11 20 19 0.765809 0.073153 0.161037 170.990706 181.405460
11 20 19 0.789406 0.030003 0.180591 172.692510 179.410854
11 20 19 0.335383 0.041919 0.622698 153.225995 193.988142
11 20 19 0.726062 0.117962 0.155976 169.989889 183.774336
11 20 19 0.426218 0.255712 0.318070 163.207712 189.625188
11 20 19 0.290528 0.653594 0.055877 173.164958 194.086306
11 20 19 0.680045 0.060015 0.259940 167.845385 186.052856
11 20 19 0.732004 0.020281 0.247715 170.056978 182.529255
11 12 20 0.135471 0.846146 0.018383 207.850145 172.574085
11 12 20 0.993678 0.002846 0.003477 179.178375 178.148805
11 12 20 0.541727 0.400153 0.058121 192.200198 180.368614
11 12 20 0.141099 0.609905 0.248996 198.145281 179.601019
11 12 20 0.316278 0.568175 0.115546 201.167972 180.296594
11 12 20 0.336826 0.247790 0.415384 184.592137 186.450858
11 12 20 0.958902 0.003771 0.037327 180.483713 174.080883
11 12 20 0.389649 0.042492 0.567859 174.927873 193.480431
11 12 20 0.389769 0.332374 0.277857 188.978185 186.670438
11 12 20 0.722085 0.025238 0.252677 179.910379 184.594798
12 21 20 0.672820 0.074443 0.252737 202.316241 181.158820
12 21 20 0.809084 0.082188 0.108728 210.844741 180.659093
12 21 20 0.623870 0.193663 0.182466 209.320667 185.356603
12 21 20 0.253237 0.440342 0.306421 200.252143 191.135140
12 21 20 0.632247 0.281048 0.086705 212.259392 179.186409
12 21 20 0.406032 0.445086 0.148881 207.588455 190.142362
12 21 20 0.458621 0.434516 0.106863 208.540086 191.794595
12 21 20 0.402573 0.367110 0.230318 206.263738 189.194693
12 21 20 0.220515 0.116329 0.663156 185.240191 195.979454
12 21 20 0.023852 0.614769 0.361379 195.299893 198.655948
12 13 21 0.720880 0.102083 0.177037 219.285503 179.715878
12 13 21 0.444920 0.032605 0.522476 211.802546 185.127343
12 13 21 0.523437 0.462001 0.014562 232.837817 177.059597
12 13 21 0.128538 0.026775 0.844687 210.324781 193.652723
12 13 21 0.047412 0.451975 0.500613 228.273945 189.354749
12 13 21 0.638347 0.156764 0.204889 220.857071 181.985501
12 13 21 0.028243 0.046430 0.925327 211.773618 198.686631
12 13 21 0.405714 0.228107 0.366179 221.860849 184.186921
12 13 21 0.697355 0.237856 0.064789 223.123033 176.868890
12 13 21 0.738891 0.195555 0.065554 220.614580 174.366548
13 22 21 0.179566 0.075731 0.744702 215.927791 189.803858
13 22 21 0.671024 0.017892 0.311085 236.995510 185.852684
13 22 21 0.841346 0.002818 0.155836 245.056365 178.819801
13 22 21 0.437397 0.423309 0.139294 242.626267 193.968579
13 22 21 0.918272 0.017351 0.064377 248.694565 178.185208
13 22 21 0.777257 0.164333 0.058411 248.580511 183.006628
13 22 21 0.249435 0.420011 0.330555 232.614693 193.369241
13 22 21 0.887859 0.075475 0.036666 244.485963 181.214283
13 22 21 0.565341 0.137851 0.296808 233.772605 185.846373
13 22 21 0.132091 0.792765 0.075144 243.080460 197.492315
13 14 22 0.380788 0.523135 0.096077 270.238675 176.066968
13 14 22 0.430784 0.454924 0.114293 268.410166 177.320884
13 14 22 0.559377 0.172213 0.268410 253.126696 179.732281
13 14 22 0.110051 0.808981 0.080968 280.260561 177.938068
13 14 22 0.385679 0.322199 0.292122 258.735096 181.226139
13 14 22 0.211225 0.737816 0.050959 276.577533 176.259116
13 14 22 0.272943 0.329378 0.397679 261.243618 188.263027
13 14 22 0.707338 0.139876 0.152786 255.520758 177.932326
13 14 22 0.307060 0.390693 0.302247 266.496769 183.539648
13 14 22 0.276157 0.633565 0.090278 273.957221 175.606180
14 23 22 0.797223 0.128550 0.074227 285.192645 178.982812
14 23 22 0.152192 0.390948 0.456860 268.436334 194.246586
14 23 22 0.238642 0.098593 0.662765 260.933049 192.411019
14 23 22 0.971377 0.022104 0.006520 286.512707 175.500182
14 23 22 0.581929 0.150978 0.267093 276.315825 183.764888
14 23 22 0.298698 0.063704 0.637598 261.867581 190.992025
14 23 22 0.389302 0.492658 0.118040 283.084165 190.933185
14 23 22 0.311049 0.345803 0.343148 271.827529 194.695779
14 23 22 0.399857 0.037220 0.562923 264.877443 189.145765
14 23 22 0.106401 0.299068 0.594531 259.430159 194.603067
14 15 23 0.434462 0.365539 0.200000 301.544525 178.007969
14 15 23 0.172208 0.825809 0.001983 318.957878 172.168673
14 15 23 0.677228 0.183404 0.139368 294.072859 174.578709
14 15 23 0.745706 0.077023 0.177271 290.599062 175.176449
14 15 23 0.615448 0.212850 0.171702 293.108913 179.148805
14 15 23 0.523787 0.098209 0.378004 292.120009 182.219990
14 15 23 0.113388 0.838533 0.048079 319.927264 174.583142
14 15 23 0.436056 0.055727 0.508217 288.712066 184.418365
14 15 23 0.418961 0.037076 0.543963 294.534539 187.908636
14 15 23 0.745003 0.015959 0.239038 290.142139 180.162719
15 24 23 0.728066 0.222819 0.049115 323.660877 180.440901
15 24 23 0.682883 0.255368 0.061748 318.553174 181.898583
15 24 23 0.043482 0.916837 0.039681 327.252057 201.262112
15 24 23 0.037465 0.948788 0.013747 325.448119 197.864598
15 24 23 0.945807 0.049280 0.004913 323.116009 176.521815
15 24 23 0.866079 0.130641 0.003280 325.255205 179.808199
15 24 23 0.085483 0.725992 0.188525 316.463210 197.774055
15 24 23 0.927433 0.011115 0.061452 320.357085 177.210658
15 24 23 0.227991 0.584099 0.187910 316.238124 193.648607
15 24 23 0.634441 0.310304 0.055255 324.317822 185.357238
15 16 24 0.608283 0.246391 0.145326 334.046184 177.684551
15 16 24 0.716809 0.049013 0.234177 329.631172 177.043039
15 16 24 0.966070 0.011687 0.022243 325.943402 173.393931
15 16 24 0.395576 0.513291 0.091133 348.421937 175.385412
15 16 24 0.564276 0.032630 0.403094 326.171111 182.124629
15 16 24 0.145944 0.777006 0.077051 356.819325 176.464668
15 16 24 0.797005 0.056785 0.146210 327.414248 177.412394
15 16 24 0.540640 0.343041 0.116319 336.715532 179.137145
15 16 24 0.067547 0.784690 0.147763 355.535120 175.587049
15 16 24 0.896517 0.043173 0.060310 326.397192 176.181579
16 25 24 0.894282 0.073419 0.032299 359.250055 174.684055
16 25 24 0.832398 0.076358 0.091245 360.588362 177.317063
16 25 24 0.626705 0.275456 0.097839 357.181391 184.178281
16 25 24 0.243698 0.014758 0.741544 333.566113 194.558740
16 25 24 0.930720 0.052417 0.016863 361.844800 175.823959
16 25 24 0.670747 0.156562 0.172691 357.063699 179.797740
16 25 24 0.264686 0.119008 0.616306 340.757110 195.718177
16 25 24 0.426429 0.421004 0.152567 361.551854 185.669206
16 25 24 0.809588 0.063303 0.127109 360.793335 179.066123
16 25 24 0.927529 0.008740 0.063731 360.746293 171.514544
16 17 25 0.117657 0.775586 0.106757 388.664261 178.933360
16 17 25 0.565905 0.112298 0.321798 367.751346 180.282526
16 17 25 0.682765 0.139767 0.177468 367.154012 178.347054
16 17 25 0.040934 0.160285 0.798781 367.234028 195.394535
16 17 25 0.336314 0.412818 0.250868 379.827372 181.484374
16 17 25 0.074169 0.099290 0.826541 370.238743 197.933530
16 17 25 0.300813 0.587517 0.111669 384.854207 176.953957
16 17 25 0.926781 0.072707 0.000512 371.529272 172.222639
16 17 25 0.029844 0.487394 0.482762 379.535326 184.806331
16 17 25 0.866247 0.108919 0.024834 361.518523 172.391323
17 26 25 0.108601 0.041732 0.849668 372.755460 196.036947
17 26 25 0.185982 0.102583 0.711436 373.790525 192.612318
17 26 25 0.522052 0.416759 0.061189 402.896036 184.544213
17 26 25 0.975026 0.016423 0.008550 399.325796 175.824500
17 26 25 0.145224 0.672713 0.182063 398.273178 194.272281
17 26 25 0.176613 0.028183 0.795204 375.495893 194.090258
17 26 25 0.962840 0.000316 0.036844 396.971795 179.435189
17 26 25 0.054018 0.738967 0.207015 393.850539 195.175242
17 26 25 0.276090 0.650082 0.073829 404.605263 194.314940
17 26 25 0.605017 0.069959 0.325024 388.974832 182.964251
18 19 27 0.578334 0.280970 0.140696 111.972663 206.757038
18 19 27 0.429636 0.006530 0.563833 94.812842 221.712523
18 19 27 0.221473 0.291446 0.487081 107.122111 217.339166
18 19 27 0.222281 0.671135 0.106584 121.531461 202.015117
18 19 27 0.429812 0.404863 0.165326 114.513659 209.682164
18 19 27 0.266659 0.169062 0.564279 100.768438 214.439848
18 19 27 0.516681 0.423111 0.060209 110.422083 204.065168
18 19 27 0.791525 0.132985 0.075490 104.407246 203.775110
18 19 27 0.651274 0.059558 0.289167 99.887930 209.309567
18 19 27 0.149394 0.001807 0.848799 92.412682 225.453265
19 28 27 0.348202 0.545247 0.106551 126.449491 225.480690
19 28 27 0.981182 0.017836 0.000982 134.543359 202.157817
19 28 27 0.626042 0.052170 0.321787 123.816536 213.565023
19 28 27 0.327824 0.061254 0.610922 103.081477 224.155186
19 28 27 0.799829 0.161299 0.038872 132.513010 210.889430
19 28 27 0.195593 0.727237 0.077170 128.966038 227.856781
19 28 27 0.947870 0.020565 0.031565 134.775015 203.672320
19 28 27 0.770773 0.059753 0.169474 127.142555 210.681365
19 28 27 0.202446 0.722130 0.075424 127.362069 227.132417
19 28 27 0.206568 0.271003 0.522429 109.990690 226.506568
19 20 28 0.544259 0.050580 0.405161 133.893446 214.482240
19 20 28 0.307358 0.111303 0.581339 139.632451 220.882635
19 20 28 0.993900 0.000929 0.005170 135.773233 205.598402
19 20 28 0.975171 0.021107 0.003722 137.543500 200.845689
19 20 28 0.828480 0.016848 0.154672 133.651850 207.161122
19 20 28 0.260059 0.484324 0.255617 149.448911 210.066663
19 20 28 0.666826 0.201597 0.131578 142.118233 208.684904
19 20 28 0.393201 0.170128 0.436671 140.892268 219.369978
19 20 28 0.956164 0.002729 0.041107 132.203137 206.027334
19 20 28 0.743065 0.149942 0.106993 139.575727 207.242377
20 29 28 0.076569 0.453456 0.469975 147.056893 236.805674
20 29 28 0.075520 0.459635 0.464845 151.312388 229.448880
20 29 28 0.150384 0.362841 0.486775 148.732801 229.563413
20 29 28 0.752377 0.100662 0.146961 168.726350 209.938470
20 29 28 0.558591 0.431605 0.009804 170.293577 219.572257
20 29 28 0.799337 0.046890 0.153773 164.927165 209.973661
20 29 28 0.610190 0.216154 0.173655 165.865230 214.630411
20 29 28 0.148754 0.791289 0.059956 165.585247 226.069655
20 29 28 0.079970 0.700765 0.219265 159.897480 234.535634
20 29 28 0.397590 0.233358 0.369052 154.526988 216.864893
20 21 29 0.342667 0.180955 0.476378 178.320410 219.134457
20 21 29 0.416265 0.075020 0.508715 168.722164 216.372187
20 21 29 0.595538 0.372444 0.032018 185.425325 201.473942
20 21 29 0.495642 0.488380 0.015978 188.653952 203.421970
20 21 29 0.783270 0.161998 0.054732 179.013656 203.629122
20 21 29 0.931227 0.028807 0.039966 172.306838 203.042231
20 21 29 0.640471 0.339445 0.020084 179.877925 200.887375
20 21 29 0.106892 0.135153 0.757956 168.119630 225.428607
20 21 29 0.245573 0.016071 0.738356 168.213998 226.114779
20 21 29 0.139982 0.757061 0.102957 198.548434 205.218127
21 30 29 0.048218 0.518352 0.433430 188.050121 231.277722
21 30 29 0.979080 0.003769 0.017150 211.712749 199.014722
21 30 29 0.858978 0.020872 0.120150 202.829122 201.784142
21 30 29 0.600524 0.308293 0.091183 202.861764 212.595615
21 30 29 0.882493 0.077275 0.040232 205.495293 202.482519
21 30 29 0.012890 0.070848 0.916261 171.640599 230.752596
21 30 29 0.485826 0.188739 0.325435 192.385158 218.310655
21 30 29 0.016290 0.285863 0.697847 177.369986 234.412583
21 30 29 0.047061 0.371422 0.581517 181.418423 231.064578
21 30 29 0.392500 0.038644 0.568856 181.550979 224.825007
21 22 30 0.379977 0.329170 0.290853 220.914248 205.494202
21 22 30 0.688538 0.161006 0.150455 215.041172 205.706414
21 22 30 0.385105 0.110290 0.504605 210.756193 218.018487
21 22 30 0.113985 0.235797 0.650218 216.155484 223.164923
21 22 30 0.251230 0.679812 0.068958 235.465051 200.523279
21 22 30 0.200075 0.105732 0.694193 212.009969 221.910354
21 22 30 0.118341 0.863531 0.018128 239.741905 201.364262
21 22 30 0.979013 0.002557 0.018430 208.103873 200.793777
21 22 30 0.531531 0.068063 0.400406 202.920073 213.897193
21 22 30 0.729733 0.030729 0.239538 206.757713 209.456159
22 31 30 0.017362 0.664979 0.317659 230.637665 230.566100
22 31 30 0.916927 0.019691 0.063382 239.942628 200.708088
22 31 30 0.836203 0.105470 0.058327 243.062157 206.084706
22 31 30 0.715468 0.204109 0.080423 241.716358 209.796093
22 31 30 0.177687 0.370630 0.451683 227.164337 226.124382
22 31 30 0.061462 0.697765 0.240773 239.749181 230.320985
22 31 30 0.642187 0.167094 0.190719 236.738192 209.676166
22 31 30 0.319670 0.384148 0.296182 233.752929 221.156364
22 31 30 0.208424 0.321511 0.470064 227.040473 224.993415
22 31 30 0.766039 0.178083 0.055878 241.388536 205.145935
22 23 31 0.189861 0.430076 0.380063 264.970744 213.584757
22 23 31 0.715743 0.068849 0.215408 247.216315 207.677075
22 23 31 0.705649 0.230541 0.063811 255.619205 202.556440
22 23 31 0.396857 0.496150 0.106993 269.385840 204.770635
22 23 31 0.969455 0.020191 0.010354 246.867148 200.250800
22 23 31 0.444337 0.057646 0.498017 247.485507 218.895542
22 23 31 0.960005 0.034034 0.005960 250.195603 199.729068
22 23 31 0.083220 0.050557 0.866223 244.809333 228.338688
22 23 31 0.130597 0.385507 0.483896 258.032696 216.300254
22 23 31 0.332380 0.514622 0.152997 265.215041 205.108918
23 32 31 0.127441 0.319126 0.553433 260.088574 231.961610
23 32 31 0.616027 0.226881 0.157092 283.110516 212.827782
23 32 31 0.143163 0.378596 0.478241 262.313806 227.500146
23 32 31 0.290894 0.536314 0.172793 278.051401 223.737769
23 32 31 0.711354 0.171744 0.116902 283.667027 213.164855
23 32 31 0.360551 0.303614 0.335835 268.775169 219.059879
23 32 31 0.980853 0.000499 0.018649 287.749330 197.599948
23 32 31 0.844715 0.048047 0.107238 280.408634 202.432728
23 32 31 0.445855 0.013589 0.540557 261.149299 218.303081
23 32 31 0.173056 0.383632 0.443313 269.164149 229.549559
23 24 32 0.983449 0.005620 0.010932 287.888589 199.920196
23 24 32 0.179873 0.178732 0.641395 293.817514 221.458783
23 24 32 0.196906 0.769563 0.033531 314.153257 200.442007
23 24 32 0.765678 0.037664 0.196658 289.225097 207.805287
23 24 32 0.222713 0.364386 0.412901 299.281779 215.335220
23 24 32 0.389710 0.149128 0.461162 293.400279 215.586594
23 24 32 0.347320 0.146771 0.505909 290.651837 214.640346
23 24 32 0.320181 0.605049 0.074770 309.575270 199.752702
23 24 32 0.905418 0.047262 0.047320 283.851481 202.188325
23 24 32 0.393499 0.456801 0.149700 302.227523 205.113203
24 33 32 0.104530 0.787817 0.107652 319.238679 232.209868
24 33 32 0.720878 0.203963 0.075159 319.238367 211.405695
24 33 32 0.385941 0.384765 0.229293 319.824500 219.812447
24 33 32 0.098936 0.608815 0.292250 311.698836 226.749829
24 33 32 0.227970 0.046891 0.725139 294.508391 224.714283
24 33 32 0.346025 0.249036 0.404939 307.632118 221.077135
24 33 32 0.660047 0.300490 0.039463 323.595712 208.399074
24 33 32 0.633822 0.263336 0.102842 318.491978 212.056999
24 33 32 0.949964 0.039729 0.010307 324.878881 202.060158
24 33 32 0.639020 0.284258 0.076721 323.001964 212.152718
24 25 33 0.005073 0.890221 0.104706 362.384770 197.370258
24 25 33 0.533073 0.249011 0.217917 335.070933 205.493704
24 25 33 0.419524 0.233277 0.347199 332.423426 210.068968
24 25 33 0.211082 0.317669 0.471248 338.200550 212.474675
24 25 33 0.150102 0.700676 0.149221 352.145796 203.109361
24 25 33 0.167548 0.243474 0.588978 336.554106 219.049970
24 25 33 0.088546 0.771993 0.139461 358.411528 201.190956
24 25 33 0.503882 0.307283 0.188835 338.363748 204.053926
24 25 33 0.185104 0.049945 0.764951 327.979483 224.586243
24 25 33 0.670592 0.176959 0.152449 333.711305 201.378575
25 34 33 0.274339 0.443958 0.281703 356.595598 223.300097
25 34 33 0.984664 0.008619 0.006716 360.584457 202.828168
25 34 33 0.899151 0.070984 0.029864 365.702788 202.146879
25 34 33 0.034117 0.762707 0.203177 360.859251 233.209424
25 34 33 0.565481 0.202331 0.232188 358.355026 210.975204
25 34 33 0.018767 0.611823 0.369410 352.075888 230.502118
25 34 33 0.055933 0.740541 0.203526 360.189798 231.931795
25 34 33 0.171272 0.377725 0.451003 351.800357 226.848023
25 34 33 0.756577 0.067405 0.176018 358.604393 206.159388
25 34 33 0.818521 0.093594 0.087885 362.367382 205.735498
25 26 34 0.011421 0.976427 0.012152 404.123627 200.860734
25 26 34 0.446370 0.253626 0.300003 375.540108 209.155943
25 26 34 0.749564 0.170199 0.080237 372.330027 203.136062
25 26 34 0.143036 0.792606 0.064359 401.893690 202.848571
25 26 34 0.674098 0.269407 0.056495 377.334551 201.403089
25 26 34 0.246708 0.523017 0.230274 388.061479 206.709546
25 26 34 0.271787 0.441179 0.287033 384.761333 208.802154
25 26 34 0.794172 0.189161 0.016668 370.728252 202.429170
25 26 34 0.860796 0.104174 0.035030 368.034802 200.362356
25 26 34 0.654145 0.176266 0.169589 370.199541 206.324545
26 35 34 0.275955 0.672200 0.051844 409.697410 224.363972
26 35 34 0.635119 0.026254 0.338628 399.230881 212.471051
26 35 34 0.074455 0.010696 0.914849 369.524820 231.745602
26 35 34 0.252569 0.429396 0.318035 399.516753 221.681546
26 35 34 0.519137 0.149591 0.331272 393.670719 216.015763
26 35 34 0.063021 0.499275 0.437704 389.201247 231.688008
26 35 34 0.394309 0.202578 0.403114 395.675673 219.772068
26 35 34 0.883260 0.016626 0.100114 403.382503 203.927661
26 35 34 0.274605 0.574555 0.150841 402.681125 223.750384
26 35 34 0.341362 0.256850 0.401788 392.775139 218.981748
27 28 36 0.129075 0.862753 0.008172 125.690390 236.329192
27 28 36 0.143465 0.344295 0.512239 102.280077 254.493298
27 28 36 0.375973 0.410394 0.213633 106.065277 241.082555
27 28 36 0.644449 0.277173 0.078377 102.932220 238.588043
27 28 36 0.707200 0.012986 0.279814 88.855560 244.611053
27 28 36 0.231521 0.360611 0.407868 102.143218 254.329575
27 28 36 0.148546 0.420863 0.430591 104.098277 246.639421
27 28 36 0.238474 0.652070 0.109456 113.975850 239.931621
27 28 36 0.939509 0.034656 0.025836 87.753409 233.225710
27 28 36 0.835877 0.148088 0.016036 93.975842 236.339560
28 37 36 0.961194 0.008142 0.030665 125.929061 237.309453
28 37 36 0.021518 0.682171 0.296311 113.439808 268.661897
28 37 36 0.482317 0.098893 0.418789 110.186820 253.935817
28 37 36 0.863046 0.038641 0.098313 122.974793 238.532637
28 37 36 0.134656 0.674097 0.191247 122.104569 267.259016
28 37 36 0.683572 0.012944 0.303485 115.959830 247.569627
28 37 36 0.689702 0.139128 0.171170 114.787108 245.753488
28 37 36 0.171625 0.079318 0.749057 98.468227 265.335366
28 37 36 0.236055 0.044240 0.719705 100.607458 263.233338
28 37 36 0.432715 0.131489 0.435796 108.070014 256.444497
28 29 37 0.797301 0.059143 0.143556 128.979591 241.498606
28 29 37 0.067050 0.098288 0.834661 129.990335 265.352747
28 29 37 0.171638 0.320927 0.507435 137.091781 249.463781
28 29 37 0.597024 0.180349 0.222628 131.628210 244.322640
28 29 37 0.012790 0.016993 0.970217 123.363297 269.694332
28 29 37 0.300941 0.649424 0.049636 153.029010 235.819703
28 29 37 0.737865 0.180566 0.081569 131.619073 237.671694
28 29 37 0.890790 0.078298 0.030912 131.084846 235.977570
28 29 37 0.755530 0.234189 0.010281 140.802821 236.275857
28 29 37 0.659668 0.288805 0.051527 138.182919 237.849554
29 38 37 0.771792 0.161389 0.066819 164.310423 241.582768
29 38 37 0.261934 0.618199 0.119868 157.522433 261.127003
29 38 37 0.591205 0.095149 0.313646 151.070489 249.064423
29 38 37 0.292407 0.045484 0.662109 137.966426 258.325192
29 38 37 0.255483 0.576337 0.168179 156.369411 262.520154
29 38 37 0.366400 0.235650 0.397950 147.187011 254.405158
29 38 37 0.387234 0.146836 0.465930 146.619375 256.966362
29 38 37 0.626586 0.256543 0.116871 160.307689 248.665576
29 38 37 0.457861 0.513544 0.028595 161.589240 259.606115
29 38 37 0.973026 0.025094 0.001880 167.008405 234.070682
29 30 38 0.819446 0.155559 0.024995 168.758108 231.141798
29 30 38 0.648253 0.179141 0.172606 170.558236 243.857955
29 30 38 0.592063 0.380593 0.027344 182.023170 235.861687
29 30 38 0.135241 0.025909 0.838850 161.371069 268.275139
29 30 38 0.565941 0.363255 0.070803 179.998823 238.616192
29 30 38 0.686095 0.279438 0.034467 177.171943 232.845786
29 30 38 0.550027 0.188238 0.261735 176.065559 244.741905
29 30 38 0.846870 0.046304 0.106825 165.376527 235.251374
29 30 38 0.015080 0.160246 0.824674 169.390743 264.839182
29 30 38 0.577320 0.266429 0.156251 175.051937 239.825872
30 39 38 0.347044 0.449639 0.203317 192.490976 256.517379
30 39 38 0.021422 0.338400 0.640178 177.727442 271.027709
30 39 38 0.717236 0.175977 0.106787 199.220151 243.610895
30 39 38 0.122396 0.762156 0.115448 197.097059 270.478156
30 39 38 0.093535 0.507580 0.398885 184.627800 268.235654
30 39 38 0.921139 0.001143 0.077718 199.548260 240.654315
30 39 38 0.745139 0.181006 0.073855 197.524612 241.246593
30 39 38 0.977684 0.014370 0.007946 204.029820 233.996655
30 39 38 0.288371 0.104926 0.606703 177.040866 261.153313
30 39 38 0.097828 0.059894 0.842278 171.575233 269.333056
30 31 39 0.794384 0.178238 0.027378 210.924259 236.239643
30 31 39 0.477264 0.001009 0.521727 205.657998 256.208589
30 31 39 0.872912 0.116915 0.010173 208.996394 235.689337
30 31 39 0.434445 0.181575 0.383980 212.081850 247.748074
30 31 39 0.604233 0.078982 0.316786 205.086051 250.981603
30 31 39 0.770074 0.072989 0.156938 206.105977 242.836032
30 31 39 0.766011 0.213839 0.020151 211.530096 233.988661
30 31 39 0.845264 0.113218 0.041518 205.157604 236.519551
30 31 39 0.032533 0.727680 0.239786 232.326685 242.099395
30 31 39 0.438745 0.315290 0.245965 214.468569 243.874437
31 40 39 0.101900 0.156311 0.741789 214.994797 271.043682
31 40 39 0.994936 0.000252 0.004812 244.482116 230.033535
31 40 39 0.866653 0.109861 0.023486 240.658948 240.200394
31 40 39 0.696557 0.103832 0.199611 231.037836 247.837461
31 40 39 0.082698 0.277979 0.639323 218.025174 267.847134
31 40 39 0.270029 0.136706 0.593265 219.492741 265.494239
31 40 39 0.391016 0.512400 0.096583 240.337851 258.104484
31 40 39 0.303721 0.209348 0.486931 224.637690 257.278900
31 40 39 0.253228 0.094933 0.651839 217.572378 261.184736
31 40 39 0.386454 0.584356 0.029190 243.309059 258.690839
31 32 40 0.416005 0.473355 0.110640 261.691665 238.271204
31 32 40 0.324477 0.117912 0.557611 244.375914 255.115288
31 32 40 0.692739 0.142191 0.165070 251.307655 241.625650
31 32 40 0.991397 0.003156 0.005448 245.986959 230.562048
31 32 40 0.145490 0.372964 0.481546 259.694324 254.801582
31 32 40 0.446697 0.526313 0.026990 263.120026 235.781693
31 32 40 0.550947 0.232934 0.216120 253.280582 243.587657
31 32 40 0.233643 0.024211 0.742145 241.901601 259.717976
31 32 40 0.192612 0.159340 0.648049 249.789250 257.604321
31 32 40 0.320529 0.061617 0.617854 245.705252 261.213286
32 41 40 0.460294 0.043864 0.495842 263.339637 257.492887
32 41 40 0.975510 0.015969 0.008521 282.903895 237.284866
32 41 40 0.297442 0.599572 0.102987 279.568159 263.517349
32 41 40 0.611788 0.333569 0.054643 283.379057 246.016355
32 41 40 0.722817 0.156329 0.120854 277.648976 246.350332
32 41 40 0.187309 0.568424 0.244267 275.414180 267.104035
32 41 40 0.664639 0.247160 0.088200 280.173505 245.876573
32 41 40 0.302774 0.328543 0.368683 267.377683 262.931030
32 41 40 0.002668 0.254646 0.742686 256.235419 274.001459
32 41 40 0.699343 0.129632 0.171025 273.599897 244.892388
32 33 41 0.977130 0.022417 0.000453 285.647527 232.047152
32 33 41 0.079758 0.373615 0.546627 299.881528 255.420658
32 33 41 0.542594 0.196505 0.260901 291.497962 244.047282
32 33 41 0.440521 0.497130 0.062350 299.938582 238.719694
32 33 41 0.916816 0.061737 0.021448 289.046729 232.738267
32 33 41 0.056760 0.757593 0.185646 317.277448 241.810312
32 33 41 0.118326 0.539117 0.342557 309.904636 244.965408
32 33 41 0.460586 0.394498 0.144916 299.299244 239.876201
32 33 41 0.990564 0.001847 0.007589 285.660313 233.336649
32 33 41 0.830756 0.000899 0.168345 284.879254 243.090704
33 42 41 0.478304 0.098924 0.422772 310.939439 253.279177
33 42 41 0.576077 0.333558 0.090365 324.141125 247.215170
33 42 41 0.640002 0.121863 0.238136 320.962182 246.564515
33 42 41 0.011711 0.109386 0.878903 289.878101 275.828395
33 42 41 0.401073 0.059463 0.539464 301.508639 258.279001
33 42 41 0.456113 0.097498 0.446390 305.716306 256.797512
33 42 41 0.025390 0.958180 0.016431 326.445555 269.936725
33 42 41 0.500778 0.260944 0.238278 315.249988 253.139185
33 42 41 0.260139 0.330578 0.409283 308.862431 263.991918
33 42 41 0.068383 0.577753 0.353865 310.316311 270.460271
33 34 42 0.324152 0.471880 0.203968 348.018326 241.007763
33 34 42 0.655747 0.084135 0.260118 328.871884 242.985304
33 34 42 0.530537 0.048139 0.421323 324.290802 250.659352
33 34 42 0.673031 0.309958 0.017012 340.343957 234.179263
33 34 42 0.189247 0.661173 0.149580 352.955372 237.464030
33 34 42 0.162967 0.158247 0.678785 331.570575 262.482440
33 34 42 0.105883 0.716442 0.177675 357.472411 240.770380
33 34 42 0.870168 0.127406 0.002425 332.065055 230.078692
33 34 42 0.565500 0.315964 0.118537 344.023462 239.138828
33 34 42 0.287784 0.427919 0.284297 347.430876 244.352785
34 43 42 0.346809 0.567341 0.085850 363.607097 262.404106
34 43 42 0.152609 0.723702 0.123689 367.429296 265.993026
34 43 42 0.875536 0.075786 0.048678 365.923341 236.854179
34 43 42 0.725486 0.073551 0.200963 363.399277 247.622764
34 43 42 0.019906 0.087921 0.892173 332.792416 276.899388
34 43 42 0.474353 0.513263 0.012384 371.614104 251.626954
34 43 42 0.243363 0.074634 0.682003 342.500504 263.788745
34 43 42 0.716597 0.174134 0.109268 363.416637 245.295517
34 43 42 0.209466 0.346161 0.444373 353.380576 264.787589
34 43 42 0.258351 0.278571 0.463078 349.168206 265.037543
34 35 43 0.265691 0.473596 0.260713 391.614660 243.372175
34 35 43 0.494189 0.490253 0.015558 389.980218 234.694180
34 35 43 0.421637 0.354006 0.224357 383.183313 243.137521
34 35 43 0.779728 0.062886 0.157386 373.613357 239.300877
34 35 43 0.365727 0.219929 0.414344 382.265699 249.206371
34 35 43 0.892129 0.035339 0.072532 369.313439 235.719525
34 35 43 0.538161 0.000739 0.461100 370.994659 252.169000
34 35 43 0.662659 0.264334 0.073007 380.084149 233.799691
34 35 43 0.426396 0.217210 0.356394 379.176481 247.161754
34 35 43 0.062671 0.288886 0.648442 381.049647 263.793450
35 44 43 0.366544 0.561624 0.071833 411.036340 261.176309
35 44 43 0.722320 0.103313 0.174367 403.238936 245.493513
35 44 43 0.192387 0.472096 0.335518 400.111768 267.077235
35 44 43 0.958710 0.034441 0.006850 411.302900 231.481122
35 44 43 0.781427 0.216998 0.001574 411.158140 241.461614
35 44 43 0.085479 0.670725 0.243796 403.470332 270.835560
35 44 43 0.750261 0.172490 0.077249 410.772469 242.337516
35 44 43 0.483114 0.457784 0.059103 412.271143 253.489664
35 44 43 0.694151 0.014776 0.291074 398.787773 242.268595
35 44 43 0.190811 0.063029 0.746160 382.416594 264.901296
36 37 45 0.525959 0.454725 0.019316 101.093775 273.623398
36 37 45 0.176221 0.391651 0.432128 99.020249 287.492620
36 37 45 0.480400 0.428659 0.090941 98.916643 275.429336
36 37 45 0.096106 0.691270 0.212624 113.366476 278.870729
36 37 45 0.156757 0.400714 0.442528 102.931138 289.180712
36 37 45 0.863896 0.098498 0.037606 86.764190 276.331443
36 37 45 0.223803 0.310727 0.465469 97.335109 286.939782
36 37 45 0.359500 0.412177 0.228323 99.355104 276.842531
36 37 45 0.300390 0.599671 0.099939 106.522348 274.085409
36 37 45 0.269794 0.022439 0.707767 83.061034 298.388955
37 46 45 0.411076 0.536292 0.052632 118.632574 292.824254
37 46 45 0.006555 0.054600 0.938845 87.477816 313.111433
37 46 45 0.157847 0.052110 0.790043 92.384284 307.460769
37 46 45 0.327032 0.538121 0.134847 117.331887 299.062299
37 46 45 0.270023 0.695661 0.034316 122.459618 305.098821
37 46 45 0.942202 0.029723 0.028076 119.559688 274.516677
37 46 45 0.433017 0.497178 0.069804 123.464190 294.219196
37 46 45 0.468759 0.348615 0.182626 118.224533 292.562361
37 46 45 0.600229 0.039623 0.360148 109.449300 285.008218
37 46 45 0.337757 0.334140 0.328103 111.355862 298.142982
37 38 46 0.224951 0.071573 0.703475 125.293926 298.303295
37 38 46 0.126351 0.360162 0.513486 140.944508 293.880135
37 38 46 0.880520 0.094801 0.024679 128.120241 272.837246
37 38 46 0.265487 0.453982 0.280531 140.537363 280.937787
37 38 46 0.967512 0.002203 0.030285 123.719080 268.214877
37 38 46 0.496117 0.357614 0.146269 137.035674 278.121523
37 38 46 0.089422 0.707901 0.202678 150.131620 281.154306
37 38 46 0.390963 0.544132 0.064905 145.727187 275.837265
37 38 46 0.208420 0.562057 0.229523 146.007911 283.628963
37 38 46 0.966585 0.004887 0.028528 124.670568 273.368311
38 47 46 0.121905 0.794307 0.083788 155.891296 309.046414
38 47 46 0.278209 0.630537 0.091255 160.371455 301.975741
38 47 46 0.517472 0.139804 0.342724 145.862824 292.752648
38 47 46 0.906512 0.086132 0.007356 161.956383 272.859771
38 47 46 0.058308 0.426916 0.514775 142.430220 309.179765
38 47 46 0.178800 0.393259 0.427941 146.098938 304.058493
38 47 46 0.458789 0.194859 0.346352 147.839612 297.544863
38 47 46 0.889067 0.101452 0.009481 160.917250 278.524429
38 47 46 0.557855 0.004383 0.437763 145.633090 293.045382
38 47 46 0.221660 0.695292 0.083048 160.828742 307.009605
38 39 47 0.337507 0.060926 0.601567 163.220416 296.300334
38 39 47 0.171266 0.214642 0.614092 172.938453 298.128755
38 39 47 0.775703 0.154419 0.069879 169.321608 276.510168
38 39 47 0.876827 0.064107 0.059066 164.619485 273.007578
38 39 47 0.073944 0.706434 0.219622 193.137209 279.815267
38 39 47 0.453299 0.432384 0.114317 180.593513 275.414626
38 39 47 0.531974 0.199925 0.268101 169.222357 281.606542
38 39 47 0.430410 0.257686 0.311905 172.778488 286.908469
38 39 47 0.483690 0.286297 0.230013 171.771574 280.256456
38 39 47 0.042318 0.135429 0.822253 168.298220 305.421598
39 48 47 0.533169 0.302970 0.163861 192.625920 289.049918
39 48 47 0.785736 0.150011 0.064253 195.913647 278.748804
39 48 47 0.608073 0.103368 0.288559 189.895745 289.510616
39 48 47 0.897264 0.073961 0.028775 201.378092 276.427391
39 48 47 0.128179 0.529570 0.342252 186.420908 310.782460
39 48 47 0.630752 0.169262 0.199986 194.916463 286.253619
39 48 47 0.940254 0.026895 0.032851 201.995910 278.392206
39 48 47 0.177270 0.791831 0.030899 194.964049 311.159739
39 48 47 0.368826 0.376154 0.255020 189.933533 299.268833
39 48 47 0.897057 0.005868 0.097075 200.460355 275.507197
39 40 48 0.816599 0.033645 0.149756 202.399192 278.888146
39 40 48 0.432469 0.005711 0.561820 200.652545 296.402255
39 40 48 0.062296 0.128563 0.809141 206.591156 310.009436
39 40 48 0.554309 0.100125 0.345566 204.517125 288.325731
39 40 48 0.868199 0.001265 0.130536 201.055332 280.050919
39 40 48 0.647051 0.079843 0.273106 203.239092 283.962636
39 40 48 0.986689 0.007671 0.005640 199.972351 273.953615
39 40 48 0.509987 0.273479 0.216534 213.973868 280.692031
39 40 48 0.808638 0.056337 0.135025 203.690970 281.471691
39 40 48 0.980235 0.007182 0.012583 201.209351 272.511670
40 49 48 0.220084 0.592497 0.187418 233.190120 308.937944
40 49 48 0.079239 0.785530 0.135231 236.887078 311.614911
40 49 48 0.925262 0.058634 0.016103 243.879163 274.278761
40 49 48 0.438096 0.378347 0.183558 232.251181 300.965879
40 49 48 0.285976 0.699294 0.014730 239.400475 302.998741
40 49 48 0.927130 0.026409 0.046460 238.120576 274.005203
40 49 48 0.550176 0.287234 0.162590 236.065113 292.159514
40 49 48 0.655868 0.160285 0.183848 235.146170 288.933022
40 49 48 0.533357 0.284088 0.182555 233.251753 288.575193
40 49 48 0.262292 0.192930 0.544777 217.243646 302.455018
40 41 49 0.898291 0.040946 0.060763 241.194462 276.891337
40 41 49 0.514145 0.399294 0.086561 259.840444 275.776106
40 41 49 0.476797 0.163757 0.359446 246.373204 292.705823
40 41 49 0.510202 0.043897 0.445901 246.569309 294.849916
40 41 49 0.555838 0.409222 0.034939 260.209884 272.960872
40 41 49 0.731372 0.229963 0.038665 251.503143 277.338388
40 41 49 0.538467 0.270318 0.191215 253.356486 282.423650
40 41 49 0.611270 0.186284 0.202445 251.678459 283.033262
40 41 49 0.712885 0.168353 0.118762 248.292303 281.986426
40 41 49 0.146264 0.118512 0.735223 242.461746 301.481067
41 50 49 0.653430 0.233656 0.112914 278.163372 290.675679
41 50 49 0.225538 0.436324 0.338138 269.885936 303.948807
41 50 49 0.666942 0.312241 0.020817 283.443603 289.526644
41 50 49 0.994417 0.003950 0.001633 286.276559 274.064778
41 50 49 0.036491 0.782904 0.180606 278.555293 316.685340
41 50 49 0.330616 0.505722 0.163661 276.813438 301.412733
41 50 49 0.665569 0.125253 0.209178 273.133515 285.444390
41 50 49 0.182178 0.561429 0.256393 274.709984 305.444324
41 50 49 0.040371 0.074808 0.884821 243.746822 313.698296
41 50 49 0.630377 0.211528 0.158095 276.778867 291.065687
41 42 50 0.070045 0.608558 0.321397 310.487693 288.503355
41 42 50 0.728337 0.059399 0.212263 283.400938 285.520740
41 42 50 0.061037 0.128258 0.810705 290.880711 305.407643
41 42 50 0.006079 0.933289 0.060631 324.635884 273.718130
41 42 50 0.089761 0.578258 0.331981 307.204553 284.792740
41 42 50 0.122075 0.653610 0.224315 309.130006 284.340724
41 42 50 0.348287 0.225190 0.426523 298.963545 293.072005
41 42 50 0.152575 0.066598 0.780827 284.209679 306.386116
41 42 50 0.456232 0.352371 0.191397 302.027175 282.028170
41 42 50 0.352035 0.266937 0.381028 296.784228 288.304022
42 51 50 0.729241 0.183304 0.087454 324.444599 281.988796
42 51 50 0.111300 0.495279 0.393421 313.981172 313.404536
42 51 50 0.468065 0.142175 0.389760 312.408212 298.377955
42 51 50 0.459617 0.004087 0.536296 301.702369 298.057631
42 51 50 0.257839 0.489321 0.252840 318.307155 303.309194
42 51 50 0.172277 0.186388 0.641334 296.816623 305.655071
42 51 50 0.338416 0.415957 0.245628 314.708935 303.038038
42 51 50 0.184149 0.535626 0.280225 317.967466 312.502265
42 51 50 0.450585 0.238420 0.310995 313.188885 297.466456
42 51 50 0.486676 0.257150 0.256175 315.972816 297.230825
42 43 51 0.048926 0.593227 0.357848 353.770063 290.913288
42 43 51 0.151462 0.660828 0.187711 357.832226 283.223793
42 43 51 0.902406 0.031544 0.066050 331.881306 277.064268
42 43 51 0.920667 0.006309 0.073025 324.302598 276.187694
42 43 51 0.618057 0.053215 0.328728 330.904221 288.857062
42 43 51 0.424335 0.287048 0.288617 337.099060 285.753086
42 43 51 0.842247 0.061298 0.096455 330.894213 275.111998
42 43 51 0.187263 0.467304 0.345433 355.609345 292.476275
42 43 51 0.916291 0.014987 0.068722 327.680976 274.976407
42 43 51 0.556519 0.357513 0.085969 343.509635 274.516918
43 52 51 0.554357 0.027424 0.418219 352.085429 291.833237
43 52 51 0.616383 0.325348 0.058270 369.424587 292.026876
43 52 51 0.386696 0.069177 0.544127 346.910294 302.642437
43 52 51 0.636073 0.231425 0.132502 364.438025 289.355963
43 52 51 0.600489 0.394845 0.004667 369.118018 292.609965
43 52 51 0.544801 0.018653 0.436545 355.180821 293.823955
43 52 51 0.662382 0.079227 0.258392 361.805577 288.711408
43 52 51 0.641671 0.088607 0.269722 359.414420 290.064457
43 52 51 0.070539 0.725416 0.204045 359.381408 313.505751
43 52 51 0.476027 0.406832 0.117141 367.419524 296.272349
43 44 52 0.300664 0.380264 0.319072 384.943547 289.814431
43 44 52 0.139429 0.407563 0.453008 390.355721 293.980684
43 44 52 0.303824 0.212919 0.483256 378.584889 293.178434
43 44 52 0.641071 0.159314 0.199615 378.671784 280.943891
43 44 52 0.092547 0.012925 0.894528 370.892714 313.284690
43 44 52 0.368358 0.592237 0.039406 396.507145 274.571928
43 44 52 0.487871 0.102485 0.409644 376.759712 293.594172
43 44 52 0.613021 0.115544 0.271435 376.079554 287.923956
43 44 52 0.466711 0.439985 0.093304 389.599592 275.510286
43 44 52 0.772504 0.174557 0.052939 381.026727 277.757187
44 53 52 0.599344 0.186225 0.214431 407.079795 294.439359
44 53 52 0.242921 0.343457 0.413622 399.407728 310.815031
44 53 52 0.610472 0.262623 0.126905 412.442482 292.033379
44 53 52 0.826947 0.009283 0.163770 407.592675 283.621392
44 53 52 0.951024 0.032470 0.016506 415.787747 274.456422
44 53 52 0.701234 0.143781 0.154984 409.741837 288.575038
44 53 52 0.355938 0.508971 0.135091 410.881608 306.408784
44 53 52 0.884279 0.049330 0.066391 416.949191 280.279879
44 53 52 0.562822 0.234766 0.202411 406.185123 294.161696
44 53 52 0.230675 0.562306 0.207019 409.489943 312.874120
45 46 54 0.447573 0.492566 0.059861 101.555618 314.120505
45 46 54 0.049005 0.056718 0.894278 90.023791 343.166993
45 46 54 0.661112 0.212824 0.126063 95.833973 315.655969
45 46 54 0.090496 0.276347 0.633157 96.534194 334.193861
45 46 54 0.129632 0.427715 0.442653 107.548186 326.551427
45 46 54 0.664828 0.041106 0.294066 85.232049 324.237852
45 46 54 0.495226 0.093009 0.411765 93.684240 327.909301
45 46 54 0.008976 0.349742 0.641282 98.086277 337.204672
45 46 54 0.035895 0.078096 0.886010 89.628402 344.344027
45 46 54 0.554433 0.042535 0.403033 90.558265 322.703008
46 55 54 0.552434 0.196927 0.250639 115.574032 327.086641
46 55 54 0.259951 0.251281 0.488768 105.292807 339.828925
46 55 54 0.796521 0.194949 0.008530 124.040442 323.058648
46 55 54 0.461681 0.096671 0.441648 108.366632 332.886332
46 55 54 0.063367 0.047110 0.889523 89.503556 351.301612
46 55 54 0.738503 0.069906 0.191591 115.190376 322.923537
46 55 54 0.013824 0.329363 0.656812 100.299655 347.155775
46 55 54 0.989052 0.004195 0.006753 120.733006 311.541623
46 55 54 0.721069 0.047087 0.231843 117.045496 322.082646
46 55 54 0.203471 0.733945 0.062584 126.019034 347.183767
46 47 55 0.602852 0.012815 0.384333 124.609731 326.858712
46 47 55 0.081659 0.264720 0.653621 133.266566 336.690886
46 47 55 0.702687 0.156585 0.140728 132.013502 319.264911
46 47 55 0.629922 0.308766 0.061312 134.471131 317.756452
46 47 55 0.110904 0.449013 0.440083 138.963625 329.633216
46 47 55 0.799862 0.192201 0.007937 129.034511 313.247397
46 47 55 0.927421 0.046682 0.025897 124.346449 317.450236
46 47 55 0.555563 0.197984 0.246453 130.281441 320.386867
46 47 55 0.950043 0.010802 0.039155 123.311198 316.335965
46 47 55 0.452383 0.362914 0.184703 137.366526 323.755672
47 56 55 0.873281 0.085009 0.041710 159.168527 318.476457
47 56 55 0.341798 0.201261 0.456941 144.206408 338.432136
47 56 55 0.512062 0.252157 0.235781 151.140054 336.577621
47 56 55 0.187049 0.260839 0.552112 142.270573 345.901913
47 56 55 0.760356 0.006378 0.233266 153.700621 321.767539
47 56 55 0.651004 0.210993 0.138004 157.771658 326.076681
47 56 55 0.641492 0.055434 0.303075 152.754919 325.873479
47 56 55 0.621482 0.169172 0.209347 155.266485 328.445389
47 56 55 0.960192 0.038459 0.001349 159.156530 314.265987
47 56 55 0.423590 0.465321 0.111089 158.846442 340.795239
47 48 56 0.059932 0.036401 0.903667 166.333919 350.870249
47 48 56 0.769578 0.145814 0.084608 167.317590 316.606559
47 48 56 0.815366 0.137779 0.046855 163.863137 316.011155
47 48 56 0.024298 0.590730 0.384972 184.979722 332.201206
47 48 56 0.518424 0.442358 0.039218 181.336529 316.425629
47 48 56 0.973951 0.017256 0.008793 166.350912 311.587983
47 48 56 0.372986 0.589065 0.037949 184.602515 317.847295
47 48 56 0.066306 0.082285 0.851409 165.176138 348.798593
47 48 56 0.801169 0.133713 0.065118 171.581599 317.923453
47 48 56 0.407095 0.446254 0.146651 178.019830 319.682313
48 57 56 0.597636 0.235256 0.167107 193.545806 329.792526
48 57 56 0.552186 0.024976 0.422838 185.733128 330.747389
48 57 56 0.378828 0.249018 0.372154 188.037828 339.929828
48 57 56 0.707581 0.027955 0.264464 188.149560 329.724890
48 57 56 0.572960 0.161297 0.265744 192.789390 334.495070
48 57 56 0.319922 0.480402 0.199676 193.598246 338.795806
48 57 56 0.637783 0.343566 0.018651 197.667152 330.600914
48 57 56 0.013561 0.240656 0.745783 174.392639 350.485777
48 57 56 0.661109 0.150139 0.188752 195.261956 326.458321
48 57 56 0.934148 0.045927 0.019925 197.058543 319.937492
48 49 57 0.959272 0.014698 0.026030 197.256384 313.863788
48 49 57 0.169395 0.080985 0.749620 205.326284 343.863316
48 49 57 0.836333 0.094496 0.069171 202.089866 318.792310
48 49 57 0.492944 0.324150 0.182906 210.309112 322.449858
48 49 57 0.811646 0.139524 0.048830 203.795345 316.116344
48 49 57 0.831086 0.033440 0.135474 198.534594 320.632221
48 49 57 0.824405 0.160784 0.014811 207.152168 318.970570
48 49 57 0.208714 0.348072 0.443215 217.315882 331.543438
48 49 57 0.469114 0.205227 0.325660 206.788347 326.591081
48 49 57 0.446296 0.524244 0.029460 220.822759 317.852402
49 58 57 0.077969 0.911746 0.010285 240.691244 351.278264
49 58 57 0.496670 0.118695 0.384635 225.138841 332.532762
49 58 57 0.038229 0.049289 0.912481 206.268113 356.345550
49 58 57 0.623066 0.182220 0.194714 233.374530 328.243627
49 58 57 0.165646 0.016905 0.817448 213.789273 345.623867
49 58 57 0.475601 0.474405 0.049994 242.276487 337.665942
49 58 57 0.437359 0.210831 0.351810 231.568875 332.887552
49 58 57 0.912277 0.021657 0.066066 238.490616 320.016045
49 58 57 0.189875 0.291404 0.518721 219.596581 342.907513
49 58 57 0.422422 0.339342 0.238236 230.940556 334.988121
49 50 58 0.442704 0.308678 0.248617 255.244599 322.349247
49 50 58 0.013899 0.465408 0.520693 262.780672 333.914458
49 50 58 0.173351 0.016765 0.809884 245.430729 347.548897
49 50 58 0.097545 0.196508 0.705946 253.593256 340.101105
49 50 58 0.466870 0.021413 0.511717 243.107759 333.766226
49 50 58 0.205034 0.402986 0.391980 259.406829 329.785629
49 50 58 0.285605 0.270708 0.443686 256.071124 333.364028
49 50 58 0.788918 0.086253 0.124828 245.371672 320.153424
49 50 58 0.194053 0.479170 0.326778 258.838418 329.017286
49 50 58 0.216972 0.776020 0.007008 274.726104 316.158593
50 59 58 0.737312 0.033843 0.228845 273.646558 328.556914
50 59 58 0.935636 0.033815 0.030549 283.962747 317.078802
50 59 58 0.934408 0.053354 0.012238 286.169523 317.147700
50 59 58 0.868597 0.129367 0.002036 282.967576 321.496474
50 59 58 0.460481 0.277591 0.261928 272.168064 337.420619
50 59 58 0.926664 0.031098 0.042238 281.303989 317.009831
50 59 58 0.504651 0.063845 0.431504 265.944849 333.194591
50 59 58 0.629965 0.141413 0.228622 275.733371 333.245076
50 59 58 0.871490 0.069903 0.058607 281.419788 320.268735
50 59 58 0.575657 0.257643 0.166699 276.565100 333.095172
50 51 59 0.102358 0.020189 0.877453 284.126975 350.671909
50 51 59 0.449386 0.095838 0.454776 292.205911 332.597963
50 51 59 0.203579 0.792578 0.003843 321.552386 315.152032
50 51 59 0.231663 0.280139 0.488198 296.218282 330.954142
50 51 59 0.677197 0.168975 0.153828 294.162243 320.181633
50 51 59 0.258311 0.400433 0.341255 298.145339 326.126397
50 51 59 0.135677 0.377123 0.487200 299.119105 335.957080
50 51 59 0.716518 0.273107 0.010375 295.833516 319.226810
50 51 59 0.535302 0.086816 0.377882 290.102441 334.318064
50 51 59 0.717688 0.243191 0.039121 292.474437 317.800039
51 60 59 0.520178 0.010375 0.469447 307.845668 337.161767
51 60 59 0.926746 0.051249 0.022005 323.244948 320.662113
51 60 59 0.481151 0.256692 0.262156 317.339636 341.819303
51 60 59 0.094068 0.793317 0.112615 322.779139 352.983880
51 60 59 0.662517 0.184945 0.152538 317.337177 331.108437
51 60 59 0.893196 0.027255 0.079549 321.619093 318.384854
51 60 59 0.811111 0.102970 0.085920 323.056819 325.032381
51 60 59 0.800477 0.021595 0.177927 317.655803 321.545168
51 60 59 0.946125 0.003999 0.049876 325.566982 317.330317
51 60 59 0.461307 0.389491 0.149202 319.478684 337.470455
51 52 60 0.248478 0.056492 0.695030 325.958494 345.132135
51 52 60 0.873593 0.084685 0.041722 330.931137 316.376199
51 52 60 0.474837 0.050874 0.474289 327.674148 334.077479
51 52 60 0.078004 0.876824 0.045172 363.669957 318.054974
51 52 60 0.793490 0.016714 0.189796 325.886187 324.954310
51 52 60 0.900561 0.003247 0.096192 325.273540 318.023719
51 52 60 0.686886 0.012225 0.300889 326.338193 328.835422
51 52 60 0.096185 0.318708 0.585107 336.885399 337.839815
51 52 60 0.967976 0.014257 0.017767 325.596341 317.707441
51 52 60 0.669543 0.167346 0.163112 333.972178 322.884702
52 61 60 0.504774 0.256912 0.238314 362.300349 337.741957
52 61 60 0.912201 0.036280 0.051519 366.640799 318.639778
52 61 60 0.692736 0.274100 0.033164 367.474542 329.959807
52 61 60 0.907011 0.005720 0.087270 367.028797 320.850325
52 61 60 0.515429 0.412296 0.072275 366.623665 339.581571
52 61 60 0.500477 0.322680 0.176844 358.358540 337.988579
52 61 60 0.694269 0.145612 0.160119 362.981203 330.434138
52 61 60 0.094992 0.803493 0.101515 364.796901 354.797633
52 61 60 0.978885 0.020689 0.000426 369.181630 319.335204
52 61 60 0.645454 0.054183 0.300363 359.067393 334.567538
52 53 61 0.902673 0.088585 0.008741 372.198062 319.232560
52 53 61 0.624740 0.261511 0.113749 383.785809 324.116022
52 53 61 0.201656 0.479990 0.318354 394.544014 331.985164
52 53 61 0.080214 0.028097 0.891689 368.190445 352.003719
52 53 61 0.103856 0.165611 0.730533 378.682917 349.547961
52 53 61 0.191866 0.335404 0.472729 384.651659 339.116496
52 53 61 0.620451 0.011354 0.368195 366.598638 331.337996
52 53 61 0.571770 0.171038 0.257192 375.224625 327.500330
52 53 61 0.294442 0.662575 0.042983 397.516526 321.257281
52 53 61 0.517615 0.147735 0.334650 374.739685 333.313578
53 62 61 0.738260 0.037870 0.223871 406.031339 333.391797
53 62 61 0.318611 0.458127 0.223262 405.062115 348.193043
53 62 61 0.088175 0.422084 0.489741 389.945753 356.785384
53 62 61 0.306862 0.657809 0.035329 412.410052 346.087463
53 62 61 0.916961 0.002958 0.080081 412.536558 325.279033
53 62 61 0.524531 0.112212 0.363256 400.513327 337.647847
53 62 61 0.011471 0.057862 0.930667 372.880643 357.277377
53 62 61 0.424319 0.548190 0.027491 416.547033 341.662401
53 62 61 0.801867 0.050367 0.147766 410.450187 323.846939
53 62 61 0.725849 0.200167 0.073984 412.305884 332.230709
54 55 63 0.733934 0.121622 0.144444 91.434330 357.108743
54 55 63 0.290743 0.537049 0.172208 110.020688 357.715625
54 55 63 0.488230 0.399739 0.112031 101.642558 354.939634
54 55 63 0.925683 0.002419 0.071898 87.831018 353.207674
54 55 63 0.918669 0.060664 0.020667 90.044605 350.805046
54 55 63 0.097195 0.688436 0.214369 115.643436 356.900159
54 55 63 0.311375 0.008754 0.679871 93.060398 373.571260
54 55 63 0.354428 0.498092 0.147480 100.375437 352.850981
54 55 63 0.383365 0.602251 0.014384 112.084865 349.447919
54 55 63 0.732358 0.006067 0.261575 88.173643 357.637804
55 64 63 0.947607 0.035736 0.016658 123.436608 350.545139
55 64 63 0.422365 0.000356 0.577279 107.547088 367.869002
55 64 63 0.030220 0.101197 0.868583 96.876183 379.991410
55 64 63 0.592778 0.019236 0.387986 110.673076 362.822171
55 64 63 0.748947 0.136979 0.114074 123.852964 358.457393
55 64 63 0.030216 0.583458 0.386325 114.047493 385.566747
55 64 63 0.111192 0.730852 0.157957 126.968382 376.415237
55 64 63 0.457961 0.174469 0.367570 115.543589 368.047085
55 64 63 0.040778 0.509172 0.450050 110.913464 380.068564
55 64 63 0.731241 0.153710 0.115049 124.744158 359.924594
55 56 64 0.806210 0.020560 0.173230 130.003342 355.592716
55 56 64 0.199838 0.371776 0.428386 142.920830 365.636713
55 56 64 0.366089 0.365596 0.268316 138.952723 360.642743
55 56 64 0.428918 0.327218 0.243864 139.731027 357.588751
55 56 64 0.323744 0.387772 0.288483 141.144267 362.823077
55 56 64 0.891334 0.078413 0.030253 128.123409 354.508201
55 56 64 0.803855 0.192883 0.003263 133.322659 352.199494
55 56 64 0.107792 0.657111 0.235097 150.706858 357.466014
55 56 64 0.928138 0.050391 0.021470 126.423925 350.762261
55 56 64 0.667777 0.230188 0.102035 136.996396 354.737211
56 65 64 0.852850 0.072176 0.074975 162.307218 359.851845
56 65 64 0.403374 0.374562 0.222064 165.216348 369.032222
56 65 64 0.984392 0.012024 0.003584 167.204461 354.290058
56 65 64 0.499047 0.446608 0.054345 166.064347 366.664556
56 65 64 0.703062 0.204083 0.092856 160.977991 362.499896
56 65 64 0.114311 0.238550 0.647139 144.829330 377.635193
56 65 64 0.672743 0.266038 0.061218 158.764153 364.720715
56 65 64 0.503316 0.119372 0.377312 149.924395 369.994687
56 65 64 0.203434 0.027000 0.769566 137.096466 378.839566
56 65 64 0.894920 0.003398 0.101681 162.587549 356.739507
56 57 65 0.101793 0.759793 0.138414 195.210039 357.113608
56 57 65 0.327311 0.542426 0.130263 186.520452 356.498649
56 57 65 0.612995 0.158507 0.228498 171.492139 361.151624
56 57 65 0.109659 0.767153 0.123188 195.374084 353.952891
56 57 65 0.992160 0.005539 0.002301 163.668565 355.857441
56 57 65 0.165820 0.374917 0.459263 177.687135 364.420036
56 57 65 0.490408 0.155021 0.354570 170.725632 363.704576
56 57 65 0.706517 0.015910 0.277573 165.112264 361.345261
56 57 65 0.031343 0.247163 0.721494 176.495101 377.654778
56 57 65 0.569443 0.333950 0.096608 178.940886 358.596467
57 66 65 0.830163 0.129774 0.040063 200.057232 359.110765
57 66 65 0.809663 0.015556 0.174781 198.525809 358.076157
57 66 65 0.265412 0.699319 0.035269 207.888916 380.745207
57 66 65 0.643204 0.200356 0.156440 197.797841 363.964213
57 66 65 0.347662 0.430040 0.222298 195.149555 372.807947
57 66 65 0.100645 0.002628 0.896726 168.313735 380.391265
57 66 65 0.895466 0.079104 0.025430 201.494612 358.138465
57 66 65 0.291534 0.114724 0.593742 184.217698 376.378431
57 66 65 0.507051 0.144150 0.348799 192.259857 368.929651
57 66 65 0.473185 0.469710 0.057105 206.180348 370.910970
57 58 66 0.084428 0.109409 0.806162 210.355495 380.266254
57 58 66 0.027815 0.673692 0.298493 230.840269 365.437632
57 58 66 0.408547 0.067136 0.524317 209.338588 367.160587
57 58 66 0.402736 0.110997 0.486267 209.124860 370.196083
57 58 66 0.815025 0.049602 0.135374 207.151341 356.913876
57 58 66 0.433387 0.162218 0.404395 211.400922 366.293075
57 58 66 0.670544 0.162320 0.167135 205.312214 357.671746
57 58 66 0.058594 0.688330 0.253075 232.420314 360.572492
57 58 66 0.906982 0.000195 0.092823 203.141165 352.490366
57 58 66 0.345306 0.428427 0.226267 221.250991 358.784340
58 67 66 0.833328 0.026339 0.140333 242.294525 360.429754
58 67 66 0.114131 0.453628 0.432241 226.913131 385.829299
58 67 66 0.168678 0.083368 0.747954 213.196468 382.349415
58 67 66 0.288741 0.322073 0.389185 226.919877 376.805187
58 67 66 0.366202 0.592552 0.041245 241.242247 376.577367
58 67 66 0.890574 0.035847 0.073580 241.706399 356.105373
58 67 66 0.882020 0.077403 0.040576 240.201031 358.347398
58 67 66 0.731093 0.023240 0.245667 237.278923 358.762387
58 67 66 0.653840 0.306899 0.039260 241.248392 367.102001
58 67 66 0.878488 0.067940 0.053572 238.322737 353.758227
58 59 67 0.058097 0.764455 0.177448 277.090071 358.155762
58 59 67 0.742284 0.242285 0.015431 250.312222 355.599960
58 59 67 0.970865 0.003648 0.025487 243.542595 353.220065
58 59 67 0.286979 0.105354 0.607666 247.550348 373.873351
58 59 67 0.570114 0.354355 0.075531 258.361241 359.071833
58 59 67 0.091276 0.644698 0.264027 271.146378 366.707296
58 59 67 0.718884 0.145215 0.135901 248.607518 359.774233
58 59 67 0.415227 0.128732 0.456042 248.368967 367.869919
58 59 67 0.597808 0.317593 0.084600 256.481707 355.778026
58 59 67 0.553313 0.217454 0.229233 251.234508 362.391127
59 68 67 0.627176 0.256250 0.116574 278.842321 369.247946
59 68 67 0.024599 0.620712 0.354689 270.475051 386.581466
59 68 67 0.036706 0.825889 0.137405 276.123429 386.424078
59 68 67 0.525065 0.110154 0.364781 269.917380 374.703008
59 68 67 0.804233 0.167050 0.028717 280.660865 363.314810
59 68 67 0.446253 0.451020 0.102727 282.355328 374.887824
59 68 67 0.842798 0.082109 0.075093 277.969325 360.192843
59 68 67 0.805486 0.075633 0.118881 279.349384 362.761662
59 68 67 0.368366 0.409348 0.222285 271.144887 375.855608
59 68 67 0.647636 0.084373 0.267991 277.679891 367.578009
59 60 68 0.475941 0.109599 0.414460 286.473329 368.071986
59 60 68 0.110742 0.584968 0.304290 306.213028 370.124530
59 60 68 0.074652 0.570527 0.354820 308.062438 369.222204
59 60 68 0.388702 0.551204 0.060094 305.617357 359.488337
59 60 68 0.294420 0.615783 0.089797 307.802825 359.423777
59 60 68 0.628749 0.088666 0.282585 284.781019 364.810972
59 60 68 0.645248 0.339931 0.014821 299.559914 360.733607
59 60 68 0.505283 0.008924 0.485793 284.128781 371.295453
59 60 68 0.492030 0.241794 0.266176 294.762938 367.491234
59 60 68 0.892610 0.065089 0.042301 285.645577 357.885741
60 69 68 0.675414 0.291291 0.033295 323.601209 366.170749
60 69 68 0.251485 0.726649 0.021866 322.627596 383.266265
60 69 68 0.041313 0.674451 0.284236 311.036191 390.026279
60 69 68 0.582317 0.327461 0.090222 318.941914 373.369104
60 69 68 0.237746 0.186775 0.575479 300.290846 380.100156
60 69 68 0.949478 0.027225 0.023297 327.223365 359.582389
60 69 68 0.059562 0.240229 0.700209 292.824563 387.882521
60 69 68 0.712995 0.162155 0.124850 320.755441 368.336688
60 69 68 0.958717 0.024525 0.016758 325.824435 357.889741
60 69 68 0.781530 0.037348 0.181122 317.868894 364.584260
60 61 69 0.310657 0.323390 0.365953 334.757928 372.577330
60 61 69 0.547000 0.125301 0.327698 331.312442 369.751700
60 61 69 0.977114 0.015469 0.007417 327.385044 358.828925
60 61 69 0.025420 0.552345 0.422236 348.594980 375.458862
60 61 69 0.905487 0.055378 0.039135 326.118736 362.897607
60 61 69 0.648176 0.034172 0.317651 324.886848 368.105768
60 61 69 0.891041 0.060793 0.048166 325.605205 356.752755
60 61 69 0.025385 0.142586 0.832030 326.761522 385.436740
60 61 69 0.316657 0.419271 0.264073 340.292772 366.351710
60 61 69 0.148643 0.439624 0.411732 343.506186 374.367679
61 70 69 0.380757 0.355126 0.264117 358.071987 380.827571
61 70 69 0.118122 0.629287 0.252591 355.774125 390.413382
61 70 69 0.620605 0.021390 0.358004 354.592010 373.709978
61 70 69 0.978945 0.017122 0.003933 368.311071 359.446039
61 70 69 0.135087 0.084043 0.780870 331.622707 388.055368
61 70 69 0.546256 0.018575 0.435169 349.513143 375.599320
61 70 69 0.676437 0.320146 0.003417 368.557760 372.290648
61 70 69 0.483187 0.287917 0.228896 356.344819 379.947058
61 70 69 0.064833 0.260186 0.674981 334.256844 390.793203
61 70 69 0.507569 0.100375 0.392056 354.031031 376.484648
61 62 70 0.855389 0.013421 0.131189 373.493402 361.367609
61 62 70 0.577149 0.367357 0.055494 384.167676 359.339360
61 62 70 0.695400 0.115251 0.189350 372.658703 365.595572
61 62 70 0.287772 0.179283 0.532945 373.064720 375.677148
61 62 70 0.462036 0.237105 0.300859 382.162297 370.844277
61 62 70 0.232410 0.403418 0.364171 383.333209 375.076357
61 62 70 0.588946 0.053896 0.357158 370.207358 372.611827
61 62 70 0.512947 0.156740 0.330313 374.631624 369.154480
61 62 70 0.543957 0.448451 0.007592 392.621595 361.734828
61 62 70 0.294629 0.547910 0.157461 394.400018 366.392629
62 71 70 0.772209 0.025407 0.202384 400.963426 369.319469
62 71 70 0.346857 0.259580 0.393563 392.483708 380.845805
62 71 70 0.117986 0.414230 0.467784 385.046656 388.615103
62 71 70 0.925367 0.056598 0.018035 416.790474 360.781401
62 71 70 0.869618 0.091030 0.039352 414.445915 364.409205
62 71 70 0.678540 0.247589 0.073871 407.677642 372.654403
62 71 70 0.479039 0.409473 0.111488 406.379996 376.954403
62 71 70 0.687348 0.017040 0.295612 400.543508 370.123894
62 71 70 0.893507 0.046639 0.059854 410.272337 361.454973
62 71 70 0.107760 0.437076 0.455163 387.562171 393.679931
63 64 72 0.486241 0.108457 0.405302 100.021863 388.930026
63 64 72 0.328072 0.092902 0.579026 101.435711 392.759792
63 64 72 0.715649 0.063344 0.221008 98.519215 386.838849
63 64 72 0.185675 0.248768 0.565556 110.424402 396.880749
63 64 72 0.879357 0.009997 0.110646 95.811941 385.949970
63 64 72 0.710963 0.039955 0.249082 98.331857 388.716715
63 64 72 0.867544 0.040806 0.091650 98.697619 382.492274
63 64 72 0.733267 0.262120 0.004613 102.560128 378.519930
63 64 72 0.616275 0.157883 0.225843 104.740384 385.703570
63 64 72 0.323849 0.500305 0.175846 114.343161 386.514708
64 73 72 0.116685 0.170028 0.713288 112.933376 402.010091
64 73 72 0.583216 0.205968 0.210815 127.225996 391.084237
64 73 72 0.303685 0.315529 0.380786 126.641768 399.495667
64 73 72 0.226926 0.181712 0.591361 117.424330 398.274646
64 73 72 0.906349 0.092911 0.000740 132.776519 388.250923
64 73 72 0.199811 0.064006 0.736183 112.065434 402.320000
64 73 72 0.550425 0.376032 0.073543 135.021939 394.840960
64 73 72 0.325650 0.652306 0.022044 139.382487 401.754639
64 73 72 0.357767 0.588457 0.053776 134.491297 399.847450
64 73 72 0.004466 0.411867 0.583667 114.668578 404.805926
64 65 73 0.173247 0.229742 0.597011 143.129669 401.727682
64 65 73 0.596672 0.071832 0.331496 134.670195 392.709507
64 65 73 0.568891 0.222734 0.208375 139.438951 391.405548
64 65 73 0.278981 0.548696 0.172323 151.739765 388.730629
64 65 73 0.403196 0.040060 0.556744 137.246284 396.907473
64 65 73 0.552392 0.334097 0.113511 144.347640 393.666726
64 65 73 0.873613 0.027808 0.098579 133.722989 386.176223
64 65 73 0.290969 0.286373 0.422658 146.760868 394.639052
64 65 73 0.971554 0.012260 0.016186 132.681438 382.596971
64 65 73 0.365509 0.379797 0.254695 148.938927 390.722387
65 74 73 0.405466 0.585495 0.009039 172.554755 399.275738
65 74 73 0.882914 0.052182 0.064904 166.882153 385.671594
65 74 73 0.062739 0.160268 0.776992 146.830446 405.991564
65 74 73 0.162865 0.205460 0.631676 151.132007 403.432132
65 74 73 0.170582 0.755484 0.073934 170.921472 402.484646
65 74 73 0.171526 0.258590 0.569884 154.282448 406.469178
65 74 73 0.504651 0.244026 0.251322 164.817246 396.824548
65 74 73 0.102912 0.162101 0.734988 148.882344 404.095793
65 74 73 0.001992 0.610243 0.387765 160.889616 408.485576
65 74 73 0.337127 0.299756 0.363117 161.176153 398.340806
65 66 74 0.501874 0.138231 0.359894 172.837449 395.787259
65 66 74 0.641816 0.290967 0.067218 180.472715 389.381410
65 66 74 0.410569 0.376491 0.212940 187.305681 392.155865
65 66 74 0.328623 0.554764 0.116613 190.491737 385.120950
65 66 74 0.149617 0.659544 0.190839 193.792807 389.426893
65 66 74 0.510811 0.178052 0.311137 176.179889 394.483354
65 66 74 0.768437 0.036920 0.194643 168.758834 386.566250
65 66 74 0.266437 0.665983 0.067581 187.660801 392.986628
65 66 74 0.849212 0.134915 0.015873 173.153886 388.266624
65 66 74 0.893000 0.023727 0.083273 167.742749 386.298310
66 75 74 0.760980 0.238220 0.000800 207.388133 389.379268
66 75 74 0.796148 0.093754 0.110098 206.756382 392.086129
66 75 74 0.109719 0.560551 0.329730 199.254831 410.269218
66 75 74 0.003940 0.719599 0.276461 198.952192 409.265194
66 75 74 0.283341 0.143652 0.573007 190.111949 407.039666
66 75 74 0.154894 0.593470 0.251635 201.168847 409.031676
66 75 74 0.813072 0.146032 0.040896 209.399448 390.204130
66 75 74 0.728354 0.011943 0.259703 195.119851 392.382304
66 75 74 0.373606 0.321180 0.305214 197.954619 400.435287
66 75 74 0.988875 0.010958 0.000167 201.823780 387.126334
66 67 75 0.081798 0.542611 0.375591 229.257662 399.523676
66 67 75 0.817165 0.089397 0.093438 213.776295 391.304848
66 67 75 0.170152 0.530293 0.299554 228.301530 395.722815
66 67 75 0.857352 0.011216 0.131432 207.215430 389.053460
66 67 75 0.474817 0.183803 0.341380 216.098044 393.378831
66 67 75 0.325960 0.402083 0.271958 221.870514 396.279960
66 67 75 0.144208 0.527880 0.327912 227.433488 394.726522
66 67 75 0.001312 0.857493 0.141195 243.082766 389.593245
66 67 75 0.955049 0.012677 0.032274 207.186331 388.763136
66 67 75 0.685335 0.043381 0.271284 206.847788 397.840217
67 76 75 0.736884 0.101024 0.162092 238.897789 396.872908
67 76 75 0.453904 0.327276 0.218820 235.688573 403.004491
67 76 75 0.185160 0.024055 0.790785 215.448909 410.478884
67 76 75 0.075089 0.520600 0.404311 233.285971 410.197987
67 76 75 0.178064 0.570901 0.251035 236.694544 407.375340
67 76 75 0.932116 0.058080 0.009804 246.296513 386.734576
67 76 75 0.304250 0.385871 0.309879 236.482397 402.893329
67 76 75 0.328565 0.039692 0.631743 223.436937 404.322033
67 76 75 0.747147 0.245852 0.007001 246.725876 395.504133
67 76 75 0.313167 0.648612 0.038221 242.214658 405.260700
67 68 76 0.455442 0.283126 0.261432 256.151182 395.296297
67 68 76 0.884855 0.112075 0.003070 249.791012 391.792410
67 68 76 0.100564 0.803222 0.096214 274.232485 389.626509
67 68 76 0.203076 0.051562 0.745361 251.758744 408.333562
67 68 76 0.759863 0.041346 0.198791 247.273018 396.005111
67 68 76 0.575859 0.183713 0.240427 252.561105 397.133250
67 68 76 0.404656 0.423556 0.171788 259.443091 393.668395
67 68 76 0.539249 0.343826 0.116924 256.300831 395.192728
67 68 76 0.401490 0.576901 0.021609 266.156509 388.758989
67 68 76 0.160397 0.766322 0.073281 276.413058 393.281618
68 77 76 0.054093 0.806366 0.139541 278.185397 413.499470
68 77 76 0.690539 0.139234 0.170227 278.572432 393.183512
68 77 76 0.542301 0.169185 0.288514 271.501695 401.161756
68 77 76 0.129545 0.424800 0.445655 268.420240 410.155683
68 77 76 0.796564 0.037970 0.165466 276.231232 398.318392
68 77 76 0.325627 0.366855 0.307518 272.191930 401.031001
68 77 76 0.370891 0.390110 0.238999 275.837242 406.063766
68 77 76 0.844294 0.141695 0.014012 283.909693 396.628027
68 77 76 0.975205 0.009543 0.015252 282.383980 393.634099
68 77 76 0.673689 0.244827 0.081484 278.696948 398.917274
68 69 77 0.199714 0.237002 0.563284 289.952740 404.213951
68 69 77 0.712017 0.118692 0.169291 287.451774 395.349827
68 69 77 0.652669 0.114204 0.233127 284.989239 394.097050
68 69 77 0.515830 0.245836 0.238335 293.032865 394.781043
68 69 77 0.875996 0.111926 0.012079 288.054857 395.708845
68 69 77 0.184190 0.548599 0.267211 302.752200 397.600483
68 69 77 0.950298 0.013889 0.035813 279.774677 390.765162
68 69 77 0.386478 0.512073 0.101450 301.882531 393.683462
68 69 77 0.362488 0.138564 0.498948 290.198502 401.049226
68 69 77 0.472473 0.173954 0.353573 290.120823 397.551734
69 78 77 0.131023 0.107251 0.761726 292.291819 411.833543
69 78 77 0.418873 0.203949 0.377178 304.403416 408.238416
69 78 77 0.364794 0.443682 0.191524 318.388172 405.069643
69 78 77 0.267186 0.352715 0.380099 303.389857 410.028017
69 78 77 0.585009 0.361607 0.053384 321.598417 404.911217
69 78 77 0.006774 0.534098 0.459128 301.287333 419.910269
69 78 77 0.904490 0.021844 0.073666 318.095326 391.974151
69 78 77 0.855993 0.056025 0.087982 318.297916 394.474596
69 78 77 0.905408 0.043070 0.051523 320.997573 397.253332
69 78 77 0.420901 0.164305 0.414795 304.958618 405.852407
69 70 78 0.539924 0.161100 0.298976 329.890681 399.218593
69 70 78 0.423921 0.446726 0.129353 340.573237 391.626534
69 70 78 0.857941 0.134343 0.007717 327.811753 390.337395
69 70 78 0.324151 0.154075 0.521775 331.651576 402.774696
69 70 78 0.787802 0.005190 0.207007 322.895203 399.580405
69 70 78 0.237994 0.025778 0.736227 327.238261 406.869379
69 70 78 0.700944 0.194619 0.104437 327.115686 396.148662
69 70 78 0.067474 0.910988 0.021538 359.242114 395.685835
69 70 78 0.079753 0.551704 0.368543 345.216889 404.980158
69 70 78 0.390694 0.230356 0.378950 333.360060 399.732861
70 79 78 0.322479 0.199214 0.478306 343.504479 409.107503
70 79 78 0.580400 0.191214 0.228386 351.018417 401.870430
70 79 78 0.808863 0.154597 0.036540 364.628699 397.636326
70 79 78 0.551248 0.112183 0.336570 349.303379 405.036680
70 79 78 0.589646 0.138273 0.272080 354.539354 401.955327
70 79 78 0.548573 0.289481 0.161946 357.080162 404.058254
70 79 78 0.481826 0.069588 0.448587 343.529101 405.098731
70 79 78 0.654935 0.343937 0.001128 361.939197 401.460836
70 79 78 0.885548 0.036796 0.077656 359.352623 396.732450
70 79 78 0.753716 0.121775 0.124509 360.631726 398.825632
70 71 79 0.807333 0.087139 0.105528 369.900168 393.994466
70 71 79 0.068943 0.379572 0.551485 376.359879 407.219742
70 71 79 0.304963 0.405572 0.289466 378.237362 399.123658
70 71 79 0.280140 0.331349 0.388511 379.428751 400.232293
70 71 79 0.080481 0.530068 0.389451 387.637176 406.848056
70 71 79 0.470610 0.509107 0.020283 385.156265 397.441907
70 71 79 0.319252 0.342317 0.338431 381.267512 404.140384
70 71 79 0.544925 0.377998 0.077077 380.638727 395.162290
70 71 79 0.759353 0.207786 0.032861 371.359642 394.653381
70 71 79 0.841839 0.007281 0.150880 362.329533 395.205558
71 80 79 0.708075 0.210526 0.081400 398.992831 401.139595
71 80 79 0.257739 0.156062 0.586200 377.170949 411.527509
71 80 79 0.636699 0.033963 0.329338 394.405007 403.318466
71 80 79 0.653429 0.318124 0.028447 407.469070 401.062755
71 80 79 0.572845 0.278334 0.148821 400.137756 401.811763
71 80 79 0.438383 0.429585 0.132033 398.527256 408.052731
71 80 79 0.197709 0.367375 0.434916 384.985696 410.719818
71 80 79 0.030521 0.131240 0.838239 367.923621 422.015569
71 80 79 0.313071 0.665427 0.021502 404.091706 411.351661
71 80 79 0.524462 0.308370 0.167168 399.877872 408.231563
