0 1 9 0.648123 0.131948 0.219930 86.232764 128.566479
0 1 9 0.045576 0.903143 0.051281 116.145539 123.228549
0 1 9 0.407877 0.054084 0.538039 83.710423 144.259569
0 1 9 0.386411 0.213372 0.400218 89.198324 138.365971
0 1 9 0.087448 0.408989 0.503563 98.861499 142.171498
0 1 9 0.786345 0.111032 0.102623 84.249738 125.995730
0 1 9 0.577296 0.043396 0.379308 78.900467 136.732309
0 1 9 0.806904 0.082393 0.110703 80.890204 123.802310
0 1 9 0.913680 0.080193 0.006128 79.429284 118.681564
0 1 9 0.600939 0.255816 0.143244 93.039638 129.472055
1 10 9 0.992269 0.000266 0.007465 120.859563 117.564901
1 10 9 0.033013 0.152812 0.814175 89.343355 163.111363
1 10 9 0.919667 0.074748 0.005585 117.550497 125.937539
1 10 9 0.328785 0.611207 0.060008 119.749674 145.924588
1 10 9 0.267188 0.608353 0.124459 120.015972 150.009191
1 10 9 0.167794 0.376049 0.456157 105.215594 154.028525
1 10 9 0.971018 0.024818 0.004164 118.465677 118.406483
1 10 9 0.961518 0.003929 0.034552 116.555143 121.403673
1 10 9 0.425578 0.109986 0.464436 101.420967 144.335346
1 10 9 0.855848 0.128681 0.015471 122.251458 127.390177
1 2 10 0.180860 0.789673 0.029467 146.932933 120.157525
1 2 10 0.877818 0.087751 0.034431 124.041216 120.144105
1 2 10 0.086860 0.570749 0.342391 138.222705 134.161228
1 2 10 0.506531 0.110193 0.383276 127.162699 135.623824
1 2 10 0.251059 0.110371 0.638570 127.873449 146.621415
1 2 10 0.950228 0.012294 0.037478 121.874562 122.479971
1 2 10 0.297469 0.184405 0.518126 129.661037 141.770910
1 2 10 0.170373 0.528281 0.301347 136.849835 129.262770
1 2 10 0.386105 0.588709 0.025186 139.534963 119.613146
1 2 10 0.620136 0.142236 0.237628 124.512760 131.048586
2 11 10 0.881689 0.047139 0.071172 155.820406 122.921681
2 11 10 0.486404 0.467301 0.046295 158.454661 138.775131
2 11 10 0.407103 0.413023 0.179874 152.547630 142.785839
2 11 10 0.421274 0.231944 0.346781 147.388625 144.817314
2 11 10 0.291534 0.515032 0.193435 152.336985 148.905840
2 11 10 0.998762 0.000283 0.000955 156.411137 118.442307
2 11 10 0.673014 0.190989 0.135997 153.568482 131.874967
2 11 10 0.427011 0.284605 0.288384 147.726119 141.761303
2 11 10 0.176616 0.128130 0.695254 135.084412 151.114724
2 11 10 0.228005 0.539519 0.232476 151.921108 152.308036
2 3 11 0.544861 0.338681 0.116458 174.397097 119.157805
2 3 11 0.175342 0.746765 0.077893 186.263441 117.175290
2 3 11 0.243983 0.587096 0.168921 180.575596 125.303799
2 3 11 0.034425 0.907859 0.057716 190.737573 113.809281
2 3 11 0.777189 0.137286 0.085524 163.719978 117.523625
2 3 11 0.338877 0.500673 0.160451 176.095846 123.921372
2 3 11 0.210236 0.308152 0.481612 175.176931 137.417942
2 3 11 0.847171 0.076047 0.076782 162.181905 122.870044
2 3 11 0.284030 0.124636 0.591334 162.048930 142.389627
2 3 11 0.547091 0.287054 0.165855 169.742369 121.893684
3 12 11 0.169011 0.248599 0.582390 177.635680 148.363682
3 12 11 0.032722 0.354751 0.612527 176.548438 157.706527
3 12 11 0.938687 0.021396 0.039918 193.817030 117.021856
3 12 11 0.994801 0.001668 0.003532 199.489664 109.478595
3 12 11 0.748098 0.240183 0.011719 198.130639 125.412643
3 12 11 0.052111 0.445573 0.502316 178.712055 155.531972
3 12 11 0.296285 0.311070 0.392644 187.247076 144.355641
3 12 11 0.495629 0.466413 0.037958 197.949231 136.862240
3 12 11 0.175146 0.459137 0.365717 186.672990 148.576094
3 12 11 0.339833 0.108223 0.551944 180.374636 141.253603
3 4 12 0.099580 0.048762 0.851658 203.299202 152.523796
3 4 12 0.923980 0.012880 0.063139 199.093021 120.464061
3 4 12 0.101075 0.634083 0.264842 227.557995 124.512462
3 4 12 0.657812 0.098252 0.243935 200.995044 127.964953
3 4 12 0.615469 0.240486 0.144045 207.007845 118.474104
3 4 12 0.554998 0.061714 0.383288 203.091210 127.937985
3 4 12 0.634453 0.029228 0.336318 197.853495 129.138336
3 4 12 0.396240 0.545509 0.058251 216.488806 119.107614
3 4 12 0.241405 0.406307 0.352287 215.557421 127.328872
3 4 12 0.296137 0.140704 0.563160 205.165736 133.934764
4 13 12 0.185045 0.236967 0.577988 217.458973 149.949664
4 13 12 0.223185 0.026001 0.750814 212.171692 147.166751
4 13 12 0.612749 0.267071 0.120180 233.749976 127.822915
4 13 12 0.126889 0.280973 0.592138 215.936084 150.469128
4 13 12 0.099340 0.628898 0.271761 231.158773 152.657645
4 13 12 0.156477 0.081291 0.762232 207.367203 151.660538
4 13 12 0.771432 0.131122 0.097447 236.238805 122.983506
4 13 12 0.755088 0.105503 0.139409 236.675796 120.104989
4 13 12 0.776518 0.166167 0.057315 237.933624 126.665031
4 13 12 0.042352 0.933127 0.024521 241.698065 157.648663
4 5 13 0.021469 0.457560 0.520971 261.131584 135.248018
4 5 13 0.653030 0.230650 0.116320 246.368462 116.508037
4 5 13 0.036616 0.202305 0.761080 250.574737 147.803352
4 5 13 0.515126 0.118911 0.365963 243.747749 127.692075
4 5 13 0.574996 0.237373 0.187631 250.196588 120.780632
4 5 13 0.001735 0.972365 0.025900 280.993073 106.641759
4 5 13 0.283788 0.148689 0.567523 247.079002 137.723014
4 5 13 0.229860 0.627128 0.143012 266.290944 116.392142
4 5 13 0.453058 0.001827 0.545115 239.432117 133.666103
4 5 13 0.837057 0.120108 0.042835 244.582659 116.868045
5 14 13 0.906503 0.065272 0.028225 280.992869 114.058296
5 14 13 0.973152 0.018159 0.008689 283.218628 109.294781
5 14 13 0.475280 0.102631 0.422090 267.406178 133.429279
5 14 13 0.416662 0.325204 0.258134 271.737560 137.933348
5 14 13 0.905604 0.028105 0.066291 281.132027 114.173199
5 14 13 0.970671 0.018221 0.011108 281.451437 112.157323
5 14 13 0.850768 0.031476 0.117756 278.527411 114.207516
5 14 13 0.298803 0.185628 0.515569 262.636203 142.254618
5 14 13 0.557159 0.073859 0.368983 269.422037 131.359021
5 14 13 0.792328 0.052910 0.154762 280.152676 120.160743
5 6 14 0.950419 0.007011 0.042570 281.893044 108.343277
5 6 14 0.650439 0.128950 0.220611 292.215134 117.615607
5 6 14 0.712740 0.281776 0.005484 299.134731 112.298318
5 6 14 0.917602 0.028593 0.053805 285.078197 111.039474
5 6 14 0.138368 0.580958 0.280675 308.371017 122.603184
5 6 14 0.913850 0.065176 0.020974 284.052683 107.546189
5 6 14 0.905091 0.085123 0.009786 284.796894 112.399437
5 6 14 0.142767 0.342507 0.514727 297.813172 132.037210
5 6 14 0.366332 0.027643 0.606026 282.959946 136.199979
5 6 14 0.423336 0.451844 0.124820 299.688598 113.892184
6 15 14 0.995004 0.000491 0.004505 327.177439 110.966220
6 15 14 0.358954 0.007558 0.633488 300.843969 134.332686
6 15 14 0.429428 0.080115 0.490457 301.193208 134.007840
6 15 14 0.895402 0.076336 0.028262 319.884618 112.393082
6 15 14 0.112863 0.135890 0.751248 296.435337 148.026277
6 15 14 0.060159 0.827803 0.112038 319.706406 151.923732
6 15 14 0.272564 0.180940 0.546496 301.463378 141.903530
6 15 14 0.597226 0.227939 0.174836 321.516694 127.667354
6 15 14 0.666624 0.222817 0.110559 323.295128 129.059729
6 15 14 0.808681 0.029067 0.162253 317.161411 116.496954
6 7 15 0.392772 0.021461 0.585767 325.422670 133.139071
6 7 15 0.818974 0.142035 0.038991 331.519614 112.918269
6 7 15 0.233742 0.712400 0.053858 350.538101 112.688815
6 7 15 0.276741 0.429171 0.294087 340.034904 118.997312
6 7 15 0.673991 0.069443 0.256565 329.103027 124.056821
6 7 15 0.726085 0.137443 0.136472 331.140463 117.490931
6 7 15 0.089201 0.382554 0.528245 343.939284 133.696605
6 7 15 0.601259 0.276001 0.122740 335.617950 114.135148
6 7 15 0.098451 0.829419 0.072131 357.942657 112.919108
6 7 15 0.403500 0.501789 0.094711 344.172988 111.538086
7 16 15 0.610298 0.074031 0.315670 357.857164 125.871453
7 16 15 0.714545 0.217783 0.067672 365.909355 121.635483
7 16 15 0.995045 0.004258 0.000698 368.507937 112.648662
7 16 15 0.652027 0.045795 0.302178 356.484783 126.262656
7 16 15 0.034123 0.395820 0.570057 344.076114 154.027403
7 16 15 0.585306 0.199396 0.215297 360.730706 128.008397
7 16 15 0.988274 0.007820 0.003906 366.152705 106.299849
7 16 15 0.977773 0.001506 0.020721 369.006808 108.235395
7 16 15 0.316736 0.645550 0.037714 367.058239 136.749780
7 16 15 0.717480 0.066416 0.216104 359.490771 117.803250
7 8 16 0.710150 0.089770 0.200080 367.303491 118.460555
7 8 16 0.228998 0.317337 0.453665 382.624618 129.284620
7 8 16 0.527619 0.417546 0.054834 384.870839 111.050148
7 8 16 0.463257 0.476822 0.059921 391.046428 106.171524
7 8 16 0.185116 0.004205 0.810680 366.969937 146.279027
7 8 16 0.959222 0.033931 0.006846 372.913429 109.722334
7 8 16 0.116547 0.682576 0.200876 393.995806 114.656384
7 8 16 0.821152 0.040720 0.138127 368.967853 118.950927
7 8 16 0.441958 0.458373 0.099669 386.575370 112.910876
7 8 16 0.053138 0.932278 0.014583 405.955563 103.601849
8 17 16 0.353719 0.005798 0.640482 387.104831 134.029527
8 17 16 0.936469 0.011915 0.051616 405.061881 106.970394
8 17 16 0.228959 0.684413 0.086628 406.051275 142.180980
8 17 16 0.546914 0.356331 0.096756 408.419417 125.314821
8 17 16 0.054467 0.749544 0.195989 397.731943 149.861093
8 17 16 0.574324 0.084068 0.341608 396.292605 124.011574
8 17 16 0.961776 0.032936 0.005288 408.991814 105.051987
8 17 16 0.185341 0.026177 0.788482 379.341898 143.879893
8 17 16 0.173454 0.081849 0.744697 381.492398 141.117462
8 17 16 0.194263 0.299592 0.506145 389.973234 143.439594
9 10 18 0.220690 0.591031 0.188279 108.268217 168.788621
9 10 18 0.569441 0.353044 0.077515 98.769779 161.548465
9 10 18 0.864935 0.086867 0.048197 88.634965 164.006559
9 10 18 0.258800 0.573787 0.167413 109.216647 168.565758
9 10 18 0.175698 0.226052 0.598250 97.481182 192.181371
9 10 18 0.703261 0.095069 0.201670 85.625012 168.088089
9 10 18 0.467996 0.283124 0.248880 96.398200 172.009247
9 10 18 0.528282 0.320798 0.150920 99.786512 167.566621
9 10 18 0.163460 0.684345 0.152195 113.317247 169.489497
9 10 18 0.067338 0.023775 0.908887 91.656000 196.547537
10 19 18 0.968898 0.001408 0.029693 122.012642 161.889429
10 19 18 0.884044 0.009838 0.106118 120.966615 164.850879
10 19 18 0.155159 0.616756 0.228085 114.946948 195.833548
10 19 18 0.495758 0.213011 0.291232 113.221006 184.568076
10 19 18 0.459875 0.208425 0.331700 110.462150 182.113463
10 19 18 0.351449 0.105367 0.543184 105.522728 189.925006
10 19 18 0.514065 0.429390 0.056545 118.900429 179.181939
10 19 18 0.188302 0.548059 0.263639 114.526087 194.146612
10 19 18 0.652401 0.196830 0.150770 118.636425 174.265215
10 19 18 0.127888 0.139169 0.732943 101.047612 197.970633
10 11 19 0.326761 0.261130 0.412109 130.574962 176.995934
10 11 19 0.997932 0.001152 0.000916 127.221918 160.252184
10 11 19 0.213644 0.641214 0.145142 150.956164 163.045377
10 11 19 0.213783 0.332349 0.453868 133.263148 181.308323
10 11 19 0.522111 0.443243 0.034646 141.246533 160.658354
10 11 19 0.090960 0.543871 0.365170 145.795839 174.790191
10 11 19 0.830854 0.164738 0.004408 127.548600 160.180797
10 11 19 0.156105 0.598593 0.245302 145.532155 170.762827
10 11 19 0.575490 0.208088 0.216422 133.412168 166.646325
10 11 19 0.876550 0.044048 0.079402 125.194621 165.329128
11 20 19 0.072658 0.799977 0.127365 156.652885 202.189732
11 20 19 0.144486 0.028950 0.826565 133.808955 199.218590
11 20 19 0.013709 0.958204 0.028087 160.661418 200.086665
11 20 19 0.705283 0.017318 0.277399 151.172584 169.677199
11 20 19 0.600363 0.306055 0.093582 156.122602 180.069206
11 20 19 0.020114 0.165206 0.814681 133.022312 201.213600
11 20 19 0.417218 0.340407 0.242374 151.800421 184.497588
11 20 19 0.665452 0.043138 0.291410 148.904818 177.354945
11 20 19 0.193049 0.645785 0.161165 156.229582 195.605761
11 20 19 0.670355 0.095461 0.234183 151.196867 172.566766
11 12 20 0.665299 0.286370 0.048331 169.661803 157.416653
11 12 20 0.369425 0.182561 0.448013 171.273717 175.539651
11 12 20 0.084970 0.729520 0.185509 194.326066 163.787385
11 12 20 0.382640 0.075986 0.541374 167.353014 185.124163
11 12 20 0.905131 0.047412 0.047457 166.126102 160.346502
11 12 20 0.781576 0.080264 0.138160 164.121316 165.182300
11 12 20 0.188016 0.479767 0.332216 181.392895 175.503507
11 12 20 0.310305 0.592253 0.097443 184.632911 163.255713
11 12 20 0.480033 0.353902 0.166065 174.223662 167.396579
11 12 20 0.249793 0.380377 0.369830 177.319484 175.388742
12 21 20 0.014445 0.816071 0.169484 194.351523 196.868969
12 21 20 0.576730 0.037370 0.385899 188.213030 175.938588
12 21 20 0.555618 0.414910 0.029473 200.395876 177.408325
12 21 20 0.137406 0.744921 0.117674 199.733352 188.031132
12 21 20 0.915928 0.002073 0.081999 198.503268 159.500429
12 21 20 0.733276 0.174471 0.092253 204.068003 168.492629
12 21 20 0.474933 0.130646 0.394421 184.708706 181.002348
12 21 20 0.630865 0.194355 0.174780 195.801338 177.724920
12 21 20 0.196168 0.455013 0.348819 187.578956 191.929779
12 21 20 0.919945 0.076239 0.003816 203.264561 160.436887
12 13 21 0.062351 0.532120 0.405529 222.704138 175.460068
12 13 21 0.390240 0.117319 0.492441 203.113077 177.702130
12 13 21 0.743619 0.146507 0.109874 208.978813 160.554755
12 13 21 0.784588 0.179095 0.036317 209.461994 157.385739
12 13 21 0.997990 0.000476 0.001534 199.444168 161.351958
12 13 21 0.717705 0.017346 0.264949 202.354197 166.362611
12 13 21 0.340764 0.214008 0.445228 208.808773 173.927437
12 13 21 0.364263 0.229880 0.405856 210.195022 175.238549
12 13 21 0.812846 0.008288 0.178866 203.421700 167.512509
12 13 21 0.388139 0.019220 0.592640 200.610200 182.388146
13 22 21 0.347928 0.442301 0.209771 237.014141 185.378966
13 22 21 0.286736 0.579609 0.133655 235.936846 184.450287
13 22 21 0.438702 0.274250 0.287049 231.153661 181.484788
13 22 21 0.988565 0.005208 0.006227 241.521373 160.212284
13 22 21 0.468461 0.513269 0.018270 239.192389 179.356521
13 22 21 0.133117 0.078359 0.788523 214.386572 194.863877
13 22 21 0.354937 0.446445 0.198618 236.757808 184.026026
13 22 21 0.684940 0.049566 0.265495 230.216900 170.686259
13 22 21 0.153930 0.728604 0.117466 236.790938 195.521557
13 22 21 0.597667 0.067372 0.334961 224.380329 175.338331
13 14 22 0.546527 0.174723 0.278750 251.660197 167.713921
13 14 22 0.577433 0.039017 0.383549 241.312743 173.380620
13 14 22 0.418808 0.243326 0.337866 251.037723 172.265777
13 14 22 0.907228 0.086241 0.006531 242.916941 156.818515
13 14 22 0.784553 0.080328 0.135119 244.341533 160.930558
13 14 22 0.522689 0.291123 0.186189 250.434475 163.036541
13 14 22 0.570196 0.411890 0.017913 260.879002 159.218438
13 14 22 0.163873 0.448134 0.387993 261.927390 172.429426
13 14 22 0.803636 0.019532 0.176831 239.811160 165.977826
13 14 22 0.901858 0.017932 0.080209 239.942076 160.125909
14 23 22 0.025223 0.700696 0.274081 272.612388 195.196712
14 23 22 0.545550 0.222738 0.231712 276.030827 178.409325
14 23 22 0.844720 0.107755 0.047525 283.513263 159.177173
14 23 22 0.074808 0.853894 0.071298 280.812031 193.672238
14 23 22 0.300266 0.221641 0.478093 267.251556 186.461484
14 23 22 0.750407 0.134371 0.115223 282.280115 163.748760
14 23 22 0.992740 0.003789 0.003471 284.592187 151.902060
14 23 22 0.123826 0.608863 0.267311 272.193956 190.443948
14 23 22 0.919521 0.043249 0.037229 281.290885 155.237036
14 23 22 0.328510 0.100775 0.570715 264.711137 187.501584
14 15 23 0.870403 0.017224 0.112374 284.954546 156.136905
14 15 23 0.692363 0.256763 0.050873 296.665617 155.161570
14 15 23 0.773798 0.031462 0.194739 284.928282 161.322577
14 15 23 0.539727 0.364395 0.095878 302.531468 158.713500
14 15 23 0.708025 0.055488 0.236487 288.168451 163.026910
14 15 23 0.658348 0.142934 0.198719 290.526502 162.628637
14 15 23 0.018460 0.207241 0.774299 294.274598 189.660967
14 15 23 0.086684 0.725135 0.188181 312.015770 158.053523
14 15 23 0.442812 0.491943 0.065245 306.764705 155.413754
14 15 23 0.241335 0.043677 0.714989 283.480949 184.415705
15 24 23 0.024083 0.074751 0.901166 290.099359 195.465389
15 24 23 0.667844 0.279373 0.052782 323.486130 165.491387
15 24 23 0.122315 0.510188 0.367497 309.393484 194.113896
15 24 23 0.958324 0.025617 0.016059 324.448483 151.200945
15 24 23 0.085408 0.587249 0.327343 310.799338 197.507700
15 24 23 0.141754 0.383509 0.474737 302.969471 188.375056
15 24 23 0.898764 0.024438 0.076797 326.122738 157.601592
15 24 23 0.154066 0.439629 0.406305 308.937927 189.275917
15 24 23 0.598281 0.271051 0.130668 321.706986 169.919983
15 24 23 0.637991 0.251883 0.110126 319.571979 172.710633
15 16 24 0.924884 0.051059 0.024057 328.511547 155.272500
15 16 24 0.824199 0.012544 0.163258 326.881848 163.725700
15 16 24 0.083389 0.044057 0.872554 328.252138 190.069728
15 16 24 0.179134 0.666840 0.154026 354.363807 156.838607
15 16 24 0.700763 0.177436 0.121801 333.835156 159.090049
15 16 24 0.833995 0.094183 0.071821 327.543503 159.428403
15 16 24 0.151016 0.564212 0.284772 348.858667 164.602815
15 16 24 0.522220 0.008549 0.469231 329.934872 171.855127
15 16 24 0.168557 0.460437 0.371006 345.966613 167.604357
15 16 24 0.863421 0.012194 0.124385 326.307222 155.887215
16 25 24 0.968094 0.018577 0.013329 368.495955 151.555877
16 25 24 0.748490 0.217321 0.034189 373.665112 160.773063
16 25 24 0.202113 0.376360 0.421527 352.852317 186.258297
16 25 24 0.157512 0.059380 0.783108 337.219502 185.685622
16 25 24 0.333818 0.305730 0.360453 353.497644 178.270334
16 25 24 0.861952 0.082161 0.055887 367.709793 156.490084
16 25 24 0.579401 0.409248 0.011352 363.212161 169.998352
16 25 24 0.606041 0.199518 0.194441 357.961506 165.677510
16 25 24 0.247242 0.581355 0.171403 356.698770 181.852192
16 25 24 0.910537 0.049174 0.040289 371.138694 156.378599
16 17 25 0.909680 0.044171 0.046149 373.020291 150.717239
16 17 25 0.722741 0.142200 0.135059 376.947420 153.996024
16 17 25 0.523768 0.409499 0.066733 386.369767 153.529359
16 17 25 0.529424 0.117990 0.352586 369.859557 166.070798
16 17 25 0.250401 0.581230 0.168369 388.536124 156.593634
16 17 25 0.566396 0.381074 0.052530 380.299251 157.424977
16 17 25 0.403769 0.147191 0.449041 374.875538 168.748795
16 17 25 0.727303 0.120715 0.151982 373.721843 155.986929
16 17 25 0.368786 0.155609 0.475605 374.206963 172.913864
16 17 25 0.786030 0.120681 0.093289 371.099968 152.546284
17 26 25 0.523158 0.406910 0.069932 403.483938 171.537814
17 26 25 0.016908 0.376818 0.606274 381.753756 191.408148
17 26 25 0.937320 0.044813 0.017868 410.763470 154.735702
17 26 25 0.748665 0.129044 0.122291 402.075562 164.507048
17 26 25 0.674573 0.321732 0.003696 410.786060 163.735028
17 26 25 0.023239 0.208845 0.767915 372.563936 194.282308
17 26 25 0.703449 0.050989 0.245563 395.112101 162.290506
17 26 25 0.908024 0.004674 0.087302 401.698574 154.157496
17 26 25 0.871807 0.119039 0.009154 408.888838 157.504813
17 26 25 0.644584 0.169620 0.185796 400.812295 170.211861
18 19 27 0.529052 0.440178 0.030769 104.031167 203.978634
18 19 27 0.512312 0.248560 0.239127 98.373691 210.406841
18 19 27 0.525809 0.220374 0.253817 92.169244 209.539847
18 19 27 0.922498 0.023188 0.054314 87.010344 204.520900
18 19 27 0.920444 0.057072 0.022484 91.007398 200.040129
18 19 27 0.395947 0.539877 0.064176 105.161174 201.351341
18 19 27 0.124245 0.382343 0.493412 107.612677 221.140530
18 19 27 0.135854 0.656402 0.207744 113.364121 210.268538
18 19 27 0.120523 0.391378 0.488099 104.995800 218.819804
18 19 27 0.648575 0.152103 0.199322 94.803032 209.566171
19 28 27 0.668283 0.230790 0.100926 123.669436 214.446319
19 28 27 0.411490 0.306016 0.282495 117.342096 227.685880
19 28 27 0.408686 0.277463 0.313852 118.776012 228.760566
19 28 27 0.868525 0.017454 0.114021 120.423259 207.766220
19 28 27 0.229299 0.758609 0.012092 131.401255 230.699722
19 28 27 0.767469 0.180085 0.052445 124.265776 213.572143
19 28 27 0.270231 0.069748 0.660021 102.240138 230.258640
19 28 27 0.105942 0.686098 0.207960 118.864929 239.673118
19 28 27 0.615816 0.225536 0.158648 122.233702 213.168939
19 28 27 0.224915 0.070516 0.704569 102.195979 234.520011
19 20 28 0.767434 0.217093 0.015473 135.172012 203.107140
19 20 28 0.620905 0.229828 0.149267 132.403378 209.726527
19 20 28 0.833360 0.067910 0.098730 126.087245 204.156937
19 20 28 0.790521 0.179462 0.030017 131.121734 203.225959
19 20 28 0.696916 0.191753 0.111331 133.552431 204.755434
19 20 28 0.968758 0.025545 0.005697 125.147316 201.107463
19 20 28 0.379819 0.483293 0.136888 144.650435 207.952933
19 20 28 0.858434 0.056209 0.085357 126.291077 204.794733
19 20 28 0.399340 0.477406 0.123254 143.208096 206.362009
19 20 28 0.025923 0.715008 0.259069 155.026505 210.380765
20 29 28 0.948981 0.017750 0.033270 162.101571 203.842681
20 29 28 0.568848 0.421322 0.009830 164.447722 218.075967
20 29 28 0.898642 0.037191 0.064166 159.644687 207.268215
20 29 28 0.420042 0.365562 0.214396 156.658768 222.806998
20 29 28 0.840808 0.110098 0.049094 164.350917 203.915328
20 29 28 0.397007 0.340452 0.262541 155.086020 224.653931
20 29 28 0.329699 0.590628 0.079672 162.943109 226.399093
20 29 28 0.852450 0.003544 0.144005 161.540001 201.462156
20 29 28 0.032717 0.862284 0.104998 169.233210 238.146990
20 29 28 0.645467 0.077252 0.277281 155.280594 215.330583
20 21 29 0.097234 0.398615 0.504151 180.252921 221.589518
20 21 29 0.704519 0.131795 0.163686 164.722278 205.029688
20 21 29 0.619215 0.353430 0.027355 177.268781 199.905013
20 21 29 0.408476 0.262691 0.328833 173.182875 215.785147
20 21 29 0.957422 0.031556 0.011022 165.859208 207.081431
20 21 29 0.743974 0.141195 0.114831 172.281450 203.371576
20 21 29 0.626086 0.195842 0.178071 173.067806 207.310172
20 21 29 0.439564 0.521139 0.039296 184.619285 204.165939
20 21 29 0.874521 0.029136 0.096343 165.980586 205.521928
20 21 29 0.780195 0.002828 0.216978 164.653317 207.559102
21 30 29 0.039570 0.000489 0.959942 169.850571 239.298732
21 30 29 0.920652 0.053707 0.025641 200.693055 200.535478
21 30 29 0.958373 0.000031 0.041596 198.520679 200.927154
21 30 29 0.074855 0.258296 0.666848 180.395598 237.701309
21 30 29 0.438041 0.192488 0.369471 191.631625 223.603644
21 30 29 0.632151 0.164626 0.203222 193.372539 214.497286
21 30 29 0.267164 0.731731 0.001105 203.447011 227.367267
21 30 29 0.824594 0.088016 0.087390 197.949557 207.447509
21 30 29 0.711652 0.015394 0.272954 189.128669 209.449121
21 30 29 0.461776 0.441618 0.096606 196.837725 220.319837
21 22 30 0.671099 0.198047 0.130854 210.853614 203.445671
21 22 30 0.004542 0.507528 0.487929 224.283300 216.506046
21 22 30 0.225160 0.712638 0.062202 228.775276 202.120435
21 22 30 0.962401 0.021606 0.015993 202.996384 197.699062
21 22 30 0.770762 0.042311 0.186928 202.378859 209.488323
21 22 30 0.674113 0.233635 0.092252 211.763218 203.234756
21 22 30 0.875739 0.119236 0.005025 204.656621 196.111940
21 22 30 0.892839 0.048809 0.058352 205.941441 198.933940
21 22 30 0.738435 0.053282 0.208283 203.274015 210.599190
21 22 30 0.130778 0.228277 0.640944 213.267483 224.724435
22 31 30 0.220729 0.359521 0.419750 229.622133 226.117391
22 31 30 0.830966 0.035946 0.133088 239.409862 204.882666
22 31 30 0.755137 0.084453 0.160411 235.512075 206.163241
22 31 30 0.637990 0.281907 0.080102 241.921814 211.518828
22 31 30 0.739124 0.044122 0.216754 233.257267 209.633854
22 31 30 0.386752 0.124189 0.489059 227.990223 223.036279
22 31 30 0.336417 0.346849 0.316734 229.610033 226.735178
22 31 30 0.161378 0.255218 0.583404 224.625934 234.954871
22 31 30 0.335540 0.377640 0.286821 231.180962 227.274501
22 31 30 0.551438 0.017667 0.430894 229.521932 215.217539
22 23 31 0.023099 0.744449 0.232452 272.977031 206.200141
22 23 31 0.236223 0.283934 0.479843 254.902220 218.733026
22 23 31 0.131541 0.758265 0.110194 278.068061 203.187205
22 23 31 0.612162 0.068648 0.319190 244.393674 212.424068
22 23 31 0.647313 0.321132 0.031554 258.742567 200.862456
22 23 31 0.987215 0.004030 0.008755 246.326196 198.417942
22 23 31 0.580806 0.337127 0.082067 257.946390 200.506687
22 23 31 0.685898 0.133470 0.180632 247.170711 201.323526
22 23 31 0.743459 0.039095 0.217445 245.663611 205.822333
22 23 31 0.288216 0.681809 0.029975 275.087176 199.875377
23 32 31 0.037958 0.440104 0.521938 260.139215 237.773285
23 32 31 0.141674 0.033476 0.824850 252.641067 235.051838
23 32 31 0.660580 0.333930 0.005490 286.139600 210.687633
23 32 31 0.549223 0.209552 0.241225 273.373125 215.802303
23 32 31 0.288419 0.656800 0.054781 284.737679 224.079315
23 32 31 0.138151 0.528235 0.333614 267.802041 231.349172
23 32 31 0.392445 0.584528 0.023028 283.542723 222.787445
23 32 31 0.014050 0.156201 0.829749 251.586194 237.960638
23 32 31 0.455827 0.179115 0.365059 270.857058 220.647528
23 32 31 0.024801 0.590854 0.384345 267.070743 236.346583
23 24 32 0.607565 0.150937 0.241498 292.687464 208.187533
23 24 32 0.984298 0.011592 0.004109 285.800753 198.180173
23 24 32 0.240182 0.265381 0.494436 293.797196 210.074111
23 24 32 0.307733 0.057164 0.635103 284.411373 223.319769
23 24 32 0.815523 0.026240 0.158237 285.466068 205.203809
23 24 32 0.605108 0.308622 0.086271 296.194507 204.100053
23 24 32 0.951828 0.029626 0.018546 286.241086 198.649096
23 24 32 0.483823 0.166632 0.349545 289.592611 211.861224
23 24 32 0.469754 0.117863 0.412383 291.093810 214.228892
23 24 32 0.712954 0.263311 0.023736 293.213569 196.528439
24 33 32 0.146579 0.100147 0.753274 294.321720 231.393608
24 33 32 0.836654 0.079634 0.083711 320.865190 201.212117
24 33 32 0.197994 0.656153 0.145853 320.169603 228.654080
24 33 32 0.662886 0.317288 0.019826 325.886831 212.184502
24 33 32 0.778253 0.090267 0.131480 314.449778 206.962484
24 33 32 0.106263 0.270245 0.623492 297.218047 231.824250
24 33 32 0.837589 0.103665 0.058746 319.999327 203.697314
24 33 32 0.587178 0.267025 0.145796 316.327468 212.903458
24 33 32 0.036657 0.492812 0.470532 304.583570 235.056366
24 33 32 0.663515 0.072768 0.263717 313.405092 210.309112
24 25 33 0.954429 0.027106 0.018466 323.449715 194.384793
24 25 33 0.620438 0.069263 0.310300 328.335785 208.945039
24 25 33 0.698546 0.066408 0.235047 328.545714 206.559546
24 25 33 0.055045 0.395159 0.549796 339.988323 216.007317
24 25 33 0.871628 0.009492 0.118880 325.205386 199.710009
24 25 33 0.462354 0.017986 0.519661 330.263596 214.550737
24 25 33 0.063045 0.195701 0.741254 332.365766 224.993439
24 25 33 0.083435 0.455304 0.461261 341.955767 210.377225
24 25 33 0.497871 0.029578 0.472552 327.437830 215.981444
24 25 33 0.843279 0.138404 0.018317 333.372323 196.150952
25 34 33 0.099711 0.364398 0.535891 344.646610 232.755280
25 34 33 0.843391 0.134218 0.022392 363.124103 200.579031
25 34 33 0.149093 0.389728 0.461179 346.873177 228.494680
25 34 33 0.604916 0.188844 0.206240 353.984397 207.148687
25 34 33 0.729980 0.040262 0.229757 359.402691 208.880412
25 34 33 0.451549 0.391547 0.156904 355.752752 214.910129
25 34 33 0.607702 0.187290 0.205008 358.689827 213.480504
25 34 33 0.310072 0.033193 0.656735 340.070969 221.747107
25 34 33 0.237761 0.719410 0.042829 365.625010 227.094678
25 34 33 0.785157 0.071572 0.143271 361.512991 201.192549
25 26 34 0.312954 0.056018 0.631028 366.767724 218.260630
25 26 34 0.877620 0.052009 0.070372 368.970036 198.482604
25 26 34 0.654968 0.254035 0.090997 375.927773 200.106570
25 26 34 0.573111 0.278490 0.148399 377.883214 197.061395
25 26 34 0.588511 0.017246 0.394244 367.229909 205.104281
25 26 34 0.917158 0.009061 0.073781 367.586155 195.436301
25 26 34 0.001837 0.403516 0.594647 381.553496 217.288239
25 26 34 0.979993 0.019818 0.000188 365.229142 195.578694
25 26 34 0.889531 0.029089 0.081380 365.182013 198.172288
25 26 34 0.195369 0.547801 0.256830 391.513546 201.663959
26 35 34 0.942940 0.049473 0.007586 408.992456 192.953500
26 35 34 0.740117 0.183636 0.076248 406.008477 200.750761
26 35 34 0.097312 0.363854 0.538834 381.926352 232.730988
26 35 34 0.214599 0.712499 0.072901 402.044903 224.676837
26 35 34 0.658821 0.158909 0.182270 402.480488 205.460317
26 35 34 0.803317 0.015099 0.181584 403.879610 201.273032
26 35 34 0.876385 0.090880 0.032736 405.111865 199.451854
26 35 34 0.534725 0.048627 0.416647 389.985817 210.282201
26 35 34 0.013464 0.815021 0.171515 395.884929 232.962450
26 35 34 0.143570 0.849829 0.006601 406.821003 229.823084
27 28 36 0.258857 0.618999 0.122144 115.129406 245.162970
27 28 36 0.669136 0.105955 0.224908 99.322438 248.545551
27 28 36 0.475486 0.223475 0.301040 102.694132 253.002630
27 28 36 0.785853 0.119454 0.094694 97.165205 242.842501
27 28 36 0.341134 0.538662 0.120205 112.304601 250.317417
27 28 36 0.180850 0.339031 0.480119 108.867885 260.219336
27 28 36 0.908373 0.086028 0.005599 96.608104 241.421375
27 28 36 0.344466 0.337865 0.317669 106.448053 250.134783
27 28 36 0.061709 0.848020 0.090271 126.545496 243.323368
27 28 36 0.769003 0.224401 0.006596 99.521318 244.116542
28 37 36 0.803500 0.171919 0.024581 130.226643 249.984572
28 37 36 0.104138 0.334407 0.561455 114.801705 275.622113
28 37 36 0.234980 0.576377 0.188643 126.129554 268.249520
28 37 36 0.597623 0.116777 0.285599 118.529800 258.623229
28 37 36 0.233243 0.446856 0.319902 119.701529 267.460113
28 37 36 0.381177 0.120595 0.498228 117.143493 264.563607
28 37 36 0.326490 0.163109 0.510400 111.291776 266.426102
28 37 36 0.892419 0.002485 0.105097 123.635199 246.110563
28 37 36 0.259269 0.317313 0.423418 117.885049 268.246601
28 37 36 0.229109 0.459786 0.311105 121.936208 267.327732
28 29 37 0.261561 0.654083 0.084357 157.225751 247.663863
28 29 37 0.804348 0.020054 0.175599 128.872075 248.201121
28 29 37 0.894563 0.037211 0.068225 132.151043 240.585450
28 29 37 0.596662 0.055340 0.347998 132.027856 252.028377
28 29 37 0.375175 0.104033 0.520792 138.856433 260.166759
28 29 37 0.657746 0.123375 0.218879 134.061860 251.604888
28 29 37 0.546479 0.289109 0.164412 140.982795 245.918135
28 29 37 0.175425 0.677877 0.146698 159.742320 247.923980
28 29 37 0.902949 0.064242 0.032809 133.787644 241.804137
28 29 37 0.940800 0.050785 0.008414 132.235247 243.055009
29 38 37 0.338345 0.660316 0.001340 168.362394 264.289986
29 38 37 0.613186 0.217555 0.169259 161.954844 257.543721
29 38 37 0.962617 0.020833 0.016550 165.286062 238.473168
29 38 37 0.519857 0.159922 0.320221 155.261271 258.890021
29 38 37 0.131783 0.255790 0.612427 146.260306 270.522402
29 38 37 0.584648 0.021604 0.393748 155.054927 256.690411
29 38 37 0.970498 0.014937 0.014564 166.307016 243.922877
29 38 37 0.944428 0.046834 0.008738 167.073310 242.992138
29 38 37 0.736302 0.202124 0.061574 169.715209 250.174845
29 38 37 0.476482 0.228190 0.295327 158.100393 262.226650
29 30 38 0.206380 0.090057 0.703563 173.309673 265.499247
29 30 38 0.855501 0.032790 0.111710 165.399504 244.392310
29 30 38 0.779813 0.018052 0.202136 167.800648 248.411447
29 30 38 0.940428 0.009007 0.050565 171.567619 240.427296
29 30 38 0.824443 0.030309 0.145248 168.804054 244.320379
29 30 38 0.336867 0.427266 0.235867 187.181072 250.388816
29 30 38 0.840084 0.059961 0.099955 171.157514 246.539215
29 30 38 0.206928 0.089998 0.703074 172.307690 268.161660
29 30 38 0.515538 0.171835 0.312627 176.714749 250.361753
29 30 38 0.636713 0.148750 0.214537 174.004117 249.259259
30 39 38 0.113254 0.589990 0.296757 194.849553 270.596762
30 39 38 0.989583 0.004386 0.006031 203.656565 239.095556
30 39 38 0.951320 0.038872 0.009808 201.697759 243.749921
30 39 38 0.949855 0.044620 0.005526 208.717209 241.556829
30 39 38 0.898853 0.078718 0.022429 206.310317 243.150965
30 39 38 0.928059 0.026193 0.045748 202.319414 243.658920
30 39 38 0.050089 0.897268 0.052643 205.779130 275.686560
30 39 38 0.918214 0.037518 0.044268 208.326107 243.106365
30 39 38 0.425532 0.232376 0.342092 194.262321 261.283792
30 39 38 0.638373 0.180321 0.181306 201.487502 252.553832
30 31 39 0.203803 0.777562 0.018635 238.227710 240.715276
30 31 39 0.391888 0.595439 0.012674 225.104610 238.312049
30 31 39 0.996550 0.003313 0.000137 209.234074 239.819885
30 31 39 0.297790 0.216468 0.485742 216.168098 255.158483
30 31 39 0.705455 0.135904 0.158641 211.769863 247.300698
30 31 39 0.675600 0.197831 0.126569 215.700094 246.236109
30 31 39 0.153038 0.064880 0.782082 213.736013 272.060106
30 31 39 0.720341 0.066954 0.212704 207.508271 249.155486
30 31 39 0.933792 0.030116 0.036092 203.941774 240.996709
30 31 39 0.902761 0.014158 0.083081 209.100693 245.141989
31 40 39 0.821494 0.099199 0.079307 242.441845 242.345037
31 40 39 0.190020 0.394535 0.415445 228.053347 272.021034
31 40 39 0.987614 0.001831 0.010555 242.502081 241.401513
31 40 39 0.288314 0.027153 0.684533 221.689745 266.443772
31 40 39 0.647147 0.236472 0.116381 240.789927 254.646279
31 40 39 0.161182 0.461767 0.377051 229.943490 271.904961
31 40 39 0.000170 0.316255 0.683575 220.301499 278.083891
31 40 39 0.989521 0.008799 0.001680 245.310885 239.200092
31 40 39 0.132707 0.638987 0.228306 236.871542 271.278679
31 40 39 0.665249 0.170118 0.164633 238.586186 251.017728
31 32 40 0.889299 0.039066 0.071635 249.103060 237.904915
31 32 40 0.966027 0.025066 0.008906 246.344546 241.608107
31 32 40 0.790542 0.092402 0.117055 248.880368 242.232674
31 32 40 0.674568 0.222735 0.102697 253.907617 242.922347
31 32 40 0.311705 0.255615 0.432680 257.817902 254.320466
31 32 40 0.421035 0.141941 0.437024 247.014484 254.318289
31 32 40 0.803537 0.117445 0.079018 248.011704 244.017158
31 32 40 0.877330 0.004600 0.118070 247.602746 241.840831
31 32 40 0.698318 0.031315 0.270367 243.800493 244.824292
31 32 40 0.097494 0.611812 0.290694 269.139630 249.495595
32 41 40 0.200571 0.221378 0.578051 262.734960 269.085394
32 41 40 0.745858 0.131570 0.122572 280.565319 249.384055
32 41 40 0.105703 0.405245 0.489052 264.335892 269.269329
32 41 40 0.111051 0.154440 0.734509 254.600035 274.336417
32 41 40 0.454012 0.112442 0.433547 264.723441 257.066651
32 41 40 0.133471 0.504736 0.361794 268.328573 269.185699
32 41 40 0.570194 0.363753 0.066053 278.427286 254.473601
32 41 40 0.496232 0.191480 0.312288 272.417584 258.130405
32 41 40 0.518926 0.344933 0.136142 275.001263 257.771873
32 41 40 0.854127 0.101072 0.044800 284.649132 245.313052
32 33 41 0.321422 0.122156 0.556422 288.625679 258.542920
32 33 41 0.092704 0.340404 0.566891 297.239965 258.795372
32 33 41 0.701210 0.133668 0.165123 291.532508 243.716175
32 33 41 0.986657 0.004316 0.009027 283.586126 236.130467
32 33 41 0.450823 0.025826 0.523351 283.753352 258.860621
32 33 41 0.059014 0.628722 0.312264 309.430018 246.472185
32 33 41 0.063899 0.076261 0.859840 289.494206 272.036884
32 33 41 0.799177 0.000333 0.200490 285.562803 240.781996
32 33 41 0.957987 0.016286 0.025727 281.115173 241.396976
32 33 41 0.641047 0.151606 0.207347 290.069828 244.933554
33 42 41 0.593615 0.211237 0.195148 317.604437 249.968203
33 42 41 0.693068 0.263937 0.042996 324.433350 248.823938
33 42 41 0.217761 0.160065 0.622173 297.269500 268.023388
33 42 41 0.481871 0.272025 0.246104 315.815299 256.872428
33 42 41 0.416226 0.205877 0.377898 307.584844 259.955543
33 42 41 0.390909 0.479087 0.130004 319.895816 261.554498
33 42 41 0.416887 0.443001 0.140112 319.539121 256.957224
33 42 41 0.465196 0.191267 0.343538 310.201113 257.077365
33 42 41 0.223566 0.081239 0.695195 295.250004 266.989720
33 42 41 0.930815 0.045543 0.023642 328.043283 237.644682
33 34 42 0.264281 0.363732 0.371987 341.612179 250.684844
33 34 42 0.406944 0.191240 0.401816 334.406624 252.030172
33 34 42 0.876563 0.026849 0.096588 326.890406 240.946540
33 34 42 0.934238 0.057855 0.007907 328.953890 238.366346
33 34 42 0.361547 0.313061 0.325392 337.690710 247.554834
33 34 42 0.029393 0.470393 0.500214 346.821152 256.205137
33 34 42 0.142136 0.063736 0.794128 326.388744 271.147917
33 34 42 0.695118 0.247930 0.056951 338.728521 235.304836
33 34 42 0.798800 0.197953 0.003247 331.923205 234.837418
33 34 42 0.011536 0.233955 0.754509 334.405403 264.874156
34 43 42 0.491709 0.083582 0.424709 344.822848 253.118828
34 43 42 0.977762 0.002431 0.019807 365.437285 237.882575
34 43 42 0.069113 0.409605 0.521282 341.857613 272.806649
34 43 42 0.494967 0.410844 0.094189 362.149945 256.713245
34 43 42 0.393105 0.278804 0.328090 353.066595 262.379510
34 43 42 0.656151 0.121508 0.222341 359.096675 250.259572
34 43 42 0.253075 0.349345 0.397580 345.724708 265.403722
34 43 42 0.079755 0.462333 0.457912 345.006365 271.966787
34 43 42 0.797023 0.074056 0.128921 358.673095 241.725951
34 43 42 0.113674 0.372431 0.513895 342.968637 268.158856
34 35 43 0.135902 0.330306 0.533792 378.399089 258.061977
34 35 43 0.729343 0.147928 0.122729 375.406507 240.746574
34 35 43 0.521200 0.127748 0.351052 369.894742 248.360918
34 35 43 0.558224 0.081680 0.360097 373.187330 250.646037
34 35 43 0.464945 0.447549 0.087506 381.062597 233.385261
34 35 43 0.754502 0.075175 0.170323 366.922116 239.920025
34 35 43 0.534301 0.055530 0.410169 365.345612 252.629165
34 35 43 0.162727 0.183403 0.653869 374.099072 259.700990
34 35 43 0.456513 0.408256 0.135231 383.815172 241.079883
34 35 43 0.875220 0.063952 0.060828 369.758823 241.759240
35 44 43 0.055964 0.478141 0.465895 389.701941 276.622571
35 44 43 0.476474 0.266257 0.257269 395.628812 255.843843
35 44 43 0.671779 0.001404 0.326817 389.827761 244.156244
35 44 43 0.733556 0.176038 0.090406 398.894425 242.141435
35 44 43 0.517495 0.265200 0.217305 397.415387 255.154323
35 44 43 0.103891 0.405059 0.491051 382.942937 268.579997
35 44 43 0.701288 0.286552 0.012161 404.649456 242.988307
35 44 43 0.176947 0.215201 0.607852 381.039226 266.598977
35 44 43 0.658503 0.019485 0.322012 388.220724 245.505877
35 44 43 0.470394 0.037182 0.492424 385.860807 252.798202
36 37 45 0.825435 0.106868 0.067697 102.066099 279.804936
36 37 45 0.644906 0.332568 0.022525 109.979993 279.187619
36 37 45 0.063822 0.068419 0.867759 102.346038 309.742875
36 37 45 0.229467 0.322404 0.448128 111.922119 296.680030
36 37 45 0.397281 0.534452 0.068267 119.962801 280.032514
36 37 45 0.536695 0.125327 0.337978 102.791208 285.501953
36 37 45 0.648603 0.293163 0.058234 108.033088 279.120605
36 37 45 0.853248 0.007327 0.139426 99.759040 282.075998
36 37 45 0.465358 0.494261 0.040381 118.171148 280.762773
36 37 45 0.694307 0.257545 0.048148 106.297480 282.293760
37 46 45 0.638081 0.264610 0.097308 136.482490 292.689103
37 46 45 0.145258 0.718544 0.136199 131.718182 306.843257
37 46 45 0.715820 0.083859 0.200321 127.788719 286.998595
37 46 45 0.855535 0.025959 0.118506 128.816258 281.117869
37 46 45 0.592051 0.100683 0.307265 124.597948 287.836164
37 46 45 0.813626 0.149467 0.036907 134.702957 282.830058
37 46 45 0.684763 0.110445 0.204792 129.516839 286.083120
37 46 45 0.532361 0.048919 0.418719 121.514963 293.150813
37 46 45 0.072678 0.494757 0.432565 122.197185 311.635771
37 46 45 0.398648 0.235475 0.365877 123.279123 299.523299
37 38 46 0.065078 0.358144 0.576779 143.142841 298.636527
37 38 46 0.524036 0.197969 0.277995 139.503842 288.939779
37 38 46 0.787327 0.053331 0.159342 139.575377 280.086714
37 38 46 0.241938 0.205039 0.553023 144.339209 297.352075
37 38 46 0.341395 0.220759 0.437846 139.757399 291.625021
37 38 46 0.982886 0.010244 0.006870 132.451416 279.823020
37 38 46 0.921164 0.027547 0.051289 137.211601 282.116458
37 38 46 0.546760 0.170568 0.282672 140.212497 291.649855
37 38 46 0.507971 0.124734 0.367295 143.414555 290.926964
37 38 46 0.784841 0.179638 0.035521 137.328392 277.611087
38 47 46 0.117890 0.488908 0.393202 155.295021 308.028302
38 47 46 0.614699 0.191462 0.193839 165.566307 293.888653
38 47 46 0.063252 0.160242 0.776506 144.536218 309.963471
38 47 46 0.267713 0.272428 0.459859 156.724232 303.778454
38 47 46 0.305264 0.289778 0.404958 160.545293 301.292917
38 47 46 0.231787 0.401343 0.366870 162.033919 305.223661
38 47 46 0.579865 0.247071 0.173065 165.485271 291.730911
38 47 46 0.270047 0.031160 0.698793 145.171129 302.464829
38 47 46 0.604944 0.145887 0.249168 163.131026 290.340355
38 47 46 0.519190 0.263498 0.217312 166.352876 296.445992
38 39 47 0.933160 0.058394 0.008446 174.036567 281.103922
38 39 47 0.961703 0.014280 0.024017 169.776483 278.490048
38 39 47 0.495393 0.004797 0.499811 175.141231 297.306607
38 39 47 0.962621 0.035535 0.001843 179.051882 277.733731
38 39 47 0.709642 0.188599 0.101759 177.491207 282.083017
38 39 47 0.371246 0.187527 0.441227 178.272353 293.927713
38 39 47 0.644902 0.169564 0.185535 175.297561 285.791792
38 39 47 0.470890 0.009188 0.519923 174.871492 296.675725
38 39 47 0.607274 0.292404 0.100322 181.081574 284.196250
38 39 47 0.747460 0.045764 0.206776 173.813288 283.710227
39 48 47 0.378340 0.046703 0.574957 187.464140 302.711178
39 48 47 0.433340 0.343790 0.222869 199.247005 298.600806
39 48 47 0.377415 0.459274 0.163312 201.110539 300.370734
39 48 47 0.716630 0.044203 0.239167 203.472895 287.568080
39 48 47 0.011110 0.022597 0.966293 179.406486 316.383440
39 48 47 0.638989 0.191238 0.169773 199.656612 292.343890
39 48 47 0.433511 0.096235 0.470254 195.161438 296.271303
39 48 47 0.302963 0.447957 0.249080 204.006566 299.617974
39 48 47 0.842162 0.063745 0.094093 203.939516 282.400988
39 48 47 0.405070 0.181522 0.413408 195.616395 299.643116
39 40 48 0.631349 0.269307 0.099344 215.007918 283.020856
39 40 48 0.612612 0.063716 0.323672 209.234003 290.637787
39 40 48 0.767058 0.103673 0.129269 214.232246 283.553382
39 40 48 0.105180 0.866555 0.028265 240.928551 278.867866
39 40 48 0.580163 0.022012 0.397825 212.181201 291.312881
39 40 48 0.418413 0.042286 0.539301 208.035826 294.745799
39 40 48 0.726380 0.221973 0.051648 216.702121 280.299686
39 40 48 0.404016 0.138646 0.457338 210.965015 295.405075
39 40 48 0.543718 0.341337 0.114945 219.122827 280.918483
39 40 48 0.076282 0.205305 0.718413 219.751339 307.695653
40 49 48 0.343324 0.585126 0.071550 243.086233 299.053618
40 49 48 0.830827 0.033851 0.135322 237.640261 282.456624
40 49 48 0.869765 0.049459 0.080776 242.978987 283.590587
40 49 48 0.878294 0.109632 0.012074 239.306234 279.493001
40 49 48 0.873744 0.005432 0.120823 244.886191 281.364210
40 49 48 0.501199 0.445101 0.053700 238.516490 293.187471
40 49 48 0.158024 0.724128 0.117848 238.514250 308.579012
40 49 48 0.016980 0.482470 0.500549 226.625529 313.595134
40 49 48 0.577663 0.008960 0.413377 226.795994 290.578409
40 49 48 0.610672 0.386888 0.002441 243.290505 292.306123
40 41 49 0.177714 0.560928 0.261358 267.698851 284.434747
40 41 49 0.753973 0.232591 0.013436 250.121024 274.320042
40 41 49 0.540642 0.360240 0.099118 258.716881 279.412218
40 41 49 0.908326 0.001016 0.090658 244.985791 277.600894
40 41 49 0.713875 0.136169 0.149956 251.785240 283.372714
40 41 49 0.619620 0.227832 0.152548 254.302248 282.232728
40 41 49 0.699448 0.167292 0.133260 254.280376 284.364046
40 41 49 0.194857 0.637988 0.167154 269.547850 286.350920
40 41 49 0.968254 0.018445 0.013301 245.316474 279.921725
40 41 49 0.385115 0.337509 0.277377 256.415327 283.711209
41 50 49 0.306038 0.334514 0.359448 271.029238 299.595536
41 50 49 0.153745 0.146211 0.700043 256.256947 305.161661
41 50 49 0.812306 0.107517 0.080177 285.009855 282.503639
41 50 49 0.877042 0.111013 0.011946 285.657184 279.697405
41 50 49 0.510286 0.461256 0.028457 284.831546 295.818119
41 50 49 0.321952 0.223812 0.454235 267.275467 300.490814
41 50 49 0.599896 0.381448 0.018656 283.877060 286.616606
41 50 49 0.188838 0.371159 0.440002 266.775731 308.228586
41 50 49 0.119896 0.010641 0.869462 254.764058 310.747789
41 50 49 0.886828 0.017596 0.095575 281.144868 281.953737
41 42 50 0.342953 0.629664 0.027382 311.486089 274.836196
41 42 50 0.861171 0.094149 0.044680 289.661611 274.977050
41 42 50 0.077403 0.191709 0.730888 292.323365 303.859184
41 42 50 0.422287 0.032362 0.545351 285.457588 293.818549
41 42 50 0.564528 0.256960 0.178512 294.785177 281.289881
41 42 50 0.309874 0.470123 0.220003 301.544973 282.085468
41 42 50 0.743443 0.034168 0.222390 287.013628 283.479652
41 42 50 0.829709 0.126122 0.044169 288.639087 280.168509
41 42 50 0.241628 0.402267 0.356106 298.066618 290.345078
41 42 50 0.210168 0.307918 0.481915 294.524665 291.978394
42 51 50 0.096909 0.471263 0.431828 308.198699 305.352199
42 51 50 0.129310 0.421477 0.449212 306.276447 308.713706
42 51 50 0.772659 0.099560 0.127781 319.750085 282.847772
42 51 50 0.669946 0.321586 0.008467 324.051182 287.067649
42 51 50 0.378844 0.107213 0.513943 307.290634 296.087776
42 51 50 0.380338 0.144499 0.475163 302.280696 296.778995
42 51 50 0.930212 0.029130 0.040658 325.705062 275.482691
42 51 50 0.106723 0.675028 0.218249 318.612743 305.952431
42 51 50 0.666702 0.002841 0.330457 311.560678 285.809862
42 51 50 0.991442 0.006073 0.002485 327.534581 270.333152
42 43 51 0.376912 0.269970 0.353118 334.807976 289.698883
42 43 51 0.515204 0.354459 0.130336 340.703679 279.474737
42 43 51 0.192128 0.186139 0.621733 333.904449 296.987228
42 43 51 0.902180 0.052185 0.045635 325.622049 272.108850
42 43 51 0.146482 0.583391 0.270126 347.227279 284.398032
42 43 51 0.465158 0.171895 0.362947 330.549528 286.468737
42 43 51 0.630836 0.288411 0.080753 333.846826 278.486553
42 43 51 0.054394 0.428693 0.516913 344.333684 290.454059
42 43 51 0.755322 0.193110 0.051568 331.373031 274.998769
42 43 51 0.732318 0.175418 0.092264 331.523505 278.869240
43 52 51 0.899525 0.083006 0.017469 365.178537 279.982778
43 52 51 0.961515 0.034154 0.004331 362.991393 274.344073
43 52 51 0.886063 0.008837 0.105099 359.725118 276.071215
43 52 51 0.110367 0.095772 0.793861 335.850591 307.545932
43 52 51 0.376401 0.110705 0.512894 342.491400 299.309951
43 52 51 0.573570 0.337645 0.088785 357.498779 290.943834
43 52 51 0.896617 0.100002 0.003381 361.875958 275.469456
43 52 51 0.847612 0.074875 0.077512 358.224450 279.600599
43 52 51 0.763629 0.210499 0.025872 361.625174 280.292026
43 52 51 0.701150 0.042744 0.256106 353.858400 287.211570
43 44 52 0.457864 0.090596 0.451540 369.049745 289.557919
43 44 52 0.205746 0.790975 0.003280 392.738671 271.521744
43 44 52 0.649461 0.116545 0.233994 365.673621 282.798692
43 44 52 0.068532 0.881297 0.050171 398.811934 277.806221
43 44 52 0.141369 0.436113 0.422518 380.316425 290.830161
43 44 52 0.201856 0.391847 0.406297 379.065736 289.174634
43 44 52 0.391522 0.020105 0.588373 364.561426 292.157516
43 44 52 0.064465 0.225914 0.709621 374.822244 298.622480
43 44 52 0.539792 0.239676 0.220532 373.740151 282.956135
43 44 52 0.449818 0.392585 0.157597 381.271693 276.974005
44 53 52 0.180363 0.041671 0.777967 373.249293 303.846308
44 53 52 0.847535 0.051588 0.100877 399.857008 275.130640
44 53 52 0.943573 0.023941 0.032486 404.645354 277.408147
44 53 52 0.678949 0.290976 0.030075 401.289487 284.588399
44 53 52 0.562865 0.210116 0.227019 395.704390 290.101002
44 53 52 0.794699 0.102970 0.102332 402.225752 279.491455
44 53 52 0.648084 0.244998 0.106918 398.703957 285.791989
44 53 52 0.082909 0.135951 0.781139 368.768695 304.365177
44 53 52 0.750240 0.060249 0.189511 399.485780 279.990111
44 53 52 0.907083 0.013346 0.079571 403.171334 274.094012
45 46 54 0.677410 0.087006 0.235585 108.000747 320.444530
45 46 54 0.571917 0.016520 0.411563 105.102678 327.453540
45 46 54 0.211778 0.742011 0.046211 124.984162 316.524968
45 46 54 0.176240 0.440086 0.383674 120.653784 329.442660
45 46 54 0.859175 0.035953 0.104872 100.684731 316.944162
45 46 54 0.188907 0.343648 0.467445 113.953552 326.941870
45 46 54 0.483934 0.185125 0.330941 113.924450 323.002488
45 46 54 0.897702 0.049946 0.052352 102.970511 314.301702
45 46 54 0.983044 0.015193 0.001764 104.692919 315.001446
45 46 54 0.368731 0.044476 0.586792 108.226076 338.014104
46 55 54 0.702319 0.090151 0.207530 131.536343 321.247244
46 55 54 0.103459 0.532083 0.364458 125.501734 344.158544
46 55 54 0.224797 0.515667 0.259535 128.526134 341.857349
46 55 54 0.940082 0.037921 0.021997 135.490773 318.055938
46 55 54 0.499986 0.071854 0.428159 123.164002 329.838142
46 55 54 0.251271 0.525717 0.223013 136.365869 342.141981
46 55 54 0.269712 0.144177 0.586111 117.977619 338.211203
46 55 54 0.167675 0.628487 0.203838 134.095059 339.549405
46 55 54 0.592605 0.265851 0.141544 131.712277 325.368402
46 55 54 0.373211 0.287202 0.339586 128.610354 332.692358
46 47 55 0.680342 0.043127 0.276531 138.295476 324.706292
46 47 55 0.892917 0.051556 0.055527 140.867848 313.133136
46 47 55 0.543567 0.377587 0.078847 152.962045 318.752920
46 47 55 0.054330 0.666313 0.279357 162.486144 323.319434
46 47 55 0.400710 0.337233 0.262057 151.060609 320.985358
46 47 55 0.871892 0.035510 0.092598 136.504206 312.235418
46 47 55 0.028971 0.724084 0.246945 163.456928 319.039303
46 47 55 0.129114 0.517356 0.353530 161.070062 321.647253
46 47 55 0.409235 0.229284 0.361481 146.543726 324.418613
46 47 55 0.063665 0.807640 0.128695 166.580873 317.312496
47 56 55 0.073409 0.409005 0.517586 154.420102 346.216694
47 56 55 0.512153 0.267566 0.220281 166.572164 328.627080
47 56 55 0.470000 0.188032 0.341968 165.320983 328.919222
47 56 55 0.682894 0.001386 0.315720 165.761045 322.624267
47 56 55 0.128372 0.810614 0.061014 174.776450 345.669385
47 56 55 0.760789 0.057752 0.181459 167.178528 319.205376
47 56 55 0.374160 0.158669 0.467171 157.713462 337.009328
47 56 55 0.670950 0.124123 0.204927 166.257987 327.906380
47 56 55 0.554459 0.387171 0.058371 173.517926 330.020917
47 56 55 0.478302 0.511718 0.009980 175.582216 329.194377
47 48 56 0.671160 0.151049 0.177791 180.378644 319.467501
47 48 56 0.978315 0.019942 0.001742 177.204629 316.267543
47 48 56 0.526548 0.127244 0.346209 180.668238 326.697476
47 48 56 0.145473 0.214759 0.639768 182.937068 338.273909
47 48 56 0.264303 0.531564 0.204132 193.017887 320.399721
47 48 56 0.813606 0.121695 0.064699 178.395665 314.846888
47 48 56 0.413004 0.298661 0.288334 184.727502 323.496716
47 48 56 0.543366 0.345957 0.110677 191.368584 313.576704
47 48 56 0.391462 0.172720 0.435817 182.454868 329.347226
47 48 56 0.845220 0.005746 0.149034 176.458728 317.112338
48 57 56 0.649598 0.235428 0.114974 203.980572 324.750020
48 57 56 0.162786 0.545136 0.292078 200.955096 343.524207
48 57 56 0.921897 0.027919 0.050184 207.293227 318.078744
48 57 56 0.639871 0.005758 0.354371 196.993947 323.243530
48 57 56 0.834397 0.070872 0.094731 205.670877 319.837170
48 57 56 0.195830 0.102200 0.701970 184.636985 341.658583
48 57 56 0.906757 0.073292 0.019951 209.629351 314.305993
48 57 56 0.900654 0.091342 0.008004 209.866666 314.619518
48 57 56 0.974403 0.018241 0.007356 208.163428 316.144455
48 57 56 0.444155 0.339473 0.216372 206.178082 332.039355
48 49 57 0.320440 0.392928 0.286632 223.020696 318.900655
48 49 57 0.555504 0.375280 0.069216 223.525320 311.512321
48 49 57 0.129897 0.619886 0.250217 229.687663 320.087978
48 49 57 0.805438 0.161380 0.033182 214.045110 315.919814
48 49 57 0.117950 0.813963 0.068086 241.112353 314.554639
48 49 57 0.312014 0.367821 0.320165 223.851202 322.551449
48 49 57 0.892403 0.059698 0.047899 210.691396 313.384180
48 49 57 0.329992 0.647104 0.022904 233.801039 312.930192
48 49 57 0.704948 0.179105 0.115947 219.382900 316.134682
48 49 57 0.940019 0.045730 0.014251 211.686336 314.590888
49 58 57 0.454874 0.428940 0.116186 243.273923 330.854597
49 58 57 0.854255 0.002277 0.143468 241.240831 317.367529
49 58 57 0.379263 0.116779 0.503959 230.051884 335.224722
49 58 57 0.862333 0.132178 0.005489 247.395921 315.933555
49 58 57 0.134656 0.096061 0.769284 221.762945 341.184507
49 58 57 0.641734 0.268044 0.090222 245.408439 324.969520
49 58 57 0.772736 0.009305 0.217958 239.014986 320.913160
49 58 57 0.331820 0.404016 0.264164 236.866463 340.036727
49 58 57 0.868521 0.070255 0.061224 242.795871 314.798855
49 58 57 0.679174 0.271193 0.049632 247.901520 324.553156
49 50 58 0.531902 0.409906 0.058192 261.952204 315.230197
49 50 58 0.986757 0.000773 0.012470 247.162825 307.844857
49 50 58 0.950568 0.048509 0.000923 250.981184 310.705624
49 50 58 0.359384 0.413358 0.227258 266.715706 317.320990
49 50 58 0.700969 0.295398 0.003633 260.049500 312.362017
49 50 58 0.781509 0.087014 0.131476 247.822898 318.392316
49 50 58 0.437305 0.434458 0.128237 262.835114 316.604695
49 50 58 0.222944 0.673622 0.103434 272.834998 312.124895
49 50 58 0.641792 0.257052 0.101156 254.147022 315.313597
49 50 58 0.629309 0.039639 0.331052 244.809748 318.585875
50 59 58 0.759420 0.088420 0.152160 276.034451 316.070808
50 59 58 0.673248 0.326410 0.000342 288.618853 322.763808
50 59 58 0.956128 0.035897 0.007976 289.090700 315.998597
50 59 58 0.833456 0.061746 0.104797 283.196839 316.428298
50 59 58 0.147804 0.089809 0.762387 261.046177 340.864921
50 59 58 0.757979 0.041099 0.200921 273.282490 324.373991
50 59 58 0.440964 0.054127 0.504909 265.280327 332.669881
50 59 58 0.320043 0.428910 0.251046 276.653100 338.032782
50 59 58 0.560428 0.082844 0.356729 274.012933 328.303432
50 59 58 0.355581 0.502457 0.141961 283.204962 332.754833
50 51 59 0.389445 0.437745 0.172809 300.591094 313.838490
50 51 59 0.901771 0.027132 0.071097 285.705225 315.189972
50 51 59 0.454219 0.380480 0.165300 302.149785 316.630679
50 51 59 0.190170 0.783913 0.025917 316.303792 311.995194
50 51 59 0.252305 0.129807 0.617888 292.338666 334.193397
50 51 59 0.807463 0.059900 0.132636 284.231291 314.905190
50 51 59 0.488586 0.111209 0.400204 287.916403 329.520820
50 51 59 0.384419 0.056092 0.559489 285.847254 333.400247
50 51 59 0.431101 0.352617 0.216281 297.858127 317.875289
50 51 59 0.103114 0.355376 0.541510 297.773966 329.641359
51 60 59 0.340846 0.545604 0.113550 319.168822 335.123583
51 60 59 0.189677 0.307627 0.502695 302.525533 338.945711
51 60 59 0.311825 0.553574 0.134601 320.507965 337.006793
51 60 59 0.285286 0.535423 0.179291 315.841018 335.290363
51 60 59 0.884745 0.055197 0.060059 323.355300 314.819328
51 60 59 0.615762 0.328614 0.055624 320.965656 328.670154
51 60 59 0.538666 0.305771 0.155563 318.209975 331.490221
51 60 59 0.411552 0.060429 0.528019 306.191530 333.578185
51 60 59 0.118412 0.006443 0.875146 290.008713 339.974059
51 60 59 0.239620 0.159501 0.600880 305.894169 338.224727
51 52 60 0.409771 0.461475 0.128754 337.896376 316.368271
51 52 60 0.869135 0.087723 0.043143 321.981998 312.131357
51 52 60 0.871009 0.091035 0.037956 329.845378 311.959152
51 52 60 0.512230 0.311647 0.176123 335.482980 315.940875
51 52 60 0.140343 0.446129 0.413528 337.859710 327.782355
51 52 60 0.880879 0.104548 0.014573 328.139345 307.939048
51 52 60 0.544354 0.124492 0.331154 325.280448 321.514598
51 52 60 0.044687 0.009380 0.945934 325.478493 346.566441
51 52 60 0.261037 0.392412 0.346551 337.093314 324.806524
51 52 60 0.017547 0.074791 0.907662 330.113317 346.014128
52 61 60 0.282144 0.319724 0.398132 343.325818 336.604836
52 61 60 0.828456 0.096873 0.074671 357.577111 317.738558
52 61 60 0.250588 0.303592 0.445820 343.033989 337.865826
52 61 60 0.984215 0.010432 0.005353 358.210701 315.218934
52 61 60 0.365288 0.138525 0.496187 341.431630 336.489795
52 61 60 0.368705 0.165490 0.465805 347.414665 334.310075
52 61 60 0.939572 0.030570 0.029859 360.962181 311.891678
52 61 60 0.551025 0.384886 0.064089 360.133446 326.881777
52 61 60 0.591456 0.255662 0.152882 360.210725 331.110509
52 61 60 0.084540 0.118670 0.796790 330.076464 345.958716
52 53 61 0.590256 0.078795 0.330950 364.105246 328.711958
52 53 61 0.413900 0.327637 0.258463 380.956893 322.607801
52 53 61 0.931375 0.057999 0.010626 362.190035 310.678239
52 53 61 0.557795 0.075109 0.367097 366.734954 323.139205
52 53 61 0.249798 0.075311 0.674891 366.343897 337.864129
52 53 61 0.493016 0.303897 0.203088 376.797830 321.040031
52 53 61 0.758775 0.060460 0.180765 365.303762 317.264414
52 53 61 0.600220 0.167217 0.232563 370.799430 321.460660
52 53 61 0.490443 0.008474 0.501082 364.584083 329.704023
52 53 61 0.415359 0.345122 0.239519 377.397826 320.972859
53 62 61 0.553061 0.200476 0.246463 394.631132 326.868639
53 62 61 0.836715 0.008798 0.154488 397.915973 314.324379
53 62 61 0.006900 0.242108 0.750992 373.802406 348.007767
53 62 61 0.646260 0.160136 0.193604 399.011592 326.044407
53 62 61 0.481494 0.327928 0.190578 395.065466 328.431132
53 62 61 0.389490 0.435977 0.174533 394.759343 334.982797
53 62 61 0.110708 0.456753 0.432540 385.100466 339.750545
53 62 61 0.630392 0.302282 0.067326 400.644843 325.543697
53 62 61 0.654139 0.209414 0.136447 398.216333 326.750025
53 62 61 0.731623 0.238386 0.029991 404.568424 323.594731
54 55 63 0.712913 0.275948 0.011139 113.687387 347.884578
54 55 63 0.076466 0.322533 0.601000 118.108654 369.825402
54 55 63 0.094514 0.380308 0.525178 119.663346 368.911952
54 55 63 0.828912 0.052046 0.119042 107.814285 354.441849
54 55 63 0.995106 0.000432 0.004462 103.957637 345.787831
54 55 63 0.823916 0.122573 0.053511 105.804856 348.108979
54 55 63 0.840980 0.027379 0.131642 112.426962 354.750517
54 55 63 0.596379 0.070434 0.333187 105.771489 361.038321
54 55 63 0.776608 0.133127 0.090266 110.478610 352.387834
54 55 63 0.117952 0.191985 0.690063 110.355268 374.415197
55 64 63 0.934725 0.058066 0.007209 138.067863 354.639523
55 64 63 0.910805 0.081970 0.007225 140.684095 352.744400
55 64 63 0.557104 0.188351 0.254546 128.752419 361.395328
55 64 63 0.870146 0.027958 0.101896 137.032970 352.477376
55 64 63 0.538400 0.358978 0.102623 138.535525 363.598825
55 64 63 0.725129 0.060016 0.214856 132.148330 359.189662
55 64 63 0.824997 0.153119 0.021884 138.764414 357.087374
55 64 63 0.915845 0.039767 0.044388 137.765631 352.395556
55 64 63 0.819028 0.089365 0.091607 137.589547 356.988392
55 64 63 0.071308 0.892043 0.036649 145.001443 383.824021
55 56 64 0.965288 0.002341 0.032371 137.989620 351.650933
55 56 64 0.376190 0.475221 0.148589 157.750985 352.654682
55 56 64 0.660009 0.314297 0.025695 151.059772 351.510982
55 56 64 0.353063 0.319480 0.327457 152.426695 357.125966
55 56 64 0.075567 0.423372 0.501061 156.732213 365.233909
55 56 64 0.153793 0.809252 0.036955 170.983135 351.212205
55 56 64 0.251164 0.213022 0.535814 151.170843 366.390239
55 56 64 0.460371 0.415728 0.123901 156.488930 355.002492
55 56 64 0.020313 0.602825 0.376862 166.690138 361.571019
55 56 64 0.255752 0.402423 0.341826 156.025135 361.271057
56 65 64 0.399204 0.386829 0.213967 168.492258 369.844838
56 65 64 0.624046 0.247946 0.128008 169.912253 363.854217
56 65 64 0.629169 0.079523 0.291307 167.013265 360.327709
56 65 64 0.863687 0.019053 0.117260 170.883679 353.504408
56 65 64 0.612145 0.160823 0.227032 169.246980 361.202863
56 65 64 0.746017 0.003215 0.250769 170.802630 356.098943
56 65 64 0.775741 0.102681 0.121578 171.478938 357.398502
56 65 64 0.647452 0.342775 0.009773 182.299665 360.827306
56 65 64 0.263896 0.483811 0.252294 169.393915 371.625313
56 65 64 0.064646 0.652796 0.282557 168.503449 377.497236
56 57 65 0.678442 0.063475 0.258083 177.055111 358.520728
56 57 65 0.898261 0.089135 0.012604 183.222674 346.937915
56 57 65 0.762059 0.025800 0.212141 179.013194 354.605176
56 57 65 0.885879 0.039539 0.074581 178.591988 352.852941
56 57 65 0.941971 0.002088 0.055941 178.305938 354.599907
56 57 65 0.104523 0.514176 0.381301 196.341453 358.017051
56 57 65 0.259810 0.328397 0.411793 191.915342 359.786177
56 57 65 0.991985 0.000977 0.007038 177.331575 353.893057
56 57 65 0.813934 0.076881 0.109185 184.101539 352.972262
56 57 65 0.939169 0.030936 0.029894 180.229513 351.227490
57 66 65 0.388558 0.523229 0.088213 211.534609 369.264628
57 66 65 0.201825 0.291940 0.506235 197.132413 375.403829
57 66 65 0.297133 0.184147 0.518720 198.598490 371.909610
57 66 65 0.791368 0.088114 0.120519 203.117117 355.245600
57 66 65 0.412949 0.336623 0.250428 207.977212 368.268294
57 66 65 0.942665 0.048917 0.008418 213.256192 354.042645
57 66 65 0.232069 0.494669 0.273263 203.566162 375.661603
57 66 65 0.741365 0.210879 0.047756 212.771727 353.193862
57 66 65 0.437035 0.121287 0.441678 196.447628 369.257966
57 66 65 0.054949 0.623220 0.321831 204.520320 378.495623
57 58 66 0.605897 0.388421 0.005681 228.869461 345.577506
57 58 66 0.627275 0.017649 0.355076 215.298618 357.691693
57 58 66 0.693843 0.241249 0.064908 220.854602 351.077892
57 58 66 0.423406 0.268138 0.308456 221.890468 355.761241
57 58 66 0.907155 0.065514 0.027331 215.900518 344.245702
57 58 66 0.981179 0.007054 0.011767 211.631303 347.606092
57 58 66 0.582030 0.228006 0.189964 220.106646 354.789228
57 58 66 0.494070 0.348573 0.157358 226.207820 355.532903
57 58 66 0.216257 0.149156 0.634588 220.244997 367.193550
57 58 66 0.567215 0.080468 0.352317 217.158078 356.359726
58 67 66 0.233798 0.080009 0.686193 223.924948 373.977982
58 67 66 0.011778 0.032401 0.955822 220.734516 379.920843
58 67 66 0.372761 0.378565 0.248674 239.879295 371.482754
58 67 66 0.434756 0.321821 0.243422 244.315878 368.712547
58 67 66 0.335577 0.509291 0.155132 243.062787 371.560589
58 67 66 0.694710 0.182383 0.122907 242.599075 360.333131
58 67 66 0.214162 0.656961 0.128877 246.437522 373.733898
58 67 66 0.823695 0.038495 0.137810 246.122638 355.512114
58 67 66 0.472325 0.079478 0.448197 238.389435 367.596864
58 67 66 0.933950 0.015637 0.050413 250.779315 346.919361
58 59 67 0.293415 0.149648 0.556937 255.086028 366.453880
58 59 67 0.005825 0.305063 0.689112 265.597104 371.788225
58 59 67 0.501189 0.025969 0.472841 253.950021 363.943118
58 59 67 0.300904 0.389137 0.309959 266.493938 357.130381
58 59 67 0.310084 0.111614 0.578302 251.994379 365.379150
58 59 67 0.516911 0.270941 0.212148 261.257098 356.233085
58 59 67 0.496113 0.478705 0.025182 267.797560 345.501218
58 59 67 0.161775 0.439649 0.398576 267.425427 361.988651
58 59 67 0.466857 0.148418 0.384725 255.681873 358.148956
58 59 67 0.709611 0.249691 0.040698 259.942201 346.537043
59 68 67 0.751503 0.164342 0.084155 281.692985 354.276473
59 68 67 0.586509 0.179419 0.234073 279.972732 359.225976
59 68 67 0.198647 0.613486 0.187867 277.686642 374.503330
59 68 67 0.097992 0.513639 0.388369 273.609162 378.324884
59 68 67 0.191669 0.219785 0.588546 264.494940 376.965710
59 68 67 0.698962 0.201161 0.099877 279.392409 353.628962
59 68 67 0.606187 0.055004 0.338809 274.581993 364.446385
59 68 67 0.754660 0.223706 0.021634 282.727630 356.649467
59 68 67 0.026957 0.191749 0.781294 259.969358 377.271451
59 68 67 0.345487 0.057380 0.597133 265.695172 374.723914
59 60 68 0.493640 0.054662 0.451697 286.062747 364.253209
59 60 68 0.602424 0.128065 0.269510 292.107236 355.022884
59 60 68 0.147944 0.395766 0.456290 302.103748 360.852309
59 60 68 0.612522 0.115590 0.271888 287.279840 355.733544
59 60 68 0.344187 0.272900 0.382913 293.855545 358.830891
59 60 68 0.077994 0.616866 0.305139 311.457720 357.677935
59 60 68 0.381794 0.006547 0.611660 287.107867 365.081026
59 60 68 0.019165 0.142917 0.837918 291.925453 371.603962
59 60 68 0.693811 0.249502 0.056688 296.165728 354.523703
59 60 68 0.077312 0.803469 0.119218 318.902318 351.003536
60 69 68 0.153459 0.634639 0.211902 310.993437 377.405342
60 69 68 0.185095 0.650256 0.164649 314.174096 372.083346
60 69 68 0.187454 0.551100 0.261447 313.626298 376.669604
60 69 68 0.515640 0.421907 0.062453 318.732316 363.272817
60 69 68 0.633306 0.047493 0.319201 312.007758 362.285544
60 69 68 0.539709 0.325683 0.134608 317.210648 362.825662
60 69 68 0.502905 0.358953 0.138142 314.236122 364.571430
60 69 68 0.996698 0.001026 0.002276 323.842855 347.121714
60 69 68 0.864010 0.121508 0.014481 324.726845 351.956242
60 69 68 0.075220 0.829487 0.095293 317.863543 382.224892
60 61 69 0.962921 0.008548 0.028531 324.876765 347.333988
60 61 69 0.326803 0.382211 0.290986 337.705339 359.669909
60 61 69 0.664876 0.294952 0.040172 334.490206 352.705593
60 61 69 0.047568 0.133444 0.818989 330.586511 374.462787
60 61 69 0.186076 0.349014 0.464910 336.297520 365.365469
60 61 69 0.469250 0.153298 0.377453 328.449663 360.582705
60 61 69 0.105818 0.322745 0.571437 334.417917 369.305031
60 61 69 0.507926 0.002776 0.489298 323.083933 362.781292
60 61 69 0.759177 0.238072 0.002750 330.931859 347.399607
60 61 69 0.455010 0.198597 0.346392 331.692297 359.996264
61 70 69 0.458487 0.144846 0.396667 350.290519 366.910076
61 70 69 0.842509 0.129447 0.028045 358.330393 350.820525
61 70 69 0.619659 0.049880 0.330461 347.538350 358.949876
61 70 69 0.039091 0.204159 0.756751 330.598421 380.195997
61 70 69 0.871985 0.032590 0.095425 358.310815 353.246077
61 70 69 0.598037 0.162259 0.239703 355.955011 361.824248
61 70 69 0.572057 0.198024 0.229919 350.546991 358.259343
61 70 69 0.885708 0.049127 0.065165 359.130925 351.056881
61 70 69 0.164409 0.784876 0.050715 359.464130 381.768214
61 70 69 0.864292 0.026638 0.109070 358.394946 353.685462
61 62 70 0.210982 0.608521 0.180497 392.783454 354.641012
61 62 70 0.987723 0.008965 0.003313 364.173888 349.506729
61 62 70 0.819089 0.008136 0.172775 360.747385 354.031183
61 62 70 0.394190 0.465117 0.140693 377.212471 354.617594
61 62 70 0.995523 0.004226 0.000251 360.905823 346.270175
61 62 70 0.165170 0.602562 0.232269 387.425552 358.048236
61 62 70 0.114182 0.761477 0.124342 391.667692 353.023794
61 62 70 0.254266 0.117475 0.628259 368.774839 375.555937
61 62 70 0.811530 0.091960 0.096510 365.168491 349.650642
61 62 70 0.633947 0.067938 0.298114 363.982872 359.822022
62 71 70 0.417209 0.151508 0.431283 386.154757 364.879316
62 71 70 0.634599 0.110881 0.254520 390.837656 357.139619
62 71 70 0.207912 0.004970 0.787117 368.595561 374.946502
62 71 70 0.152348 0.006380 0.841272 366.639523 377.999992
62 71 70 0.529897 0.309466 0.160637 398.390516 364.716416
62 71 70 0.056614 0.133407 0.809979 363.453542 379.621004
62 71 70 0.190834 0.089528 0.719639 373.079551 379.386103
62 71 70 0.807111 0.136952 0.055936 400.624333 355.038980
62 71 70 0.131563 0.651998 0.216439 394.920795 376.933266
62 71 70 0.605475 0.263568 0.130957 399.727269 366.791760
63 64 72 0.114943 0.234721 0.650336 113.653095 405.541392
63 64 72 0.617793 0.364149 0.018058 121.162911 382.570345
63 64 72 0.714221 0.106003 0.179776 112.091444 390.396677
63 64 72 0.941024 0.027006 0.031970 106.735000 381.662101
63 64 72 0.861317 0.008395 0.130288 105.783694 387.444397
63 64 72 0.211988 0.482275 0.305738 123.884236 393.438843
63 64 72 0.086177 0.219409 0.694413 116.782147 408.801586
63 64 72 0.657606 0.177439 0.164955 110.883278 389.777416
63 64 72 0.616566 0.069950 0.313485 107.386650 395.924510
63 64 72 0.470318 0.067536 0.462146 108.565480 397.069875
64 73 72 0.889103 0.030661 0.080236 139.579885 384.694348
64 73 72 0.800622 0.172367 0.027011 140.756952 387.515004
64 73 72 0.129217 0.800546 0.070238 145.740720 411.384797
64 73 72 0.743652 0.216109 0.040239 142.792256 389.519516
64 73 72 0.514597 0.169877 0.315526 133.181436 400.529595
64 73 72 0.546692 0.164539 0.288769 132.025034 397.533526
64 73 72 0.716082 0.272919 0.010999 142.376162 392.522343
64 73 72 0.115409 0.731452 0.153139 138.365468 415.742681
64 73 72 0.225639 0.239873 0.534489 126.044749 411.007039
64 73 72 0.067608 0.640997 0.291395 133.325711 412.728450
64 65 73 0.322475 0.609687 0.067838 166.009576 384.220832
64 65 73 0.136122 0.224070 0.639808 151.886765 404.092623
64 65 73 0.271591 0.164963 0.563446 151.988266 405.380147
64 65 73 0.606411 0.267826 0.125763 147.536232 389.454935
64 65 73 0.753455 0.160842 0.085703 150.519073 382.823903
64 65 73 0.909213 0.035737 0.055050 144.982092 386.977729
64 65 73 0.901849 0.097450 0.000701 146.571920 381.857101
64 65 73 0.419361 0.367356 0.213282 156.410146 388.212151
64 65 73 0.517162 0.137749 0.345090 145.957240 394.069587
64 65 73 0.360908 0.303109 0.335983 155.712516 393.589979
65 74 73 0.365076 0.482582 0.152341 175.149293 404.747887
65 74 73 0.850840 0.021336 0.127824 172.634081 386.163052
65 74 73 0.431500 0.542868 0.025632 178.416742 402.580854
65 74 73 0.855487 0.126859 0.017654 179.348009 387.516279
65 74 73 0.347563 0.114472 0.537965 159.918473 405.571346
65 74 73 0.000994 0.114539 0.884468 147.253991 413.119183
65 74 73 0.082894 0.770413 0.146692 177.794359 412.881073
65 74 73 0.817779 0.080586 0.101635 175.160557 390.368243
65 74 73 0.700173 0.074417 0.225409 169.277024 393.820179
65 74 73 0.383047 0.576641 0.040312 181.990015 400.664042
65 66 74 0.715475 0.183506 0.101020 183.927687 381.404282
65 66 74 0.128896 0.160493 0.710612 187.167053 404.288598
65 66 74 0.822314 0.078717 0.098968 181.389121 383.681859
65 66 74 0.367813 0.013971 0.618216 183.130877 402.338958
65 66 74 0.848476 0.055882 0.095642 181.039485 385.486488
65 66 74 0.446593 0.258619 0.294788 194.012077 389.710545
65 66 74 0.725376 0.186684 0.087940 185.327946 384.643837
65 66 74 0.584721 0.294949 0.120330 189.963568 389.246704
65 66 74 0.953095 0.013754 0.033151 177.112383 383.361309
65 66 74 0.358764 0.494736 0.146500 200.623236 386.427033
66 75 74 0.805405 0.168291 0.026303 216.906864 389.980728
66 75 74 0.004516 0.731467 0.264017 204.272549 416.957749
66 75 74 0.694930 0.092579 0.212490 208.502443 393.636210
66 75 74 0.790570 0.060603 0.148826 214.358007 388.721509
66 75 74 0.753416 0.119808 0.126776 209.082156 389.490792
66 75 74 0.207792 0.095330 0.696878 192.997216 408.504607
66 75 74 0.409201 0.039593 0.551206 196.925803 401.120425
66 75 74 0.843952 0.001409 0.154639 210.855568 389.327225
66 75 74 0.373790 0.040519 0.585691 196.503632 403.188131
66 75 74 0.778530 0.062710 0.158760 206.897880 388.414020
66 67 75 0.242915 0.641594 0.115491 238.276414 385.133642
66 67 75 0.297458 0.205537 0.497005 220.917929 397.810803
66 67 75 0.515102 0.437114 0.047785 231.374596 382.464026
66 67 75 0.046762 0.180418 0.772819 225.784113 407.856451
66 67 75 0.543710 0.040211 0.416079 214.825631 398.233660
66 67 75 0.985047 0.006924 0.008028 216.617660 382.464291
66 67 75 0.581078 0.375856 0.043066 225.384717 380.531399
66 67 75 0.002107 0.385395 0.612498 232.750867 403.688547
66 67 75 0.796610 0.175586 0.027804 221.214154 385.758439
66 67 75 0.765826 0.200074 0.034100 227.281572 387.293030
67 76 75 0.758986 0.018644 0.222370 242.667087 390.908859
67 76 75 0.884850 0.057657 0.057493 245.989331 384.754650
67 76 75 0.882116 0.049747 0.068137 243.318813 386.524247
67 76 75 0.780354 0.077053 0.142593 245.889396 392.257277
67 76 75 0.827825 0.080831 0.091344 250.283401 389.364798
67 76 75 0.905680 0.071754 0.022566 250.619790 385.677810
67 76 75 0.070098 0.042389 0.887513 217.977230 410.386553
67 76 75 0.900228 0.003618 0.096154 246.978844 384.756925
67 76 75 0.590045 0.209895 0.200060 242.910907 391.821300
67 76 75 0.136517 0.765070 0.098413 247.064293 407.434302
67 68 76 0.051516 0.238558 0.709926 261.991457 408.988658
67 68 76 0.086106 0.163165 0.750729 257.489995 406.821743
67 68 76 0.335024 0.046361 0.618614 253.217882 402.927853
67 68 76 0.684768 0.069953 0.245279 250.370450 391.470208
67 68 76 0.493698 0.361454 0.144848 261.798705 388.119040
67 68 76 0.239388 0.707891 0.052721 274.338337 384.924595
67 68 76 0.707681 0.255999 0.036321 260.697641 383.499066
67 68 76 0.526060 0.174563 0.299377 257.761741 395.741422
67 68 76 0.056189 0.577720 0.366091 272.229513 396.199942
67 68 76 0.106807 0.099558 0.793635 254.101727 406.175304
68 77 76 0.293915 0.088615 0.617470 266.529863 405.500610
68 77 76 0.170106 0.237211 0.592683 263.513859 406.566393
68 77 76 0.178076 0.406458 0.415466 273.538387 408.542799
68 77 76 0.181886 0.156662 0.661452 260.885048 408.572575
68 77 76 0.782222 0.171944 0.045834 284.360565 387.022598
68 77 76 0.513512 0.456837 0.029651 286.447739 398.501137
68 77 76 0.428296 0.192749 0.378955 273.681209 403.766996
68 77 76 0.004645 0.593578 0.401778 271.713339 415.361092
68 77 76 0.455245 0.074037 0.470718 271.123075 401.547266
68 77 76 0.372217 0.305590 0.322193 273.602946 401.552165
68 69 77 0.000885 0.858865 0.140250 315.538051 389.396841
68 69 77 0.923503 0.063848 0.012649 292.446790 385.659817
68 69 77 0.864284 0.024566 0.111150 285.841732 388.004366
68 69 77 0.549031 0.269735 0.181234 295.923257 391.065044
68 69 77 0.203598 0.029459 0.766943 286.155011 408.637853
68 69 77 0.006741 0.236580 0.756679 298.571918 405.178759
68 69 77 0.793244 0.127001 0.079755 289.379257 381.929374
68 69 77 0.329020 0.577025 0.093954 303.652761 384.983821
68 69 77 0.077007 0.299313 0.623680 299.655891 402.827413
68 69 77 0.143669 0.227971 0.628360 294.342041 401.264226
69 78 77 0.691849 0.010980 0.297171 311.667475 395.140499
69 78 77 0.110012 0.670837 0.219151 317.546330 410.910936
69 78 77 0.367962 0.101946 0.530092 304.076759 402.162113
69 78 77 0.928439 0.046725 0.024836 320.879404 385.134145
69 78 77 0.487479 0.265827 0.246694 312.512045 400.101774
69 78 77 0.981668 0.009998 0.008334 321.424027 387.954721
69 78 77 0.816373 0.031857 0.151770 318.582572 391.240047
69 78 77 0.742472 0.194360 0.063168 316.883161 392.175031
69 78 77 0.383500 0.085170 0.531330 306.848997 402.835471
69 78 77 0.922207 0.027470 0.050323 320.020517 386.976869
69 70 78 0.924699 0.028820 0.046482 326.559135 384.555041
69 70 78 0.652883 0.262788 0.084329 334.403723 382.288068
69 70 78 0.403974 0.595352 0.000674 349.108255 382.677880
69 70 78 0.427756 0.487947 0.084296 341.904209 388.094256
69 70 78 0.199655 0.071344 0.729001 325.567982 409.377225
69 70 78 0.732446 0.027607 0.239947 325.313395 394.376855
69 70 78 0.897264 0.043963 0.058773 324.683333 385.810261
69 70 78 0.529933 0.208079 0.261988 331.560573 393.285007
69 70 78 0.664961 0.161195 0.173844 327.090775 389.943516
69 70 78 0.711698 0.062050 0.226252 327.364838 390.591163
70 79 78 0.124982 0.477269 0.397749 342.896498 415.747709
70 79 78 0.202016 0.730133 0.067850 357.897198 409.365184
70 79 78 0.277595 0.465007 0.257399 349.154204 409.944758
70 79 78 0.364185 0.386062 0.249753 352.767336 405.457415
70 79 78 0.480615 0.478194 0.041191 356.657425 400.878070
70 79 78 0.101907 0.797765 0.100328 359.804556 413.738741
70 79 78 0.145508 0.142364 0.712128 334.700561 413.498713
70 79 78 0.476879 0.294880 0.228241 351.020880 400.902885
70 79 78 0.297017 0.364100 0.338883 348.177352 405.908498
70 79 78 0.288211 0.673315 0.038473 358.819060 406.606753
70 71 79 0.040886 0.930515 0.028599 397.701495 387.523045
70 71 79 0.556985 0.099744 0.343272 366.529115 394.396767
70 71 79 0.872721 0.100341 0.026938 366.718413 386.625251
70 71 79 0.452160 0.396602 0.151238 376.414984 389.785373
70 71 79 0.924777 0.021120 0.054103 361.100903 386.118013
70 71 79 0.274993 0.581440 0.143567 384.639268 389.057895
70 71 79 0.480422 0.200195 0.319383 368.336462 394.679030
70 71 79 0.349227 0.529217 0.121556 380.733492 387.903394
70 71 79 0.287476 0.671174 0.041350 388.107535 386.711115
70 71 79 0.433353 0.172765 0.393883 366.536928 397.653935
71 80 79 0.928606 0.002511 0.068882 399.162830 390.881591
71 80 79 0.612953 0.145555 0.241493 392.022858 396.302573
71 80 79 0.632107 0.060698 0.307194 386.725683 397.418609
71 80 79 0.280680 0.627382 0.091938 397.733889 408.792453
71 80 79 0.311874 0.621931 0.066195 397.430669 411.799284
71 80 79 0.197141 0.276730 0.526130 378.939227 411.961242
71 80 79 0.767146 0.171875 0.060979 397.407382 392.717862
71 80 79 0.296624 0.688047 0.015328 403.969460 409.474127
71 80 79 0.135044 0.759016 0.105939 397.468112 418.317312
71 80 79 0.936027 0.030806 0.033167 401.378789 389.249811
