0 1 9 0.220879 0.077137 0.701984 83.129923 152.939830
0 1 9 0.267702 0.310939 0.421360 97.126235 145.061774
0 1 9 0.014008 0.519317 0.466674 105.542915 148.456839
0 1 9 0.775951 0.018626 0.205424 88.548655 138.697528
0 1 9 0.500790 0.286102 0.213108 99.896522 140.527561
0 1 9 0.101217 0.589002 0.309781 108.710300 144.852298
0 1 9 0.026900 0.746481 0.226619 119.109237 141.006105
0 1 9 0.731663 0.261576 0.006761 98.785386 134.720810
0 1 9 0.843635 0.147750 0.008616 94.910629 132.786381
0 1 9 0.029111 0.198364 0.772525 90.986560 156.240161
1 10 9 0.353979 0.416985 0.229036 110.706317 152.544744
1 10 9 0.099432 0.791987 0.108582 117.495186 160.077149
1 10 9 0.502930 0.001508 0.495562 107.901013 148.740250
1 10 9 0.743921 0.116021 0.140059 118.727862 144.178221
1 10 9 0.617015 0.318347 0.064638 122.727827 146.295984
1 10 9 0.899500 0.017241 0.083260 123.373757 140.298360
1 10 9 0.491938 0.292931 0.215131 117.358650 148.093322
1 10 9 0.011951 0.481697 0.506353 98.262691 164.447069
1 10 9 0.165493 0.571999 0.262508 110.709061 159.350656
1 10 9 0.413057 0.163385 0.423558 107.053863 149.711874
1 2 10 0.887564 0.095857 0.016579 129.671505 134.236425
1 2 10 0.665059 0.123871 0.211070 133.224237 136.925330
1 2 10 0.582969 0.299768 0.117263 137.084042 141.402897
1 2 10 0.893325 0.057057 0.049618 130.295017 135.506697
1 2 10 0.472290 0.522217 0.005493 148.718089 135.924201
1 2 10 0.364218 0.459104 0.176678 143.500335 139.389086
1 2 10 0.616604 0.323977 0.059419 137.970769 137.085204
1 2 10 0.714585 0.195062 0.090353 133.860559 139.031445
1 2 10 0.030751 0.475178 0.494071 143.310660 148.439808
1 2 10 0.914410 0.043469 0.042121 128.382490 138.104025
2 11 10 0.470085 0.406562 0.123352 157.382521 149.001402
2 11 10 0.056120 0.428393 0.515487 138.940506 163.338740
2 11 10 0.589173 0.329932 0.080895 163.644857 146.955157
2 11 10 0.101780 0.145583 0.752637 132.698160 161.241690
2 11 10 0.427759 0.192127 0.380114 150.723498 151.187896
2 11 10 0.295399 0.005909 0.698692 132.205966 157.373837
2 11 10 0.608524 0.345752 0.045724 164.263151 145.748455
2 11 10 0.096769 0.193893 0.709338 134.046470 159.391938
2 11 10 0.903731 0.021503 0.074765 158.156968 137.698411
2 11 10 0.287219 0.342113 0.370668 145.459534 153.494221
2 3 11 0.767339 0.228167 0.004494 175.889792 135.640364
2 3 11 0.418709 0.429700 0.151591 179.024808 137.409158
2 3 11 0.428654 0.099667 0.471679 168.276649 146.888356
2 3 11 0.956531 0.028474 0.014995 169.931912 133.443362
2 3 11 0.144783 0.192397 0.662820 170.490106 151.964526
2 3 11 0.019786 0.917821 0.062393 200.769194 132.127433
2 3 11 0.061971 0.933342 0.004687 201.890343 136.839323
2 3 11 0.262023 0.519540 0.218436 183.447641 141.719113
2 3 11 0.504577 0.269990 0.225434 174.188155 140.625520
2 3 11 0.619180 0.076542 0.304278 168.440714 141.609149
3 12 11 0.303144 0.076901 0.619956 177.296885 157.757420
3 12 11 0.827167 0.122623 0.050210 198.809030 139.503300
3 12 11 0.863408 0.033891 0.102701 197.567441 141.758222
3 12 11 0.795631 0.013296 0.191073 197.870990 137.749483
3 12 11 0.146584 0.294348 0.559068 181.376227 157.647094
3 12 11 0.939451 0.035269 0.025280 204.636858 137.862848
3 12 11 0.118408 0.825386 0.056206 201.403448 156.451347
3 12 11 0.219139 0.607125 0.173736 195.459448 156.571160
3 12 11 0.732611 0.045632 0.221757 196.276062 141.295308
3 12 11 0.078341 0.012257 0.909402 163.447679 162.594148
3 4 12 0.574592 0.078464 0.346944 205.400996 147.084438
3 4 12 0.831390 0.133326 0.035284 212.173873 137.663138
3 4 12 0.236476 0.083667 0.679857 206.243940 155.405921
3 4 12 0.754234 0.047541 0.198225 209.060870 138.550484
3 4 12 0.897760 0.048251 0.053989 204.010064 132.816146
3 4 12 0.347205 0.128208 0.524588 208.841292 148.983148
3 4 12 0.466125 0.238041 0.295834 210.904752 144.103974
3 4 12 0.786024 0.188657 0.025318 210.078727 137.224231
3 4 12 0.775749 0.218996 0.005255 214.392956 135.158941
3 4 12 0.003131 0.135305 0.861563 208.496368 159.447121
4 13 12 0.607153 0.044193 0.348654 228.646338 145.436887
4 13 12 0.919916 0.067832 0.012253 244.839528 140.142228
4 13 12 0.142219 0.114177 0.743604 213.478373 162.770400
4 13 12 0.915280 0.014886 0.069834 234.502245 139.234843
4 13 12 0.571104 0.229802 0.199094 234.360499 150.703270
4 13 12 0.039050 0.009543 0.951407 207.727607 164.223877
4 13 12 0.769205 0.047974 0.182821 239.748008 142.492743
4 13 12 0.666579 0.004655 0.328766 229.420282 144.838515
4 13 12 0.854989 0.107781 0.037230 243.178982 137.722430
4 13 12 0.518349 0.333414 0.148237 236.449820 149.431526
4 5 13 0.386310 0.479618 0.134072 261.137945 138.457015
4 5 13 0.298564 0.325899 0.375537 255.614729 139.695427
4 5 13 0.453299 0.100621 0.446080 244.224375 151.564593
4 5 13 0.465339 0.035984 0.498677 242.880244 152.449913
4 5 13 0.764715 0.218342 0.016943 248.953510 136.719804
4 5 13 0.114431 0.465732 0.419837 257.991946 150.034314
4 5 13 0.104625 0.054164 0.841211 244.979215 159.705226
4 5 13 0.096428 0.499777 0.403795 261.010649 152.321864
4 5 13 0.868437 0.016718 0.114845 242.171967 137.244576
4 5 13 0.471445 0.124716 0.403838 249.377080 143.680519
5 14 13 0.506051 0.226086 0.267863 274.154913 150.974789
5 14 13 0.103477 0.605431 0.291092 273.971261 159.203515
5 14 13 0.497992 0.126920 0.375089 269.713589 149.852249
5 14 13 0.481502 0.434439 0.084059 281.995439 151.099958
5 14 13 0.946813 0.035471 0.017716 280.505050 136.037669
5 14 13 0.103417 0.481249 0.415334 267.712456 161.411738
5 14 13 0.681368 0.272978 0.045654 285.930638 146.157092
5 14 13 0.006499 0.736780 0.256722 274.199155 161.256349
5 14 13 0.285641 0.214754 0.499605 266.580781 158.456614
5 14 13 0.919124 0.026579 0.054297 280.541789 140.816839
5 6 14 0.617211 0.222024 0.160765 294.236995 143.933160
5 6 14 0.256762 0.184269 0.558968 294.821349 150.453308
5 6 14 0.385618 0.547357 0.067024 305.936561 139.120446
5 6 14 0.883948 0.001429 0.114623 284.961022 142.975735
5 6 14 0.737678 0.058381 0.203941 285.313926 141.853727
5 6 14 0.127276 0.127750 0.744973 293.388700 157.082762
5 6 14 0.490165 0.210395 0.299440 295.111854 144.019845
5 6 14 0.823937 0.079457 0.096606 285.355392 141.879588
5 6 14 0.815705 0.074657 0.109638 290.986792 141.828308
5 6 14 0.933553 0.024558 0.041889 286.852840 137.965717
6 15 14 0.527219 0.089878 0.382903 313.160024 147.710847
6 15 14 0.478909 0.400072 0.121020 317.777503 148.598793
6 15 14 0.084365 0.747944 0.167691 320.332162 160.073264
6 15 14 0.262974 0.312220 0.424806 308.223594 158.261824
6 15 14 0.966407 0.006597 0.026997 318.731629 141.006567
6 15 14 0.536092 0.031460 0.432448 307.637441 148.960488
6 15 14 0.432295 0.149885 0.417820 309.558463 153.437818
6 15 14 0.258645 0.058649 0.682706 299.685875 156.735142
6 15 14 0.648190 0.145852 0.205958 315.998122 140.351046
6 15 14 0.095140 0.066009 0.838852 293.611885 162.383772
6 7 15 0.340871 0.208790 0.450339 334.880469 149.962542
6 7 15 0.273750 0.641451 0.084799 348.376062 140.578037
6 7 15 0.511633 0.198984 0.289383 336.367861 144.964418
6 7 15 0.520670 0.063020 0.416310 326.128617 150.891151
6 7 15 0.756441 0.133217 0.110343 330.951910 142.326426
6 7 15 0.139202 0.005439 0.855360 328.613349 163.000328
6 7 15 0.799317 0.040060 0.160622 325.752273 143.853527
6 7 15 0.610959 0.273969 0.115072 333.548974 140.734743
6 7 15 0.819243 0.176262 0.004495 334.215533 137.599505
6 7 15 0.914747 0.077130 0.008123 326.703227 138.120690
7 16 15 0.223024 0.499708 0.277267 358.545219 160.181100
7 16 15 0.093745 0.202395 0.703860 345.718207 164.682769
7 16 15 0.234819 0.083137 0.682044 339.623651 161.005822
7 16 15 0.847891 0.057049 0.095060 363.067652 142.506817
7 16 15 0.186903 0.370303 0.442793 348.136547 161.944721
7 16 15 0.325163 0.009719 0.665118 343.756882 156.333217
7 16 15 0.531259 0.365751 0.102990 367.486822 149.827517
7 16 15 0.784321 0.156306 0.059373 365.683247 148.732787
7 16 15 0.244338 0.649288 0.106373 367.503867 156.169401
7 16 15 0.897889 0.077992 0.024119 358.823009 145.483422
7 8 16 0.056810 0.412587 0.530603 382.328528 153.697860
7 8 16 0.597646 0.159498 0.242856 373.658120 148.522189
7 8 16 0.608157 0.314366 0.077477 378.581567 140.566656
7 8 16 0.030979 0.326806 0.642215 382.067837 158.425433
7 8 16 0.836448 0.139815 0.023737 369.948460 142.946438
7 8 16 0.651430 0.108254 0.240316 369.825886 146.920931
7 8 16 0.671636 0.118050 0.210314 366.828544 146.375766
7 8 16 0.228034 0.104689 0.667278 374.769063 157.869742
7 8 16 0.632743 0.118656 0.248600 373.707592 144.581995
7 8 16 0.014104 0.569110 0.416786 387.964227 149.909078
8 17 16 0.128954 0.585311 0.285736 396.330340 161.578925
8 17 16 0.099548 0.155131 0.745322 380.724623 162.853161
8 17 16 0.010296 0.615378 0.374326 395.283530 167.625828
8 17 16 0.253414 0.087821 0.658764 380.343007 157.854703
8 17 16 0.433264 0.425571 0.141165 404.936786 152.782357
8 17 16 0.654230 0.341650 0.004120 403.370017 148.965210
8 17 16 0.525204 0.418081 0.056715 403.286823 153.696017
8 17 16 0.925437 0.055678 0.018885 402.259887 143.083082
8 17 16 0.191751 0.533001 0.275249 396.807720 156.865847
8 17 16 0.539205 0.076174 0.384621 391.675210 151.844168
9 10 18 0.006402 0.566099 0.427498 104.929347 178.030598
9 10 18 0.539131 0.019125 0.441744 78.325441 183.885854
9 10 18 0.206753 0.571028 0.222219 105.381723 173.193462
9 10 18 0.787156 0.063211 0.149633 81.949096 164.578284
9 10 18 0.187241 0.495358 0.317402 100.956561 174.778282
9 10 18 0.895237 0.009304 0.095459 78.141441 165.342206
9 10 18 0.471584 0.225857 0.302559 86.224907 173.925585
9 10 18 0.411178 0.517657 0.071166 102.228861 166.888996
9 10 18 0.301277 0.156556 0.542168 80.216944 188.043993
9 10 18 0.199106 0.551336 0.249558 99.242870 172.830664
10 19 18 0.434364 0.032789 0.532847 97.267963 183.225918
10 19 18 0.235017 0.759303 0.005681 116.065801 194.573528
10 19 18 0.568381 0.124684 0.306935 103.663942 179.001176
10 19 18 0.446190 0.433243 0.120567 115.035513 185.041568
10 19 18 0.574791 0.285770 0.139439 115.420128 180.818863
10 19 18 0.203977 0.480841 0.315182 105.313994 196.168494
10 19 18 0.336951 0.049451 0.613598 88.418920 188.923254
10 19 18 0.890792 0.107491 0.001718 122.979919 168.245061
10 19 18 0.562134 0.404566 0.033299 113.374075 183.907173
10 19 18 0.214325 0.103367 0.682308 91.775096 191.533830
10 11 19 0.443712 0.106510 0.449778 124.267633 179.395990
10 11 19 0.773405 0.043348 0.183247 118.192407 170.798679
10 11 19 0.132638 0.438751 0.428611 134.310284 178.564230
10 11 19 0.068327 0.313125 0.618548 128.830066 189.642774
10 11 19 0.547951 0.168385 0.283665 122.922082 175.190072
10 11 19 0.382965 0.349265 0.267770 130.920690 176.164081
10 11 19 0.037950 0.499157 0.462892 138.033557 180.482411
10 11 19 0.526948 0.289727 0.183325 133.220577 170.090841
10 11 19 0.381729 0.582652 0.035618 147.357230 164.844058
10 11 19 0.799485 0.006673 0.193842 115.802056 167.911920
11 20 19 0.617253 0.299825 0.082922 155.414613 180.401063
11 20 19 0.835318 0.146524 0.018158 158.774152 169.548373
11 20 19 0.387382 0.410101 0.202516 149.689332 186.842078
11 20 19 0.785397 0.019465 0.195138 150.952209 171.261606
11 20 19 0.236355 0.369694 0.393951 139.088392 193.153545
11 20 19 0.378293 0.578271 0.043436 158.733150 186.909334
11 20 19 0.790222 0.099492 0.110285 150.372168 170.624969
11 20 19 0.100622 0.582983 0.316395 142.559788 198.177290
11 20 19 0.862205 0.043946 0.093848 153.758158 167.980324
11 20 19 0.120937 0.075904 0.803159 125.444639 199.755733
11 12 20 0.281742 0.331315 0.386942 171.541155 178.236019
11 12 20 0.916780 0.032145 0.051075 160.934912 164.012364
11 12 20 0.034017 0.696467 0.269516 184.698009 173.814562
11 12 20 0.021447 0.349168 0.629386 174.491777 186.039356
11 12 20 0.333273 0.557179 0.109548 179.260037 171.504378
11 12 20 0.254026 0.700656 0.045319 190.566149 163.617729
11 12 20 0.624089 0.190226 0.185685 169.398821 171.806884
11 12 20 0.650537 0.123435 0.226028 166.801146 174.858477
11 12 20 0.745514 0.215186 0.039300 165.342081 164.802836
11 12 20 0.091796 0.377653 0.530551 177.861603 185.229529
12 21 20 0.533774 0.291287 0.174939 189.542006 183.069394
12 21 20 0.318207 0.485194 0.196599 189.888479 191.241389
12 21 20 0.130807 0.603273 0.265921 188.151752 199.267733
12 21 20 0.814251 0.117034 0.068716 201.339631 168.443284
12 21 20 0.270977 0.415948 0.313075 185.184004 191.916622
12 21 20 0.580747 0.157693 0.261560 192.406888 181.494998
12 21 20 0.668170 0.325135 0.006695 202.170852 178.192265
12 21 20 0.225034 0.523787 0.251179 188.091776 188.649398
12 21 20 0.159188 0.128883 0.711930 168.220324 197.794699
12 21 20 0.651104 0.137134 0.211762 190.721971 175.746414
12 13 21 0.766605 0.125550 0.107844 208.873637 166.632097
12 13 21 0.433175 0.309153 0.257672 208.953974 175.088404
12 13 21 0.397128 0.530817 0.072055 221.110325 162.640262
12 13 21 0.570226 0.412919 0.016855 217.639114 164.980630
12 13 21 0.425931 0.472567 0.101503 220.238110 165.623265
12 13 21 0.133035 0.244931 0.622035 208.603136 188.673041
12 13 21 0.182146 0.182301 0.635553 209.281066 186.628882
12 13 21 0.470409 0.096600 0.432992 206.078487 176.944486
12 13 21 0.834249 0.014687 0.151064 197.176004 167.113792
12 13 21 0.356903 0.348053 0.295043 216.995931 173.011668
13 22 21 0.661718 0.291294 0.046987 237.633843 175.218485
13 22 21 0.744273 0.027131 0.228596 232.877314 174.679771
13 22 21 0.594924 0.100538 0.304539 230.414822 179.737077
13 22 21 0.894046 0.040563 0.065390 237.552662 171.519601
13 22 21 0.594989 0.242529 0.162482 233.887062 175.689758
13 22 21 0.910300 0.079696 0.010004 241.153792 169.869798
13 22 21 0.527926 0.458857 0.013217 238.119642 183.311338
13 22 21 0.500029 0.430646 0.069325 237.210542 181.420572
13 22 21 0.144532 0.650321 0.205147 233.206507 200.976238
13 22 21 0.777769 0.050971 0.171260 231.394057 172.319792
13 14 22 0.979998 0.006261 0.013740 243.584995 167.702004
13 14 22 0.617134 0.277851 0.105015 255.939721 165.549437
13 14 22 0.500385 0.466569 0.033046 263.444386 167.619917
13 14 22 0.996351 0.000851 0.002798 238.171248 166.668529
13 14 22 0.990684 0.004609 0.004706 239.153398 166.153308
13 14 22 0.754453 0.111001 0.134546 247.890153 167.506166
13 14 22 0.621448 0.310895 0.067657 255.602778 166.629410
13 14 22 0.053527 0.071538 0.874934 242.568024 200.169773
13 14 22 0.839673 0.144706 0.015621 249.201419 167.197791
13 14 22 0.337595 0.249939 0.412466 255.450754 178.299389
14 23 22 0.797531 0.101561 0.100908 281.745428 169.930685
14 23 22 0.880204 0.007217 0.112579 279.055149 170.908365
14 23 22 0.544062 0.437569 0.018369 287.166417 180.150599
14 23 22 0.587666 0.141854 0.270480 276.766201 178.491063
14 23 22 0.430312 0.149365 0.420323 267.398299 185.561323
14 23 22 0.419889 0.367437 0.212674 280.157385 182.896749
14 23 22 0.596543 0.267478 0.135980 281.767799 181.668187
14 23 22 0.827372 0.077846 0.094782 283.851166 172.652528
14 23 22 0.142908 0.313641 0.543451 263.976871 197.337983
14 23 22 0.598233 0.233080 0.168687 282.582517 182.395166
14 15 23 0.814434 0.063571 0.121994 289.848335 172.184979
14 15 23 0.320600 0.666494 0.012906 316.539806 165.235537
14 15 23 0.578585 0.206843 0.214572 296.947563 173.720623
14 15 23 0.249988 0.516223 0.233789 313.437346 174.552548
14 15 23 0.595797 0.389106 0.015097 302.314852 164.853459
14 15 23 0.853814 0.062475 0.083711 287.635057 170.568226
14 15 23 0.046478 0.481375 0.472146 307.221195 183.238405
14 15 23 0.905834 0.024250 0.069916 287.398489 168.177612
14 15 23 0.848887 0.003677 0.147436 287.175139 167.278653
14 15 23 0.725108 0.176946 0.097947 291.645632 170.785768
15 24 23 0.829994 0.107388 0.062618 324.671055 175.317917
15 24 23 0.028413 0.463497 0.508090 308.328718 200.506131
15 24 23 0.882021 0.002722 0.115257 326.906538 170.819699
15 24 23 0.892188 0.042316 0.065496 324.199683 171.430770
15 24 23 0.077488 0.547122 0.375390 310.161937 202.357085
15 24 23 0.881152 0.115342 0.003506 329.505104 174.145973
15 24 23 0.912776 0.071576 0.015647 325.669802 169.193971
15 24 23 0.248163 0.692380 0.059457 327.281062 194.258166
15 24 23 0.161591 0.545955 0.292454 317.173174 198.904123
15 24 23 0.795016 0.055578 0.149406 327.479706 176.233206
15 16 24 0.631776 0.320342 0.047882 339.864638 163.948730
15 16 24 0.473276 0.209953 0.316771 336.531519 176.035413
15 16 24 0.868220 0.012687 0.119094 328.067572 171.817047
15 16 24 0.147696 0.569976 0.282327 351.470081 179.356919
15 16 24 0.340558 0.201550 0.457892 338.910962 180.733008
15 16 24 0.218506 0.539872 0.241622 353.272129 172.268513
15 16 24 0.493831 0.011175 0.494993 330.479335 183.530000
15 16 24 0.122776 0.436215 0.441009 345.672211 181.519392
15 16 24 0.580717 0.207714 0.211569 340.968543 173.242926
15 16 24 0.233391 0.186578 0.580032 335.263913 182.670941
16 25 24 0.731184 0.106358 0.162458 366.383199 174.611818
16 25 24 0.609346 0.135029 0.255625 362.354190 182.509132
16 25 24 0.580640 0.295409 0.123951 367.632624 180.826845
16 25 24 0.669248 0.241799 0.088953 366.253040 178.532539
16 25 24 0.766982 0.220593 0.012425 369.973495 171.752465
16 25 24 0.972456 0.025176 0.002368 371.787420 164.907247
16 25 24 0.832295 0.027215 0.140490 366.158630 171.053661
16 25 24 0.916542 0.015394 0.068064 369.514769 169.703873
16 25 24 0.384944 0.183843 0.431214 352.735185 189.194079
16 25 24 0.214559 0.317652 0.467790 349.633022 191.598058
16 17 25 0.778416 0.163221 0.058363 380.109386 165.037773
16 17 25 0.483768 0.497347 0.018885 394.360006 164.203956
16 17 25 0.150846 0.534943 0.314211 396.319480 176.870944
16 17 25 0.733113 0.257818 0.009069 384.264033 164.615743
16 17 25 0.068085 0.572118 0.359797 395.108284 179.373294
16 17 25 0.822380 0.055110 0.122510 371.702037 167.477373
16 17 25 0.418211 0.436395 0.145394 390.897657 170.232197
16 17 25 0.829364 0.016184 0.154452 369.877225 168.916319
16 17 25 0.419223 0.123742 0.457035 377.602216 184.788834
16 17 25 0.962305 0.002961 0.034735 372.217410 164.613226
17 26 25 0.778304 0.158075 0.063622 410.217240 173.185902
17 26 25 0.282233 0.515160 0.202607 408.852524 193.857668
17 26 25 0.014228 0.944107 0.041666 420.598779 202.481068
17 26 25 0.242959 0.257931 0.499110 394.722434 193.775250
17 26 25 0.973285 0.021302 0.005413 411.872855 169.640310
17 26 25 0.977844 0.011986 0.010170 412.638827 165.073771
17 26 25 0.700370 0.077930 0.221700 401.622525 179.306413
17 26 25 0.523505 0.275314 0.201181 405.900514 184.141255
17 26 25 0.454974 0.083700 0.461327 396.648763 186.202153
17 26 25 0.930737 0.002698 0.066565 407.641498 164.940206
18 19 27 0.662951 0.129524 0.207525 80.745678 210.427746
18 19 27 0.707966 0.120755 0.171279 75.206061 214.036544
18 19 27 0.857792 0.119936 0.022272 81.077954 199.744863
18 19 27 0.524739 0.334262 0.140999 88.586101 209.234422
18 19 27 0.317308 0.449496 0.233196 93.583460 212.220038
18 19 27 0.958092 0.001247 0.040660 75.520612 203.991554
18 19 27 0.012241 0.064968 0.922791 81.586881 242.001965
18 19 27 0.334620 0.570040 0.095340 96.793550 205.829420
18 19 27 0.012011 0.941498 0.046490 110.149283 204.785308
18 19 27 0.571642 0.363130 0.065229 89.238094 204.286999
19 28 27 0.820097 0.000084 0.179820 111.814835 211.813662
19 28 27 0.706097 0.193869 0.100034 111.935838 216.614145
19 28 27 0.558032 0.217031 0.224937 108.318554 223.849731
19 28 27 0.429524 0.326942 0.243534 106.804359 230.214774
19 28 27 0.566343 0.410530 0.023127 113.915880 225.687738
19 28 27 0.474771 0.032997 0.492232 96.482198 228.174564
19 28 27 0.173513 0.254581 0.571906 93.812546 239.679282
19 28 27 0.531085 0.232604 0.236310 103.914899 222.375114
19 28 27 0.124253 0.579361 0.296386 102.402542 242.551511
19 28 27 0.277396 0.585311 0.137294 111.964487 233.391440
19 20 28 0.686806 0.129991 0.183203 115.419966 214.672180
19 20 28 0.773393 0.027976 0.198631 114.892560 212.149890
19 20 28 0.909433 0.064210 0.026357 117.232709 204.552512
19 20 28 0.058090 0.726802 0.215108 148.403972 213.267892
19 20 28 0.119224 0.691609 0.189167 149.366208 210.500641
19 20 28 0.707312 0.020933 0.271755 118.073332 218.134463
19 20 28 0.142239 0.855498 0.002263 149.652013 205.522597
19 20 28 0.513935 0.168269 0.317796 124.476171 218.181708
19 20 28 0.694883 0.062762 0.242355 121.646744 217.182250
19 20 28 0.805310 0.067760 0.126930 116.674469 208.020125
20 29 28 0.880583 0.078618 0.040799 152.009910 209.507641
20 29 28 0.169732 0.688488 0.141780 150.529269 239.479408
20 29 28 0.586103 0.163832 0.250065 145.306939 223.425238
20 29 28 0.602676 0.249553 0.147772 150.137210 223.674744
20 29 28 0.360116 0.510628 0.129256 151.347871 233.909217
20 29 28 0.663750 0.275529 0.060721 157.586996 221.488092
20 29 28 0.159419 0.431879 0.408702 138.902519 241.702534
20 29 28 0.419189 0.427783 0.153028 146.986779 225.807685
20 29 28 0.734140 0.163364 0.102496 153.643627 218.329004
20 29 28 0.624128 0.149601 0.226271 145.780897 219.082891
20 21 29 0.426177 0.012261 0.561563 158.224608 228.093520
20 21 29 0.305644 0.109581 0.584775 162.253582 231.696995
20 21 29 0.504929 0.480313 0.014759 180.010066 208.640132
20 21 29 0.011419 0.129738 0.858843 163.520831 244.951938
20 21 29 0.119449 0.443862 0.436689 175.597590 218.724954
20 21 29 0.642110 0.256044 0.101847 164.643491 208.139060
20 21 29 0.883015 0.037520 0.079465 156.361639 207.862935
20 21 29 0.544164 0.299329 0.156507 169.828371 210.221193
20 21 29 0.324221 0.490819 0.184960 178.190933 210.831223
20 21 29 0.108099 0.877207 0.014694 192.163545 202.429650
21 30 29 0.354658 0.125833 0.519509 174.859654 230.448854
21 30 29 0.823319 0.002235 0.174446 187.017144 211.112173
21 30 29 0.124075 0.700746 0.175179 187.869754 244.735827
21 30 29 0.296436 0.546146 0.157418 191.915535 234.581703
21 30 29 0.448890 0.241626 0.309484 188.574290 228.507040
21 30 29 0.980372 0.010950 0.008678 198.939202 203.954036
21 30 29 0.938940 0.011400 0.049660 196.842878 203.256133
21 30 29 0.668996 0.254690 0.076315 201.427455 216.236836
21 30 29 0.365273 0.118049 0.516677 179.880073 232.497304
21 30 29 0.447992 0.517632 0.034376 194.754324 231.604025
21 22 30 0.864254 0.071525 0.064221 198.789047 204.066782
21 22 30 0.795255 0.203993 0.000752 204.536492 203.151315
21 22 30 0.591430 0.017907 0.390663 199.798285 221.755740
21 22 30 0.754168 0.106397 0.139436 204.072377 208.332011
21 22 30 0.253824 0.352280 0.393896 214.408051 219.480032
21 22 30 0.277783 0.477202 0.245015 218.263803 210.156640
21 22 30 0.230397 0.337314 0.432290 211.396416 223.033300
21 22 30 0.254222 0.303442 0.442336 210.587203 223.406683
21 22 30 0.369598 0.102196 0.528206 199.641534 227.103333
21 22 30 0.773819 0.128126 0.098055 202.397596 204.475847
22 31 30 0.175914 0.722336 0.101750 235.196956 239.615943
22 31 30 0.311842 0.048174 0.639984 212.870981 233.108713
22 31 30 0.112724 0.796276 0.091000 236.752058 244.406280
22 31 30 0.641969 0.137741 0.220290 232.417802 220.564875
22 31 30 0.879142 0.053940 0.066918 238.141661 207.135725
22 31 30 0.584801 0.012987 0.402212 222.628419 222.855690
22 31 30 0.092435 0.364708 0.542857 214.746015 240.619362
22 31 30 0.006259 0.520605 0.473136 221.218258 248.130523
22 31 30 0.558805 0.288208 0.152987 229.151376 215.652843
22 31 30 0.204980 0.139560 0.655460 212.454018 234.989437
22 23 31 0.440536 0.291417 0.268047 253.828602 216.699412
22 23 31 0.654380 0.217390 0.128230 250.683375 210.392189
22 23 31 0.582798 0.341031 0.076170 259.572969 206.637150
22 23 31 0.146726 0.443414 0.409860 256.783348 218.567598
22 23 31 0.704852 0.026698 0.268450 242.631213 216.788370
22 23 31 0.174634 0.081947 0.743419 244.650521 232.745817
22 23 31 0.470342 0.079217 0.450440 243.410746 218.371962
22 23 31 0.394078 0.025131 0.580791 242.360476 228.574322
22 23 31 0.663671 0.190690 0.145639 251.744464 208.720179
22 23 31 0.249357 0.379393 0.371251 254.822164 220.240471
23 32 31 0.470084 0.062687 0.467230 263.125054 229.003019
23 32 31 0.376706 0.187360 0.435934 265.500262 233.227655
23 32 31 0.781177 0.143065 0.075759 284.803168 211.790360
23 32 31 0.151171 0.696576 0.152253 278.082322 240.364618
23 32 31 0.827212 0.020246 0.152542 281.641491 210.203961
23 32 31 0.347522 0.516610 0.135868 278.521858 233.698025
23 32 31 0.628783 0.314270 0.056948 280.894595 220.031048
23 32 31 0.835444 0.123073 0.041483 286.541646 214.001756
23 32 31 0.713940 0.271805 0.014256 285.751078 218.193172
23 32 31 0.082491 0.434692 0.482817 260.793813 241.099328
23 24 32 0.374250 0.378604 0.247146 301.990578 216.439036
23 24 32 0.412975 0.026363 0.560662 284.930330 229.103313
23 24 32 0.632922 0.305778 0.061300 300.354462 206.323208
23 24 32 0.223637 0.347851 0.428513 303.192659 226.433417
23 24 32 0.767756 0.219219 0.013025 293.247904 205.005829
23 24 32 0.509097 0.482816 0.008087 303.684549 205.673384
23 24 32 0.392123 0.477068 0.130809 305.747979 212.269597
23 24 32 0.723929 0.127403 0.148668 292.548801 209.436123
23 24 32 0.737628 0.072582 0.189790 289.109726 213.312334
23 24 32 0.521397 0.461960 0.016643 308.184774 206.393428
24 33 32 0.567874 0.391630 0.040496 330.150895 220.231484
24 33 32 0.535138 0.082670 0.382192 312.151279 223.831625
24 33 32 0.510174 0.344405 0.145422 323.149872 225.825192
24 33 32 0.109431 0.887974 0.002594 327.796734 239.795589
24 33 32 0.964334 0.033633 0.002034 329.398007 207.595782
24 33 32 0.562324 0.418310 0.019367 328.226847 224.500223
24 33 32 0.910531 0.066041 0.023428 326.770261 209.941913
24 33 32 0.873361 0.087841 0.038799 324.787652 208.777862
24 33 32 0.092239 0.767842 0.139919 323.826219 240.598750
24 33 32 0.429572 0.280321 0.290106 317.932444 227.256646
24 25 33 0.333420 0.307951 0.358629 342.795882 216.135679
24 25 33 0.157971 0.014962 0.827067 330.726686 238.527392
24 25 33 0.647837 0.335584 0.016578 342.349501 198.307498
24 25 33 0.648495 0.000127 0.351378 330.257833 215.284450
24 25 33 0.412039 0.001102 0.586859 330.797754 225.562493
24 25 33 0.202532 0.481264 0.316204 349.637112 217.868717
24 25 33 0.957026 0.021443 0.021531 326.643488 202.151476
24 25 33 0.400873 0.016052 0.583075 331.012369 228.866232
24 25 33 0.764330 0.094734 0.140936 333.281151 209.885429
24 25 33 0.020168 0.110631 0.869201 331.920434 239.023150
25 34 33 0.979081 0.009595 0.011324 371.966469 203.523493
25 34 33 0.822231 0.093069 0.084700 365.409669 212.963487
25 34 33 0.587236 0.300915 0.111849 368.800098 223.406104
25 34 33 0.897052 0.096112 0.006836 365.534175 210.635131
25 34 33 0.225512 0.211380 0.563108 351.189353 235.502528
25 34 33 0.013593 0.673909 0.312498 360.915972 245.353598
25 34 33 0.531643 0.332202 0.136155 367.913797 227.014994
25 34 33 0.907685 0.039029 0.053286 370.230683 204.291787
25 34 33 0.854730 0.119476 0.025794 370.730436 206.171971
25 34 33 0.774628 0.181225 0.044147 370.546080 212.991125
25 26 34 0.568546 0.246153 0.185302 384.205733 210.685939
25 26 34 0.947499 0.035210 0.017291 373.098568 205.020286
25 26 34 0.284157 0.396279 0.319564 390.830702 219.963691
25 26 34 0.444096 0.523373 0.032531 395.860114 208.590043
25 26 34 0.291911 0.161468 0.546621 384.077435 226.075722
25 26 34 0.212905 0.097816 0.689279 379.428588 232.340729
25 26 34 0.000659 0.153650 0.845691 381.286862 239.672542
25 26 34 0.338172 0.638273 0.023555 402.775273 200.008933
25 26 34 0.057933 0.509914 0.432153 397.748567 220.461562
25 26 34 0.661169 0.332516 0.006316 389.653410 203.041584
26 35 34 0.786879 0.186297 0.026824 417.335685 209.755965
26 35 34 0.922613 0.010412 0.066974 414.545092 205.212343
26 35 34 0.302314 0.139199 0.558487 393.151609 237.776684
26 35 34 0.295536 0.472419 0.232045 408.628566 234.597536
26 35 34 0.041658 0.820016 0.138326 412.463518 245.058588
26 35 34 0.953313 0.034856 0.011831 419.845754 205.509162
26 35 34 0.154423 0.172004 0.673573 388.450073 240.677576
26 35 34 0.097256 0.892591 0.010153 422.969618 243.653986
26 35 34 0.060284 0.931687 0.008028 420.241080 242.623724
26 35 34 0.375183 0.554554 0.070262 419.743306 229.893384
27 28 36 0.610332 0.120208 0.269461 86.415477 261.258564
27 28 36 0.107266 0.653907 0.238827 100.780685 253.236499
27 28 36 0.523700 0.212836 0.263464 90.680362 257.769612
27 28 36 0.127648 0.045103 0.827249 86.521786 280.744684
27 28 36 0.337306 0.072834 0.589859 85.272377 271.903610
27 28 36 0.047835 0.543976 0.408189 106.647547 260.317497
27 28 36 0.691335 0.275868 0.032797 88.843660 246.473578
27 28 36 0.272630 0.706611 0.020759 106.508804 248.013992
27 28 36 0.103914 0.232190 0.663897 91.530751 271.506658
27 28 36 0.753313 0.196201 0.050486 86.724283 246.708410
28 37 36 0.245146 0.008921 0.745932 94.351181 274.089713
28 37 36 0.143139 0.675158 0.181703 115.429467 273.596944
28 37 36 0.721620 0.186950 0.091430 114.559205 259.547182
28 37 36 0.366905 0.519678 0.113417 120.242318 268.159741
28 37 36 0.680564 0.141026 0.178410 114.100239 262.441658
28 37 36 0.520316 0.081952 0.397732 106.759893 262.570685
28 37 36 0.968282 0.027848 0.003870 115.186583 249.101931
28 37 36 0.140227 0.056230 0.803543 93.121976 278.176665
28 37 36 0.505805 0.390670 0.103524 119.517666 265.736526
28 37 36 0.742789 0.197103 0.060107 115.373010 256.477415
28 29 37 0.950208 0.003761 0.046031 117.054622 250.663447
28 29 37 0.325710 0.010619 0.663671 125.156871 270.910908
28 29 37 0.304887 0.197700 0.497413 125.688661 267.562178
28 29 37 0.408438 0.389916 0.201645 135.024642 251.924808
28 29 37 0.519491 0.162819 0.317690 126.230185 258.661929
28 29 37 0.351341 0.046287 0.602372 122.985447 267.441649
28 29 37 0.289752 0.402469 0.307779 135.538165 258.689144
28 29 37 0.789622 0.044979 0.165399 117.317175 254.144941
28 29 37 0.058571 0.415051 0.526378 134.227430 265.170960
28 29 37 0.245978 0.555451 0.198572 140.260048 253.315894
29 38 37 0.664112 0.052621 0.283268 149.742064 260.729539
29 38 37 0.208840 0.341063 0.450097 144.051211 271.373277
29 38 37 0.862019 0.100341 0.037640 156.016989 253.142146
29 38 37 0.851033 0.032947 0.116020 158.607098 254.521737
29 38 37 0.936774 0.035699 0.027527 157.357478 247.954084
29 38 37 0.218485 0.407708 0.373806 147.255416 276.087163
29 38 37 0.342170 0.335070 0.322760 146.790076 270.168326
29 38 37 0.259794 0.387608 0.352599 147.379644 272.945275
29 38 37 0.287473 0.450384 0.262143 151.519214 275.833022
29 38 37 0.852230 0.095950 0.051820 152.352253 253.311019
29 30 38 0.165014 0.018948 0.816038 160.027216 276.657712
29 30 38 0.026649 0.674373 0.298978 184.031266 258.517377
29 30 38 0.234243 0.764708 0.001049 188.368174 244.666329
29 30 38 0.412351 0.009137 0.578512 159.245162 269.699536
29 30 38 0.388345 0.168042 0.443613 170.161502 268.550681
29 30 38 0.494687 0.042938 0.462374 157.669621 269.414241
29 30 38 0.310212 0.065151 0.624637 158.261848 270.096995
29 30 38 0.981253 0.017468 0.001279 158.037868 246.621103
29 30 38 0.497144 0.140948 0.361908 162.842774 263.208742
29 30 38 0.960921 0.022990 0.016089 157.196223 248.326634
30 39 38 0.551952 0.014656 0.433392 179.561699 266.745348
30 39 38 0.986416 0.010386 0.003197 201.320319 248.814486
30 39 38 0.899986 0.033074 0.066940 196.018016 250.214168
30 39 38 0.927092 0.025027 0.047881 196.745324 252.616169
30 39 38 0.343198 0.255392 0.401410 185.443117 274.137444
30 39 38 0.137044 0.394361 0.468596 182.790944 281.676344
30 39 38 0.124602 0.716358 0.159040 196.824010 279.203595
30 39 38 0.858106 0.022613 0.119281 195.729394 252.703871
30 39 38 0.438067 0.320928 0.241005 190.989506 269.362353
30 39 38 0.590248 0.016899 0.392853 184.467528 266.523982
30 31 39 0.221398 0.226868 0.551734 205.950792 270.172424
30 31 39 0.588006 0.044241 0.367754 203.420250 261.180965
30 31 39 0.792744 0.111485 0.095771 206.853143 251.975298
30 31 39 0.028218 0.736072 0.235710 235.498702 254.763523
30 31 39 0.268900 0.195507 0.535593 207.639070 268.390525
30 31 39 0.155305 0.155925 0.688770 207.936631 279.628343
30 31 39 0.566858 0.430094 0.003048 214.745215 251.215398
30 31 39 0.231291 0.498417 0.270292 216.665315 256.146172
30 31 39 0.565684 0.341859 0.092457 216.207842 251.671407
30 31 39 0.620371 0.298597 0.081032 212.875370 248.768778
31 40 39 0.751170 0.206686 0.042143 238.172243 257.716035
31 40 39 0.634479 0.231930 0.133591 230.606123 265.705162
31 40 39 0.042941 0.910641 0.046418 240.559828 287.646796
31 40 39 0.179460 0.535829 0.284711 228.941147 280.419629
31 40 39 0.054625 0.151803 0.793572 207.678983 286.082607
31 40 39 0.999338 0.000509 0.000153 236.327813 247.876576
31 40 39 0.796936 0.109298 0.093766 237.913160 251.948442
31 40 39 0.344339 0.185356 0.470304 220.906026 275.298728
31 40 39 0.609236 0.209831 0.180933 234.378558 262.028886
31 40 39 0.998658 0.001273 0.000069 240.391669 244.945386
31 32 40 0.498091 0.319317 0.182592 252.296250 252.143085
31 32 40 0.653103 0.072580 0.274317 244.169109 261.341852
31 32 40 0.901551 0.011169 0.087280 239.816370 251.104549
31 32 40 0.935257 0.061059 0.003684 243.088708 247.120938
31 32 40 0.582088 0.257964 0.159949 252.718507 255.359616
31 32 40 0.082832 0.786027 0.131141 276.096557 252.093975
31 32 40 0.955613 0.033670 0.010717 239.581376 246.800859
31 32 40 0.130224 0.055650 0.814126 242.791803 284.144325
31 32 40 0.845275 0.042581 0.112144 243.588293 250.521549
31 32 40 0.120619 0.114430 0.764951 242.246676 276.417133
32 41 40 0.152591 0.305849 0.541559 262.024534 283.359924
32 41 40 0.612605 0.329996 0.057400 285.136154 261.815647
32 41 40 0.014087 0.700014 0.285898 270.810484 287.153017
32 41 40 0.375652 0.346689 0.277659 271.499601 275.213362
32 41 40 0.549174 0.449813 0.001013 285.005416 268.065281
32 41 40 0.712293 0.094052 0.193655 276.788393 258.444558
32 41 40 0.084028 0.452736 0.463236 264.977053 283.095968
32 41 40 0.668499 0.241536 0.089965 282.590033 261.773120
32 41 40 0.429440 0.493375 0.077185 276.800326 268.959813
32 41 40 0.978004 0.000904 0.021092 282.474663 249.583495
32 33 41 0.235336 0.349284 0.415381 299.660926 267.239662
32 33 41 0.708872 0.186361 0.104767 294.220555 253.588725
32 33 41 0.615437 0.123681 0.260882 292.211530 256.636582
32 33 41 0.951570 0.035928 0.012503 285.775407 245.877540
32 33 41 0.120823 0.007105 0.872072 283.606793 282.964341
32 33 41 0.818389 0.003126 0.178485 286.293434 257.494584
32 33 41 0.483021 0.004251 0.512727 282.954990 266.842375
32 33 41 0.186515 0.419215 0.394271 302.816636 267.429197
32 33 41 0.957499 0.014792 0.027708 284.098141 246.979080
32 33 41 0.332616 0.595327 0.072057 309.537240 250.130169
33 42 41 0.936934 0.009008 0.054058 327.381703 250.218419
33 42 41 0.584873 0.282089 0.133039 321.266161 262.505477
33 42 41 0.820196 0.033376 0.146428 322.640401 255.862972
33 42 41 0.090328 0.250950 0.658721 295.928964 281.896375
33 42 41 0.395313 0.337245 0.267442 318.220192 273.286632
33 42 41 0.709211 0.016413 0.274376 315.225922 261.019392
33 42 41 0.453057 0.416654 0.130290 322.087369 271.318256
33 42 41 0.173190 0.415390 0.411420 314.303825 282.811914
33 42 41 0.731215 0.034062 0.234722 316.099461 254.938142
33 42 41 0.100239 0.476874 0.422887 310.043109 284.362497
33 34 42 0.276535 0.261476 0.461989 339.755890 267.668335
33 34 42 0.232433 0.081475 0.686092 331.380519 271.264803
33 34 42 0.803923 0.079480 0.116596 332.840953 251.849113
33 34 42 0.254722 0.463806 0.281472 345.401385 262.718537
33 34 42 0.761782 0.076813 0.161405 333.462319 256.790432
33 34 42 0.354662 0.145446 0.499892 334.800692 267.312590
33 34 42 0.418491 0.221959 0.359550 339.167578 261.192069
33 34 42 0.953500 0.034133 0.012367 324.496326 245.004348
33 34 42 0.367854 0.385697 0.246449 345.400076 257.506038
33 34 42 0.499513 0.283994 0.216493 341.023737 253.104586
34 43 42 0.587827 0.048375 0.363799 353.886643 264.272141
34 43 42 0.502076 0.197705 0.300219 357.108093 269.239540
34 43 42 0.112569 0.201102 0.686329 340.819203 283.626791
34 43 42 0.833381 0.036313 0.130306 369.360958 253.583282
34 43 42 0.831999 0.048653 0.119347 370.080214 255.092433
34 43 42 0.342420 0.554439 0.103141 367.705937 274.841512
34 43 42 0.371184 0.393166 0.235650 359.686795 270.896341
34 43 42 0.712863 0.246707 0.040430 372.868080 264.443478
34 43 42 0.863517 0.113468 0.023015 373.371330 253.758655
34 43 42 0.967218 0.026558 0.006223 372.622049 246.833245
34 35 43 0.746675 0.150404 0.102921 382.093959 248.191386
34 35 43 0.916262 0.022328 0.061410 374.030574 248.992072
34 35 43 0.994507 0.000852 0.004640 375.369206 246.261530
34 35 43 0.477103 0.270732 0.252165 384.492000 259.833908
34 35 43 0.942873 0.037266 0.019861 374.833938 249.567312
34 35 43 0.296324 0.694382 0.009294 401.102670 245.126492
34 35 43 0.351633 0.487897 0.160470 397.341820 256.511948
34 35 43 0.638269 0.176167 0.185564 382.003191 254.684530
34 35 43 0.266972 0.539953 0.193075 397.473013 255.144668
34 35 43 0.730006 0.067728 0.202266 375.337881 259.380710
35 44 43 0.074855 0.009711 0.915434 379.401069 285.344427
35 44 43 0.289492 0.012098 0.698411 387.938106 276.655156
35 44 43 0.270523 0.355696 0.373781 402.362979 276.691931
35 44 43 0.733840 0.136344 0.129816 413.666347 256.236989
35 44 43 0.652557 0.023629 0.323814 402.932584 257.826878
35 44 43 0.188909 0.436886 0.374204 403.199634 284.382134
35 44 43 0.856751 0.140105 0.003144 419.777211 251.833927
35 44 43 0.896661 0.047432 0.055907 416.403002 253.270179
35 44 43 0.915854 0.003885 0.080261 415.736193 248.235931
35 44 43 0.941613 0.029756 0.028632 417.149085 248.641417
36 37 45 0.541930 0.292603 0.165467 95.936479 286.198138
36 37 45 0.780022 0.053798 0.166180 93.173670 285.586170
36 37 45 0.101678 0.100165 0.798157 104.162293 300.059341
36 37 45 0.206936 0.133057 0.660007 99.477294 296.610677
36 37 45 0.810187 0.150199 0.039614 89.185557 285.637336
36 37 45 0.939771 0.005657 0.054573 88.503519 283.581164
36 37 45 0.387828 0.416701 0.195470 107.421103 283.740785
36 37 45 0.976269 0.021342 0.002388 85.228326 284.458843
36 37 45 0.003324 0.584015 0.412662 112.462365 295.245099
36 37 45 0.501207 0.123079 0.375714 95.786800 290.896681
37 46 45 0.895489 0.098910 0.005601 125.239102 285.576119
37 46 45 0.274988 0.529553 0.195458 125.738733 301.187072
37 46 45 0.408070 0.086979 0.504951 113.537724 301.525444
37 46 45 0.210949 0.455670 0.333380 120.535757 307.636491
37 46 45 0.439397 0.050484 0.510119 113.630568 298.200995
37 46 45 0.377161 0.087712 0.535128 113.830872 297.681165
37 46 45 0.815106 0.096509 0.088385 122.627313 286.311550
37 46 45 0.311826 0.020254 0.667919 104.182257 300.302961
37 46 45 0.792179 0.097453 0.110369 123.525316 292.559452
37 46 45 0.220464 0.617471 0.162065 128.458545 309.982628
37 38 46 0.337158 0.208721 0.454121 134.052277 298.440005
37 38 46 0.713965 0.025726 0.260309 127.797239 290.206480
37 38 46 0.613387 0.153358 0.233255 130.699851 292.278336
37 38 46 0.052389 0.227146 0.720466 141.843382 302.360057
37 38 46 0.638022 0.239840 0.122138 134.823978 283.517034
37 38 46 0.739057 0.080889 0.180054 129.223630 286.183308
37 38 46 0.354712 0.032533 0.612754 133.457210 299.072412
37 38 46 0.768734 0.121222 0.110044 127.243583 288.300420
37 38 46 0.779225 0.187056 0.033719 129.228305 283.459375
37 38 46 0.723959 0.100566 0.175475 131.678230 284.500936
38 47 46 0.879442 0.080073 0.040485 163.586797 286.633197
38 47 46 0.849495 0.142425 0.008080 163.122238 287.215167
38 47 46 0.677636 0.275100 0.047264 162.658983 298.900136
38 47 46 0.336575 0.182286 0.481139 149.058088 303.456020
38 47 46 0.878395 0.026506 0.095099 159.459772 286.652145
38 47 46 0.934524 0.065000 0.000477 163.178914 290.891233
38 47 46 0.835767 0.123043 0.041191 162.397112 291.684706
38 47 46 0.261748 0.576825 0.161426 170.806382 307.940647
38 47 46 0.025925 0.457596 0.516480 148.760836 313.701112
38 47 46 0.024808 0.001128 0.974064 135.594785 309.507703
38 39 47 0.252655 0.323934 0.423411 176.963770 297.844070
38 39 47 0.075791 0.736512 0.187697 195.084853 289.803744
38 39 47 0.865496 0.113867 0.020636 169.385592 288.445433
38 39 47 0.515820 0.462057 0.022123 178.559521 287.815295
38 39 47 0.320456 0.549218 0.130326 187.748358 292.880981
38 39 47 0.275123 0.074435 0.650442 172.559456 307.317867
38 39 47 0.674905 0.031735 0.293360 164.885096 296.911803
38 39 47 0.681663 0.039931 0.278406 163.665547 292.694264
38 39 47 0.345188 0.555897 0.098915 182.683984 288.051607
38 39 47 0.324415 0.128597 0.546988 172.198493 302.443171
39 48 47 0.797654 0.085599 0.116747 197.767297 293.753155
39 48 47 0.933034 0.005139 0.061827 199.775555 288.675262
39 48 47 0.423720 0.066018 0.510262 182.712054 303.633740
39 48 47 0.559863 0.395730 0.044407 200.999994 305.611705
39 48 47 0.105799 0.810359 0.083842 202.252181 313.704910
39 48 47 0.908038 0.074674 0.017288 203.603230 288.001794
39 48 47 0.197624 0.397624 0.404752 187.157626 310.514174
39 48 47 0.877201 0.079779 0.043020 197.560722 292.152236
39 48 47 0.550938 0.257280 0.191782 196.148953 300.659154
39 48 47 0.503907 0.057579 0.438514 185.668469 300.227236
39 40 48 0.017930 0.826147 0.155923 235.519114 295.261767
39 40 48 0.773619 0.017133 0.209248 204.587875 290.223552
39 40 48 0.306675 0.374779 0.318546 219.359576 296.144369
39 40 48 0.701320 0.155971 0.142709 206.768296 293.610687
39 40 48 0.205387 0.639800 0.154813 224.927306 299.524871
39 40 48 0.844664 0.079442 0.075894 206.076846 290.569994
39 40 48 0.533653 0.088890 0.377456 204.849169 297.933119
39 40 48 0.747761 0.173940 0.078299 205.843978 289.109812
39 40 48 0.643853 0.074529 0.281617 204.870249 296.128406
39 40 48 0.011030 0.747596 0.241374 230.113130 294.446964
40 49 48 0.781227 0.024758 0.194015 233.953541 291.755133
40 49 48 0.871391 0.045906 0.082703 237.909898 295.546390
40 49 48 0.327215 0.187617 0.485168 219.723938 311.408593
40 49 48 0.582077 0.406348 0.011575 238.180568 301.113236
40 49 48 0.581197 0.404740 0.014064 243.439992 300.343036
40 49 48 0.547689 0.111834 0.340477 224.646626 305.386336
40 49 48 0.633649 0.197373 0.168978 237.397391 298.327508
40 49 48 0.152206 0.200673 0.647121 216.187799 313.857200
40 49 48 0.257041 0.683873 0.059087 240.365672 313.006529
40 49 48 0.513648 0.002784 0.483568 222.705616 300.657305
40 41 49 0.277854 0.519872 0.202275 262.309050 296.844101
40 41 49 0.829891 0.134506 0.035603 245.791923 290.167996
40 41 49 0.596476 0.107423 0.296102 248.495588 297.815806
40 41 49 0.739787 0.120458 0.139755 244.148434 294.356101
40 41 49 0.495268 0.310256 0.194477 256.538706 295.318169
40 41 49 0.800439 0.144440 0.055122 245.359623 290.234316
40 41 49 0.696758 0.009222 0.294021 242.427795 297.671732
40 41 49 0.001324 0.952616 0.046060 280.669748 294.511567
40 41 49 0.557915 0.320464 0.121622 254.826623 295.465262
40 41 49 0.292005 0.616132 0.091863 269.939478 289.866809
41 50 49 0.935031 0.048525 0.016444 284.440148 290.497992
41 50 49 0.989392 0.001712 0.008896 284.115289 288.153053
41 50 49 0.033943 0.062858 0.903199 247.711742 322.836628
41 50 49 0.671899 0.225657 0.102444 278.671531 299.395332
41 50 49 0.118871 0.795610 0.085519 281.743107 319.738047
41 50 49 0.767241 0.003023 0.229736 277.653399 299.985783
41 50 49 0.280005 0.051979 0.668016 257.199896 307.831209
41 50 49 0.201469 0.573726 0.224805 274.177583 316.522845
41 50 49 0.179771 0.404568 0.415660 263.060941 316.102638
41 50 49 0.428984 0.464342 0.106673 275.339323 309.260135
41 42 50 0.122343 0.666110 0.211547 310.164430 296.919527
41 42 50 0.658551 0.030827 0.310622 285.599255 296.320394
41 42 50 0.556985 0.369459 0.073556 303.505647 292.004324
41 42 50 0.534023 0.385791 0.080185 299.274029 289.379265
41 42 50 0.348898 0.496101 0.155001 303.124084 292.965637
41 42 50 0.181414 0.599557 0.219028 310.345836 296.049346
41 42 50 0.031802 0.617382 0.350816 309.879435 303.405355
41 42 50 0.412947 0.420144 0.166909 302.517020 291.311905
41 42 50 0.369731 0.338866 0.291403 295.704899 298.340039
41 42 50 0.578387 0.149982 0.271631 287.578749 296.621875
42 51 50 0.327680 0.638263 0.034057 327.008100 312.342220
42 51 50 0.282783 0.221794 0.495423 304.513226 316.056781
42 51 50 0.635543 0.067813 0.296645 311.878037 301.980140
42 51 50 0.929118 0.038153 0.032729 327.840883 289.218477
42 51 50 0.912999 0.047034 0.039967 323.250672 294.519363
42 51 50 0.447253 0.331143 0.221603 318.515680 308.707305
42 51 50 0.912582 0.018972 0.068446 324.728843 290.125855
42 51 50 0.566393 0.338967 0.094641 319.265301 306.599050
42 51 50 0.633227 0.005422 0.361351 307.717918 302.760412
42 51 50 0.173850 0.466380 0.359770 313.695380 318.631453
42 43 51 0.117321 0.485505 0.397174 344.902955 306.301209
42 43 51 0.467275 0.249135 0.283590 337.617638 298.284175
42 43 51 0.019810 0.497676 0.482514 346.909635 307.804009
42 43 51 0.148533 0.488964 0.362503 342.349863 300.982427
42 43 51 0.751157 0.132094 0.116749 331.815712 289.801300
42 43 51 0.814722 0.033882 0.151396 326.087558 298.128807
42 43 51 0.666841 0.188798 0.144360 333.839723 292.158794
42 43 51 0.789969 0.165877 0.044154 336.495753 292.570969
42 43 51 0.223395 0.179882 0.596724 330.163297 309.040926
42 43 51 0.800849 0.100469 0.098682 330.219300 293.791889
43 52 51 0.654075 0.324903 0.021022 368.304049 302.403821
43 52 51 0.632194 0.227561 0.140245 365.904025 301.032608
43 52 51 0.955953 0.042359 0.001689 369.840948 291.139700
43 52 51 0.923853 0.041758 0.034389 372.352888 293.392324
43 52 51 0.820256 0.137717 0.042027 370.323249 295.617883
43 52 51 0.252083 0.661870 0.086046 362.739967 320.543775
43 52 51 0.102211 0.491769 0.406020 347.339070 319.574604
43 52 51 0.469204 0.441976 0.088820 364.481989 307.818496
43 52 51 0.348281 0.401092 0.250628 355.978581 312.277790
43 52 51 0.477103 0.282968 0.239929 361.521439 307.352670
43 44 52 0.535851 0.072174 0.391975 375.363974 304.283423
43 44 52 0.819060 0.120821 0.060120 375.319240 291.802090
43 44 52 0.781938 0.181701 0.036361 379.347920 289.478864
43 44 52 0.947548 0.032864 0.019589 372.682780 287.835488
43 44 52 0.385052 0.035094 0.579854 370.122485 311.246736
43 44 52 0.898284 0.083901 0.017814 375.674462 289.430271
43 44 52 0.491001 0.303084 0.205915 387.024269 299.482727
43 44 52 0.320982 0.602361 0.076658 397.868363 294.027409
43 44 52 0.060106 0.757661 0.182233 407.969122 297.808311
43 44 52 0.725955 0.272207 0.001838 382.220659 288.360540
44 53 52 0.820337 0.103352 0.076311 414.857245 298.206269
44 53 52 0.285276 0.637100 0.077624 410.851628 320.127897
44 53 52 0.311227 0.047188 0.641586 383.091768 317.076923
44 53 52 0.911579 0.002130 0.086290 410.154471 294.414191
44 53 52 0.697111 0.207755 0.095134 409.667772 304.647386
44 53 52 0.168858 0.768439 0.062703 405.037907 322.920306
44 53 52 0.596962 0.128127 0.274911 399.591018 305.800298
44 53 52 0.902747 0.008203 0.089050 411.240670 290.870955
44 53 52 0.439433 0.135345 0.425221 391.087944 309.256239
44 53 52 0.887119 0.089290 0.023591 417.731662 293.887297
45 46 54 0.293089 0.340743 0.366168 116.873132 316.699198
45 46 54 0.330714 0.372863 0.296423 117.843437 317.983611
45 46 54 0.158811 0.514473 0.326717 125.409064 318.554747
45 46 54 0.687186 0.080327 0.232487 112.797450 314.790305
45 46 54 0.888023 0.105174 0.006803 103.603954 308.384787
45 46 54 0.491585 0.188144 0.320271 109.839232 313.864406
45 46 54 0.231853 0.423479 0.344668 119.238853 317.853498
45 46 54 0.269233 0.473218 0.257550 120.073072 314.759908
45 46 54 0.280602 0.358056 0.361343 117.609993 319.870274
45 46 54 0.556270 0.309854 0.133876 112.734235 313.675600
46 55 54 0.333349 0.138291 0.528360 127.051868 321.460208
46 55 54 0.159942 0.044221 0.795837 116.996579 327.612942
46 55 54 0.051342 0.009221 0.939438 116.380913 328.633757
46 55 54 0.682703 0.245641 0.071656 138.775579 318.184470
46 55 54 0.558285 0.002608 0.439106 128.070057 322.443907
46 55 54 0.201606 0.291022 0.507371 124.095776 323.910994
46 55 54 0.990480 0.002529 0.006991 136.088904 313.380445
46 55 54 0.793909 0.079821 0.126271 129.139776 316.866429
46 55 54 0.287211 0.424830 0.287959 135.391671 326.636218
46 55 54 0.217519 0.487659 0.294822 132.987824 329.236424
46 47 55 0.112143 0.887757 0.000100 166.925768 312.947405
46 47 55 0.213809 0.533615 0.252575 154.454457 319.824636
46 47 55 0.333546 0.184382 0.482073 143.490096 324.373153
46 47 55 0.298013 0.123940 0.578046 144.716240 323.714229
46 47 55 0.027658 0.454439 0.517904 152.204764 325.707282
46 47 55 0.090690 0.327621 0.581688 155.934402 327.772131
46 47 55 0.085903 0.150680 0.763417 147.046788 328.116116
46 47 55 0.438226 0.028563 0.533211 140.350256 323.695859
46 47 55 0.307849 0.313759 0.378392 148.938589 321.076372
46 47 55 0.924783 0.018947 0.056270 137.415711 310.571196
47 56 55 0.968066 0.030700 0.001234 169.541626 316.640109
47 56 55 0.554363 0.082054 0.363583 162.289061 321.336897
47 56 55 0.357795 0.051059 0.591146 156.791933 327.616284
47 56 55 0.851150 0.088118 0.060732 172.702097 312.371964
47 56 55 0.541172 0.052284 0.406544 159.690059 319.778657
47 56 55 0.963993 0.024274 0.011733 169.895969 313.673273
47 56 55 0.227196 0.272488 0.500316 161.082999 326.610241
47 56 55 0.372984 0.145185 0.481832 161.384564 327.447460
47 56 55 0.681956 0.253844 0.064200 172.803888 318.575025
47 56 55 0.271543 0.606015 0.122442 176.133520 330.052478
47 48 56 0.980765 0.012642 0.006594 169.262731 315.249982
47 48 56 0.672212 0.104744 0.223044 171.509556 320.045363
47 48 56 0.667603 0.153900 0.178497 175.535945 321.499425
47 48 56 0.095433 0.652796 0.251772 193.996609 324.469709
47 48 56 0.263482 0.272613 0.463905 183.994170 325.893669
47 48 56 0.259609 0.359005 0.381386 184.770341 327.857193
47 48 56 0.462690 0.370498 0.166812 182.827350 324.007589
47 48 56 0.810890 0.134191 0.054919 179.811449 314.999536
47 48 56 0.540001 0.422078 0.037921 182.562825 315.570394
47 48 56 0.153406 0.273903 0.572692 184.764006 329.423360
48 57 56 0.633774 0.305394 0.060832 205.135382 328.414291
48 57 56 0.057332 0.777329 0.165340 206.852655 339.111621
48 57 56 0.545554 0.083021 0.371425 195.841735 325.643703
48 57 56 0.011848 0.146373 0.841779 185.811050 339.817526
48 57 56 0.108410 0.607614 0.283976 204.155906 331.746110
48 57 56 0.691834 0.118636 0.189530 202.687346 324.553810
48 57 56 0.758116 0.180672 0.061212 204.604992 324.191113
48 57 56 0.442822 0.106227 0.450951 192.146016 325.787277
48 57 56 0.198220 0.530008 0.271772 203.988032 334.463809
48 57 56 0.909154 0.081223 0.009624 207.228179 319.986682
48 49 57 0.400631 0.433932 0.165438 221.480844 322.531371
48 49 57 0.086616 0.598580 0.314804 230.552610 326.044931
48 49 57 0.897624 0.069714 0.032661 209.664590 319.296900
48 49 57 0.120142 0.132455 0.747403 216.590354 332.399595
48 49 57 0.455908 0.542140 0.001952 221.754075 319.986607
48 49 57 0.000062 0.130584 0.869354 215.327236 334.553775
48 49 57 0.143324 0.662223 0.194453 229.158459 321.545640
48 49 57 0.580125 0.363493 0.056382 218.891662 317.000121
48 49 57 0.443968 0.511025 0.045007 223.383881 319.988453
48 49 57 0.705147 0.180798 0.114055 216.928679 316.739900
49 58 57 0.860459 0.054129 0.085412 240.292891 322.579332
49 58 57 0.667678 0.235144 0.097178 239.954092 327.630812
49 58 57 0.213664 0.235845 0.550491 229.204427 334.246666
49 58 57 0.402752 0.096190 0.501058 229.256435 329.920245
49 58 57 0.392430 0.503848 0.103722 245.092223 332.721097
49 58 57 0.802119 0.173359 0.024522 241.504985 325.925166
49 58 57 0.590122 0.204933 0.204945 239.410260 330.359991
49 58 57 0.776963 0.142707 0.080330 241.715366 325.709137
49 58 57 0.271076 0.238511 0.490413 228.428987 333.185287
49 58 57 0.157054 0.048643 0.794303 216.806756 336.575307
49 50 58 0.609629 0.218359 0.172012 257.771599 325.485298
49 50 58 0.473100 0.261257 0.265644 257.199686 329.409643
49 50 58 0.084013 0.524329 0.391659 261.044148 329.039590
49 50 58 0.655197 0.011198 0.333605 243.195948 322.511226
49 50 58 0.736985 0.221863 0.041152 253.642722 318.796230
49 50 58 0.187792 0.715153 0.097055 271.805848 323.654635
49 50 58 0.359137 0.195934 0.444929 255.727175 327.217844
49 50 58 0.068346 0.000165 0.931488 247.418031 336.204594
49 50 58 0.405267 0.325744 0.268989 256.988616 322.171923
49 50 58 0.183590 0.082561 0.733849 245.085767 338.265233
50 59 58 0.481086 0.353656 0.165258 278.070296 334.003438
50 59 58 0.526451 0.348080 0.125469 278.726340 333.204621
50 59 58 0.881817 0.053056 0.065127 283.063347 322.656663
50 59 58 0.047478 0.380195 0.572327 258.171651 343.281069
50 59 58 0.759958 0.142946 0.097096 281.606012 327.416063
50 59 58 0.946628 0.047502 0.005870 287.722705 323.480394
50 59 58 0.832532 0.011655 0.155813 276.990822 324.655598
50 59 58 0.849645 0.083062 0.067294 284.811649 325.155816
50 59 58 0.413842 0.038032 0.548126 262.272220 334.143887
50 59 58 0.189491 0.072520 0.737989 255.581896 337.501449
50 51 59 0.054399 0.437297 0.508303 303.357646 332.785314
50 51 59 0.721169 0.261444 0.017387 293.712963 321.970616
50 51 59 0.960314 0.027615 0.012070 287.303136 317.616833
50 51 59 0.990874 0.002472 0.006654 282.369247 322.836264
50 51 59 0.785907 0.102573 0.111520 286.474511 329.889303
50 51 59 0.902897 0.006987 0.090116 285.856591 327.543847
50 51 59 0.521619 0.212481 0.265900 289.827723 329.968541
50 51 59 0.447861 0.048131 0.504009 285.024142 331.409831
50 51 59 0.280445 0.094317 0.625237 288.108274 337.986989
50 51 59 0.846398 0.149987 0.003615 289.978163 323.155821
51 60 59 0.366909 0.522878 0.110213 319.409838 339.626897
51 60 59 0.634009 0.268143 0.097849 318.495303 336.084372
51 60 59 0.988516 0.001737 0.009747 328.241088 322.557789
51 60 59 0.185046 0.049010 0.765945 292.293156 340.553945
51 60 59 0.881994 0.051408 0.066597 321.072094 325.845303
51 60 59 0.886762 0.088949 0.024289 324.654264 325.617816
51 60 59 0.299315 0.241360 0.459326 307.015395 339.265706
51 60 59 0.417790 0.041849 0.540360 302.046498 339.733308
51 60 59 0.232966 0.601368 0.165666 316.132881 342.365704
51 60 59 0.112397 0.317649 0.569954 301.577134 344.648256
51 52 60 0.301949 0.050278 0.647773 322.076516 342.846183
51 52 60 0.592003 0.147022 0.260975 330.898696 331.710015
51 52 60 0.363106 0.625421 0.011473 350.047309 325.140334
51 52 60 0.553040 0.307600 0.139360 339.923803 332.077346
51 52 60 0.316146 0.431171 0.252683 342.501129 330.751188
51 52 60 0.303413 0.374688 0.321899 336.268104 333.626301
51 52 60 0.438465 0.308028 0.253507 337.223896 333.174327
51 52 60 0.852366 0.061958 0.085677 328.890744 326.992347
51 52 60 0.793042 0.120968 0.085990 331.030204 324.014314
51 52 60 0.155199 0.151257 0.693544 331.394688 344.163101
52 61 60 0.060797 0.308511 0.630692 334.502038 350.309614
52 61 60 0.476921 0.226735 0.296344 351.012359 340.306421
52 61 60 0.669981 0.298350 0.031668 365.967487 332.260703
52 61 60 0.306543 0.608579 0.084878 358.909816 348.626789
52 61 60 0.716272 0.063510 0.220218 352.508911 333.215321
52 61 60 0.728950 0.176932 0.094118 361.219085 334.453138
52 61 60 0.171382 0.552341 0.276277 350.247872 345.835049
52 61 60 0.940351 0.004084 0.055565 364.165319 328.969046
52 61 60 0.713068 0.073128 0.213804 355.062786 334.131313
52 61 60 0.673189 0.171300 0.155511 360.983306 336.602282
52 53 61 0.719969 0.174594 0.105437 370.228778 327.429348
52 53 61 0.866770 0.104623 0.028606 372.186891 323.664358
52 53 61 0.273911 0.185109 0.540980 373.915537 338.879772
52 53 61 0.355688 0.023817 0.620495 363.001396 345.480436
52 53 61 0.171461 0.582644 0.245895 395.218705 334.033688
52 53 61 0.243661 0.052730 0.703609 365.199335 346.854148
52 53 61 0.188295 0.181228 0.630477 372.151024 342.572262
52 53 61 0.813631 0.040804 0.145565 365.537711 331.692188
52 53 61 0.061435 0.252541 0.686024 371.358041 341.661599
52 53 61 0.901545 0.077677 0.020777 370.790547 328.228437
53 62 61 0.872019 0.042755 0.085226 405.819328 334.878422
53 62 61 0.114497 0.405373 0.480130 384.812135 354.650940
53 62 61 0.918216 0.039532 0.042252 406.047072 329.240822
53 62 61 0.595288 0.073460 0.331252 391.046603 339.112416
53 62 61 0.658971 0.239666 0.101363 403.186564 335.262546
53 62 61 0.859690 0.074535 0.065775 409.835441 330.939508
53 62 61 0.313254 0.569840 0.116907 400.211597 348.818383
53 62 61 0.004524 0.176242 0.819233 364.839193 354.212501
53 62 61 0.000920 0.270659 0.728421 372.088137 353.126519
53 62 61 0.827550 0.146265 0.026185 405.759918 331.929622
54 55 63 0.399190 0.135979 0.464830 121.867389 339.413095
54 55 63 0.855459 0.115611 0.028930 117.567646 332.741271
54 55 63 0.862127 0.032481 0.105391 113.189361 330.911153
54 55 63 0.249051 0.750864 0.000085 137.457123 333.902981
54 55 63 0.625374 0.073041 0.301586 121.444869 331.236838
54 55 63 0.375054 0.000228 0.624718 119.615368 342.566998
54 55 63 0.700844 0.133447 0.165709 120.094912 332.565428
54 55 63 0.435818 0.284524 0.279659 127.369869 334.895331
54 55 63 0.211953 0.555046 0.233001 134.167295 337.393783
54 55 63 0.850977 0.028980 0.120042 116.637495 330.122072
55 64 63 0.550632 0.061925 0.387442 134.285374 338.783476
55 64 63 0.449581 0.317640 0.232779 145.976797 339.453490
55 64 63 0.901957 0.028721 0.069322 140.758041 334.335299
55 64 63 0.325949 0.450514 0.223537 146.218693 340.280780
55 64 63 0.995090 0.000403 0.004507 143.188318 332.743450
55 64 63 0.116889 0.124276 0.758835 132.008018 343.523322
55 64 63 0.940744 0.004316 0.054940 143.829050 331.790188
55 64 63 0.906033 0.035038 0.058929 145.339800 332.979995
55 64 63 0.446313 0.463126 0.090560 150.478328 341.024297
55 64 63 0.422216 0.552236 0.025548 148.506652 336.182293
55 56 64 0.524429 0.307412 0.168159 158.475487 336.596061
55 56 64 0.159956 0.022154 0.817890 155.504467 343.109648
55 56 64 0.104282 0.247476 0.648242 163.120406 340.709950
55 56 64 0.681001 0.091633 0.227366 151.998572 333.653857
55 56 64 0.111772 0.597149 0.291079 171.459620 336.868574
55 56 64 0.308777 0.011628 0.679595 153.774734 341.107085
55 56 64 0.428596 0.172580 0.398824 155.669163 342.118998
55 56 64 0.576304 0.029141 0.394556 148.814586 337.529182
55 56 64 0.011643 0.367420 0.620936 162.461226 343.616179
55 56 64 0.480744 0.353000 0.166257 157.284362 336.663740
56 65 64 0.058913 0.730402 0.210685 179.815135 349.279672
56 65 64 0.180876 0.436065 0.383059 178.086362 345.302165
56 65 64 0.293716 0.617188 0.089097 181.864081 347.879040
56 65 64 0.899555 0.050088 0.050357 182.721311 337.952230
56 65 64 0.478687 0.149299 0.372014 173.193099 345.235260
56 65 64 0.477772 0.304762 0.217465 177.499580 342.385944
56 65 64 0.678232 0.042333 0.279435 176.107908 339.396216
56 65 64 0.640194 0.349912 0.009894 181.671235 339.926378
56 65 64 0.635916 0.162018 0.202066 174.782710 340.513427
56 65 64 0.846898 0.032685 0.120417 174.970934 337.799733
56 57 65 0.756289 0.136922 0.106789 186.721171 335.117753
56 57 65 0.420321 0.568760 0.010919 199.041467 341.174312
56 57 65 0.224637 0.635748 0.139616 204.834603 338.107870
56 57 65 0.100518 0.332342 0.567140 196.359863 347.922274
56 57 65 0.528194 0.122686 0.349120 186.865942 342.877976
56 57 65 0.475357 0.401548 0.123095 193.606102 336.078664
56 57 65 0.054976 0.884689 0.060336 209.741273 339.013556
56 57 65 0.841635 0.044300 0.114065 186.345739 338.303131
56 57 65 0.858062 0.049133 0.092805 180.096317 339.183595
56 57 65 0.673154 0.319002 0.007844 192.420641 339.053699
57 66 65 0.859932 0.129499 0.010570 217.146909 342.333310
57 66 65 0.967138 0.003652 0.029210 211.983626 336.094570
57 66 65 0.876346 0.107027 0.016627 211.863562 338.656269
57 66 65 0.706960 0.115641 0.177398 207.663152 341.107717
57 66 65 0.152486 0.451689 0.395825 203.594317 349.785421
57 66 65 0.825744 0.101315 0.072941 212.168482 344.951191
57 66 65 0.801059 0.072568 0.126373 211.479729 342.195314
57 66 65 0.201515 0.118675 0.679810 194.896842 347.462248
57 66 65 0.239216 0.713980 0.046804 218.491965 347.128435
57 66 65 0.723191 0.124970 0.151840 207.111859 342.858704
57 58 66 0.690091 0.009892 0.300017 215.629049 347.062944
57 58 66 0.927336 0.045843 0.026821 215.742204 340.697847
57 58 66 0.529497 0.294989 0.175514 228.240659 342.249032
57 58 66 0.489506 0.231884 0.278610 224.551066 343.758893
57 58 66 0.834231 0.122385 0.043385 216.071594 339.657616
57 58 66 0.969151 0.028399 0.002450 213.789461 336.889435
57 58 66 0.531579 0.163763 0.304657 220.175937 342.933294
57 58 66 0.439924 0.429352 0.130724 231.141343 340.338351
57 58 66 0.865387 0.091359 0.043254 214.683396 336.861232
57 58 66 0.519115 0.127170 0.353715 218.753181 346.269861
58 67 66 0.218523 0.541670 0.239807 241.639457 356.802255
58 67 66 0.888895 0.043797 0.067308 246.014531 341.851057
58 67 66 0.208590 0.383391 0.408020 242.972297 349.353297
58 67 66 0.110072 0.032421 0.857507 224.026068 351.021349
58 67 66 0.587829 0.199280 0.212892 242.353548 347.661453
58 67 66 0.781499 0.199674 0.018827 250.208579 345.255362
58 67 66 0.292554 0.236119 0.471326 233.078658 350.740342
58 67 66 0.211771 0.415733 0.372496 244.144478 351.611685
58 67 66 0.497263 0.271922 0.230815 240.601458 347.291280
58 67 66 0.272143 0.184094 0.543764 234.739893 353.284828
58 59 67 0.455076 0.455716 0.089209 264.026773 342.908662
58 59 67 0.158045 0.052131 0.789824 253.771394 355.825390
58 59 67 0.388359 0.403618 0.208023 264.496375 343.716320
58 59 67 0.836988 0.130400 0.032612 252.819920 344.290778
58 59 67 0.798486 0.006308 0.195206 252.008604 344.150613
58 59 67 0.986810 0.001713 0.011477 251.058537 340.910895
58 59 67 0.753041 0.164171 0.082788 254.138023 344.539992
58 59 67 0.155271 0.313567 0.531163 262.899100 351.685510
58 59 67 0.113996 0.507745 0.378259 264.900203 352.361735
58 59 67 0.966551 0.012433 0.021016 250.455788 345.316227
59 68 67 0.351898 0.523251 0.124851 283.999064 355.417779
59 68 67 0.237975 0.394720 0.367306 272.554618 356.028191
59 68 67 0.158647 0.354356 0.486997 268.907293 358.548058
59 68 67 0.574515 0.000488 0.424998 267.548898 349.558070
59 68 67 0.240808 0.633983 0.125209 280.848957 358.114328
59 68 67 0.964368 0.027961 0.007671 281.157627 344.365163
59 68 67 0.581761 0.094271 0.323968 272.169567 351.323157
59 68 67 0.543514 0.036850 0.419635 271.012386 352.149749
59 68 67 0.109317 0.429520 0.461163 273.017805 353.666344
59 68 67 0.719256 0.050716 0.230028 274.232913 352.330242
59 60 68 0.489617 0.215258 0.295125 290.995110 351.431373
59 60 68 0.507075 0.478882 0.014043 300.906421 348.769019
59 60 68 0.742124 0.057348 0.200528 286.797962 347.982166
59 60 68 0.358500 0.616539 0.024961 309.521029 347.630911
59 60 68 0.303731 0.137480 0.558789 293.998697 353.427340
59 60 68 0.800800 0.004923 0.194277 284.940451 345.379089
59 60 68 0.090449 0.899160 0.010391 320.683313 353.047357
59 60 68 0.874117 0.121560 0.004323 290.200354 346.912705
59 60 68 0.198623 0.272078 0.529298 294.221613 355.810718
59 60 68 0.480821 0.419422 0.099758 299.245909 349.124691
60 69 68 0.084483 0.494605 0.420912 307.234606 364.741551
60 69 68 0.783343 0.122352 0.094304 317.777291 354.318334
60 69 68 0.751629 0.154930 0.093442 319.213441 354.793281
60 69 68 0.320244 0.118171 0.561585 300.505495 358.785478
60 69 68 0.815084 0.181674 0.003242 317.788711 351.626199
60 69 68 0.583328 0.297492 0.119181 316.613641 359.663136
60 69 68 0.750971 0.044904 0.204125 317.192766 354.885083
60 69 68 0.153324 0.453123 0.393553 305.158732 362.745317
60 69 68 0.946623 0.039058 0.014319 322.079226 353.221411
60 69 68 0.390340 0.100100 0.509560 301.229639 359.893897
60 61 69 0.154510 0.190513 0.654978 325.410843 366.145529
60 61 69 0.884535 0.092875 0.022590 326.097349 349.822593
60 61 69 0.691683 0.205852 0.102465 329.021600 352.789014
60 61 69 0.290563 0.546693 0.162744 340.447293 354.296225
60 61 69 0.015791 0.192294 0.791915 330.962666 363.325742
60 61 69 0.481254 0.175335 0.343411 327.912418 356.864317
60 61 69 0.429186 0.539179 0.031636 343.061110 354.417581
60 61 69 0.941963 0.030963 0.027074 323.708543 344.693005
60 61 69 0.644671 0.072228 0.283101 322.651395 351.870234
60 61 69 0.277638 0.553487 0.168874 343.005727 358.916307
61 70 69 0.875723 0.112092 0.012185 355.823935 358.880965
61 70 69 0.648766 0.293395 0.057840 356.846609 360.965327
61 70 69 0.444105 0.257342 0.298553 341.989995 359.743293
61 70 69 0.925664 0.042856 0.031480 360.370887 355.342466
61 70 69 0.555628 0.203488 0.240884 348.978135 362.111198
61 70 69 0.657146 0.034226 0.308628 347.295364 357.894283
61 70 69 0.038006 0.633676 0.328318 341.309364 373.304609
61 70 69 0.201736 0.631120 0.167144 350.815106 370.860550
61 70 69 0.479024 0.028523 0.492453 339.219566 362.221305
61 70 69 0.185506 0.300204 0.514290 342.971665 364.317175
61 62 70 0.702821 0.277906 0.019272 373.107554 352.545039
61 62 70 0.957534 0.015735 0.026731 360.932858 354.790384
61 62 70 0.883822 0.025526 0.090652 364.660082 359.162650
61 62 70 0.935384 0.000414 0.064203 361.630842 359.479028
61 62 70 0.332409 0.319456 0.348135 374.188703 361.955324
61 62 70 0.281011 0.578107 0.140882 383.815389 356.768445
61 62 70 0.142555 0.048822 0.808623 364.011833 369.967943
61 62 70 0.071018 0.562282 0.366700 384.681915 362.078370
61 62 70 0.674508 0.114634 0.210858 367.761519 356.753063
61 62 70 0.850367 0.084029 0.065604 359.977499 355.540991
62 71 70 0.763376 0.011695 0.224929 393.088650 359.210890
62 71 70 0.439592 0.447816 0.112592 394.804784 368.146359
62 71 70 0.201411 0.786065 0.012524 395.410080 377.340165
62 71 70 0.536739 0.007782 0.455479 381.792871 363.053948
62 71 70 0.745361 0.166350 0.088289 395.975258 360.946632
62 71 70 0.151668 0.154366 0.693966 372.822099 368.294001
62 71 70 0.790646 0.089385 0.119968 398.169107 359.666097
62 71 70 0.282799 0.220912 0.496289 379.720253 367.913358
62 71 70 0.887018 0.082720 0.030262 402.008765 356.452803
62 71 70 0.680992 0.255967 0.063040 394.083718 362.641653
63 64 72 0.886100 0.090170 0.023730 125.447387 346.013523
63 64 72 0.899625 0.058129 0.042247 122.457549 343.052510
63 64 72 0.240433 0.744517 0.015051 150.206066 346.194353
63 64 72 0.693988 0.186668 0.119343 132.598963 344.647577
63 64 72 0.828955 0.011317 0.159728 128.547727 349.202978
63 64 72 0.126916 0.474264 0.398821 145.216753 352.066271
63 64 72 0.708685 0.218092 0.073223 135.367804 346.968553
63 64 72 0.275810 0.521974 0.202216 144.233352 350.942672
63 64 72 0.423114 0.527817 0.049069 139.996942 347.401954
63 64 72 0.355829 0.586321 0.057850 140.427974 345.933945
64 73 72 0.355041 0.357588 0.287372 150.693402 354.019950
64 73 72 0.878476 0.089536 0.031988 156.698101 349.033290
64 73 72 0.481145 0.008494 0.510361 144.246015 355.964428
64 73 72 0.844317 0.098069 0.057614 153.558932 351.349144
64 73 72 0.566505 0.094328 0.339167 148.773387 355.717805
64 73 72 0.933848 0.054094 0.012058 157.894409 352.015480
64 73 72 0.375256 0.053266 0.571478 140.226103 352.328394
64 73 72 0.460874 0.538944 0.000183 162.525369 352.809819
64 73 72 0.470277 0.351348 0.178374 152.917113 355.800202
64 73 72 0.847419 0.130539 0.022042 158.060216 351.266553
64 65 73 0.549692 0.350402 0.099906 167.266969 346.848589
64 65 73 0.047013 0.309397 0.643590 171.515870 357.518314
64 65 73 0.937251 0.051200 0.011549 159.848439 352.183367
64 65 73 0.470254 0.367484 0.162262 173.294683 355.863082
64 65 73 0.861915 0.117248 0.020837 157.467664 345.672862
64 65 73 0.186411 0.696900 0.116689 175.905971 352.286585
64 65 73 0.748352 0.012631 0.239017 157.534342 350.009328
64 65 73 0.137100 0.376249 0.486651 171.511286 353.124281
64 65 73 0.642327 0.248764 0.108908 164.260920 351.104221
64 65 73 0.504750 0.068884 0.426365 163.763722 356.486254
65 74 73 0.792814 0.167149 0.040037 186.492116 351.936521
65 74 73 0.249341 0.343490 0.407170 184.754445 360.921384
65 74 73 0.090386 0.069594 0.840019 172.459601 363.995752
65 74 73 0.241292 0.432395 0.326313 183.589099 360.581458
65 74 73 0.844874 0.106049 0.049077 188.785472 353.868386
65 74 73 0.170285 0.531291 0.298424 185.037399 357.799103
65 74 73 0.847358 0.073799 0.078843 182.923486 347.812600
65 74 73 0.885070 0.093977 0.020953 188.490822 345.701924
65 74 73 0.244019 0.510387 0.245594 184.705889 360.658902
65 74 73 0.588442 0.302316 0.109242 185.991271 358.894176
65 66 74 0.733562 0.207696 0.058743 197.107630 352.555763
65 66 74 0.650191 0.017799 0.332010 192.595943 356.921281
65 66 74 0.617389 0.296668 0.085944 195.544911 350.148716
65 66 74 0.268397 0.112977 0.618626 199.435148 359.176197
65 66 74 0.800847 0.101660 0.097493 192.696486 350.356288
65 66 74 0.262235 0.330391 0.407374 202.988095 356.626860
65 66 74 0.530120 0.390349 0.079531 201.974398 353.771975
65 66 74 0.202148 0.154230 0.643622 197.037065 360.114488
65 66 74 0.535215 0.232783 0.232001 196.445219 355.120179
65 66 74 0.768494 0.058559 0.172947 192.431873 352.871627
66 75 74 0.191195 0.200376 0.608429 204.735286 362.800530
66 75 74 0.862340 0.035527 0.102133 219.607499 357.569438
66 75 74 0.881700 0.065521 0.052779 221.687550 351.734661
66 75 74 0.592503 0.174643 0.232854 216.498745 359.570022
66 75 74 0.114847 0.704997 0.180156 218.177661 364.930227
66 75 74 0.906831 0.068617 0.024552 217.351519 353.641075
66 75 74 0.439130 0.382029 0.178842 219.355443 358.394839
66 75 74 0.953506 0.042431 0.004063 219.855986 349.639214
66 75 74 0.104063 0.316942 0.578995 207.263959 366.560525
66 75 74 0.218567 0.486621 0.294811 215.219345 363.616182
66 67 75 0.804731 0.100985 0.094284 222.858814 354.563882
66 67 75 0.876416 0.120937 0.002647 226.687126 348.340121
66 67 75 0.833832 0.016610 0.149558 220.736001 356.078670
66 67 75 0.214417 0.478775 0.306808 234.516016 359.129099
66 67 75 0.757815 0.206779 0.035406 224.446818 351.981974
66 67 75 0.690251 0.178217 0.131533 225.715855 353.252381
66 67 75 0.853383 0.013628 0.132989 223.793920 357.013878
66 67 75 0.039643 0.845815 0.114542 250.133618 359.787068
66 67 75 0.010704 0.415187 0.574109 235.666343 362.270896
66 67 75 0.537307 0.029166 0.433527 223.567312 355.921722
67 76 75 0.718369 0.052341 0.229290 244.510484 360.772919
67 76 75 0.241834 0.429604 0.328563 245.869954 367.964628
67 76 75 0.226097 0.596482 0.177421 254.222810 365.778062
67 76 75 0.266208 0.029755 0.704037 235.051401 365.803653
67 76 75 0.431711 0.424428 0.143861 250.567642 365.425326
67 76 75 0.003479 0.133763 0.862758 228.119095 367.242738
67 76 75 0.600649 0.348206 0.051145 254.693171 365.040470
67 76 75 0.875995 0.004843 0.119162 249.095832 359.926622
67 76 75 0.315708 0.008853 0.675439 230.384656 359.861060
67 76 75 0.300337 0.199076 0.500587 237.772328 364.218971
67 68 76 0.135431 0.586209 0.278359 272.315927 365.048835
67 68 76 0.494685 0.102676 0.402640 253.755862 365.374545
67 68 76 0.391003 0.267674 0.341322 264.997395 364.807559
67 68 76 0.325839 0.037905 0.636256 253.494190 363.907375
67 68 76 0.160836 0.637627 0.201537 273.479613 362.685275
67 68 76 0.403398 0.111649 0.484953 256.970804 364.506618
67 68 76 0.340320 0.511693 0.147987 268.067774 362.388557
67 68 76 0.459065 0.498568 0.042368 266.917772 357.864639
67 68 76 0.500844 0.237022 0.262134 262.276562 361.987764
67 68 76 0.380062 0.142955 0.476982 261.532698 365.003329
68 77 76 0.238504 0.335195 0.426300 271.598197 370.435871
68 77 76 0.446230 0.480057 0.073712 284.904047 368.968672
68 77 76 0.370315 0.100217 0.529468 267.703593 367.773719
68 77 76 0.722472 0.263659 0.013869 286.398932 363.540138
68 77 76 0.603958 0.273462 0.122579 282.493986 365.525315
68 77 76 0.105132 0.582259 0.312609 269.049460 371.199972
68 77 76 0.776355 0.197397 0.026247 285.187888 362.253871
68 77 76 0.330981 0.475231 0.193788 278.586533 369.289906
68 77 76 0.295671 0.456941 0.247388 278.321877 371.408557
68 77 76 0.630721 0.182323 0.186956 279.667074 363.539808
68 69 77 0.163174 0.495517 0.341309 298.373515 368.776555
68 69 77 0.237149 0.104299 0.658552 287.452079 373.756460
68 69 77 0.684815 0.286996 0.028188 297.995857 360.853023
68 69 77 0.066590 0.348544 0.584866 297.524588 369.390905
68 69 77 0.067395 0.271581 0.661025 292.598815 371.499176
68 69 77 0.051176 0.035187 0.913636 288.889187 373.422928
68 69 77 0.919910 0.044925 0.035165 284.877127 362.335305
68 69 77 0.771437 0.108473 0.120089 286.820608 359.275562
68 69 77 0.557124 0.193144 0.249732 289.263057 369.116783
68 69 77 0.433695 0.148620 0.417686 291.366605 369.709425
69 78 77 0.412255 0.128035 0.459710 304.289513 374.836785
69 78 77 0.995650 0.003499 0.000851 314.800379 366.337433
69 78 77 0.146411 0.842180 0.011409 318.344734 377.801628
69 78 77 0.146808 0.106917 0.746275 294.170798 371.192950
69 78 77 0.138552 0.289996 0.571453 301.198862 371.322170
69 78 77 0.403213 0.408045 0.188742 314.107410 373.153659
69 78 77 0.808488 0.010868 0.180645 313.321428 365.934527
69 78 77 0.229896 0.600274 0.169830 317.515157 375.518275
69 78 77 0.612062 0.309039 0.078899 318.501410 372.314388
69 78 77 0.080228 0.193191 0.726581 295.441494 372.539668
69 70 78 0.522949 0.352017 0.125033 332.089669 371.603422
69 70 78 0.971549 0.028062 0.000389 320.039110 367.636595
69 70 78 0.226956 0.622465 0.150579 342.128739 373.827204
69 70 78 0.649081 0.067009 0.283910 320.153538 368.868488
69 70 78 0.815908 0.025385 0.158707 321.644056 366.903211
69 70 78 0.268138 0.016662 0.715199 321.271849 373.405462
69 70 78 0.684519 0.315426 0.000055 327.887490 368.921254
69 70 78 0.868632 0.074288 0.057080 322.507867 365.869393
69 70 78 0.736296 0.121303 0.142401 323.644135 367.579965
69 70 78 0.168159 0.760797 0.071043 346.996238 375.371412
70 79 78 0.906854 0.074951 0.018195 356.440213 373.885800
70 79 78 0.850023 0.069681 0.080297 354.360855 378.669182
70 79 78 0.407149 0.364283 0.228567 347.053357 379.267121
70 79 78 0.942689 0.031587 0.025723 356.159094 374.849840
70 79 78 0.077420 0.785797 0.136783 348.308706 387.192874
70 79 78 0.447327 0.254587 0.298086 343.999575 381.436171
70 79 78 0.638170 0.011653 0.350177 345.992893 374.131031
70 79 78 0.730918 0.161469 0.107613 355.878966 376.970044
70 79 78 0.082675 0.166201 0.751124 329.718658 377.944123
70 79 78 0.943600 0.003380 0.053019 352.371473 374.920012
70 71 79 0.427669 0.417238 0.155092 368.881122 375.700006
70 71 79 0.588072 0.128600 0.283328 361.396012 380.076310
70 71 79 0.484419 0.409692 0.105889 372.359436 375.920148
70 71 79 0.146821 0.326089 0.527090 368.305455 383.547109
70 71 79 0.137209 0.188814 0.673977 361.822278 387.102932
70 71 79 0.165749 0.468390 0.365861 370.544836 381.209133
70 71 79 0.666359 0.052253 0.281387 355.339492 375.192053
70 71 79 0.591341 0.109743 0.298916 360.358923 377.524706
70 71 79 0.988311 0.008706 0.002983 358.778512 376.516593
70 71 79 0.545360 0.208832 0.245808 366.075319 379.926260
71 80 79 0.104540 0.812983 0.082477 388.664964 392.147922
71 80 79 0.256380 0.606279 0.137341 387.384950 392.458997
71 80 79 0.690210 0.267170 0.042620 394.540912 385.602170
71 80 79 0.846311 0.120241 0.033447 395.090149 378.399154
71 80 79 0.238350 0.478530 0.283121 381.690964 391.686654
71 80 79 0.591105 0.250148 0.158747 386.305029 382.564481
71 80 79 0.334084 0.296113 0.369803 376.724192 382.952027
71 80 79 0.065778 0.906051 0.028171 385.871911 392.432131
71 80 79 0.420863 0.262824 0.316314 383.790037 386.261517
71 80 79 0.682728 0.005660 0.311611 382.829227 380.981235
