0 1 9 0.521844 0.082851 0.395305 66.277371 134.494290
0 1 9 0.877872 0.062933 0.059194 66.352638 127.321821
0 1 9 0.818875 0.059696 0.121429 63.633429 130.561029
0 1 9 0.208393 0.753792 0.037815 95.867214 122.132235
0 1 9 0.464044 0.272539 0.263417 72.469117 134.670075
0 1 9 0.984946 0.007226 0.007828 66.331092 121.447763
0 1 9 0.948118 0.016863 0.035019 63.370974 125.829333
0 1 9 0.828585 0.042899 0.128516 64.851938 129.011458
0 1 9 0.201257 0.514318 0.284425 89.102555 137.623832
0 1 9 0.565537 0.291721 0.142742 77.818396 129.435946
1 10 9 0.280766 0.481447 0.237787 96.823968 155.200846
1 10 9 0.643167 0.158784 0.198050 102.287113 138.097743
1 10 9 0.486395 0.172026 0.341579 92.894529 147.094229
1 10 9 0.145986 0.405483 0.448531 84.057645 158.040663
1 10 9 0.747323 0.095826 0.156851 100.353497 133.723222
1 10 9 0.040567 0.666169 0.293264 92.912334 165.470698
1 10 9 0.588886 0.203909 0.207205 96.277316 140.143818
1 10 9 0.155580 0.633668 0.210752 96.528537 158.741875
1 10 9 0.526165 0.398162 0.075673 98.943849 147.023365
1 10 9 0.848458 0.104715 0.046827 102.946191 132.479253
1 2 10 0.766434 0.207392 0.026174 116.702476 124.071259
1 2 10 0.601122 0.382662 0.016215 125.713869 121.919736
1 2 10 0.826150 0.168141 0.005710 113.413670 124.246281
1 2 10 0.331813 0.461881 0.206306 127.808056 134.881878
1 2 10 0.116108 0.014893 0.868999 105.654076 159.056018
1 2 10 0.443334 0.040878 0.515788 108.155764 147.235510
1 2 10 0.138386 0.428828 0.432786 123.046768 142.508438
1 2 10 0.320163 0.391975 0.287862 128.541086 138.707340
1 2 10 0.747942 0.095514 0.156543 112.782351 132.502558
1 2 10 0.346056 0.618142 0.035803 132.167088 127.135226
2 11 10 0.687455 0.248086 0.064459 148.446466 138.373709
2 11 10 0.450385 0.169557 0.380058 135.338078 144.765007
2 11 10 0.463439 0.342533 0.194028 142.536241 144.975703
2 11 10 0.716161 0.057240 0.226599 145.070269 137.489955
2 11 10 0.775106 0.161862 0.063032 151.525674 135.332402
2 11 10 0.824398 0.111422 0.064179 150.355112 132.607044
2 11 10 0.085678 0.342824 0.571498 126.040410 161.731980
2 11 10 0.655329 0.079455 0.265216 140.019367 137.069637
2 11 10 0.309437 0.321442 0.369122 136.891312 152.403835
2 11 10 0.645521 0.011463 0.343015 137.525857 141.707203
2 3 11 0.399130 0.252847 0.348023 164.197047 140.513214
2 3 11 0.783032 0.066428 0.150541 152.739595 128.585509
2 3 11 0.996272 0.000189 0.003540 151.556450 125.898693
2 3 11 0.602932 0.176082 0.220986 162.396494 133.346662
2 3 11 0.315787 0.521071 0.163142 174.737011 132.285523
2 3 11 0.962706 0.031647 0.005647 152.505217 124.780600
2 3 11 0.535928 0.218462 0.245610 162.314518 131.386673
2 3 11 0.360648 0.628305 0.011048 179.074016 125.547433
2 3 11 0.973798 0.020985 0.005217 152.280469 127.387228
2 3 11 0.611036 0.134031 0.254933 161.896485 137.453647
3 12 11 0.004492 0.217952 0.777556 158.215792 163.369617
3 12 11 0.379315 0.166372 0.454314 177.651755 150.452740
3 12 11 0.476420 0.271872 0.251708 186.634889 147.385952
3 12 11 0.328211 0.083625 0.588164 169.387028 155.264702
3 12 11 0.958057 0.023471 0.018473 198.363630 125.434802
3 12 11 0.881602 0.081201 0.037198 196.135423 133.088118
3 12 11 0.617700 0.058355 0.323945 184.460088 142.828504
3 12 11 0.851248 0.113547 0.035205 195.926961 127.121127
3 12 11 0.763087 0.013284 0.223629 187.738081 134.176682
3 12 11 0.829153 0.076293 0.094554 190.482259 136.556916
3 4 12 0.295406 0.250424 0.454170 209.607821 144.791395
3 4 12 0.022202 0.798940 0.178858 229.831024 135.927975
3 4 12 0.435953 0.207842 0.356205 204.710652 143.086254
3 4 12 0.363852 0.410798 0.225350 215.429304 137.643438
3 4 12 0.497799 0.322592 0.179609 206.948722 130.939708
3 4 12 0.295699 0.406978 0.297323 215.329362 137.474241
3 4 12 0.666084 0.019094 0.314822 195.097384 140.799044
3 4 12 0.624201 0.087243 0.288556 202.091397 136.655372
3 4 12 0.978302 0.011353 0.010346 199.303577 127.413711
3 4 12 0.926667 0.052598 0.020735 201.315065 128.775170
4 13 12 0.131497 0.823579 0.044923 238.801545 163.458313
4 13 12 0.374883 0.119729 0.505387 218.325814 153.865229
4 13 12 0.680267 0.154541 0.165192 233.622883 138.068013
4 13 12 0.953871 0.041874 0.004255 243.590275 128.001860
4 13 12 0.203659 0.543118 0.253223 228.769126 158.904515
4 13 12 0.991175 0.006364 0.002461 243.793273 126.513146
4 13 12 0.995328 0.001231 0.003442 237.075940 129.920357
4 13 12 0.332466 0.343947 0.323588 227.034074 153.450262
4 13 12 0.781757 0.026846 0.191397 231.167010 134.654427
4 13 12 0.851139 0.009624 0.139238 235.897294 130.989327
4 5 13 0.089092 0.842956 0.067952 276.830591 132.872593
4 5 13 0.803518 0.126160 0.070322 243.019575 131.861670
4 5 13 0.222360 0.443363 0.334278 262.098552 146.882235
4 5 13 0.959218 0.034759 0.006023 240.622872 130.155075
4 5 13 0.127708 0.728874 0.143418 274.740969 134.247317
4 5 13 0.491921 0.177971 0.330108 249.966871 142.596776
4 5 13 0.982397 0.002462 0.015141 241.523205 129.333201
4 5 13 0.656797 0.298817 0.044386 252.976414 124.527060
4 5 13 0.406531 0.479856 0.113613 258.418767 136.593630
4 5 13 0.828599 0.096578 0.074823 243.336370 131.259788
5 14 13 0.513974 0.094122 0.391905 270.116263 146.770541
5 14 13 0.750109 0.100918 0.148972 282.913047 141.119597
5 14 13 0.999108 0.000677 0.000215 281.333494 130.222634
5 14 13 0.994954 0.003956 0.001090 284.287493 131.441682
5 14 13 0.578780 0.222349 0.198872 278.671778 143.010705
5 14 13 0.123981 0.405427 0.470592 269.240466 164.871111
5 14 13 0.140576 0.832812 0.026612 288.245445 161.726936
5 14 13 0.145378 0.329092 0.525530 263.026232 163.168338
5 14 13 0.935158 0.001480 0.063362 285.396781 135.811749
5 14 13 0.543097 0.391175 0.065727 286.663572 147.607746
5 6 14 0.499725 0.256838 0.243437 302.956006 140.580549
5 6 14 0.456230 0.441471 0.102299 307.960139 135.813371
5 6 14 0.763676 0.224937 0.011387 293.180243 129.596458
5 6 14 0.923652 0.071020 0.005328 287.959794 130.696944
5 6 14 0.687671 0.078305 0.234024 293.608175 134.415900
5 6 14 0.081658 0.213057 0.705285 295.285915 154.973473
5 6 14 0.816873 0.117088 0.066039 294.985112 132.548149
5 6 14 0.796704 0.047325 0.155971 288.345866 132.590733
5 6 14 0.927506 0.069427 0.003066 288.557233 133.710704
5 6 14 0.124933 0.414402 0.460664 306.131683 149.070474
6 15 14 0.105590 0.116196 0.778214 297.779540 164.627189
6 15 14 0.526248 0.229323 0.244429 318.223688 148.899039
6 15 14 0.753813 0.101043 0.145144 327.498529 142.785222
6 15 14 0.744270 0.248185 0.007544 334.096603 139.913978
6 15 14 0.927710 0.021029 0.051261 327.374850 137.170724
6 15 14 0.210000 0.779234 0.010766 333.235698 165.903772
6 15 14 0.492543 0.332651 0.174806 324.760736 152.115743
6 15 14 0.351808 0.293684 0.354508 314.575139 157.383727
6 15 14 0.976315 0.009111 0.014574 331.909340 133.188886
6 15 14 0.604664 0.272190 0.123145 325.359895 145.113371
6 7 15 0.959007 0.028241 0.012753 328.310383 134.237696
6 7 15 0.782984 0.039402 0.177613 333.484359 137.329288
6 7 15 0.521241 0.270196 0.208563 341.030798 141.867548
6 7 15 0.849118 0.069869 0.081013 334.459880 141.144574
6 7 15 0.459391 0.343336 0.197273 349.674696 140.700488
6 7 15 0.269971 0.629951 0.100078 356.341687 134.621528
6 7 15 0.471151 0.421675 0.107175 347.649702 138.225808
6 7 15 0.163061 0.322233 0.514706 349.648182 153.127923
6 7 15 0.311813 0.339785 0.348401 347.959300 144.633313
6 7 15 0.151196 0.103109 0.745695 341.478607 159.792205
7 16 15 0.658471 0.079420 0.262110 359.600837 146.846454
7 16 15 0.801492 0.037046 0.161462 362.929978 140.723856
7 16 15 0.057387 0.376696 0.565917 356.193051 168.593063
7 16 15 0.489301 0.362497 0.148202 367.432181 152.063680
7 16 15 0.942795 0.026518 0.030687 369.634898 137.051713
7 16 15 0.013933 0.410670 0.575397 354.094996 170.066499
7 16 15 0.296045 0.223971 0.479984 358.713636 161.152155
7 16 15 0.428753 0.513700 0.057547 377.039649 155.445763
7 16 15 0.465965 0.055184 0.478852 356.385836 152.863195
7 16 15 0.676314 0.046265 0.277421 361.759493 144.530254
7 8 16 0.939522 0.012680 0.047798 372.527916 136.822464
7 8 16 0.919995 0.046004 0.034000 371.418668 139.597891
7 8 16 0.956138 0.003979 0.039883 372.802302 134.629937
7 8 16 0.307813 0.470542 0.221644 389.204976 143.102817
7 8 16 0.231405 0.300062 0.468533 387.954209 152.159540
7 8 16 0.484914 0.037368 0.477718 377.593924 149.571373
7 8 16 0.933137 0.038522 0.028342 372.837510 136.754312
7 8 16 0.077684 0.229362 0.692954 385.444710 161.405377
7 8 16 0.523275 0.034855 0.441870 379.802025 152.164838
7 8 16 0.891476 0.085819 0.022705 376.720014 133.935893
8 17 16 0.795184 0.189520 0.015296 413.661953 143.313952
8 17 16 0.373802 0.394732 0.231466 407.470550 158.588096
8 17 16 0.483519 0.217266 0.299215 405.184621 156.382794
8 17 16 0.754766 0.091557 0.153677 409.441551 144.435784
8 17 16 0.287462 0.264320 0.448217 403.359098 161.087827
8 17 16 0.723265 0.156694 0.120041 410.862479 147.403162
8 17 16 0.988460 0.010054 0.001486 411.974242 136.431946
8 17 16 0.559675 0.209551 0.230773 407.143462 148.848761
8 17 16 0.068400 0.052696 0.878904 385.887444 171.534041
8 17 16 0.575526 0.287203 0.137271 407.742109 148.686782
9 10 18 0.986238 0.005394 0.008368 54.604049 166.687454
9 10 18 0.965858 0.002003 0.032139 61.699488 167.830181
9 10 18 0.764086 0.137184 0.098730 66.167774 171.582819
9 10 18 0.872236 0.036266 0.091498 63.044131 168.194532
9 10 18 0.209161 0.582850 0.207989 84.832961 173.921700
9 10 18 0.218675 0.243955 0.537370 73.693297 189.472870
9 10 18 0.452686 0.193964 0.353349 68.095580 180.740139
9 10 18 0.945091 0.051699 0.003210 63.608616 164.885418
9 10 18 0.304648 0.369207 0.326145 77.751165 179.138266
9 10 18 0.277477 0.625366 0.097157 89.172024 171.967273
10 19 18 0.440840 0.032067 0.527093 80.650917 193.598221
10 19 18 0.673974 0.153576 0.172450 94.659767 179.869829
10 19 18 0.215718 0.323485 0.460798 84.804822 205.099714
10 19 18 0.581662 0.003484 0.414854 87.868077 187.952811
10 19 18 0.016628 0.783491 0.199881 96.649537 212.194316
10 19 18 0.179519 0.725510 0.094971 101.184783 208.273355
10 19 18 0.810880 0.028983 0.160137 100.353639 178.224068
10 19 18 0.344221 0.132818 0.522961 83.700685 197.376713
10 19 18 0.683133 0.078383 0.238484 95.854003 179.402394
10 19 18 0.432649 0.376255 0.191096 98.778536 192.371720
10 11 19 0.777583 0.086700 0.135717 110.706511 171.838451
10 11 19 0.773890 0.076472 0.149638 106.810710 172.223510
10 11 19 0.953221 0.043272 0.003507 108.289982 165.235633
10 11 19 0.909463 0.058897 0.031640 111.880282 175.177568
10 11 19 0.604160 0.153915 0.241926 115.266004 177.027636
10 11 19 0.114290 0.375474 0.510236 124.148764 191.345019
10 11 19 0.148734 0.826771 0.024496 139.265167 169.098829
10 11 19 0.759471 0.076905 0.163623 110.860026 175.063444
10 11 19 0.047438 0.541599 0.410963 127.194079 184.440555
10 11 19 0.124099 0.492504 0.383397 127.849946 186.970779
11 20 19 0.405472 0.519758 0.074771 149.674690 197.587608
11 20 19 0.713232 0.247130 0.039638 147.615704 182.169317
11 20 19 0.731390 0.078869 0.189741 144.065579 177.676189
11 20 19 0.688962 0.179108 0.131930 144.229648 181.015148
11 20 19 0.948756 0.002615 0.048629 151.456978 165.875188
11 20 19 0.797768 0.184532 0.017700 149.235255 179.759356
11 20 19 0.537805 0.033830 0.428366 131.210021 186.509579
11 20 19 0.255268 0.136906 0.607826 125.315315 201.070821
11 20 19 0.513611 0.104340 0.382048 134.731939 187.646830
11 20 19 0.433758 0.390995 0.175247 140.674734 194.595680
11 12 20 0.645972 0.153322 0.200706 159.692427 176.924629
11 12 20 0.271544 0.626952 0.101504 180.734954 169.747335
11 12 20 0.858679 0.101250 0.040071 155.084223 170.234889
11 12 20 0.447654 0.285391 0.266955 164.976417 177.634726
11 12 20 0.596641 0.071916 0.331443 155.323653 180.300618
11 12 20 0.665126 0.206469 0.128405 160.481740 171.080747
11 12 20 0.507708 0.303508 0.188783 164.412502 174.370165
11 12 20 0.623221 0.163601 0.213179 160.153527 177.968385
11 12 20 0.659387 0.165787 0.174826 156.186313 175.677876
11 12 20 0.259020 0.045413 0.695567 153.776054 202.116116
12 21 20 0.609216 0.369470 0.021314 195.367170 186.137682
12 21 20 0.498006 0.001010 0.500984 175.317295 190.683253
12 21 20 0.272824 0.091143 0.636033 170.381059 198.755837
12 21 20 0.079776 0.363783 0.556441 170.114470 210.272140
12 21 20 0.711601 0.189348 0.099050 193.996943 178.490006
12 21 20 0.367334 0.066824 0.565843 174.394435 195.375295
12 21 20 0.613057 0.203282 0.183660 188.073785 184.069627
12 21 20 0.843109 0.077955 0.078937 196.449334 176.060645
12 21 20 0.464033 0.355327 0.180639 189.364444 191.512205
12 21 20 0.298430 0.359911 0.341660 181.092381 199.803482
12 13 21 0.802591 0.056374 0.141036 200.647277 170.978231
12 13 21 0.116462 0.130018 0.753521 202.195197 202.816113
12 13 21 0.466811 0.098694 0.434495 202.562673 186.085604
12 13 21 0.526275 0.331355 0.142370 214.485604 172.105103
12 13 21 0.448613 0.053624 0.497763 197.534738 192.861491
12 13 21 0.251467 0.157436 0.591097 203.286072 196.204053
12 13 21 0.992414 0.002336 0.005249 200.445479 168.486777
12 13 21 0.981803 0.013563 0.004634 200.704085 171.471804
12 13 21 0.482280 0.296404 0.221316 209.498809 178.005348
12 13 21 0.601314 0.117950 0.280736 201.486057 180.449128
13 22 21 0.825897 0.075502 0.098601 238.778030 180.157280
13 22 21 0.070862 0.926671 0.002466 239.442111 208.811294
13 22 21 0.395929 0.589425 0.014646 241.546862 196.395528
13 22 21 0.506497 0.269243 0.224260 228.466046 194.403182
13 22 21 0.950309 0.046672 0.003018 238.955002 172.487885
13 22 21 0.275246 0.423846 0.300907 228.283828 202.066507
13 22 21 0.762466 0.188467 0.049067 238.433933 179.229508
13 22 21 0.145776 0.374205 0.480019 221.517848 206.794206
13 22 21 0.200888 0.236699 0.562413 216.651392 207.874224
13 22 21 0.708599 0.269626 0.021775 235.793591 182.110747
13 14 22 0.977678 0.000982 0.021340 243.457234 167.817534
13 14 22 0.894653 0.067775 0.037572 243.073025 171.851657
13 14 22 0.729917 0.012003 0.258080 240.766828 180.472807
13 14 22 0.777441 0.134329 0.088230 246.590738 171.936621
13 14 22 0.566093 0.055946 0.377961 248.349597 183.734858
13 14 22 0.611011 0.334604 0.054385 263.982799 168.116947
13 14 22 0.525312 0.057856 0.416832 245.473294 183.073300
13 14 22 0.136459 0.659232 0.204308 271.142707 175.995685
13 14 22 0.146751 0.634527 0.218722 272.419182 178.351594
13 14 22 0.008093 0.930698 0.061209 287.747519 169.585602
14 23 22 0.249150 0.634167 0.116683 284.609059 202.374804
14 23 22 0.401272 0.248319 0.350409 272.192810 194.382108
14 23 22 0.932413 0.023551 0.044036 286.167033 168.186076
14 23 22 0.296762 0.387909 0.315329 272.975081 197.917948
14 23 22 0.147071 0.438972 0.413956 270.816681 207.239291
14 23 22 0.487989 0.430948 0.081063 281.845529 195.197351
14 23 22 0.105065 0.494494 0.400441 268.780017 210.542767
14 23 22 0.776885 0.142744 0.080371 282.678163 177.156846
14 23 22 0.436592 0.187039 0.376369 273.672972 195.297620
14 23 22 0.983494 0.000062 0.016444 288.482684 166.494416
14 15 23 0.087235 0.887811 0.024954 328.912024 170.318453
14 15 23 0.900862 0.055441 0.043697 297.479946 172.566549
14 15 23 0.899406 0.078901 0.021693 294.386221 165.979311
14 15 23 0.747721 0.101055 0.151224 295.508787 171.183641
14 15 23 0.447566 0.063817 0.488617 292.128468 192.428971
14 15 23 0.285630 0.252228 0.462142 300.191271 192.113354
14 15 23 0.849955 0.035177 0.114868 290.772843 176.344503
14 15 23 0.828892 0.103867 0.067241 295.410790 170.734091
14 15 23 0.515313 0.369715 0.114972 306.483383 172.885894
14 15 23 0.017718 0.280825 0.701457 303.080701 203.601638
15 24 23 0.311635 0.237303 0.451062 312.747003 199.146454
15 24 23 0.595699 0.010242 0.394059 315.494577 188.440755
15 24 23 0.338277 0.217281 0.444442 311.977230 202.647275
15 24 23 0.772160 0.082806 0.145034 323.988229 180.587318
15 24 23 0.432897 0.425237 0.141866 324.286392 198.388590
15 24 23 0.464740 0.451011 0.084249 329.829182 194.237695
15 24 23 0.322187 0.251595 0.426218 315.290568 203.361878
15 24 23 0.833614 0.127858 0.038528 330.227596 174.669129
15 24 23 0.136151 0.473545 0.390304 318.242874 207.514067
15 24 23 0.338530 0.429925 0.231545 320.608898 199.860709
15 16 24 0.225241 0.601219 0.173540 361.771839 178.596529
15 16 24 0.907058 0.084018 0.008924 340.619351 174.181833
15 16 24 0.612611 0.125679 0.261710 336.360906 182.778040
15 16 24 0.497081 0.097539 0.405380 338.355010 189.700583
15 16 24 0.541219 0.000434 0.458347 333.078351 195.726059
15 16 24 0.257894 0.238591 0.503515 346.223613 191.038173
15 16 24 0.562754 0.328772 0.108474 346.694025 175.795298
15 16 24 0.273993 0.236154 0.489853 342.690470 192.651046
15 16 24 0.149046 0.051699 0.799255 335.063265 204.836672
15 16 24 0.650677 0.193947 0.155376 343.120596 179.009275
16 25 24 0.519523 0.124792 0.355685 360.997861 189.900590
16 25 24 0.649784 0.063173 0.287043 365.040016 186.980960
16 25 24 0.759524 0.098041 0.142435 369.794588 182.935279
16 25 24 0.830086 0.043172 0.126742 369.589272 178.644053
16 25 24 0.258815 0.298254 0.442931 354.867458 202.324786
16 25 24 0.644288 0.184653 0.171059 368.419285 189.804083
16 25 24 0.209383 0.174885 0.615732 348.928047 206.629729
16 25 24 0.570250 0.187065 0.242685 371.788873 189.847077
16 25 24 0.608576 0.299686 0.091738 375.673551 186.622742
16 25 24 0.156572 0.555821 0.287607 363.895525 209.093321
16 17 25 0.434417 0.038800 0.526783 381.125328 193.149459
16 17 25 0.369981 0.422484 0.207535 396.274901 182.350632
16 17 25 0.121139 0.762984 0.115877 413.688655 177.049670
16 17 25 0.015680 0.946092 0.038228 416.438725 172.117924
16 17 25 0.464654 0.055606 0.479740 377.087983 191.528713
16 17 25 0.895649 0.101876 0.002474 382.572500 173.482968
16 17 25 0.929081 0.059115 0.011803 381.879403 169.163466
16 17 25 0.786437 0.100194 0.113369 384.833987 174.732751
16 17 25 0.651770 0.241022 0.107208 395.113681 175.434096
16 17 25 0.173032 0.807094 0.019874 413.267411 174.331711
17 26 25 0.462593 0.207244 0.330163 407.759127 197.185750
17 26 25 0.651821 0.328255 0.019924 421.572163 189.208198
17 26 25 0.512042 0.161942 0.326016 406.748982 196.253041
17 26 25 0.258833 0.039565 0.701601 388.646802 204.346857
17 26 25 0.637310 0.194008 0.168682 415.504778 190.128403
17 26 25 0.817565 0.154976 0.027460 418.766897 181.076365
17 26 25 0.754142 0.092495 0.153362 418.426998 181.796139
17 26 25 0.836201 0.056345 0.107454 418.988795 180.683293
17 26 25 0.626330 0.122117 0.251553 410.515585 185.880925
17 26 25 0.659719 0.049110 0.291170 410.431669 187.570575
18 19 27 0.164857 0.806813 0.028330 95.588583 217.231307
18 19 27 0.233406 0.616946 0.149648 87.983312 222.255284
18 19 27 0.942129 0.012989 0.044882 65.548890 212.992272
18 19 27 0.051424 0.115720 0.832856 76.943707 247.194923
18 19 27 0.357989 0.635122 0.006889 94.202695 214.638788
18 19 27 0.017880 0.208240 0.773880 80.619064 247.468268
18 19 27 0.892532 0.017815 0.089653 63.515157 216.695881
18 19 27 0.210708 0.184554 0.604738 77.517747 234.788055
18 19 27 0.491200 0.421476 0.087324 81.348946 218.997787
18 19 27 0.261189 0.211213 0.527597 77.540203 236.470554
19 28 27 0.018989 0.176703 0.804308 80.943370 253.834042
19 28 27 0.620111 0.133104 0.246784 98.907868 227.137912
19 28 27 0.461379 0.267797 0.270825 95.662394 233.993409
19 28 27 0.848527 0.139490 0.011983 105.890173 220.358066
19 28 27 0.572151 0.111399 0.316451 97.583319 233.394967
19 28 27 0.580179 0.192704 0.227117 97.771750 229.766713
19 28 27 0.632103 0.027675 0.340223 96.256733 232.129461
19 28 27 0.791484 0.010206 0.198310 99.228294 222.399894
19 28 27 0.387177 0.168925 0.443898 92.019213 240.492011
19 28 27 0.700389 0.061522 0.238089 98.778584 225.950084
19 20 28 0.826677 0.064493 0.108830 108.813503 218.898488
19 20 28 0.470597 0.060968 0.468435 111.110237 232.352118
19 20 28 0.426431 0.369589 0.203980 126.262336 224.472330
19 20 28 0.201963 0.046011 0.752026 114.552558 247.718572
19 20 28 0.363885 0.335136 0.300979 122.290619 226.160010
19 20 28 0.481887 0.323222 0.194891 121.295347 224.547408
19 20 28 0.298620 0.330808 0.370571 123.277980 227.875804
19 20 28 0.844004 0.032419 0.123577 109.969227 220.215886
19 20 28 0.724578 0.151055 0.124368 111.288201 219.057369
19 20 28 0.518968 0.070839 0.410193 111.274021 229.687701
20 29 28 0.244724 0.410736 0.344540 141.262488 248.416197
20 29 28 0.214057 0.383991 0.401952 138.921314 250.617310
20 29 28 0.066851 0.605323 0.327826 143.034798 249.600787
20 29 28 0.448534 0.356843 0.194623 147.188375 235.952058
20 29 28 0.622285 0.115020 0.262695 142.269261 231.731515
20 29 28 0.849552 0.090904 0.059544 148.248750 218.559914
20 29 28 0.926962 0.060050 0.012987 148.403807 218.215483
20 29 28 0.201672 0.102036 0.696293 125.778775 248.179583
20 29 28 0.259065 0.339020 0.401915 138.392610 248.827700
20 29 28 0.406756 0.111834 0.481411 140.838730 240.856575
20 21 29 0.248539 0.614804 0.136657 178.654228 220.215802
20 21 29 0.292932 0.072950 0.634118 159.245485 242.390724
20 21 29 0.889523 0.062630 0.047847 155.455723 221.201495
20 21 29 0.015050 0.555277 0.429673 176.602964 234.281116
20 21 29 0.315316 0.046124 0.638560 155.356072 238.266560
20 21 29 0.969270 0.003545 0.027184 152.627737 217.505691
20 21 29 0.670597 0.318119 0.011284 164.307378 215.034617
20 21 29 0.935587 0.061942 0.002471 156.505366 216.016778
20 21 29 0.238411 0.241813 0.519776 163.819064 235.874322
20 21 29 0.119979 0.368622 0.511398 169.461935 237.066743
21 30 29 0.749591 0.152615 0.097794 188.309975 223.147295
21 30 29 0.584388 0.366422 0.049190 197.826524 229.322119
21 30 29 0.411628 0.267050 0.321323 181.719281 236.310866
21 30 29 0.919429 0.020161 0.060409 189.822472 214.695723
21 30 29 0.222086 0.450615 0.327299 181.109552 251.310737
21 30 29 0.007085 0.510276 0.482638 177.461233 258.732308
21 30 29 0.878699 0.081446 0.039855 191.754355 219.642026
21 30 29 0.712764 0.065352 0.221884 189.377309 227.689225
21 30 29 0.243909 0.192690 0.563401 172.576346 246.012797
21 30 29 0.641935 0.227403 0.130662 188.382584 231.104490
21 22 30 0.832176 0.088773 0.079051 200.002153 217.873718
21 22 30 0.319384 0.669837 0.010779 229.184212 213.888729
21 22 30 0.491484 0.456469 0.052047 213.850450 217.106467
21 22 30 0.289293 0.231144 0.479563 206.610478 233.336769
21 22 30 0.395061 0.484747 0.120192 215.983747 220.462660
21 22 30 0.058125 0.241736 0.700139 209.149445 243.997154
21 22 30 0.231467 0.162403 0.606131 206.963917 241.652666
21 22 30 0.074696 0.405682 0.519621 213.635283 236.241185
21 22 30 0.743614 0.253585 0.002801 207.178314 215.445071
21 22 30 0.537514 0.447469 0.015017 213.949023 217.096043
22 31 30 0.277617 0.131985 0.590398 213.889593 249.010793
22 31 30 0.627317 0.073202 0.299480 224.742002 230.986927
22 31 30 0.510558 0.436451 0.052990 238.354780 239.109550
22 31 30 0.486973 0.289894 0.223133 229.843117 237.127720
22 31 30 0.755706 0.110494 0.133800 239.582575 222.071125
22 31 30 0.045346 0.110937 0.843718 205.143114 255.682858
22 31 30 0.925790 0.046811 0.027399 237.876426 214.762393
22 31 30 0.298978 0.575737 0.125285 235.386509 242.248110
22 31 30 0.509858 0.486464 0.003678 240.340231 236.723675
22 31 30 0.017128 0.847347 0.135526 233.688733 255.930891
22 23 31 0.456312 0.129845 0.413843 243.671271 236.263845
22 23 31 0.623625 0.118153 0.258222 247.460494 222.097178
22 23 31 0.622865 0.131951 0.245183 249.150134 226.759239
22 23 31 0.766579 0.111903 0.121518 246.395671 218.698262
22 23 31 0.543020 0.306422 0.150558 253.237742 220.378485
22 23 31 0.584845 0.242545 0.172610 253.556316 224.331307
22 23 31 0.954801 0.039917 0.005282 247.660765 213.113537
22 23 31 0.658317 0.256808 0.084875 253.121222 217.097573
22 23 31 0.916869 0.015962 0.067168 242.538910 216.183653
22 23 31 0.849715 0.137140 0.013144 249.345934 218.694726
23 32 31 0.678121 0.078424 0.243456 279.249758 227.335089
23 32 31 0.153915 0.845817 0.000268 288.755753 250.276875
23 32 31 0.259970 0.594628 0.145403 278.480223 246.897311
23 32 31 0.355643 0.174186 0.470171 263.110232 244.907235
23 32 31 0.406783 0.219889 0.373328 269.026426 242.470334
23 32 31 0.464008 0.295673 0.240320 275.932343 236.129968
23 32 31 0.620552 0.105360 0.274088 274.286432 234.011407
23 32 31 0.600195 0.062820 0.336985 270.765816 233.712177
23 32 31 0.724124 0.224669 0.051207 287.764575 227.658641
23 32 31 0.749705 0.083244 0.167051 283.547006 226.658276
23 24 32 0.552261 0.220970 0.226770 298.256003 223.952812
23 24 32 0.482451 0.063090 0.454459 288.249723 236.560791
23 24 32 0.383338 0.154591 0.462070 296.262101 234.698585
23 24 32 0.188885 0.274646 0.536470 301.336922 238.932853
23 24 32 0.560132 0.387187 0.052681 305.559655 216.855544
23 24 32 0.931430 0.002403 0.066167 288.698950 217.990178
23 24 32 0.617935 0.016168 0.365898 290.512924 234.971777
23 24 32 0.217549 0.571407 0.211044 310.683696 224.511541
23 24 32 0.504037 0.118054 0.377910 294.065704 231.531854
23 24 32 0.838976 0.089821 0.071203 291.062341 223.953586
24 33 32 0.319447 0.631010 0.049544 325.269590 244.555194
24 33 32 0.687550 0.113547 0.198903 327.065063 228.562757
24 33 32 0.579335 0.173648 0.247018 323.360161 238.922852
24 33 32 0.831648 0.010845 0.157507 325.541341 220.952435
24 33 32 0.269814 0.694176 0.036010 328.251270 247.377324
24 33 32 0.999951 0.000022 0.000027 332.548227 214.835239
24 33 32 0.641622 0.340395 0.017983 330.109764 230.778831
24 33 32 0.440092 0.464437 0.095471 323.028072 241.455432
24 33 32 0.228504 0.549757 0.221739 322.016710 245.513974
24 33 32 0.507042 0.195412 0.297546 317.730557 236.515276
24 25 33 0.436976 0.411253 0.151772 350.932730 221.308269
24 25 33 0.845577 0.071588 0.082835 333.663059 218.903826
24 25 33 0.858689 0.013832 0.127479 330.349697 221.321340
24 25 33 0.627421 0.137203 0.235375 337.204927 224.092816
24 25 33 0.403167 0.095608 0.501225 335.719466 240.832928
24 25 33 0.458723 0.217445 0.323831 344.641616 227.809719
24 25 33 0.878152 0.119954 0.001894 337.530329 216.293543
24 25 33 0.854090 0.113586 0.032324 334.803667 213.750948
24 25 33 0.808986 0.129361 0.061654 336.268949 218.029540
24 25 33 0.330105 0.261931 0.407964 344.027810 234.820400
25 34 33 0.644342 0.294837 0.060821 374.558640 233.314052
25 34 33 0.609498 0.093636 0.296865 361.052395 228.669541
25 34 33 0.180045 0.182121 0.637834 346.356252 248.112895
25 34 33 0.481868 0.461392 0.056740 373.327704 234.979107
25 34 33 0.499483 0.271627 0.228890 364.490516 240.133798
25 34 33 0.639038 0.345632 0.015331 374.793205 233.000229
25 34 33 0.641191 0.104734 0.254075 363.343191 233.100081
25 34 33 0.289285 0.506417 0.204298 365.755586 248.253093
25 34 33 0.080102 0.684552 0.235346 365.459463 253.918441
25 34 33 0.934513 0.049264 0.016224 376.877518 215.018918
25 26 34 0.262848 0.080898 0.656254 377.308510 245.922259
25 26 34 0.558048 0.262127 0.179825 388.090846 222.693323
25 26 34 0.529040 0.428485 0.042475 396.720948 217.149000
25 26 34 0.515744 0.219654 0.264601 386.937416 231.752788
25 26 34 0.142753 0.101247 0.756000 381.599810 249.910679
25 26 34 0.510038 0.144706 0.345256 382.744853 233.700707
25 26 34 0.150540 0.700873 0.148587 410.976308 221.558484
25 26 34 0.439326 0.439088 0.121586 396.723784 223.937861
25 26 34 0.179942 0.036503 0.783555 381.231204 253.259222
25 26 34 0.184837 0.531093 0.284070 402.209822 226.993008
26 35 34 0.911109 0.059294 0.029597 423.800890 223.756225
26 35 34 0.720293 0.118281 0.161426 414.779785 227.942148
26 35 34 0.488153 0.374727 0.137120 418.084577 240.003942
26 35 34 0.880344 0.008317 0.111339 418.525385 222.419230
26 35 34 0.093812 0.064716 0.841472 382.285688 255.860735
26 35 34 0.390931 0.487658 0.121411 416.510869 243.788220
26 35 34 0.651612 0.290193 0.058195 419.791046 231.272344
26 35 34 0.749018 0.048013 0.202969 414.863899 227.848881
26 35 34 0.297069 0.493139 0.209793 412.053512 248.400499
26 35 34 0.444538 0.308036 0.247426 413.334941 237.989815
27 28 36 0.327470 0.649811 0.022719 100.283845 256.433882
27 28 36 0.874029 0.092868 0.033103 78.562158 250.528226
27 28 36 0.655719 0.162314 0.181967 85.954006 254.999036
27 28 36 0.599705 0.141124 0.259171 83.442812 262.151612
27 28 36 0.938244 0.001667 0.060089 78.087283 256.416621
27 28 36 0.056709 0.250607 0.692684 96.048248 273.046553
27 28 36 0.943607 0.029359 0.027034 75.453606 253.892813
27 28 36 0.531197 0.140046 0.328757 85.759216 262.543551
27 28 36 0.880592 0.005343 0.114064 76.134320 257.686264
27 28 36 0.118550 0.237420 0.644030 94.808981 270.605122
28 37 36 0.044033 0.262414 0.693553 102.190672 282.010792
28 37 36 0.990850 0.000306 0.008845 115.426443 253.703856
28 37 36 0.500631 0.271776 0.227593 111.534923 266.186661
28 37 36 0.992578 0.000892 0.006530 113.863939 257.404138
28 37 36 0.015086 0.129068 0.855846 94.429057 276.129327
28 37 36 0.418747 0.570808 0.010445 123.148132 273.101496
28 37 36 0.577121 0.341590 0.081288 116.477467 268.878575
28 37 36 0.755548 0.104887 0.139566 111.998199 262.066959
28 37 36 0.655831 0.180882 0.163287 111.848284 262.759694
28 37 36 0.951435 0.020333 0.028231 111.353779 257.525781
28 29 37 0.024694 0.308528 0.666777 133.943010 274.558420
28 29 37 0.706813 0.234448 0.058739 127.368990 256.907303
28 29 37 0.994317 0.001436 0.004247 113.425159 258.304694
28 29 37 0.170576 0.325257 0.504167 132.685506 269.836583
28 29 37 0.317113 0.593820 0.089068 140.165242 257.299193
28 29 37 0.657993 0.275448 0.066559 126.411142 258.720544
28 29 37 0.317136 0.338439 0.344425 132.301875 265.761383
28 29 37 0.579388 0.258072 0.162541 128.174530 257.411318
28 29 37 0.415052 0.012746 0.572202 124.151592 273.236361
28 29 37 0.876403 0.115499 0.008097 120.915325 257.380536
29 38 37 0.975955 0.001824 0.022221 156.051839 256.444340
29 38 37 0.199858 0.671598 0.128544 156.848611 277.596897
29 38 37 0.632417 0.352877 0.014706 156.922227 267.848920
29 38 37 0.333117 0.401343 0.265540 146.825507 278.006872
29 38 37 0.111789 0.037967 0.850244 133.587265 281.601309
29 38 37 0.983138 0.001207 0.015655 154.611860 258.142376
29 38 37 0.303904 0.609881 0.086215 155.280625 276.731819
29 38 37 0.719752 0.170158 0.110090 155.383920 265.313896
29 38 37 0.075989 0.198656 0.725355 136.935101 282.080390
29 38 37 0.534781 0.161575 0.303644 147.306296 272.850753
29 30 38 0.833038 0.033172 0.133790 157.929500 255.905646
29 30 38 0.047425 0.870852 0.081722 195.357062 262.427861
29 30 38 0.133149 0.160316 0.706536 168.016944 278.136385
29 30 38 0.315583 0.427892 0.256525 176.277423 260.383449
29 30 38 0.026453 0.693310 0.280238 185.967605 266.071632
29 30 38 0.822232 0.091746 0.086021 157.795980 257.787868
29 30 38 0.502406 0.457093 0.040501 175.649285 260.857808
29 30 38 0.494406 0.301715 0.203878 169.703161 262.184626
29 30 38 0.191975 0.328409 0.479616 171.064255 272.906185
29 30 38 0.158278 0.520290 0.321432 179.178124 268.695944
30 39 38 0.240094 0.396095 0.363811 186.411565 281.803250
30 39 38 0.458690 0.483204 0.058106 200.170587 277.389005
30 39 38 0.829438 0.086927 0.083636 197.756328 263.951478
30 39 38 0.502700 0.426284 0.071016 201.235309 272.887556
30 39 38 0.036541 0.162160 0.801299 170.666513 287.987680
30 39 38 0.379414 0.197293 0.423293 183.370139 277.417509
30 39 38 0.118103 0.741630 0.140267 196.067236 286.886456
30 39 38 0.790353 0.102392 0.107255 190.056935 262.626409
30 39 38 0.607657 0.339308 0.053035 192.816302 275.105336
30 39 38 0.495358 0.425194 0.079447 202.263685 274.168878
30 31 39 0.354728 0.431657 0.213615 221.265151 268.082984
30 31 39 0.674246 0.024800 0.300954 206.510830 269.496027
30 31 39 0.810084 0.179821 0.010095 209.033358 259.537670
30 31 39 0.116682 0.281735 0.601583 210.530766 276.160175
30 31 39 0.912334 0.026520 0.061146 200.305250 261.096632
30 31 39 0.946157 0.012990 0.040853 196.890968 258.370983
30 31 39 0.699057 0.019798 0.281146 203.498981 266.930683
30 31 39 0.723513 0.006354 0.270133 197.593305 267.141050
30 31 39 0.941244 0.010131 0.048625 198.786816 259.372110
30 31 39 0.837301 0.036781 0.125919 198.930609 259.749960
31 40 39 0.113053 0.737525 0.149422 236.603347 289.808085
31 40 39 0.330856 0.261058 0.408086 223.272051 279.551556
31 40 39 0.662731 0.274165 0.063104 241.422205 269.648391
31 40 39 0.817119 0.182826 0.000055 240.820672 262.541225
31 40 39 0.987162 0.005453 0.007385 240.412364 256.430217
31 40 39 0.972184 0.008534 0.019282 239.615369 262.691703
31 40 39 0.831398 0.096292 0.072310 239.916670 264.092906
31 40 39 0.790303 0.097552 0.112145 234.409705 268.909600
31 40 39 0.154442 0.064720 0.780837 213.163315 286.623976
31 40 39 0.938323 0.007487 0.054189 238.850750 257.663639
31 32 40 0.912496 0.031566 0.055937 241.796705 260.317378
31 32 40 0.523931 0.447156 0.028914 260.825687 266.243553
31 32 40 0.374807 0.029201 0.595992 245.256258 279.694338
31 32 40 0.633085 0.154100 0.212815 248.379208 264.840573
31 32 40 0.404818 0.588318 0.006864 264.761968 257.989219
31 32 40 0.310357 0.177206 0.512436 248.094296 278.424597
31 32 40 0.505794 0.370380 0.123826 257.485674 264.950490
31 32 40 0.042064 0.124357 0.833580 246.612789 290.135585
31 32 40 0.004869 0.250889 0.744242 251.239690 287.650717
31 32 40 0.455028 0.411877 0.133096 258.847039 260.389122
32 41 40 0.769261 0.195525 0.035214 284.987106 269.007114
32 41 40 0.890701 0.019213 0.090086 281.242759 264.112973
32 41 40 0.889694 0.069687 0.040619 285.179896 261.004568
32 41 40 0.764738 0.209235 0.026028 282.506434 267.595031
32 41 40 0.747397 0.246976 0.005627 282.727292 266.796760
32 41 40 0.772462 0.217666 0.009872 283.275633 264.300730
32 41 40 0.406710 0.017188 0.576102 259.453629 281.854599
32 41 40 0.750013 0.215309 0.034678 282.807993 267.273315
32 41 40 0.542464 0.146652 0.310884 269.578892 273.100265
32 41 40 0.678761 0.001381 0.319857 272.125805 272.805274
32 33 41 0.006843 0.977405 0.015752 331.530328 262.026112
32 33 41 0.417633 0.308030 0.274337 299.373036 268.345464
32 33 41 0.181187 0.596351 0.222462 308.598384 268.610524
32 33 41 0.520592 0.179283 0.300125 290.078978 271.189483
32 33 41 0.587522 0.153436 0.259042 296.041294 270.906963
32 33 41 0.377506 0.239347 0.383147 295.741019 274.567191
32 33 41 0.159308 0.548777 0.291914 312.141647 274.446914
32 33 41 0.867048 0.098033 0.034920 291.831186 259.474516
32 33 41 0.293789 0.074788 0.631423 287.235494 282.997586
32 33 41 0.239059 0.417434 0.343507 301.777743 268.450385
33 42 41 0.751212 0.165183 0.083605 328.703142 270.228792
33 42 41 0.969726 0.021036 0.009238 330.195787 258.092431
33 42 41 0.735277 0.013556 0.251167 318.473235 269.418638
33 42 41 0.741850 0.225767 0.032383 329.262326 269.586852
33 42 41 0.964108 0.020641 0.015251 330.607925 259.314501
33 42 41 0.715455 0.190334 0.094211 325.429014 270.184955
33 42 41 0.406409 0.127744 0.465847 310.018588 282.991608
33 42 41 0.179990 0.673146 0.146864 323.021276 293.733769
33 42 41 0.415039 0.550641 0.034321 327.449983 279.323746
33 42 41 0.454868 0.437516 0.107617 324.753002 280.913201
33 34 42 0.139148 0.062258 0.798593 328.395355 289.167611
33 34 42 0.912404 0.026784 0.060812 330.318466 264.092268
33 34 42 0.330796 0.592022 0.077181 355.810158 258.716648
33 34 42 0.270315 0.670520 0.059166 359.436542 259.373311
33 34 42 0.585259 0.023474 0.391266 328.396657 273.619316
33 34 42 0.600574 0.341775 0.057651 342.602087 262.655957
33 34 42 0.175528 0.369642 0.454830 345.373185 276.449880
33 34 42 0.638606 0.119750 0.241644 336.150808 266.540615
33 34 42 0.757421 0.089755 0.152825 334.427443 264.327122
33 34 42 0.579049 0.210048 0.210903 341.592757 271.093913
34 43 42 0.315165 0.586897 0.097938 367.651719 289.982403
34 43 42 0.063630 0.359522 0.576848 344.814347 294.862927
34 43 42 0.578454 0.073142 0.348404 357.222140 279.268321
34 43 42 0.851186 0.033375 0.115439 365.232902 266.000946
34 43 42 0.301172 0.679992 0.018836 372.604012 286.007017
34 43 42 0.479380 0.016568 0.504052 349.899804 281.747089
34 43 42 0.965762 0.013040 0.021198 374.148538 261.502402
34 43 42 0.305439 0.372037 0.322524 361.312313 283.746771
34 43 42 0.472789 0.139170 0.388042 356.716496 282.560271
34 43 42 0.100304 0.072430 0.827266 334.799073 291.246721
34 35 43 0.021455 0.591953 0.386592 398.993275 274.429222
34 35 43 0.686295 0.280215 0.033489 389.484481 259.332740
34 35 43 0.184306 0.614941 0.200754 406.883550 268.942758
34 35 43 0.242304 0.228004 0.529692 384.714258 280.190806
34 35 43 0.698835 0.119464 0.181701 381.936417 270.659132
34 35 43 0.996002 0.003404 0.000594 376.691123 261.869450
34 35 43 0.661707 0.233456 0.104837 383.089784 262.821893
34 35 43 0.792622 0.010929 0.196449 374.519836 267.699862
34 35 43 0.949884 0.048611 0.001504 377.783535 262.942083
34 35 43 0.170552 0.559350 0.270099 398.421992 269.769574
35 44 43 0.154899 0.455027 0.390074 397.302019 293.187269
35 44 43 0.888112 0.003887 0.108001 412.463568 265.758163
35 44 43 0.363528 0.395210 0.241262 411.231751 286.455185
35 44 43 0.861369 0.002866 0.135765 413.711842 266.832750
35 44 43 0.528952 0.362280 0.108768 411.265403 278.973820
35 44 43 0.672401 0.209686 0.117912 412.891071 270.198536
35 44 43 0.298643 0.498992 0.202365 409.441177 285.479260
35 44 43 0.710044 0.085029 0.204927 409.681595 270.005531
35 44 43 0.866442 0.008069 0.125489 416.218785 265.198878
35 44 43 0.625064 0.072432 0.302503 403.627665 278.988910
36 37 45 0.958283 0.003972 0.037746 88.580637 280.204118
36 37 45 0.923437 0.061250 0.015313 96.730189 282.778355
36 37 45 0.514559 0.393695 0.091746 104.033465 282.981081
36 37 45 0.786407 0.031916 0.181676 89.441055 286.536975
36 37 45 0.088241 0.173935 0.737824 109.549828 298.096700
36 37 45 0.859709 0.130579 0.009712 97.123892 278.312794
36 37 45 0.198720 0.460103 0.341176 107.126524 286.928893
36 37 45 0.835960 0.038113 0.125927 93.340191 280.590473
36 37 45 0.855929 0.127736 0.016335 90.437567 281.216248
36 37 45 0.051802 0.871483 0.076715 124.986861 282.427480
37 46 45 0.304279 0.475931 0.219790 126.641402 297.441416
37 46 45 0.902102 0.090816 0.007082 130.006878 286.416530
37 46 45 0.088619 0.837058 0.074322 137.430462 300.580090
37 46 45 0.302029 0.240899 0.457072 120.457851 295.267898
37 46 45 0.550005 0.093909 0.356085 117.620510 290.284375
37 46 45 0.061073 0.169972 0.768955 109.087797 296.898517
37 46 45 0.984233 0.000270 0.015497 125.836365 284.682104
37 46 45 0.392307 0.530929 0.076764 133.355925 291.977241
37 46 45 0.905339 0.074531 0.020129 126.440242 284.778555
37 46 45 0.693462 0.026322 0.280215 118.958678 288.161606
37 38 46 0.307006 0.677099 0.015895 150.125203 284.362784
37 38 46 0.926066 0.018189 0.055745 127.589590 286.943362
37 38 46 0.049071 0.818915 0.132014 159.422961 284.835091
37 38 46 0.854363 0.046407 0.099230 125.545449 286.548431
37 38 46 0.225514 0.178785 0.595701 146.005318 298.713478
37 38 46 0.857209 0.000529 0.142261 126.477470 286.814967
37 38 46 0.505808 0.102326 0.391866 137.349010 289.240749
37 38 46 0.568884 0.155871 0.275244 135.872445 287.514794
37 38 46 0.627270 0.216381 0.156349 132.479199 287.597474
37 38 46 0.429348 0.270820 0.299832 138.273931 290.606271
38 47 46 0.185955 0.511329 0.302716 162.977078 307.414511
38 47 46 0.231851 0.064253 0.703895 145.458400 300.162898
38 47 46 0.901280 0.090065 0.008654 163.017364 287.720873
38 47 46 0.322425 0.387235 0.290339 160.076330 303.691360
38 47 46 0.240558 0.141913 0.617529 146.521668 300.045471
38 47 46 0.404880 0.281881 0.313239 161.044306 297.903201
38 47 46 0.154827 0.121062 0.724111 152.231282 304.376338
38 47 46 0.850757 0.140803 0.008440 164.728720 290.829983
38 47 46 0.869316 0.101745 0.028938 161.582409 290.892346
38 47 46 0.463257 0.248356 0.288387 156.673450 296.699511
38 39 47 0.986144 0.012158 0.001698 166.545878 290.547706
38 39 47 0.663141 0.212330 0.124529 173.686009 289.282954
38 39 47 0.207224 0.719347 0.073429 193.839378 293.844035
38 39 47 0.461665 0.292509 0.245827 178.804059 290.840842
38 39 47 0.081971 0.544608 0.373421 191.258420 296.282894
38 39 47 0.497260 0.245651 0.257089 175.292739 294.374654
38 39 47 0.269872 0.145660 0.584469 174.599575 303.680353
38 39 47 0.014763 0.410711 0.574526 187.378480 302.175977
38 39 47 0.080116 0.898165 0.021718 198.696292 291.861135
38 39 47 0.031414 0.452666 0.515921 185.502884 301.775636
39 48 47 0.622189 0.335656 0.042155 200.814790 297.512918
39 48 47 0.400503 0.252407 0.347091 194.847010 304.049058
39 48 47 0.962027 0.030504 0.007469 200.861501 290.589727
39 48 47 0.739432 0.108969 0.151599 196.235133 297.811908
39 48 47 0.273594 0.487348 0.239057 196.311552 308.392733
39 48 47 0.428530 0.102363 0.469107 190.845404 296.580106
39 48 47 0.023445 0.299218 0.677336 182.611905 305.961748
39 48 47 0.982374 0.007226 0.010400 203.761448 291.813951
39 48 47 0.135466 0.224481 0.640053 185.850072 305.990194
39 48 47 0.386658 0.538033 0.075308 202.715302 301.165773
39 40 48 0.288554 0.620607 0.090838 228.681910 293.675945
39 40 48 0.090644 0.084588 0.824768 207.116597 307.211897
39 40 48 0.433208 0.199177 0.367616 211.090123 299.519249
39 40 48 0.427636 0.331565 0.240799 217.350859 299.985979
39 40 48 0.368737 0.007886 0.623378 203.594762 307.405695
39 40 48 0.692095 0.089223 0.218682 208.374859 293.796261
39 40 48 0.300561 0.496533 0.202907 225.489943 299.673385
39 40 48 0.583195 0.231674 0.185130 211.758181 293.938019
39 40 48 0.791055 0.192984 0.015962 208.058606 290.972503
39 40 48 0.225541 0.414357 0.360102 219.167094 300.533134
40 49 48 0.200317 0.139739 0.659944 218.110395 306.353572
40 49 48 0.260505 0.050452 0.689043 215.087405 308.844704
40 49 48 0.007050 0.298419 0.694532 217.641002 310.018998
40 49 48 0.991440 0.003984 0.004576 240.716862 291.144315
40 49 48 0.429729 0.480249 0.090022 240.087315 308.594501
40 49 48 0.111770 0.081488 0.806742 212.181630 308.938369
40 49 48 0.594873 0.369496 0.035631 241.095979 302.739924
40 49 48 0.966936 0.023791 0.009272 242.809613 294.726974
40 49 48 0.635965 0.324163 0.039872 239.230180 300.934793
40 49 48 0.447825 0.337470 0.214705 236.625261 304.603476
40 41 49 0.467784 0.453122 0.079094 260.214788 292.647234
40 41 49 0.400135 0.109719 0.490146 250.189267 306.820427
40 41 49 0.100748 0.580688 0.318564 268.199667 299.031275
40 41 49 0.471149 0.496755 0.032096 262.122522 295.328402
40 41 49 0.565885 0.035055 0.399060 242.912873 301.518798
40 41 49 0.327434 0.413676 0.258890 257.049826 297.561293
40 41 49 0.003007 0.490085 0.506908 263.648314 304.498097
40 41 49 0.176256 0.594814 0.228931 266.863638 298.468741
40 41 49 0.286384 0.489369 0.224247 261.622951 298.991342
40 41 49 0.499226 0.426441 0.074333 259.311903 297.884661
41 50 49 0.609680 0.075849 0.314471 268.566107 301.386913
41 50 49 0.904379 0.075603 0.020018 284.113789 295.317357
41 50 49 0.254796 0.717645 0.027559 284.108130 310.803709
41 50 49 0.478824 0.159624 0.361552 272.123925 308.245107
41 50 49 0.344810 0.056650 0.598539 261.763317 309.206785
41 50 49 0.096466 0.791655 0.111879 280.479196 314.790519
41 50 49 0.325426 0.423896 0.250679 275.169079 310.322908
41 50 49 0.163329 0.010510 0.826160 245.687099 310.556229
41 50 49 0.484549 0.222213 0.293237 276.759956 303.200957
41 50 49 0.896936 0.041701 0.061363 280.793224 300.862617
41 42 50 0.248780 0.639949 0.111270 311.869375 296.957623
41 42 50 0.139060 0.143901 0.717040 294.042400 316.369193
41 42 50 0.598145 0.207480 0.194376 293.101466 301.738796
41 42 50 0.334157 0.008992 0.656851 285.787554 313.495370
41 42 50 0.118710 0.440782 0.440508 304.779111 303.943720
41 42 50 0.784031 0.175531 0.040438 292.090749 295.596907
41 42 50 0.426955 0.514838 0.058208 305.401603 298.566294
41 42 50 0.940769 0.043506 0.015725 286.786566 293.295987
41 42 50 0.601842 0.326773 0.071385 297.975679 297.709749
41 42 50 0.721859 0.271004 0.007137 296.559113 294.551155
42 51 50 0.144760 0.656759 0.198482 314.680507 320.008212
42 51 50 0.528024 0.435903 0.036074 322.986307 308.847533
42 51 50 0.999925 0.000003 0.000072 327.711274 292.703564
42 51 50 0.366422 0.321089 0.312489 307.883244 310.988552
42 51 50 0.500272 0.137214 0.362514 311.030358 310.749140
42 51 50 0.593814 0.347897 0.058289 321.883874 311.545240
42 51 50 0.653989 0.027810 0.318200 311.816698 306.909940
42 51 50 0.896841 0.091589 0.011570 326.838711 301.258551
42 51 50 0.192350 0.215599 0.592052 303.039011 316.670298
42 51 50 0.498480 0.069644 0.431876 307.054600 313.977615
42 43 51 0.152027 0.352823 0.495150 340.268065 309.697865
42 43 51 0.069254 0.184989 0.745757 332.090326 319.536602
42 43 51 0.096955 0.210459 0.692586 333.328368 316.658828
42 43 51 0.044013 0.367244 0.588743 339.074983 312.399904
42 43 51 0.922773 0.051590 0.025636 328.461047 296.896083
42 43 51 0.601351 0.126776 0.271873 329.877664 306.614595
42 43 51 0.187183 0.083620 0.729198 325.558423 317.592705
42 43 51 0.608325 0.148951 0.242724 333.493945 301.802934
42 43 51 0.536455 0.159012 0.304534 335.859287 305.977387
42 43 51 0.165849 0.470477 0.363674 344.247599 307.970516
43 52 51 0.424587 0.296718 0.278696 353.802750 315.434184
43 52 51 0.246065 0.169879 0.584057 338.085554 319.716587
43 52 51 0.822496 0.126930 0.050574 366.261511 305.023563
43 52 51 0.288983 0.171463 0.539553 342.431955 317.008755
43 52 51 0.480526 0.244989 0.274485 355.419757 313.594769
43 52 51 0.015380 0.979301 0.005318 364.406503 327.890813
43 52 51 0.185666 0.438610 0.375724 349.880744 321.830381
43 52 51 0.848389 0.076642 0.074969 365.380592 301.170919
43 52 51 0.467540 0.507863 0.024597 368.333469 314.436311
43 52 51 0.094277 0.515289 0.390434 345.377034 323.212387
43 44 52 0.340666 0.578358 0.080976 396.458887 303.971785
43 44 52 0.572596 0.385665 0.041739 385.840992 302.533099
43 44 52 0.918519 0.066731 0.014750 369.701454 297.388916
43 44 52 0.605296 0.089033 0.305670 371.693084 306.534963
43 44 52 0.261795 0.414152 0.324054 389.298322 309.043786
43 44 52 0.732713 0.021653 0.245633 372.071578 309.645709
43 44 52 0.591475 0.175153 0.233371 373.235743 306.958157
43 44 52 0.930990 0.059311 0.009699 369.723637 297.743648
43 44 52 0.349563 0.633119 0.017318 399.028898 299.837297
43 44 52 0.415556 0.453428 0.131016 391.589085 303.359327
44 53 52 0.458298 0.005611 0.536091 387.094558 315.607805
44 53 52 0.453973 0.344201 0.201826 399.266521 317.837037
44 53 52 0.826360 0.071837 0.101802 406.326273 304.033301
44 53 52 0.543246 0.218087 0.238667 393.328198 313.483024
44 53 52 0.775747 0.013957 0.210296 401.643125 305.718898
44 53 52 0.335818 0.068090 0.596092 379.472773 319.265320
44 53 52 0.939318 0.003051 0.057631 412.078109 299.022020
44 53 52 0.225346 0.383245 0.391409 389.257019 322.200969
44 53 52 0.814199 0.078901 0.106900 410.648910 303.918140
44 53 52 0.809448 0.184706 0.005846 412.428525 307.487536
45 46 54 0.289688 0.407500 0.302812 121.042188 305.954828
45 46 54 0.614561 0.307565 0.077874 116.154088 301.333535
45 46 54 0.004031 0.800557 0.195411 133.323976 307.756501
45 46 54 0.333164 0.035677 0.631160 112.664999 305.817696
45 46 54 0.859464 0.094446 0.046090 106.503545 305.165447
45 46 54 0.767844 0.133726 0.098430 109.251563 302.505644
45 46 54 0.525260 0.410330 0.064411 119.640079 302.740088
45 46 54 0.800624 0.115891 0.083485 108.756864 302.504265
45 46 54 0.538834 0.223726 0.237440 119.781413 307.872253
45 46 54 0.160805 0.306265 0.532930 120.570061 315.250971
46 55 54 0.868155 0.095793 0.036052 138.715449 309.223058
46 55 54 0.157249 0.505549 0.337202 136.656567 317.372845
46 55 54 0.966194 0.011867 0.021939 140.469379 306.028388
46 55 54 0.048592 0.824241 0.127167 142.555325 316.305483
46 55 54 0.360786 0.166881 0.472333 136.266358 312.369804
46 55 54 0.933892 0.022338 0.043770 139.687884 306.300016
46 55 54 0.185034 0.267403 0.547562 129.599233 313.824290
46 55 54 0.135627 0.511113 0.353260 139.120650 314.355957
46 55 54 0.592454 0.291664 0.115882 137.238721 311.207738
46 55 54 0.152739 0.672321 0.174940 144.502023 313.755861
46 47 55 0.274263 0.558109 0.167628 160.555327 308.572387
46 47 55 0.986039 0.005333 0.008628 139.590828 302.940218
46 47 55 0.932742 0.009576 0.057683 136.876536 306.461932
46 47 55 0.714242 0.027552 0.258206 143.853464 307.157525
46 47 55 0.798281 0.177282 0.024437 146.643739 305.274660
46 47 55 0.143107 0.012321 0.844572 147.429586 316.273019
46 47 55 0.027376 0.772820 0.199805 166.812967 311.422771
46 47 55 0.536015 0.332070 0.131915 150.517714 304.212978
46 47 55 0.477042 0.404287 0.118672 154.558440 311.343580
46 47 55 0.885536 0.059832 0.054632 140.370737 306.407693
47 56 55 0.866848 0.035756 0.097396 172.968470 309.884989
47 56 55 0.168514 0.209695 0.621792 160.848342 315.412389
47 56 55 0.459090 0.247646 0.293263 167.476635 316.313068
47 56 55 0.487175 0.159893 0.352931 165.214955 311.754747
47 56 55 0.846112 0.010128 0.143760 172.327660 308.131270
47 56 55 0.162189 0.063139 0.774672 153.382374 314.728828
47 56 55 0.375533 0.294145 0.330322 168.435971 314.135833
47 56 55 0.183347 0.393445 0.423208 168.411063 311.590463
47 56 55 0.989721 0.002384 0.007895 171.729319 307.880714
47 56 55 0.364957 0.290690 0.344353 169.092269 320.325437
47 48 56 0.227876 0.148330 0.623793 186.981512 317.246760
47 48 56 0.172201 0.448175 0.379624 187.661594 312.814249
47 48 56 0.907896 0.050818 0.041286 177.828511 307.042948
47 48 56 0.417143 0.426268 0.156588 191.579018 310.703036
47 48 56 0.488006 0.000465 0.511529 181.017820 315.729519
47 48 56 0.601898 0.085537 0.312565 178.728710 309.382928
47 48 56 0.904998 0.091986 0.003016 179.661316 311.097627
47 48 56 0.920037 0.049335 0.030628 174.070254 309.902440
47 48 56 0.260110 0.576118 0.163772 192.175125 313.523482
47 48 56 0.160843 0.278342 0.560815 189.984559 317.195660
48 57 56 0.785094 0.190127 0.024779 209.261446 312.484666
48 57 56 0.966130 0.013394 0.020476 207.145846 316.439482
48 57 56 0.991732 0.004718 0.003550 207.977022 311.810362
48 57 56 0.273661 0.519597 0.206742 204.993172 319.851102
48 57 56 0.468741 0.366009 0.165250 202.779785 317.190636
48 57 56 0.511881 0.453423 0.034696 209.688451 320.944209
48 57 56 0.047680 0.794789 0.157531 210.641682 329.794621
48 57 56 0.973066 0.020318 0.006616 211.329921 316.757462
48 57 56 0.646843 0.337012 0.016145 207.516701 316.191713
48 57 56 0.249038 0.519148 0.231814 206.763376 321.636313
48 49 57 0.412677 0.561248 0.026075 230.926727 313.979290
48 49 57 0.623655 0.100500 0.275845 210.997361 318.918621
48 49 57 0.283596 0.287920 0.428484 221.038078 319.302305
48 49 57 0.447100 0.329582 0.223318 222.159021 317.622590
48 49 57 0.626390 0.000601 0.373009 211.644275 316.854450
48 49 57 0.524171 0.155320 0.320509 216.460949 319.165258
48 49 57 0.723816 0.234609 0.041576 215.856542 314.470554
48 49 57 0.137979 0.015515 0.846506 218.147944 319.695143
48 49 57 0.797691 0.201647 0.000661 215.965536 309.086618
48 49 57 0.805102 0.124977 0.069921 211.446828 316.371025
49 58 57 0.073065 0.093182 0.833753 218.752213 322.938963
49 58 57 0.842365 0.157504 0.000131 242.811145 316.220021
49 58 57 0.209284 0.354939 0.435776 229.020553 329.220164
49 58 57 0.345268 0.470861 0.183871 241.052331 326.280488
49 58 57 0.614263 0.012159 0.373579 228.176641 319.347606
49 58 57 0.163908 0.697481 0.138610 244.321771 328.465513
49 58 57 0.905082 0.049811 0.045107 243.690204 315.360386
49 58 57 0.843972 0.022417 0.133611 240.476454 319.649239
49 58 57 0.191898 0.682821 0.125281 242.634465 328.743644
49 58 57 0.038544 0.616119 0.345337 234.895866 323.449184
49 50 58 0.310967 0.483211 0.205822 266.569027 319.906870
49 50 58 0.125769 0.727704 0.146528 276.200680 322.250465
49 50 58 0.892285 0.019284 0.088431 244.256615 320.174464
49 50 58 0.070953 0.053256 0.875790 246.526719 329.322044
49 50 58 0.084363 0.503284 0.412353 263.122800 326.238766
49 50 58 0.181382 0.464468 0.354149 264.911273 322.855109
49 50 58 0.722288 0.110294 0.167418 248.113798 320.877281
49 50 58 0.501754 0.406473 0.091774 259.901248 319.711091
49 50 58 0.604311 0.239715 0.155974 251.964836 322.226044
49 50 58 0.621289 0.159127 0.219584 250.809316 317.908324
50 59 58 0.480453 0.470085 0.049461 281.093026 330.411200
50 59 58 0.056537 0.278927 0.664537 256.123400 330.550594
50 59 58 0.317706 0.294269 0.388026 268.730510 327.099566
50 59 58 0.511177 0.378415 0.110408 281.071981 328.692213
50 59 58 0.893238 0.066482 0.040280 283.418105 320.354434
50 59 58 0.853463 0.073164 0.073373 281.313095 322.166465
50 59 58 0.161445 0.766761 0.071794 280.765182 331.634864
50 59 58 0.011474 0.326053 0.662473 260.505792 332.405634
50 59 58 0.657434 0.060669 0.281897 273.348894 326.440608
50 59 58 0.336068 0.346755 0.317177 271.326662 330.881126
50 51 59 0.334099 0.052942 0.612958 282.447402 330.129963
50 51 59 0.726827 0.205692 0.067481 291.769060 321.806539
50 51 59 0.389708 0.078763 0.531528 289.594250 329.430383
50 51 59 0.875449 0.088435 0.036116 289.690287 321.046494
50 51 59 0.650398 0.048495 0.301107 284.000677 325.625267
50 51 59 0.030043 0.216036 0.753920 290.906607 330.175678
50 51 59 0.727655 0.034904 0.237441 287.299047 321.674168
50 51 59 0.204491 0.726130 0.069379 313.518870 327.600955
50 51 59 0.810889 0.176206 0.012905 292.709621 322.690835
50 51 59 0.142711 0.624207 0.233082 310.098205 326.317621
51 60 59 0.949517 0.006596 0.043887 320.503447 325.175995
51 60 59 0.523063 0.385150 0.091787 316.572937 334.704723
51 60 59 0.545357 0.443187 0.011456 320.456423 330.268244
51 60 59 0.966556 0.016196 0.017249 320.867677 321.997287
51 60 59 0.880683 0.095703 0.023614 317.602752 325.823638
51 60 59 0.337512 0.296942 0.365547 302.893184 335.055030
51 60 59 0.729087 0.253727 0.017185 328.395679 328.681420
51 60 59 0.806038 0.115479 0.078483 320.979782 329.452277
51 60 59 0.931041 0.041300 0.027659 325.292331 325.780333
51 60 59 0.298688 0.301468 0.399844 302.034988 332.384102
51 52 60 0.259663 0.539609 0.200728 341.465400 329.964477
51 52 60 0.578163 0.338158 0.083679 334.242532 329.646241
51 52 60 0.182952 0.399430 0.417619 333.141366 331.153340
51 52 60 0.200649 0.040237 0.759114 316.489727 337.004531
51 52 60 0.463820 0.033148 0.503032 326.712594 329.581244
51 52 60 0.720048 0.227728 0.052224 332.449747 322.876772
51 52 60 0.551268 0.263459 0.185273 332.183196 328.470699
51 52 60 0.315322 0.144057 0.540621 329.084133 333.213150
51 52 60 0.313689 0.524041 0.162269 344.086772 328.442211
51 52 60 0.887588 0.036588 0.075824 323.247067 324.572549
52 61 60 0.890980 0.022037 0.086982 357.219686 327.551069
52 61 60 0.715715 0.025239 0.259047 349.476255 332.089578
52 61 60 0.558222 0.161763 0.280015 344.321482 332.576287
52 61 60 0.046663 0.781158 0.172179 347.096287 343.250787
52 61 60 0.696756 0.039595 0.263649 351.764691 331.445657
52 61 60 0.214125 0.124773 0.661102 329.152410 337.373334
52 61 60 0.589759 0.018547 0.391693 339.242582 335.812675
52 61 60 0.839008 0.129315 0.031678 356.406792 326.472673
52 61 60 0.750534 0.242549 0.006916 364.593316 335.100471
52 61 60 0.416770 0.113160 0.470071 338.729970 336.862722
52 53 61 0.703128 0.152309 0.144564 367.440792 328.902285
52 53 61 0.006229 0.950545 0.043227 397.957629 330.819920
52 53 61 0.928845 0.016183 0.054971 357.860806 329.333317
52 53 61 0.250100 0.394227 0.355674 373.135347 335.188249
52 53 61 0.969740 0.029270 0.000990 362.709341 327.925581
52 53 61 0.298759 0.221818 0.479423 369.367499 339.082567
52 53 61 0.458572 0.498970 0.042458 382.364321 328.878138
52 53 61 0.293851 0.080817 0.625333 363.041842 338.967047
52 53 61 0.553992 0.050426 0.395583 361.062308 336.411798
52 53 61 0.196573 0.322058 0.481369 370.579274 337.982746
53 62 61 0.424069 0.080362 0.495569 380.058118 341.216364
53 62 61 0.758814 0.230726 0.010461 404.048442 338.036299
53 62 61 0.942493 0.007957 0.049551 403.882018 329.946071
53 62 61 0.106753 0.270049 0.623198 368.546679 342.292824
53 62 61 0.590906 0.038535 0.370559 383.673137 337.259336
53 62 61 0.329107 0.404631 0.266262 386.818594 343.724131
53 62 61 0.145492 0.814903 0.039605 395.888193 343.343091
53 62 61 0.515585 0.056294 0.428121 383.089140 337.481237
53 62 61 0.657229 0.236911 0.105861 394.832842 337.639742
53 62 61 0.500739 0.347052 0.152208 393.418807 343.691626
54 55 63 0.246908 0.527976 0.225116 134.032818 319.032958
54 55 63 0.223144 0.070013 0.706843 130.134355 323.366796
54 55 63 0.151234 0.590605 0.258161 139.649633 318.075953
54 55 63 0.982984 0.014252 0.002764 118.581376 314.180030
54 55 63 0.632609 0.072475 0.294916 124.690152 321.146481
54 55 63 0.064641 0.166771 0.768589 129.415457 326.130337
54 55 63 0.889666 0.071785 0.038549 123.639575 311.890762
54 55 63 0.611687 0.174761 0.213551 125.829221 318.672723
54 55 63 0.066264 0.300571 0.633165 133.430809 323.729824
54 55 63 0.871289 0.039257 0.089454 120.732025 315.758027
55 64 63 0.776578 0.066906 0.156516 144.294318 319.615120
55 64 63 0.021505 0.410057 0.568438 145.242131 327.141271
55 64 63 0.116703 0.645827 0.237470 150.763959 330.112060
55 64 63 0.123220 0.205263 0.671517 137.346075 325.557490
55 64 63 0.237958 0.141844 0.620197 139.737945 328.327909
55 64 63 0.909896 0.021259 0.068844 145.514487 320.003587
55 64 63 0.002004 0.696072 0.301924 148.831399 330.777826
55 64 63 0.405581 0.378851 0.215567 148.181143 322.741812
55 64 63 0.688654 0.284032 0.027313 151.966750 320.331811
55 64 63 0.508592 0.175725 0.315683 142.284532 321.595051
55 56 64 0.894104 0.021423 0.084473 149.445056 320.764205
55 56 64 0.412623 0.077601 0.509777 154.857800 324.449133
55 56 64 0.774599 0.220456 0.004945 156.628363 317.574326
55 56 64 0.547955 0.084558 0.367486 156.434413 322.684019
55 56 64 0.533439 0.238186 0.228375 158.280797 321.124095
55 56 64 0.338305 0.087855 0.573840 161.061632 327.890593
55 56 64 0.975351 0.003157 0.021492 146.327983 315.614816
55 56 64 0.395827 0.461904 0.142269 167.581474 323.965656
55 56 64 0.353666 0.158153 0.488182 160.082289 323.308235
55 56 64 0.842749 0.032997 0.124254 148.863052 319.119614
56 65 64 0.732963 0.072927 0.194110 180.596322 326.026916
56 65 64 0.644545 0.159447 0.196008 179.717315 323.589526
56 65 64 0.776320 0.037008 0.186672 181.848575 323.018213
56 65 64 0.866886 0.047621 0.085493 181.002409 323.501545
56 65 64 0.330241 0.389955 0.279804 181.918650 329.251643
56 65 64 0.705900 0.210926 0.083174 182.012640 322.787327
56 65 64 0.716136 0.134935 0.148929 182.020745 322.238354
56 65 64 0.284323 0.672831 0.042846 187.620985 329.625468
56 65 64 0.537373 0.310122 0.152505 184.936942 325.215128
56 65 64 0.776861 0.206311 0.016828 186.096546 320.920583
56 57 65 0.086047 0.569054 0.344899 203.929098 330.528117
56 57 65 0.568455 0.060260 0.371284 185.344824 328.467978
56 57 65 0.633935 0.240323 0.125742 192.153573 327.074751
56 57 65 0.024240 0.970484 0.005276 213.255314 321.648929
56 57 65 0.291933 0.287206 0.420861 195.198813 326.932308
56 57 65 0.959933 0.005105 0.034962 188.371855 323.838445
56 57 65 0.533333 0.440976 0.025691 196.225214 321.797136
56 57 65 0.166412 0.538826 0.294762 201.053932 324.489826
56 57 65 0.718134 0.031441 0.250425 185.521229 322.727549
56 57 65 0.351037 0.441770 0.207194 196.950597 322.589010
57 66 65 0.007349 0.024344 0.968307 194.364084 329.760536
57 66 65 0.967128 0.010617 0.022254 211.149508 326.786468
57 66 65 0.124490 0.792698 0.082812 217.288355 334.662433
57 66 65 0.399922 0.516995 0.083083 217.413237 329.630828
57 66 65 0.297457 0.454041 0.248502 209.028367 331.649863
57 66 65 0.252988 0.289949 0.457063 202.585011 328.024314
57 66 65 0.331332 0.366707 0.301960 211.179844 332.060015
57 66 65 0.038323 0.763640 0.198037 215.197039 331.981079
57 66 65 0.571341 0.054372 0.374287 202.125322 325.864455
57 66 65 0.207960 0.702493 0.089547 219.691580 333.657625
57 58 66 0.800570 0.095059 0.104371 221.821215 324.877773
57 58 66 0.446573 0.257915 0.295513 225.893872 327.977347
57 58 66 0.192943 0.681916 0.125141 234.043210 334.807768
57 58 66 0.096565 0.858000 0.045435 243.364996 331.432088
57 58 66 0.963140 0.017398 0.019462 217.739195 329.228165
57 58 66 0.724601 0.235769 0.039630 224.139888 326.502360
57 58 66 0.064137 0.869191 0.066673 241.136412 332.304206
57 58 66 0.966594 0.002772 0.030634 217.349424 325.240709
57 58 66 0.990849 0.004210 0.004941 216.186535 321.885535
57 58 66 0.710463 0.264556 0.024980 224.489303 327.819789
58 67 66 0.993634 0.001567 0.004799 245.934876 331.289118
58 67 66 0.942234 0.002515 0.055251 246.189548 331.540145
58 67 66 0.974230 0.022370 0.003400 245.446962 330.931244
58 67 66 0.989716 0.002019 0.008265 248.297146 332.085767
58 67 66 0.376607 0.378342 0.245050 242.483503 333.528619
58 67 66 0.451382 0.252829 0.295788 241.238308 332.788065
58 67 66 0.231961 0.128329 0.639710 232.001367 338.504042
58 67 66 0.195038 0.338648 0.466315 237.356800 334.581863
58 67 66 0.510774 0.294436 0.194790 247.468389 335.787680
58 67 66 0.944971 0.011160 0.043869 244.841494 327.027357
58 59 67 0.320605 0.099676 0.579718 255.583551 335.713508
58 59 67 0.249595 0.715811 0.034593 269.274359 332.059276
58 59 67 0.731564 0.084547 0.183889 250.041962 332.421163
58 59 67 0.649014 0.341660 0.009325 254.999912 330.799034
58 59 67 0.432214 0.537121 0.030665 265.628794 328.941226
58 59 67 0.897225 0.021429 0.081346 249.794428 331.723957
58 59 67 0.981625 0.005667 0.012708 249.950506 329.161847
58 59 67 0.001809 0.374616 0.623574 264.626667 342.810056
58 59 67 0.804552 0.024298 0.171150 249.903510 330.652887
58 59 67 0.236139 0.255475 0.508386 257.832638 338.277776
59 68 67 0.414185 0.309154 0.276661 272.450992 339.058692
59 68 67 0.723389 0.151099 0.125512 279.881362 332.582727
59 68 67 0.513795 0.474120 0.012085 278.259305 340.821376
59 68 67 0.603413 0.347979 0.048608 279.252642 337.449867
59 68 67 0.546425 0.427955 0.025620 285.560023 340.381917
59 68 67 0.565884 0.157690 0.276426 274.968541 338.479620
59 68 67 0.653532 0.045656 0.300812 278.279902 335.573348
59 68 67 0.089873 0.045051 0.865076 255.996240 336.905229
59 68 67 0.626510 0.281006 0.092484 280.131468 339.750858
59 68 67 0.526752 0.117381 0.355868 269.590046 338.789008
59 60 68 0.301309 0.451130 0.247562 297.295316 341.841975
59 60 68 0.381757 0.239615 0.378628 291.897644 344.226617
59 60 68 0.986609 0.009500 0.003891 282.995450 332.277902
59 60 68 0.564046 0.349865 0.086089 291.295912 338.302841
59 60 68 0.681813 0.282988 0.035199 290.173371 338.677660
59 60 68 0.142606 0.441591 0.415803 304.272905 343.644039
59 60 68 0.701446 0.251749 0.046805 290.586777 337.753743
59 60 68 0.295508 0.490379 0.214113 297.403900 343.304349
59 60 68 0.035279 0.366078 0.598643 295.568420 342.706981
59 60 68 0.205089 0.724043 0.070867 309.984806 340.158231
60 69 68 0.686414 0.180053 0.133533 311.506815 343.644037
60 69 68 0.187624 0.558841 0.253535 305.379084 349.977273
60 69 68 0.221681 0.207943 0.570377 294.775679 346.110448
60 69 68 0.399672 0.237332 0.362996 301.412381 343.615075
60 69 68 0.131994 0.106473 0.761532 290.875448 342.733805
60 69 68 0.930506 0.035121 0.034373 321.416998 341.813035
60 69 68 0.591285 0.060297 0.348418 302.370459 347.116753
60 69 68 0.349515 0.643891 0.006594 316.069224 348.885648
60 69 68 0.382083 0.072938 0.544979 297.956373 347.569468
60 69 68 0.920712 0.059673 0.019615 316.772841 339.378644
60 61 69 0.143873 0.539091 0.317036 334.379589 349.281575
60 61 69 0.047697 0.759473 0.192830 346.309776 347.959051
60 61 69 0.461683 0.419385 0.118932 334.808614 344.007162
60 61 69 0.615307 0.090918 0.293775 321.693379 345.673136
60 61 69 0.466058 0.510106 0.023837 338.445059 340.850236
60 61 69 0.738158 0.126192 0.135650 320.305461 342.530493
60 61 69 0.938397 0.027571 0.034032 318.627179 340.234141
60 61 69 0.663442 0.209106 0.127452 321.252407 345.874837
60 61 69 0.163642 0.151178 0.685180 324.678153 350.805257
60 61 69 0.739287 0.111493 0.149219 321.731352 343.376765
61 70 69 0.135991 0.336095 0.527914 331.472228 352.852895
61 70 69 0.101880 0.203006 0.695114 322.367082 350.669446
61 70 69 0.866103 0.105274 0.028622 351.858408 348.596561
61 70 69 0.811461 0.093201 0.095338 353.128776 350.207422
61 70 69 0.905355 0.007136 0.087509 351.517941 345.541216
61 70 69 0.987881 0.003024 0.009095 356.670452 343.892612
61 70 69 0.380991 0.348731 0.270278 339.522499 348.924822
61 70 69 0.813142 0.181300 0.005558 352.518651 349.777333
61 70 69 0.648854 0.229130 0.122017 346.392141 351.628556
61 70 69 0.808521 0.070022 0.121458 350.828342 346.768861
61 62 70 0.413256 0.266841 0.319902 364.427992 351.867306
61 62 70 0.421570 0.391058 0.187373 369.385288 345.920896
61 62 70 0.216820 0.023809 0.759371 351.251576 354.166060
61 62 70 0.438086 0.304789 0.257126 367.032930 352.849280
61 62 70 0.259175 0.359606 0.381219 364.712284 350.207369
61 62 70 0.431316 0.354778 0.213906 368.274664 347.938705
61 62 70 0.858359 0.086461 0.055180 361.121794 349.904498
61 62 70 0.950516 0.015596 0.033888 354.028856 347.281355
61 62 70 0.075997 0.100456 0.823547 352.530854 354.308795
61 62 70 0.179160 0.112950 0.707889 354.240022 352.175745
62 71 70 0.756346 0.130024 0.113630 389.317832 353.527415
62 71 70 0.678572 0.161259 0.160170 387.141499 353.699337
62 71 70 0.316817 0.541483 0.141700 384.520713 359.624177
62 71 70 0.423715 0.536245 0.040039 384.589765 357.716907
62 71 70 0.693262 0.181537 0.125201 386.353109 355.855439
62 71 70 0.239663 0.017707 0.742630 361.314183 356.662989
62 71 70 0.628135 0.065572 0.306292 375.598730 352.527735
62 71 70 0.211595 0.132089 0.656316 365.364574 356.254366
62 71 70 0.817579 0.052397 0.130024 389.728546 353.223720
62 71 70 0.711456 0.017631 0.270912 379.861868 351.785655
63 64 72 0.097406 0.698973 0.203621 150.615550 329.442148
63 64 72 0.749120 0.216769 0.034111 137.346442 321.119034
63 64 72 0.688818 0.002036 0.309146 131.180411 329.760371
63 64 72 0.572983 0.364067 0.062949 141.399502 329.427001
63 64 72 0.207149 0.498662 0.294189 149.379794 331.753370
63 64 72 0.259538 0.629565 0.110897 152.797374 330.101710
63 64 72 0.159793 0.238862 0.601345 145.157324 336.779872
63 64 72 0.049569 0.418649 0.531782 147.867473 334.204822
63 64 72 0.878941 0.080706 0.040353 137.418881 327.104773
63 64 72 0.540228 0.379113 0.080659 138.663078 325.742435
64 73 72 0.020525 0.813975 0.165500 163.946931 339.475273
64 73 72 0.128486 0.601383 0.270131 161.997295 336.715853
64 73 72 0.779213 0.146516 0.074270 163.606069 334.319762
64 73 72 0.007068 0.351358 0.641573 150.397032 339.017147
64 73 72 0.681923 0.253779 0.064298 157.965926 332.247353
64 73 72 0.532963 0.121446 0.345591 153.786532 332.963483
64 73 72 0.023624 0.593975 0.382401 160.674415 338.145886
64 73 72 0.842419 0.115790 0.041791 157.650535 334.850521
64 73 72 0.533516 0.185106 0.281379 156.974844 336.413784
64 73 72 0.216684 0.087973 0.695343 144.443583 336.655373
64 65 73 0.356405 0.472558 0.171037 176.467356 334.487614
64 65 73 0.720050 0.230635 0.049316 168.382098 329.219809
64 65 73 0.321911 0.541510 0.136579 177.002056 329.356822
64 65 73 0.802551 0.134592 0.062856 166.367223 329.870779
64 65 73 0.261511 0.163236 0.575253 171.698932 335.779308
64 65 73 0.471298 0.133840 0.394862 166.976000 333.272463
64 65 73 0.525691 0.341223 0.133086 169.482571 329.483760
64 65 73 0.376318 0.494873 0.128809 171.442515 326.497832
64 65 73 0.371490 0.560436 0.068075 177.775625 334.254684
64 65 73 0.305180 0.571415 0.123404 177.437778 330.446936
65 74 73 0.577778 0.308795 0.113427 190.795310 338.744961
65 74 73 0.977551 0.009241 0.013208 190.640896 330.453305
65 74 73 0.396105 0.252815 0.351080 184.370273 334.896380
65 74 73 0.221228 0.449888 0.328884 187.109783 337.819111
65 74 73 0.578872 0.185581 0.235547 186.662332 337.141928
65 74 73 0.565815 0.192768 0.241417 189.086036 333.716344
65 74 73 0.598011 0.365214 0.036775 191.237434 340.893063
65 74 73 0.672063 0.052213 0.275724 185.543218 333.419844
65 74 73 0.489263 0.084491 0.426246 181.153174 334.541491
65 74 73 0.637802 0.350240 0.011957 189.616813 336.275235
65 66 74 0.559599 0.331889 0.108512 199.117567 332.236214
65 66 74 0.985735 0.009549 0.004717 189.872684 331.738417
65 66 74 0.830132 0.167647 0.002221 193.908317 332.309432
65 66 74 0.220556 0.401253 0.378190 202.865038 337.975285
65 66 74 0.627882 0.311364 0.060754 199.127790 330.475598
65 66 74 0.397937 0.199523 0.402539 198.897325 335.109217
65 66 74 0.413554 0.381341 0.205106 207.677442 332.989911
65 66 74 0.379100 0.230933 0.389967 199.447356 337.063091
65 66 74 0.421621 0.296896 0.281483 196.948625 335.803539
65 66 74 0.599151 0.015115 0.385734 194.323620 336.256523
66 75 74 0.638053 0.259207 0.102740 221.813488 336.188270
66 75 74 0.239700 0.031325 0.728974 204.793643 342.602295
66 75 74 0.328524 0.361626 0.309851 214.307611 340.693619
66 75 74 0.770269 0.082678 0.147053 215.264555 337.949875
66 75 74 0.490287 0.255385 0.254329 215.105454 341.674703
66 75 74 0.600641 0.120695 0.278664 218.250129 335.387361
66 75 74 0.312331 0.659578 0.028091 225.528298 344.585553
66 75 74 0.959290 0.017770 0.022940 222.494749 333.224601
66 75 74 0.712117 0.132282 0.155601 217.117990 332.727499
66 75 74 0.411179 0.527518 0.061302 224.146432 343.440367
66 67 75 0.844983 0.118663 0.036355 225.825474 336.835341
66 67 75 0.565357 0.218620 0.216023 228.801800 340.459688
66 67 75 0.518661 0.434466 0.046873 235.633069 337.249013
66 67 75 0.827940 0.080276 0.091784 220.243064 333.065164
66 67 75 0.706334 0.045809 0.247856 223.279118 337.630087
66 67 75 0.146872 0.528019 0.325109 237.451649 340.311697
66 67 75 0.966840 0.023957 0.009204 217.085515 335.629764
66 67 75 0.130221 0.527835 0.341943 233.320705 339.276665
66 67 75 0.656871 0.296053 0.047076 229.776476 334.680455
66 67 75 0.154637 0.046756 0.798607 223.813148 341.111056
67 76 75 0.293662 0.567176 0.139162 247.868038 342.750602
67 76 75 0.786130 0.126779 0.087091 247.776725 344.927077
67 76 75 0.476189 0.467018 0.056793 252.564601 341.046835
67 76 75 0.284852 0.415634 0.299514 247.955152 344.350250
67 76 75 0.057004 0.347395 0.595600 239.436796 348.338623
67 76 75 0.171968 0.323489 0.504543 238.786316 344.465239
67 76 75 0.647710 0.026886 0.325404 241.181035 341.411762
67 76 75 0.261709 0.715203 0.023088 252.801590 347.099615
67 76 75 0.220228 0.428003 0.351770 242.762256 342.619415
67 76 75 0.782489 0.004531 0.212980 244.634792 337.269896
67 68 76 0.060174 0.139959 0.799867 256.924331 351.445741
67 68 76 0.669369 0.309266 0.021365 265.068961 341.438744
67 68 76 0.584826 0.325560 0.089614 262.831326 340.924077
67 68 76 0.375573 0.516395 0.108032 266.888073 344.160686
67 68 76 0.621955 0.234349 0.143696 259.342265 339.701982
67 68 76 0.760798 0.131055 0.108148 259.887550 342.998249
67 68 76 0.432766 0.285607 0.281627 262.071019 344.980621
67 68 76 0.835434 0.094274 0.070292 255.095236 341.277815
67 68 76 0.278026 0.582133 0.139841 271.976673 344.541502
67 68 76 0.913727 0.081568 0.004705 255.622374 341.812304
68 77 76 0.393272 0.141148 0.465580 268.060240 349.284475
68 77 76 0.725620 0.077161 0.197219 275.240133 341.139300
68 77 76 0.647512 0.021426 0.331062 271.978099 344.163277
68 77 76 0.846536 0.134198 0.019266 281.243002 343.266794
68 77 76 0.197654 0.636955 0.165392 280.371158 351.063677
68 77 76 0.083672 0.100835 0.815493 260.417564 350.890087
68 77 76 0.878440 0.105472 0.016088 283.942230 342.453716
68 77 76 0.451217 0.473367 0.075416 276.061646 350.942488
68 77 76 0.130059 0.116449 0.753492 262.694401 345.216559
68 77 76 0.240939 0.242841 0.516220 266.730794 350.152727
68 69 77 0.456397 0.041409 0.502194 285.627583 349.629870
68 69 77 0.495618 0.270571 0.233811 293.118036 348.106806
68 69 77 0.578327 0.358330 0.063343 294.494290 346.318252
68 69 77 0.332177 0.280457 0.387366 293.315918 349.118597
68 69 77 0.005235 0.279329 0.715437 291.478687 353.868806
68 69 77 0.773736 0.123304 0.102960 284.043110 344.081141
68 69 77 0.350362 0.175795 0.473843 290.326679 346.844224
68 69 77 0.541065 0.208268 0.250667 290.913743 348.808013
68 69 77 0.642771 0.220335 0.136894 290.966496 350.041057
68 69 77 0.263671 0.575442 0.160887 304.337199 350.798264
69 78 77 0.350040 0.019279 0.630681 295.237570 352.958033
69 78 77 0.039787 0.368196 0.592017 299.100646 355.149727
69 78 77 0.125676 0.017609 0.856715 288.380746 352.448016
69 78 77 0.155616 0.090749 0.753635 289.099367 356.322707
69 78 77 0.593580 0.145812 0.260608 306.397385 354.056141
69 78 77 0.732643 0.201904 0.065453 314.189031 350.829060
69 78 77 0.574225 0.417586 0.008189 314.244452 359.285663
69 78 77 0.971204 0.012473 0.016323 314.031378 347.254640
69 78 77 0.789001 0.036326 0.174672 311.677415 351.300106
69 78 77 0.317790 0.346646 0.335564 304.959223 354.589597
69 70 78 0.450819 0.431715 0.117466 325.164492 351.990291
69 70 78 0.173576 0.063495 0.762929 314.982111 360.766971
69 70 78 0.514950 0.089191 0.395859 319.066113 356.746853
69 70 78 0.545972 0.073322 0.380706 318.690659 354.208124
69 70 78 0.810778 0.012308 0.176913 315.481398 352.591167
69 70 78 0.012228 0.523646 0.464126 334.868650 355.972886
69 70 78 0.496239 0.309720 0.194041 327.899229 355.791354
69 70 78 0.170693 0.414074 0.415233 326.666438 354.998282
69 70 78 0.848053 0.143419 0.008527 322.509922 349.087404
69 70 78 0.035311 0.734067 0.230621 342.147478 353.605537
70 79 78 0.231454 0.379714 0.388832 333.507454 360.867314
70 79 78 0.640484 0.302584 0.056932 346.411874 361.509560
70 79 78 0.165821 0.188983 0.645196 326.300615 359.922647
70 79 78 0.422535 0.560186 0.017279 349.787634 364.775005
70 79 78 0.670172 0.128338 0.201489 343.190591 357.693996
70 79 78 0.697197 0.292021 0.010782 346.642587 359.160914
70 79 78 0.001934 0.269118 0.728948 325.219860 359.641629
70 79 78 0.396210 0.020401 0.583390 329.810942 360.194366
70 79 78 0.221724 0.090229 0.688046 326.989818 357.971991
70 79 78 0.917135 0.058994 0.023871 343.248868 357.660436
70 71 79 0.165206 0.149272 0.685522 355.052401 363.147961
70 71 79 0.684722 0.044782 0.270496 347.559910 357.130574
70 71 79 0.505009 0.176505 0.318486 352.393447 359.126674
70 71 79 0.946473 0.040348 0.013178 347.790337 356.831662
70 71 79 0.567826 0.422270 0.009905 367.851433 365.712619
70 71 79 0.527381 0.217639 0.254981 353.921296 362.774225
70 71 79 0.013107 0.654419 0.332474 370.354483 366.590543
70 71 79 0.946221 0.025499 0.028280 349.469992 358.125968
70 71 79 0.151800 0.310420 0.537781 362.959669 367.154604
70 71 79 0.817746 0.101964 0.080289 350.780623 358.761730
71 80 79 0.419820 0.167344 0.412836 370.044752 365.495323
71 80 79 0.926612 0.017698 0.055689 384.073139 368.195278
71 80 79 0.710446 0.009032 0.280522 372.701134 365.330115
71 80 79 0.230696 0.318932 0.450373 366.270395 369.251473
71 80 79 0.061389 0.537483 0.401127 368.137073 372.252942
71 80 79 0.979425 0.009989 0.010586 381.503421 368.055287
71 80 79 0.119759 0.688586 0.191654 375.512199 370.300938
71 80 79 0.111158 0.271153 0.617689 356.792178 368.526218
71 80 79 0.355602 0.071855 0.572543 364.738125 369.132036
71 80 79 0.860258 0.044725 0.095018 381.887369 364.428036
