0 1 9 0.588000 0.052499 0.359500 98.169192 140.628766
0 1 9 0.365417 0.627888 0.006696 121.191291 128.804872
0 1 9 0.928711 0.061990 0.009299 99.093152 128.338052
0 1 9 0.253112 0.658205 0.088683 121.338464 125.338189
0 1 9 0.968539 0.017132 0.014329 94.932273 128.356910
0 1 9 0.897656 0.019623 0.082721 96.283937 130.288433
0 1 9 0.391809 0.539106 0.069085 118.571052 128.711086
0 1 9 0.331326 0.434517 0.234157 108.562436 135.766138
0 1 9 0.850009 0.119755 0.030236 98.277904 127.661734
0 1 9 0.452264 0.468824 0.078912 113.318971 129.962858
1 10 9 0.595062 0.075669 0.329269 119.611985 140.320293
1 10 9 0.298732 0.647453 0.053815 130.133042 152.759512
1 10 9 0.513451 0.243902 0.242648 123.499533 141.814731
1 10 9 0.180724 0.808502 0.010773 129.931871 158.687915
1 10 9 0.950780 0.021889 0.027331 132.996682 132.108472
1 10 9 0.448986 0.060831 0.490183 114.119665 150.282699
1 10 9 0.117674 0.465446 0.416880 118.887832 161.642873
1 10 9 0.648526 0.071427 0.280047 120.721122 140.396698
1 10 9 0.558201 0.196488 0.245310 129.936816 142.080692
1 10 9 0.058720 0.301235 0.640045 114.581686 161.059293
1 2 10 0.896680 0.012747 0.090572 130.037432 129.568844
1 2 10 0.815282 0.086994 0.097725 138.539580 134.689174
1 2 10 0.234508 0.270342 0.495150 143.218336 146.512556
1 2 10 0.234621 0.204284 0.561095 142.724858 148.188744
1 2 10 0.950281 0.033752 0.015967 135.337344 126.416480
1 2 10 0.340267 0.422381 0.237352 146.498681 134.570848
1 2 10 0.058949 0.824143 0.116908 166.830807 132.788994
1 2 10 0.237226 0.713659 0.049115 157.975752 129.205185
1 2 10 0.880041 0.086298 0.033661 137.306763 130.070372
1 2 10 0.052265 0.256380 0.691355 143.302466 150.034798
2 11 10 0.017257 0.234156 0.748587 143.288145 163.711254
2 11 10 0.054325 0.514410 0.431265 152.993330 158.324233
2 11 10 0.834423 0.122075 0.043502 169.420500 132.839620
2 11 10 0.785327 0.117933 0.096740 166.176763 133.050029
2 11 10 0.714979 0.002578 0.282443 155.799167 134.115075
2 11 10 0.921327 0.014171 0.064502 169.018064 132.774981
2 11 10 0.805991 0.159582 0.034427 165.893591 134.734779
2 11 10 0.955991 0.006689 0.037320 167.339612 130.015644
2 11 10 0.664983 0.216840 0.118177 166.253203 134.702019
2 11 10 0.997910 0.001191 0.000899 166.168067 128.429140
2 3 11 0.817041 0.104307 0.078652 171.822394 126.311402
2 3 11 0.111070 0.391055 0.497875 183.971334 145.410160
2 3 11 0.841065 0.144578 0.014358 173.215517 128.742355
2 3 11 0.426491 0.052980 0.520529 174.624782 145.150302
2 3 11 0.729600 0.243253 0.027148 178.005613 121.823044
2 3 11 0.943947 0.052515 0.003538 170.904720 126.221439
2 3 11 0.985189 0.000430 0.014382 172.938038 124.068797
2 3 11 0.253580 0.515203 0.231216 186.799975 134.403780
2 3 11 0.563614 0.107132 0.329254 175.066465 136.996095
2 3 11 0.163808 0.217024 0.619169 180.956084 147.528033
3 12 11 0.547893 0.352128 0.099978 202.029775 136.396454
3 12 11 0.965897 0.002121 0.031981 200.382440 124.607047
3 12 11 0.050821 0.179585 0.769594 176.248163 157.600275
3 12 11 0.991470 0.001714 0.006816 204.656526 124.419080
3 12 11 0.900247 0.004910 0.094843 202.499065 131.811755
3 12 11 0.511452 0.302255 0.186292 201.347585 139.445378
3 12 11 0.546662 0.243986 0.209353 200.297579 141.436658
3 12 11 0.703601 0.143075 0.153324 201.848043 134.886963
3 12 11 0.261974 0.117497 0.620529 178.622032 150.279583
3 12 11 0.863269 0.079036 0.057695 199.894990 127.405086
3 4 12 0.924576 0.071523 0.003901 207.545421 122.945474
3 4 12 0.867260 0.028216 0.104524 205.171305 126.728332
3 4 12 0.628082 0.343570 0.028348 217.126463 128.364158
3 4 12 0.221266 0.690357 0.088377 230.318111 127.043462
3 4 12 0.346996 0.295476 0.357528 220.890655 135.925562
3 4 12 0.973154 0.012786 0.014060 204.937082 129.029994
3 4 12 0.652804 0.232643 0.114553 214.971380 126.891889
3 4 12 0.836761 0.062838 0.100401 210.984615 124.854680
3 4 12 0.761993 0.177145 0.060862 214.190135 125.342246
3 4 12 0.380592 0.583206 0.036202 227.191623 127.222081
4 13 12 0.868639 0.103586 0.027775 243.172076 128.843138
4 13 12 0.442743 0.003292 0.553965 220.625817 144.284866
4 13 12 0.270113 0.012175 0.717712 218.049457 151.040399
4 13 12 0.248394 0.367541 0.384065 232.232294 152.789415
4 13 12 0.600681 0.002570 0.396749 230.706879 139.414723
4 13 12 0.181847 0.327452 0.490701 227.881487 155.037972
4 13 12 0.158423 0.818339 0.023239 243.860796 155.567808
4 13 12 0.875342 0.109473 0.015185 244.006162 126.917674
4 13 12 0.771614 0.031203 0.197183 232.837675 133.791236
4 13 12 0.785320 0.213752 0.000928 246.837159 131.975631
4 5 13 0.059388 0.319853 0.620759 255.163681 149.039252
4 5 13 0.768666 0.210431 0.020903 251.616537 126.000515
4 5 13 0.489164 0.192377 0.318459 252.092593 133.535784
4 5 13 0.717879 0.183512 0.098609 252.199685 127.171902
4 5 13 0.070209 0.890276 0.039514 276.859285 121.367054
4 5 13 0.902613 0.037884 0.059503 243.265088 125.475302
4 5 13 0.037350 0.211915 0.750735 251.445387 149.866438
4 5 13 0.496194 0.260025 0.243782 251.525405 134.324762
4 5 13 0.271176 0.105414 0.623410 249.218104 147.542616
4 5 13 0.504234 0.322130 0.173636 253.213055 129.490999
5 14 13 0.365408 0.500170 0.134422 280.974497 145.728480
5 14 13 0.231098 0.361539 0.407364 272.547242 151.972299
5 14 13 0.612742 0.253441 0.133817 278.916206 135.644726
5 14 13 0.615665 0.307559 0.076776 280.495685 137.705420
5 14 13 0.537149 0.145786 0.317065 269.767488 137.602221
5 14 13 0.006781 0.212190 0.781029 253.534825 163.250663
5 14 13 0.101112 0.026387 0.872501 250.334380 155.269687
5 14 13 0.287315 0.281317 0.431368 266.345776 145.844478
5 14 13 0.078147 0.834297 0.087556 282.365648 155.434876
5 14 13 0.125299 0.680243 0.194458 278.610559 153.275034
5 6 14 0.811436 0.105792 0.082772 289.749700 123.811448
5 6 14 0.272248 0.603973 0.123779 311.622771 126.251545
5 6 14 0.813801 0.049644 0.136555 285.091902 128.501718
5 6 14 0.905467 0.064804 0.029729 285.815315 123.782808
5 6 14 0.124080 0.873328 0.002592 314.197147 121.667014
5 6 14 0.851729 0.084148 0.064123 287.297324 124.570084
5 6 14 0.208208 0.365512 0.426280 298.714921 135.049430
5 6 14 0.765238 0.153354 0.081408 290.242562 120.039802
5 6 14 0.768754 0.064645 0.166601 283.546198 128.501812
5 6 14 0.873198 0.092591 0.034211 286.840935 123.607287
6 15 14 0.107997 0.257949 0.634055 300.956799 153.580931
6 15 14 0.462688 0.362683 0.174629 314.719691 142.672623
6 15 14 0.260562 0.115393 0.624045 298.207420 150.866999
6 15 14 0.537535 0.076825 0.385639 305.391601 138.482817
6 15 14 0.518997 0.036915 0.444087 307.845044 137.569707
6 15 14 0.773449 0.124137 0.102414 318.312686 130.807192
6 15 14 0.860154 0.118899 0.020947 319.460881 129.729502
6 15 14 0.401774 0.324361 0.273864 309.065426 144.431571
6 15 14 0.914415 0.041104 0.044481 320.715231 125.472173
6 15 14 0.240127 0.015819 0.744054 296.072166 152.204036
6 7 15 0.215122 0.263581 0.521297 332.814644 141.401816
6 7 15 0.809867 0.061886 0.128247 327.125902 125.093344
6 7 15 0.304499 0.004132 0.691369 323.941720 148.696613
6 7 15 0.714292 0.237367 0.048340 331.806374 125.398951
6 7 15 0.179663 0.100108 0.720229 324.708504 153.660097
6 7 15 0.352478 0.381358 0.266164 338.810874 131.403953
6 7 15 0.039293 0.335848 0.624859 335.465091 148.963021
6 7 15 0.337223 0.540139 0.122638 347.823757 128.394708
6 7 15 0.497756 0.240538 0.261706 332.580877 131.223598
6 7 15 0.761573 0.130735 0.107692 323.843157 126.916768
7 16 15 0.651139 0.316309 0.032552 362.805049 135.600229
7 16 15 0.933835 0.010907 0.055258 359.025149 122.510810
7 16 15 0.931482 0.029721 0.038797 356.228247 128.483918
7 16 15 0.328632 0.421567 0.249800 355.594420 146.588905
7 16 15 0.667165 0.248866 0.083969 361.672160 130.814395
7 16 15 0.264888 0.288425 0.446687 347.079482 151.877895
7 16 15 0.783723 0.007289 0.208988 352.259886 131.879356
7 16 15 0.234119 0.592791 0.173091 353.858577 149.335452
7 16 15 0.344121 0.375071 0.280808 353.506864 143.986958
7 16 15 0.545174 0.185980 0.268846 355.449495 138.118511
7 8 16 0.465444 0.088562 0.445994 366.353966 138.624779
7 8 16 0.590600 0.099636 0.309764 366.961166 131.080086
7 8 16 0.313375 0.185118 0.501507 367.802280 137.483227
7 8 16 0.303885 0.311499 0.384616 373.268912 135.608814
7 8 16 0.634566 0.035124 0.330311 360.362636 133.190920
7 8 16 0.877743 0.090274 0.031984 364.216723 120.775173
7 8 16 0.118587 0.726681 0.154731 388.369012 125.082032
7 8 16 0.797387 0.052157 0.150456 365.584859 125.991834
7 8 16 0.900856 0.019493 0.079651 362.667286 123.323062
7 8 16 0.508876 0.471296 0.019828 381.910380 119.854301
8 17 16 0.712315 0.201076 0.086610 399.585226 126.366894
8 17 16 0.526678 0.197871 0.275451 391.368810 139.673323
8 17 16 0.151951 0.491739 0.356310 385.510158 152.013122
8 17 16 0.756788 0.235621 0.007591 401.782117 125.712943
8 17 16 0.303043 0.668633 0.028324 398.961198 144.048827
8 17 16 0.743349 0.084212 0.172439 392.399920 123.768073
8 17 16 0.328829 0.368117 0.303054 384.144902 144.894412
8 17 16 0.362505 0.381751 0.255744 392.903154 139.149174
8 17 16 0.097235 0.229129 0.673637 377.492176 154.697091
8 17 16 0.987521 0.012079 0.000399 403.165348 120.825636
9 10 18 0.851602 0.111957 0.036442 101.564004 164.232264
9 10 18 0.486713 0.329885 0.183402 111.844366 171.179078
9 10 18 0.219116 0.502625 0.278260 114.189561 177.096923
9 10 18 0.835860 0.142770 0.021369 99.782447 164.687121
9 10 18 0.146241 0.772035 0.081724 126.406724 164.905262
9 10 18 0.222699 0.637295 0.140006 120.006778 170.709239
9 10 18 0.974780 0.002804 0.022417 97.935703 169.059278
9 10 18 0.298964 0.299693 0.401344 105.336412 176.818479
9 10 18 0.683274 0.285557 0.031169 106.958245 163.015616
9 10 18 0.103914 0.889601 0.006485 131.242647 159.648988
10 19 18 0.670228 0.092729 0.237043 127.805605 177.465186
10 19 18 0.862312 0.099500 0.038188 132.861118 166.224561
10 19 18 0.873298 0.047875 0.078828 130.808748 169.975153
10 19 18 0.683074 0.298265 0.018661 133.532947 176.186073
10 19 18 0.667829 0.196318 0.135853 128.099600 180.037536
10 19 18 0.261713 0.199630 0.538657 114.781057 192.984706
10 19 18 0.624005 0.288857 0.087138 128.936539 179.370292
10 19 18 0.506140 0.140334 0.353526 116.130520 183.068464
10 19 18 0.843736 0.076764 0.079499 133.010779 169.011522
10 19 18 0.978745 0.018944 0.002311 134.459029 164.350568
10 11 19 0.827915 0.018694 0.153391 135.935129 168.801862
10 11 19 0.966327 0.020063 0.013611 134.829631 160.854538
10 11 19 0.002000 0.903540 0.094460 166.701996 166.276515
10 11 19 0.138708 0.661999 0.199294 157.622721 171.031479
10 11 19 0.260236 0.652872 0.086892 157.440511 165.781065
10 11 19 0.370730 0.109585 0.519685 136.595805 183.396792
10 11 19 0.415623 0.333954 0.250423 148.965953 173.869756
10 11 19 0.496762 0.465838 0.037400 145.473563 163.090777
10 11 19 0.333806 0.290329 0.375865 145.213208 179.668400
10 11 19 0.611178 0.305764 0.083058 143.113210 164.602554
11 20 19 0.549644 0.249542 0.200814 165.080478 178.145475
11 20 19 0.634688 0.179142 0.186170 161.238792 177.732758
11 20 19 0.088049 0.610332 0.301620 156.442186 198.489120
11 20 19 0.886893 0.102828 0.010279 168.340137 164.642521
11 20 19 0.399002 0.372168 0.228831 160.214341 183.622272
11 20 19 0.042394 0.890088 0.067517 167.655269 201.070266
11 20 19 0.896147 0.090338 0.013515 170.104405 170.090963
11 20 19 0.044713 0.885474 0.069813 167.698473 199.694187
11 20 19 0.388951 0.176580 0.434470 154.765174 187.961546
11 20 19 0.259750 0.372715 0.367535 151.543325 196.302234
11 12 20 0.856328 0.047137 0.096534 174.427040 164.055527
11 12 20 0.161695 0.382065 0.456240 183.255226 178.193421
11 12 20 0.724429 0.008000 0.267571 173.362938 173.520542
11 12 20 0.243892 0.056722 0.699387 170.683640 190.382007
11 12 20 0.265204 0.304995 0.429801 185.997412 177.025478
11 12 20 0.082334 0.305919 0.611746 182.097958 184.262866
11 12 20 0.214142 0.601830 0.184028 196.204418 167.304823
11 12 20 0.455717 0.047859 0.496424 171.132262 181.879148
11 12 20 0.004282 0.716733 0.278985 196.982884 169.632830
11 12 20 0.421977 0.055035 0.522988 172.026934 178.226924
12 21 20 0.641650 0.159292 0.199058 198.228870 177.938054
12 21 20 0.442088 0.032240 0.525672 188.388821 183.006473
12 21 20 0.898099 0.037513 0.064388 203.363100 162.670849
12 21 20 0.816688 0.073786 0.109526 203.890097 171.268738
12 21 20 0.511555 0.469609 0.018837 209.498378 180.093690
12 21 20 0.604039 0.231738 0.164223 200.115605 177.785552
12 21 20 0.694849 0.045282 0.259869 197.152680 175.008862
12 21 20 0.248439 0.680768 0.070793 200.473242 188.253077
12 21 20 0.465225 0.108217 0.426557 193.512226 181.635254
12 21 20 0.165189 0.199583 0.635228 183.771812 195.810583
12 13 21 0.016006 0.458105 0.525889 223.763557 182.253321
12 13 21 0.625824 0.201187 0.172990 219.241629 169.864439
12 13 21 0.609073 0.232298 0.158629 215.469967 167.639420
12 13 21 0.075115 0.653349 0.271535 232.103479 173.611634
12 13 21 0.695768 0.257582 0.046650 218.081752 164.013653
12 13 21 0.216444 0.209290 0.574265 215.545718 186.269570
12 13 21 0.788142 0.170108 0.041750 217.235562 161.237027
12 13 21 0.260403 0.732786 0.006811 238.796845 163.213782
12 13 21 0.862586 0.105102 0.032312 216.477572 163.611636
12 13 21 0.896554 0.041836 0.061610 208.314572 166.061271
13 22 21 0.626128 0.346379 0.027493 242.479961 175.584347
13 22 21 0.617624 0.017880 0.364496 231.532194 177.043227
13 22 21 0.360468 0.564506 0.075025 245.728944 187.487517
13 22 21 0.448251 0.491024 0.060725 244.144638 178.112783
13 22 21 0.436078 0.085899 0.478023 227.037844 184.867048
13 22 21 0.028487 0.642888 0.328624 230.658137 196.471925
13 22 21 0.524934 0.447585 0.027482 242.413138 180.654442
13 22 21 0.790039 0.031899 0.178062 234.470180 170.438823
13 22 21 0.548899 0.133316 0.317785 230.588792 177.425147
13 22 21 0.609588 0.047116 0.343296 232.015951 176.367366
13 14 22 0.730721 0.153229 0.116050 251.037706 165.900755
13 14 22 0.166044 0.691354 0.142602 271.757678 164.968361
13 14 22 0.570452 0.052262 0.377286 250.589512 174.220813
13 14 22 0.439835 0.265105 0.295060 256.519782 168.264608
13 14 22 0.617722 0.285647 0.096631 258.189907 166.008781
13 14 22 0.646921 0.308169 0.044910 258.447190 162.312853
13 14 22 0.725667 0.096060 0.178273 248.696662 165.679767
13 14 22 0.448087 0.181636 0.370277 253.041386 176.416104
13 14 22 0.913944 0.002764 0.083291 247.908974 168.115130
13 14 22 0.646065 0.265478 0.088457 256.164087 161.857676
14 23 22 0.131206 0.198408 0.670386 258.030376 193.536054
14 23 22 0.858035 0.071679 0.070285 284.164391 162.098910
14 23 22 0.298305 0.326681 0.375014 267.629047 189.082866
14 23 22 0.445400 0.391766 0.162834 281.547921 178.480463
14 23 22 0.618712 0.212719 0.168569 276.406490 173.522287
14 23 22 0.185790 0.581538 0.232673 275.436198 191.228468
14 23 22 0.226050 0.560040 0.213910 275.681341 189.320103
14 23 22 0.303366 0.105821 0.590813 260.174930 187.573781
14 23 22 0.795531 0.157909 0.046560 286.080559 163.684182
14 23 22 0.577369 0.323388 0.099243 280.513110 177.699496
14 15 23 0.682010 0.100337 0.217653 291.695825 169.342691
14 15 23 0.646121 0.083368 0.270511 289.400565 171.062795
14 15 23 0.078150 0.905590 0.016260 321.168279 159.354585
14 15 23 0.803893 0.108101 0.088007 286.403973 160.029539
14 15 23 0.335248 0.663498 0.001255 310.797887 159.095216
14 15 23 0.789040 0.030163 0.180797 289.508831 164.363435
14 15 23 0.082422 0.020141 0.897437 283.506194 194.075629
14 15 23 0.159414 0.240147 0.600440 297.021862 187.232601
14 15 23 0.469615 0.485383 0.045002 305.042463 162.966926
14 15 23 0.909786 0.046608 0.043606 287.789228 157.432102
15 24 23 0.566281 0.281167 0.152551 314.399780 180.787581
15 24 23 0.686508 0.189983 0.123509 318.929860 173.198453
15 24 23 0.634493 0.050138 0.315369 312.254304 170.939951
15 24 23 0.798662 0.138073 0.063265 321.808361 165.122342
15 24 23 0.523105 0.332822 0.144073 319.098332 181.295564
15 24 23 0.878519 0.087593 0.033888 319.673306 166.875251
15 24 23 0.739366 0.192484 0.068150 320.099848 172.718838
15 24 23 0.644946 0.046100 0.308955 312.015318 174.554482
15 24 23 0.810451 0.083574 0.105975 318.594938 168.489722
15 24 23 0.331565 0.489057 0.179377 316.906938 185.613590
15 16 24 0.534337 0.253689 0.211974 337.138957 166.281720
15 16 24 0.377769 0.198910 0.423322 330.595424 180.547420
15 16 24 0.012826 0.002990 0.984184 326.224355 196.357239
15 16 24 0.008340 0.646810 0.344850 348.410565 172.718205
15 16 24 0.230775 0.412240 0.356985 336.748665 174.414613
15 16 24 0.588312 0.049085 0.362603 322.243139 170.185600
15 16 24 0.613762 0.015587 0.370652 324.998081 175.651844
15 16 24 0.732049 0.127812 0.140139 329.314181 166.596634
15 16 24 0.197972 0.366729 0.435299 335.672809 177.470928
15 16 24 0.325640 0.450014 0.224346 340.149027 166.950045
16 25 24 0.320828 0.041343 0.637828 339.902162 184.435320
16 25 24 0.744654 0.068794 0.186553 360.610650 167.896975
16 25 24 0.234434 0.702755 0.062811 358.763811 190.698070
16 25 24 0.725257 0.224716 0.050028 361.654938 166.911278
16 25 24 0.585493 0.036436 0.378071 351.135200 173.127041
16 25 24 0.059774 0.770782 0.169444 353.080908 195.205992
16 25 24 0.399314 0.034093 0.566593 341.988993 180.882255
16 25 24 0.099405 0.122835 0.777759 331.370903 198.222216
16 25 24 0.406863 0.329104 0.264034 353.254011 181.335253
16 25 24 0.775337 0.004630 0.220033 352.862841 166.749217
16 17 25 0.579521 0.154275 0.266203 370.974462 168.090311
16 17 25 0.550368 0.431458 0.018174 379.750866 158.716266
16 17 25 0.842094 0.138187 0.019719 368.409700 159.829296
16 17 25 0.363377 0.486807 0.149815 382.110922 167.937932
16 17 25 0.483219 0.171538 0.345243 367.380203 168.013083
16 17 25 0.395194 0.567921 0.036885 386.754749 155.116758
16 17 25 0.506366 0.205292 0.288342 374.507607 170.760474
16 17 25 0.721679 0.164176 0.114144 371.937062 161.434357
16 17 25 0.844288 0.129731 0.025982 366.125313 162.499001
16 17 25 0.541744 0.267361 0.190895 373.049019 164.672509
17 26 25 0.431031 0.217968 0.351001 387.531368 178.881567
17 26 25 0.247909 0.209114 0.542977 378.206541 186.069249
17 26 25 0.528800 0.322045 0.149155 393.872814 174.742962
17 26 25 0.988318 0.003671 0.008012 400.110231 153.106707
17 26 25 0.336093 0.037992 0.625915 373.742281 182.540029
17 26 25 0.030954 0.855240 0.113806 395.949471 191.875908
17 26 25 0.870735 0.111915 0.017350 395.497983 161.253081
17 26 25 0.493441 0.122873 0.383686 387.129887 182.123697
17 26 25 0.763288 0.037672 0.199039 395.730867 167.157161
17 26 25 0.041089 0.570340 0.388570 384.657150 196.831929
18 19 27 0.859664 0.016455 0.123880 96.510623 208.517834
18 19 27 0.059108 0.525368 0.415524 113.728770 218.038369
18 19 27 0.024446 0.304129 0.671426 106.233751 226.496435
18 19 27 0.757119 0.218592 0.024289 104.710994 203.224447
18 19 27 0.485097 0.010263 0.504640 96.041073 221.398944
18 19 27 0.935001 0.050683 0.014316 99.991920 199.225591
18 19 27 0.425228 0.104021 0.470751 99.871158 218.698166
18 19 27 0.811590 0.029811 0.158599 97.434831 205.853426
18 19 27 0.768866 0.099399 0.131734 101.729011 205.441576
18 19 27 0.210919 0.133341 0.655740 103.571495 226.762582
19 28 27 0.316780 0.416526 0.266694 123.636236 230.068135
19 28 27 0.346479 0.530753 0.122768 124.823369 226.244565
19 28 27 0.109475 0.135332 0.755192 104.455973 234.653279
19 28 27 0.037342 0.381304 0.581354 111.153962 238.414749
19 28 27 0.838291 0.041228 0.120481 125.693495 204.417924
19 28 27 0.640944 0.051960 0.307096 119.843021 213.118711
19 28 27 0.114757 0.503495 0.381748 119.591470 237.661657
19 28 27 0.517896 0.341137 0.140968 126.434840 221.909599
19 28 27 0.046897 0.775093 0.178010 125.477851 242.999115
19 28 27 0.434904 0.283140 0.281955 115.418079 223.267091
19 20 28 0.948146 0.049122 0.002732 131.937723 201.210314
19 20 28 0.280196 0.128055 0.591749 136.162373 225.622759
19 20 28 0.546414 0.327426 0.126160 142.013749 205.532621
19 20 28 0.351294 0.067225 0.581481 134.678907 228.399491
19 20 28 0.404287 0.139367 0.456347 134.986626 217.626602
19 20 28 0.584611 0.354651 0.060738 145.104709 202.037748
19 20 28 0.664941 0.211925 0.123134 139.253863 211.511150
19 20 28 0.076826 0.302972 0.620202 144.244229 223.095953
19 20 28 0.969148 0.001699 0.029153 128.402528 205.337529
19 20 28 0.115327 0.007102 0.877571 132.120754 233.966149
20 29 28 0.374025 0.384027 0.241948 158.218110 224.087301
20 29 28 0.549853 0.299702 0.150446 165.187425 219.383118
20 29 28 0.889352 0.026126 0.084522 169.437792 208.127813
20 29 28 0.070430 0.867737 0.061833 170.326683 236.211887
20 29 28 0.993171 0.005422 0.001406 166.446356 199.772792
20 29 28 0.835479 0.030513 0.134008 168.539871 211.934590
20 29 28 0.769675 0.087913 0.142412 164.506589 208.850750
20 29 28 0.503374 0.349164 0.147462 162.820838 220.349292
20 29 28 0.944777 0.053291 0.001932 171.232243 201.572133
20 29 28 0.210878 0.160628 0.628493 146.570746 231.436360
20 21 29 0.203644 0.561292 0.235064 191.620286 209.419305
20 21 29 0.456473 0.445300 0.098228 186.482038 205.415872
20 21 29 0.934409 0.030150 0.035442 167.592228 201.138438
20 21 29 0.792598 0.029524 0.177878 170.942424 207.758793
20 21 29 0.077212 0.507766 0.415022 189.820394 215.194012
20 21 29 0.481282 0.128272 0.390446 172.022843 212.184281
20 21 29 0.101180 0.280537 0.618283 178.519540 223.215394
20 21 29 0.626991 0.341777 0.031231 181.947100 201.248763
20 21 29 0.022221 0.272023 0.705756 180.216705 226.409301
20 21 29 0.639404 0.107657 0.252939 174.003581 213.185960
21 30 29 0.570547 0.245945 0.183508 199.427557 215.440017
21 30 29 0.671982 0.107380 0.220638 200.107481 211.449360
21 30 29 0.421899 0.259907 0.318194 196.753296 220.681033
21 30 29 0.855738 0.103366 0.040896 202.730884 203.559187
21 30 29 0.386312 0.495210 0.118478 204.934457 221.896588
21 30 29 0.749206 0.206320 0.044474 205.109010 209.456482
21 30 29 0.427947 0.093175 0.478878 187.407995 222.665146
21 30 29 0.928521 0.025104 0.046375 205.553250 202.268438
21 30 29 0.925068 0.003483 0.071449 203.207043 201.164823
21 30 29 0.349090 0.556732 0.094178 200.783488 226.078469
21 22 30 0.602502 0.097068 0.300430 210.670669 212.619046
21 22 30 0.005515 0.750210 0.244276 237.422882 208.173262
21 22 30 0.748157 0.219877 0.031967 215.497261 199.142319
21 22 30 0.179961 0.710278 0.109761 234.730697 206.231296
21 22 30 0.721515 0.098274 0.180211 211.657473 205.029730
21 22 30 0.934615 0.005313 0.060072 210.727234 202.457755
21 22 30 0.834668 0.101122 0.064210 208.951773 200.008652
21 22 30 0.385899 0.150821 0.463280 211.353847 218.468080
21 22 30 0.688158 0.254673 0.057169 213.322623 201.148644
21 22 30 0.956340 0.020505 0.023155 204.764409 202.555436
22 31 30 0.695480 0.191056 0.113465 242.315239 209.901159
22 31 30 0.509378 0.172821 0.317801 233.163392 215.828878
22 31 30 0.689066 0.053902 0.257031 235.486970 209.420263
22 31 30 0.940176 0.027538 0.032286 245.947068 200.933983
22 31 30 0.664916 0.303963 0.031121 241.538084 211.472172
22 31 30 0.872608 0.062335 0.065057 238.307824 204.407032
22 31 30 0.115038 0.569887 0.315075 231.406374 228.700765
22 31 30 0.593443 0.278430 0.128127 239.970839 218.370904
22 31 30 0.280869 0.279571 0.439560 232.791568 227.695621
22 31 30 0.543000 0.315330 0.141670 239.807787 218.592792
22 23 31 0.176911 0.315792 0.507297 261.006585 213.617978
22 23 31 0.967503 0.015901 0.016597 245.054488 198.416580
22 23 31 0.413304 0.020340 0.566356 245.431084 221.703750
22 23 31 0.938431 0.038159 0.023410 244.195722 197.723215
22 23 31 0.871937 0.065336 0.062727 248.468145 201.636831
22 23 31 0.467655 0.013034 0.519312 244.486620 218.591499
22 23 31 0.028529 0.283482 0.687989 255.667286 223.297584
22 23 31 0.388022 0.351049 0.260930 260.033459 206.572861
22 23 31 0.981320 0.003745 0.014935 243.206869 198.623276
22 23 31 0.189063 0.499654 0.311283 269.491441 211.299387
23 32 31 0.644485 0.285560 0.069955 284.705661 211.549400
23 32 31 0.521510 0.257140 0.221350 276.525763 220.067579
23 32 31 0.800124 0.142944 0.056932 285.611324 205.977734
23 32 31 0.795252 0.080387 0.124361 280.572872 204.529656
23 32 31 0.426052 0.238466 0.335482 270.408986 222.662565
23 32 31 0.826991 0.082193 0.090816 279.598418 207.083815
23 32 31 0.682780 0.130384 0.186836 276.738065 210.382954
23 32 31 0.908588 0.025108 0.066305 282.677432 204.902331
23 32 31 0.635023 0.130585 0.234393 277.390985 213.000449
23 32 31 0.715967 0.079169 0.204864 274.443301 207.617201
23 24 32 0.878082 0.013396 0.108522 280.762443 201.870116
23 24 32 0.085101 0.694147 0.220751 311.472920 207.083190
23 24 32 0.524155 0.234808 0.241037 293.975538 209.970920
23 24 32 0.707292 0.107432 0.185275 288.257854 207.545697
23 24 32 0.883605 0.109905 0.006490 290.641041 200.001252
23 24 32 0.013684 0.670535 0.315781 306.397223 213.595851
23 24 32 0.201561 0.269412 0.529026 294.237061 220.029509
23 24 32 0.950377 0.020060 0.029563 289.380182 196.546947
23 24 32 0.136845 0.435695 0.427460 299.968894 213.423994
23 24 32 0.693616 0.105748 0.200635 289.281420 206.578460
24 33 32 0.606076 0.290716 0.103208 322.245148 212.875818
24 33 32 0.676126 0.279114 0.044760 320.558541 212.875757
24 33 32 0.646666 0.100256 0.253077 311.531498 211.115057
24 33 32 0.387250 0.178001 0.434748 305.496177 219.275900
24 33 32 0.179171 0.380771 0.440058 308.803014 231.576393
24 33 32 0.844315 0.146241 0.009443 320.957882 201.593649
24 33 32 0.267631 0.662077 0.070292 320.603435 226.112011
24 33 32 0.458165 0.513554 0.028281 321.821481 220.909385
24 33 32 0.359355 0.246227 0.394419 304.886144 223.507740
24 33 32 0.560908 0.068134 0.370958 306.822305 213.042238
24 25 33 0.874801 0.065164 0.060035 323.522488 202.331304
24 25 33 0.398001 0.509509 0.092490 338.885608 200.315255
24 25 33 0.990268 0.002056 0.007677 325.206256 197.456382
24 25 33 0.886409 0.016903 0.096687 323.794725 200.133763
24 25 33 0.991959 0.005634 0.002408 317.564513 198.828439
24 25 33 0.907473 0.037352 0.055175 326.712760 198.261934
24 25 33 0.294661 0.347087 0.358252 337.125025 212.533577
24 25 33 0.899749 0.036748 0.063503 318.982793 196.335673
24 25 33 0.475683 0.255783 0.268534 331.839896 207.861010
24 25 33 0.492261 0.390784 0.116955 337.725708 204.082143
25 34 33 0.883553 0.055821 0.060626 361.116507 202.945106
25 34 33 0.111336 0.079489 0.809175 330.982916 230.849067
25 34 33 0.900024 0.092051 0.007925 357.532978 205.074909
25 34 33 0.783238 0.055367 0.161395 352.182630 208.350471
25 34 33 0.648102 0.021184 0.330714 345.802706 212.596327
25 34 33 0.677787 0.020786 0.301427 346.318684 211.673394
25 34 33 0.599468 0.109961 0.290571 350.596330 214.893478
25 34 33 0.697783 0.272767 0.029450 361.495694 211.956141
25 34 33 0.141944 0.078142 0.779914 331.959996 226.557444
25 34 33 0.325244 0.031505 0.643252 338.106728 222.010408
25 26 34 0.127550 0.045537 0.826913 365.229007 228.395959
25 26 34 0.463177 0.442541 0.094283 380.366081 200.880898
25 26 34 0.071946 0.018182 0.909872 362.567317 231.446536
25 26 34 0.035769 0.801177 0.163055 392.761790 201.989371
25 26 34 0.884703 0.102215 0.013082 365.643702 195.343326
25 26 34 0.441104 0.045476 0.513420 363.995078 214.278877
25 26 34 0.363175 0.176288 0.460537 370.213017 218.865011
25 26 34 0.680778 0.034498 0.284724 360.601853 206.309938
25 26 34 0.050154 0.166887 0.782959 366.961257 229.907605
25 26 34 0.701252 0.148651 0.150097 366.895689 201.786891
26 35 34 0.904143 0.005413 0.090444 400.497106 200.808027
26 35 34 0.917969 0.042096 0.039935 398.801575 197.953543
26 35 34 0.206547 0.406174 0.387279 385.927167 226.510953
26 35 34 0.509943 0.344908 0.145149 392.856002 214.515766
26 35 34 0.694168 0.285973 0.019860 401.530283 204.783622
26 35 34 0.347316 0.145782 0.506902 381.246630 223.107505
26 35 34 0.796435 0.000383 0.203182 395.999554 203.902575
26 35 34 0.949408 0.033773 0.016819 399.762525 197.823074
26 35 34 0.159471 0.649179 0.191351 393.896406 227.446396
26 35 34 0.588007 0.350286 0.061707 395.822508 214.582148
27 28 36 0.807425 0.160040 0.032534 101.037717 240.712326
27 28 36 0.132697 0.174502 0.692801 105.263831 265.536001
27 28 36 0.290129 0.019695 0.690176 96.654052 266.168698
27 28 36 0.572052 0.151960 0.275988 103.155508 248.940123
27 28 36 0.236189 0.752063 0.011748 122.668376 241.557252
27 28 36 0.784440 0.103647 0.111913 95.714170 242.935134
27 28 36 0.605798 0.393641 0.000561 107.821961 239.106877
27 28 36 0.294762 0.123699 0.581539 99.115914 260.851545
27 28 36 0.958997 0.033750 0.007254 98.551124 239.937414
27 28 36 0.256133 0.595629 0.148238 120.609837 246.382848
28 37 36 0.173404 0.678145 0.148451 129.729309 271.731348
28 37 36 0.619913 0.073363 0.306724 121.516101 251.558315
28 37 36 0.192840 0.036332 0.770827 101.573198 271.999080
28 37 36 0.663478 0.294255 0.042267 129.679865 251.419517
28 37 36 0.536632 0.359059 0.104309 128.057879 260.087712
28 37 36 0.477801 0.251822 0.270376 123.432484 258.540251
28 37 36 0.245955 0.118660 0.635384 106.615642 266.118685
28 37 36 0.715378 0.030151 0.254470 123.737600 249.655110
28 37 36 0.451298 0.064993 0.483709 114.401911 260.492947
28 37 36 0.186871 0.739791 0.073338 130.497958 270.801311
28 29 37 0.744629 0.117803 0.137568 135.944435 246.058310
28 29 37 0.133783 0.480452 0.385765 147.458905 253.394731
28 29 37 0.491747 0.354605 0.153649 143.018362 243.544857
28 29 37 0.823606 0.161966 0.014428 143.004153 241.517477
28 29 37 0.905830 0.014114 0.080056 134.989177 241.834844
28 29 37 0.563200 0.428125 0.008675 146.807216 241.011433
28 29 37 0.555315 0.415030 0.029655 148.824447 239.120025
28 29 37 0.783818 0.020392 0.195791 135.207818 251.967736
28 29 37 0.880009 0.038339 0.081652 134.452479 245.929324
28 29 37 0.527458 0.301956 0.170586 145.292906 244.498456
29 38 37 0.274368 0.472789 0.252844 159.177756 263.952790
29 38 37 0.550984 0.092738 0.356278 156.109064 257.616923
29 38 37 0.679559 0.283239 0.037202 169.983318 251.784266
29 38 37 0.741382 0.107953 0.150665 161.856194 245.672581
29 38 37 0.342482 0.121488 0.536030 149.130835 263.086926
29 38 37 0.504752 0.178149 0.317099 159.785420 254.001983
29 38 37 0.773822 0.129995 0.096183 166.747905 249.056927
29 38 37 0.934282 0.050220 0.015498 171.199099 238.449299
29 38 37 0.480827 0.290332 0.228841 162.825818 260.580457
29 38 37 0.317181 0.431462 0.251357 157.494768 266.007263
29 30 38 0.818141 0.150418 0.031441 175.555055 238.960072
29 30 38 0.714612 0.203341 0.082048 181.676934 240.097285
29 30 38 0.386411 0.146937 0.466653 173.079777 256.531322
29 30 38 0.244029 0.195441 0.560530 176.359341 260.742031
29 30 38 0.765901 0.192013 0.042085 177.683139 237.929425
29 30 38 0.212601 0.634750 0.152649 191.335173 245.714944
29 30 38 0.249152 0.465288 0.285559 186.873582 248.081895
29 30 38 0.470835 0.085673 0.443492 172.144914 259.260936
29 30 38 0.214874 0.296291 0.488835 181.624164 256.310005
29 30 38 0.873788 0.102874 0.023338 174.727619 240.433907
30 39 38 0.402613 0.522991 0.074397 206.262020 258.635162
30 39 38 0.268903 0.251846 0.479251 192.110815 268.271773
30 39 38 0.631697 0.135730 0.232573 198.276374 253.626634
30 39 38 0.811081 0.079741 0.109178 207.409788 246.058571
30 39 38 0.689711 0.212156 0.098134 205.847984 249.922624
30 39 38 0.078889 0.392051 0.529060 187.101001 276.173708
30 39 38 0.223776 0.573722 0.202502 196.414908 271.080090
30 39 38 0.213341 0.238328 0.548330 188.303628 269.044352
30 39 38 0.661532 0.034832 0.303636 193.800895 250.448417
30 39 38 0.542492 0.094804 0.362704 195.405678 256.811711
30 31 39 0.009605 0.314579 0.675816 217.924495 264.086276
30 31 39 0.956252 0.003581 0.040167 209.966530 239.242712
30 31 39 0.682820 0.294563 0.022617 216.026440 237.304525
30 31 39 0.449701 0.115893 0.434406 209.635003 256.477403
30 31 39 0.582051 0.380035 0.037913 223.112758 238.014560
30 31 39 0.594610 0.285548 0.119841 219.531904 240.561809
30 31 39 0.746567 0.244197 0.009237 219.216801 234.058559
30 31 39 0.793876 0.089903 0.116221 212.955398 241.445348
30 31 39 0.839197 0.094119 0.066683 208.265000 238.627367
30 31 39 0.241727 0.091328 0.666945 212.050313 263.176943
31 40 39 0.235044 0.374853 0.390103 228.730522 268.816555
31 40 39 0.098981 0.558794 0.342225 234.713519 273.442270
31 40 39 0.807382 0.161457 0.031160 244.787153 244.222612
31 40 39 0.311495 0.256676 0.431829 232.649380 264.637957
31 40 39 0.530203 0.305985 0.163812 240.997972 256.212986
31 40 39 0.098482 0.343998 0.557519 224.570642 272.467290
31 40 39 0.300688 0.664062 0.035250 242.496711 268.313739
31 40 39 0.858091 0.008186 0.133722 238.980594 242.568197
31 40 39 0.050667 0.040950 0.908383 213.206814 276.295745
31 40 39 0.641970 0.242117 0.115913 241.207057 250.701775
31 32 40 0.512531 0.155269 0.332200 249.978038 249.785755
31 32 40 0.606667 0.174415 0.218918 253.945213 246.468246
31 32 40 0.321426 0.586447 0.092127 266.598341 241.070214
31 32 40 0.603271 0.372801 0.023928 257.686060 238.516167
31 32 40 0.899313 0.087037 0.013650 247.930459 236.122838
31 32 40 0.854008 0.015857 0.130135 247.051046 241.087041
31 32 40 0.395529 0.052509 0.551962 247.023402 260.827008
31 32 40 0.231174 0.763872 0.004953 275.235953 239.058277
31 32 40 0.948781 0.047272 0.003947 248.071690 236.752774
31 32 40 0.325439 0.337429 0.337132 257.402147 249.082197
32 41 40 0.991351 0.000288 0.008361 287.359698 236.589299
32 41 40 0.927894 0.001873 0.070233 281.586787 241.384651
32 41 40 0.265837 0.485852 0.248311 276.568520 262.926808
32 41 40 0.481057 0.502797 0.016146 283.023124 256.750039
32 41 40 0.172951 0.016149 0.810900 252.145094 271.631454
32 41 40 0.122556 0.204320 0.673124 258.401599 271.222079
32 41 40 0.913400 0.021098 0.065502 277.927780 243.433253
32 41 40 0.552070 0.154376 0.293553 273.036455 252.591850
32 41 40 0.384006 0.568582 0.047413 282.827688 260.223309
32 41 40 0.332778 0.378925 0.288297 273.442368 264.943473
32 33 41 0.117862 0.728077 0.154061 313.241721 243.237119
32 33 41 0.302280 0.672723 0.024997 310.941771 239.119445
32 33 41 0.152641 0.594806 0.252553 305.992522 246.117728
32 33 41 0.193357 0.727054 0.079588 312.257859 241.727956
32 33 41 0.378000 0.246569 0.375430 295.955577 251.575736
32 33 41 0.494448 0.172280 0.333272 290.941628 253.742830
32 33 41 0.548831 0.123771 0.327398 289.245052 249.042012
32 33 41 0.269573 0.202201 0.528226 291.286203 257.835630
32 33 41 0.188466 0.668207 0.143326 312.064598 242.459672
32 33 41 0.015713 0.744229 0.240058 313.961564 244.196434
33 42 41 0.040633 0.809252 0.150115 319.198478 276.681186
33 42 41 0.853249 0.002674 0.144077 312.436642 239.358963
33 42 41 0.900470 0.052321 0.047210 323.270340 238.260041
33 42 41 0.897895 0.031366 0.070739 321.428089 236.524002
33 42 41 0.384680 0.300020 0.315300 308.577410 259.928023
33 42 41 0.305491 0.481916 0.212593 316.010609 267.015542
33 42 41 0.396866 0.262205 0.340929 312.980898 260.896701
33 42 41 0.100787 0.775139 0.124074 320.291770 269.499815
33 42 41 0.241303 0.475604 0.283094 314.389928 263.578633
33 42 41 0.398447 0.353686 0.247867 310.521521 255.380430
33 34 42 0.876413 0.082188 0.041399 326.564225 238.089835
33 34 42 0.075924 0.554370 0.369706 348.572836 250.259467
33 34 42 0.763631 0.102234 0.134134 327.143207 240.124519
33 34 42 0.116242 0.682100 0.201658 352.466292 242.170727
33 34 42 0.530925 0.291519 0.177556 338.312108 243.938170
33 34 42 0.468249 0.116118 0.415633 330.278369 253.146075
33 34 42 0.044919 0.191628 0.763453 330.125097 264.495478
33 34 42 0.540767 0.068616 0.390617 328.032529 247.512264
33 34 42 0.288247 0.676896 0.034857 348.765211 233.612110
33 34 42 0.427360 0.219605 0.353035 330.492856 249.924493
34 43 42 0.204771 0.447244 0.347985 344.012928 265.788665
34 43 42 0.669684 0.314282 0.016034 365.013524 250.599025
34 43 42 0.318827 0.517184 0.163990 359.191057 257.982652
34 43 42 0.026434 0.132398 0.841168 327.941264 276.777750
34 43 42 0.415718 0.385135 0.199147 354.707374 258.420093
34 43 42 0.847305 0.126855 0.025840 362.276623 242.043799
34 43 42 0.733996 0.085051 0.180953 355.138007 243.813671
34 43 42 0.610095 0.157405 0.232500 354.192246 250.596340
34 43 42 0.863992 0.065104 0.070904 358.306136 240.321981
34 43 42 0.808770 0.028441 0.162789 356.673167 241.288229
34 35 43 0.439759 0.017778 0.542464 366.128026 255.494376
34 35 43 0.570497 0.096968 0.332535 368.015835 248.023234
34 35 43 0.845088 0.016798 0.138114 367.268655 241.384074
34 35 43 0.736638 0.053029 0.210333 363.554070 245.497390
34 35 43 0.251165 0.744966 0.003869 389.949956 234.399955
34 35 43 0.869092 0.081146 0.049763 368.793894 238.949437
34 35 43 0.672871 0.006331 0.320798 364.737747 249.043034
34 35 43 0.320758 0.437046 0.242196 378.433506 244.444375
34 35 43 0.804216 0.065765 0.130019 364.904087 238.737793
34 35 43 0.530161 0.168474 0.301364 371.159035 247.483907
35 44 43 0.772016 0.114721 0.113263 398.923763 242.948368
35 44 43 0.641529 0.255219 0.103252 401.035898 248.705428
35 44 43 0.153519 0.108333 0.738148 373.265624 263.148288
35 44 43 0.095916 0.338694 0.565390 382.232991 268.332919
35 44 43 0.873445 0.073975 0.052580 402.056636 239.302172
35 44 43 0.776346 0.202657 0.020998 398.374315 242.524083
35 44 43 0.790278 0.034569 0.175153 398.014732 242.317845
35 44 43 0.316809 0.398527 0.284664 392.146374 261.443642
35 44 43 0.411889 0.287958 0.300153 391.476243 256.122684
35 44 43 0.321078 0.440155 0.238766 393.412556 262.329955
36 37 45 0.626545 0.151602 0.221852 98.858209 287.717823
36 37 45 0.125977 0.568184 0.305840 113.660228 289.856876
36 37 45 0.368938 0.211026 0.420036 100.533912 293.038595
36 37 45 0.083403 0.848556 0.068041 124.451575 279.252872
36 37 45 0.565597 0.320887 0.113516 108.168679 281.327718
36 37 45 0.417025 0.429582 0.153393 112.259664 283.126304
36 37 45 0.626005 0.127756 0.246239 101.628225 288.063736
36 37 45 0.820600 0.167658 0.011742 100.894595 276.907873
36 37 45 0.690054 0.084467 0.225478 100.373791 289.909552
36 37 45 0.421160 0.040809 0.538030 94.084092 299.803059
37 46 45 0.459158 0.103116 0.437727 119.535070 299.104596
37 46 45 0.926453 0.016608 0.056939 127.929938 279.278081
37 46 45 0.415217 0.020536 0.564247 109.661593 296.469359
37 46 45 0.594855 0.338226 0.066919 134.777632 290.053437
37 46 45 0.186356 0.215226 0.598418 106.604360 306.945727
37 46 45 0.636319 0.298288 0.065393 132.870952 290.402376
37 46 45 0.240018 0.110970 0.649012 107.786664 306.631080
37 46 45 0.803905 0.078353 0.117742 127.005841 283.190064
37 46 45 0.732467 0.227900 0.039632 134.013760 287.076112
37 46 45 0.387289 0.086978 0.525733 109.897144 297.747461
37 38 46 0.878692 0.102776 0.018532 135.997559 281.433943
37 38 46 0.121658 0.000652 0.877690 133.439371 311.843272
37 38 46 0.551405 0.348713 0.099883 143.855850 282.043719
37 38 46 0.853522 0.003367 0.143111 134.356814 282.947439
37 38 46 0.486248 0.511786 0.001966 153.551733 277.435235
37 38 46 0.125529 0.674360 0.200111 156.979756 284.473819
37 38 46 0.857245 0.122676 0.020079 138.738280 272.642261
37 38 46 0.168782 0.615210 0.216008 153.836830 285.141537
37 38 46 0.397772 0.345689 0.256539 142.318183 288.264341
37 38 46 0.148159 0.592493 0.259348 157.379535 284.500065
38 47 46 0.380361 0.349748 0.269891 162.638253 305.085502
38 47 46 0.539134 0.040737 0.420129 156.283458 292.287442
38 47 46 0.092751 0.169719 0.737530 143.761438 312.887511
38 47 46 0.787226 0.018207 0.194567 163.631376 284.120046
38 47 46 0.830685 0.114643 0.054672 166.884062 283.336860
38 47 46 0.149397 0.071584 0.779019 139.898494 312.678575
38 47 46 0.972355 0.002188 0.025456 169.570114 278.922548
38 47 46 0.719708 0.173139 0.107153 163.220538 289.202418
38 47 46 0.230509 0.596480 0.173011 165.025985 306.736061
38 47 46 0.120004 0.312712 0.567284 149.646093 308.730272
38 39 47 0.313068 0.597629 0.089303 191.098539 281.843731
38 39 47 0.397704 0.324848 0.277449 181.815371 288.001281
38 39 47 0.714678 0.223955 0.061367 181.251272 282.019598
38 39 47 0.700255 0.122722 0.177023 172.514053 285.918483
38 39 47 0.162987 0.212672 0.624341 182.998048 300.245211
38 39 47 0.859462 0.066437 0.074101 171.215997 280.111510
38 39 47 0.241147 0.562231 0.196623 194.003283 283.435923
38 39 47 0.278303 0.432271 0.289426 182.068607 286.635556
38 39 47 0.033279 0.629954 0.336767 190.322615 287.590863
38 39 47 0.960482 0.034402 0.005116 170.760529 273.956614
39 48 47 0.175802 0.451360 0.372837 191.344319 308.738106
39 48 47 0.460367 0.064201 0.475433 193.848449 296.734761
39 48 47 0.227864 0.544142 0.227995 201.766387 303.316315
39 48 47 0.571473 0.154611 0.273916 198.056580 292.895992
39 48 47 0.255377 0.248569 0.496054 186.866969 306.208042
39 48 47 0.204937 0.614859 0.180203 201.423162 306.018120
39 48 47 0.238529 0.472160 0.289312 197.557050 307.910385
39 48 47 0.064319 0.883648 0.052033 205.765883 315.411716
39 48 47 0.587916 0.300381 0.111703 202.362893 293.917084
39 48 47 0.693109 0.011700 0.295191 196.631884 286.591108
39 40 48 0.664599 0.051795 0.283606 211.284925 288.725471
39 40 48 0.465123 0.425795 0.109082 221.847586 280.520947
39 40 48 0.298645 0.529152 0.172203 227.044192 283.483145
39 40 48 0.382628 0.486734 0.130639 226.120761 282.498981
39 40 48 0.344206 0.315610 0.340185 219.391280 291.467578
39 40 48 0.291295 0.457482 0.251222 225.733593 287.222886
39 40 48 0.112894 0.235555 0.651551 216.161531 304.935721
39 40 48 0.163416 0.268382 0.568202 216.790972 298.728229
39 40 48 0.017989 0.779323 0.202688 235.466056 284.242145
39 40 48 0.915585 0.043374 0.041041 208.711136 275.101368
40 49 48 0.504675 0.096526 0.398799 229.758621 291.905904
40 49 48 0.507853 0.471394 0.020752 246.558722 295.449030
40 49 48 0.435096 0.505755 0.059149 242.628096 295.837995
40 49 48 0.213947 0.543540 0.242514 235.852193 308.231308
40 49 48 0.601162 0.083949 0.314889 233.943709 292.863627
40 49 48 0.984027 0.001651 0.014322 239.539248 274.564230
40 49 48 0.779569 0.155127 0.065305 241.026553 289.204132
40 49 48 0.608187 0.178832 0.212981 233.519803 290.544477
40 49 48 0.224343 0.361506 0.414151 230.928673 304.466500
40 49 48 0.335830 0.613883 0.050287 241.044534 304.158811
40 41 49 0.796239 0.113486 0.090276 249.746646 281.389941
40 41 49 0.312576 0.067720 0.619703 246.617174 302.601322
40 41 49 0.097184 0.207659 0.695158 253.571026 299.202618
40 41 49 0.450507 0.533121 0.016371 267.100798 280.124872
40 41 49 0.731325 0.241965 0.026710 253.111816 277.709378
40 41 49 0.679220 0.018540 0.302240 247.376243 290.084873
40 41 49 0.549563 0.447783 0.002654 261.483540 276.632507
40 41 49 0.943326 0.009809 0.046866 245.736100 278.596637
40 41 49 0.947069 0.023629 0.029302 242.913883 278.009517
40 41 49 0.171349 0.612980 0.215671 271.063137 284.524104
41 50 49 0.181567 0.713570 0.104863 281.096861 304.182756
41 50 49 0.491248 0.378106 0.130646 277.030861 295.768372
41 50 49 0.551336 0.143083 0.305581 272.665974 290.141902
41 50 49 0.272687 0.680748 0.046564 285.504106 300.984462
41 50 49 0.916227 0.052310 0.031462 282.990858 280.651254
41 50 49 0.048964 0.513387 0.437649 268.387826 310.404680
41 50 49 0.110190 0.504475 0.385335 269.275431 311.703818
41 50 49 0.878522 0.120967 0.000511 283.634494 278.233499
41 50 49 0.715156 0.245925 0.038918 284.698701 282.347689
41 50 49 0.261900 0.492618 0.245482 275.411826 302.923431
41 42 50 0.102010 0.591142 0.306848 305.981002 287.491666
41 42 50 0.745754 0.237400 0.016845 295.979679 277.817357
41 42 50 0.941002 0.015563 0.043434 286.362632 279.388543
41 42 50 0.674068 0.307086 0.018846 295.513831 278.468643
41 42 50 0.976141 0.010200 0.013659 284.623859 279.563312
41 42 50 0.372709 0.092266 0.535025 286.729397 293.791871
41 42 50 0.877072 0.120006 0.002922 287.272821 276.499401
41 42 50 0.167461 0.685751 0.146788 312.774462 279.041139
41 42 50 0.013298 0.356374 0.630328 299.183451 297.904761
41 42 50 0.388613 0.479948 0.131439 304.273095 285.630888
42 51 50 0.251695 0.671352 0.076953 322.796151 302.053724
42 51 50 0.602941 0.112936 0.284123 315.513612 290.045150
42 51 50 0.058504 0.312381 0.629115 300.966094 311.312075
42 51 50 0.476041 0.500449 0.023510 325.912563 295.547143
42 51 50 0.100007 0.891657 0.008335 322.973299 310.334881
42 51 50 0.821566 0.101265 0.077169 320.974170 278.910246
42 51 50 0.970044 0.015439 0.014517 319.923804 277.051684
42 51 50 0.547597 0.224932 0.227471 313.854196 296.458121
42 51 50 0.687630 0.280355 0.032015 324.637208 287.255539
42 51 50 0.205113 0.774988 0.019899 323.653474 307.021419
42 43 51 0.426685 0.237833 0.335481 333.817564 282.267143
42 43 51 0.755027 0.126854 0.118119 329.894686 278.481678
42 43 51 0.471011 0.521629 0.007360 346.565642 275.792611
42 43 51 0.250938 0.055614 0.693448 330.484562 303.132171
42 43 51 0.635417 0.169179 0.195405 330.975066 278.018396
42 43 51 0.805236 0.112473 0.082291 328.298271 276.573876
42 43 51 0.179293 0.035769 0.784938 327.434119 307.644715
42 43 51 0.914057 0.050806 0.035137 326.886140 274.017474
42 43 51 0.910887 0.016439 0.072673 328.122193 279.542537
42 43 51 0.710898 0.050547 0.238555 324.494504 284.078426
43 52 51 0.914722 0.027492 0.057786 359.036292 278.830926
43 52 51 0.435650 0.178925 0.385425 349.167274 297.511153
43 52 51 0.218031 0.626301 0.155669 359.425083 301.196291
43 52 51 0.950520 0.006258 0.043222 362.339615 277.142907
43 52 51 0.427287 0.221796 0.350917 344.306482 299.350515
43 52 51 0.714393 0.177847 0.107759 355.840010 288.925299
43 52 51 0.204765 0.022400 0.772835 333.976272 306.199238
43 52 51 0.200495 0.687830 0.111676 362.807806 306.892518
43 52 51 0.792002 0.031215 0.176783 357.365943 279.569692
43 52 51 0.017903 0.016488 0.965608 332.848735 312.881777
43 44 52 0.460335 0.357602 0.182063 377.345360 279.952727
43 44 52 0.289193 0.426959 0.283848 383.533365 283.758150
43 44 52 0.114499 0.253980 0.631522 371.382373 300.200141
43 44 52 0.682955 0.206824 0.110221 370.296389 278.736357
43 44 52 0.372704 0.538491 0.088805 385.455288 275.204224
43 44 52 0.839111 0.098902 0.061987 368.293581 275.042597
43 44 52 0.512171 0.307846 0.179982 374.927800 280.206348
43 44 52 0.067799 0.285759 0.646441 376.742863 300.015338
43 44 52 0.997147 0.000855 0.001999 363.150589 275.528043
43 44 52 0.211158 0.379833 0.409009 380.669295 291.093472
44 53 52 0.470347 0.406910 0.122743 399.150236 298.658014
44 53 52 0.086300 0.834688 0.079012 403.165539 312.693453
44 53 52 0.366205 0.510713 0.123082 396.253915 300.758292
44 53 52 0.047971 0.758060 0.193969 396.953566 310.410407
44 53 52 0.053257 0.195303 0.751440 374.108471 313.090116
44 53 52 0.477509 0.169980 0.352511 386.736313 296.580128
44 53 52 0.083598 0.506851 0.409551 392.187725 310.352295
44 53 52 0.417186 0.237476 0.345337 391.392614 297.888373
44 53 52 0.720947 0.223867 0.055186 402.645065 283.499135
44 53 52 0.396588 0.262593 0.340819 389.611114 300.382615
45 46 54 0.352903 0.138622 0.508474 104.225570 334.105540
45 46 54 0.766960 0.166001 0.067039 103.993215 319.066359
45 46 54 0.809193 0.062914 0.127893 99.885345 322.048057
45 46 54 0.798509 0.115866 0.085625 102.852234 317.244576
45 46 54 0.629441 0.290336 0.080223 104.828417 317.251817
45 46 54 0.421107 0.035830 0.543063 98.257859 333.506269
45 46 54 0.939790 0.004795 0.055416 97.993940 314.747086
45 46 54 0.976609 0.021912 0.001479 99.279262 317.096278
45 46 54 0.368490 0.146207 0.485303 99.489344 333.957480
45 46 54 0.469962 0.292923 0.237115 104.588114 319.898296
46 55 54 0.494184 0.462779 0.043038 132.538487 334.869929
46 55 54 0.015700 0.594085 0.390215 115.163646 354.291688
46 55 54 0.960411 0.027208 0.012381 131.822071 322.318449
46 55 54 0.380544 0.291799 0.327657 122.333062 340.516308
46 55 54 0.157607 0.264435 0.577958 109.348752 349.521564
46 55 54 0.611291 0.062920 0.325789 123.717928 333.582932
46 55 54 0.930384 0.048633 0.020983 126.582383 315.614727
46 55 54 0.245778 0.744015 0.010207 131.265516 344.669474
46 55 54 0.124531 0.319557 0.555912 110.227984 351.738769
46 55 54 0.499854 0.167643 0.332503 115.197065 336.484342
46 47 55 0.179966 0.301156 0.518878 144.771711 336.573442
46 47 55 0.871080 0.094652 0.034267 134.979848 318.465390
46 47 55 0.948178 0.012365 0.039457 132.017072 319.361292
46 47 55 0.463691 0.173593 0.362716 140.065417 329.495917
46 47 55 0.852516 0.057980 0.089504 133.732279 319.342627
46 47 55 0.935831 0.029466 0.034703 135.065655 316.741237
46 47 55 0.365832 0.025092 0.609077 133.760951 339.753477
46 47 55 0.628144 0.293318 0.078537 146.075830 320.383797
46 47 55 0.392473 0.172799 0.434728 136.990490 329.656869
46 47 55 0.094055 0.467561 0.438384 151.857567 335.493545
47 56 55 0.643493 0.089627 0.266879 158.443007 326.544978
47 56 55 0.153680 0.352444 0.493875 152.377419 348.622591
47 56 55 0.760929 0.146190 0.092881 167.865253 323.811999
47 56 55 0.468085 0.211092 0.320823 157.363312 339.033461
47 56 55 0.617686 0.190849 0.191465 162.574638 331.294885
47 56 55 0.339301 0.528835 0.131864 168.854677 338.721248
47 56 55 0.986986 0.008087 0.004927 172.759402 314.847610
47 56 55 0.796415 0.193680 0.009905 170.656976 319.683374
47 56 55 0.435456 0.307389 0.257155 163.192734 336.965764
47 56 55 0.680556 0.068524 0.250920 165.816458 325.290852
47 48 56 0.865965 0.085450 0.048585 173.018555 314.722568
47 48 56 0.659648 0.235062 0.105290 177.632980 319.053265
47 48 56 0.287976 0.689731 0.022293 197.195329 317.823704
47 48 56 0.499174 0.393143 0.107682 183.367640 320.384993
47 48 56 0.137210 0.597557 0.265234 192.873377 326.272499
47 48 56 0.874840 0.053048 0.072111 176.609417 316.726168
47 48 56 0.081198 0.447970 0.470832 186.482524 337.202092
47 48 56 0.228504 0.388151 0.383345 185.417186 330.714588
47 48 56 0.741925 0.154677 0.103398 178.365385 320.591069
47 48 56 0.285522 0.547458 0.167020 187.238800 324.686222
48 57 56 0.147282 0.656400 0.196318 200.131091 351.693664
48 57 56 0.583969 0.295327 0.120704 205.478289 330.147866
48 57 56 0.221890 0.285922 0.492188 195.120168 346.272600
48 57 56 0.071834 0.078250 0.849915 176.501221 355.765001
48 57 56 0.193393 0.552781 0.253827 201.570050 345.706625
48 57 56 0.870007 0.122989 0.007005 206.495708 324.198615
48 57 56 0.286551 0.314209 0.399240 194.748815 344.994497
48 57 56 0.247746 0.647400 0.104853 206.997758 345.492500
48 57 56 0.782304 0.192181 0.025515 207.389542 325.572306
48 57 56 0.863122 0.007722 0.129157 198.577654 321.934519
48 49 57 0.680088 0.179039 0.140873 213.801748 319.460664
48 49 57 0.949195 0.027376 0.023429 206.147066 314.326566
48 49 57 0.749633 0.052589 0.197778 210.780933 321.506176
48 49 57 0.493688 0.148349 0.357963 214.391312 329.739565
48 49 57 0.809008 0.190371 0.000621 213.029876 315.193196
48 49 57 0.001640 0.900868 0.097492 244.857671 318.335234
48 49 57 0.438484 0.357572 0.203944 219.629183 320.287243
48 49 57 0.850077 0.088711 0.061212 212.992125 318.374425
48 49 57 0.031452 0.844750 0.123798 240.741559 315.375999
48 49 57 0.726036 0.152084 0.121880 213.695307 317.004990
49 58 57 0.335807 0.355790 0.308403 234.696583 336.660377
49 58 57 0.290471 0.281139 0.428390 228.877859 337.617653
49 58 57 0.657375 0.173969 0.168656 241.573518 328.798156
49 58 57 0.735015 0.201677 0.063308 243.519634 325.150607
49 58 57 0.455788 0.296609 0.247603 235.763801 337.708851
49 58 57 0.029615 0.091449 0.878936 210.840735 352.275887
49 58 57 0.172619 0.251549 0.575832 229.359227 345.559197
49 58 57 0.048884 0.239163 0.711953 219.967071 356.702379
49 58 57 0.966054 0.029449 0.004497 243.914679 313.477900
49 58 57 0.695756 0.079962 0.224282 234.497429 328.671860
49 50 58 0.564568 0.042888 0.392544 249.901833 329.443232
49 50 58 0.383723 0.021598 0.594678 248.552885 338.120646
49 50 58 0.696093 0.173774 0.130133 252.326472 317.410299
49 50 58 0.063160 0.060169 0.876671 248.337925 345.066318
49 50 58 0.433930 0.218107 0.347963 255.692364 328.083592
49 50 58 0.854643 0.086608 0.058749 247.720622 316.788430
49 50 58 0.498346 0.227532 0.274122 252.480147 320.764809
49 50 58 0.823936 0.127677 0.048387 249.758243 312.734303
49 50 58 0.521227 0.371274 0.107499 263.037219 319.263865
49 50 58 0.034654 0.663410 0.301936 271.486229 324.559702
50 59 58 0.099436 0.166871 0.733693 257.961890 348.638287
50 59 58 0.109056 0.723348 0.167595 276.022038 349.190612
50 59 58 0.651371 0.275020 0.073609 280.246330 330.190503
50 59 58 0.362672 0.618048 0.019280 285.408063 341.374540
50 59 58 0.946829 0.002532 0.050638 284.965218 315.863864
50 59 58 0.007610 0.243477 0.748913 254.405003 355.586848
50 59 58 0.651928 0.039519 0.308553 276.755205 328.126347
50 59 58 0.599034 0.195208 0.205758 279.075154 330.276350
50 59 58 0.394086 0.077433 0.528481 269.042565 334.404187
50 59 58 0.928917 0.026081 0.045002 284.511707 316.411975
50 51 59 0.290974 0.282426 0.426600 295.764406 326.554917
50 51 59 0.330650 0.170891 0.498459 295.553527 334.697291
50 51 59 0.776780 0.020611 0.202609 289.626876 324.167855
50 51 59 0.046692 0.255953 0.697355 298.064685 340.498730
50 51 59 0.056226 0.038068 0.905706 289.044063 350.018702
50 51 59 0.935120 0.037112 0.027768 285.650372 314.356653
50 51 59 0.908695 0.078939 0.012366 290.654288 313.954074
50 51 59 0.866119 0.056393 0.077488 288.128049 316.351965
50 51 59 0.939590 0.004582 0.055828 288.302966 313.721202
50 51 59 0.561017 0.294797 0.144185 302.161547 317.152380
51 60 59 0.888139 0.011301 0.100560 320.562822 316.975073
51 60 59 0.381241 0.346180 0.272580 316.350742 337.773963
51 60 59 0.856242 0.030309 0.113449 316.366965 320.122250
51 60 59 0.449085 0.281775 0.269140 312.748950 335.749107
51 60 59 0.863380 0.078979 0.057641 320.372395 318.337702
51 60 59 0.830407 0.167939 0.001654 326.165537 320.928653
51 60 59 0.781769 0.010354 0.207877 318.382546 321.158076
51 60 59 0.011415 0.906322 0.082263 321.211210 354.149025
51 60 59 0.627884 0.149991 0.222125 316.098444 329.297269
51 60 59 0.845488 0.023917 0.130595 320.095213 320.625616
51 52 60 0.788146 0.179107 0.032747 331.679090 315.796264
51 52 60 0.176079 0.439519 0.384402 341.709201 329.528753
51 52 60 0.792865 0.039887 0.167248 326.089125 322.085804
51 52 60 0.124775 0.612325 0.262899 350.177948 326.291612
51 52 60 0.288370 0.571709 0.139921 344.662236 318.632541
51 52 60 0.962616 0.019162 0.018222 325.779042 314.849162
51 52 60 0.603237 0.166390 0.230372 332.136702 322.626432
51 52 60 0.232584 0.365939 0.401477 338.071931 330.215054
51 52 60 0.238889 0.756949 0.004161 352.426103 318.046855
51 52 60 0.147858 0.833737 0.018405 355.017284 317.189832
52 61 60 0.406893 0.538283 0.054824 360.043830 339.632079
52 61 60 0.256905 0.064933 0.678162 337.078696 345.299042
52 61 60 0.183745 0.806517 0.009738 364.976419 343.942678
52 61 60 0.643467 0.336342 0.020190 365.408059 330.943371
52 61 60 0.265869 0.326241 0.407890 347.736782 343.491055
52 61 60 0.402199 0.363927 0.233874 355.774050 340.274866
52 61 60 0.240877 0.474880 0.284243 353.592899 340.799822
52 61 60 0.961449 0.023226 0.015325 362.232016 314.502213
52 61 60 0.293665 0.579601 0.126734 357.721068 345.037050
52 61 60 0.481942 0.053782 0.464275 346.673838 334.578105
52 53 61 0.827657 0.035864 0.136479 363.926617 318.388535
52 53 61 0.671593 0.312094 0.016313 378.036551 318.713097
52 53 61 0.789288 0.143434 0.067278 368.322121 318.943171
52 53 61 0.068017 0.423748 0.508235 383.756160 335.687722
52 53 61 0.396979 0.197045 0.405976 374.791111 327.531743
52 53 61 0.183803 0.812720 0.003476 400.173290 319.492183
52 53 61 0.953481 0.010143 0.036375 364.197052 316.020689
52 53 61 0.434059 0.438608 0.127333 378.959180 320.981457
52 53 61 0.167342 0.169804 0.662855 371.484936 340.630979
52 53 61 0.079506 0.053322 0.867172 367.317582 348.430805
53 62 61 0.582116 0.378063 0.039821 408.105994 328.786313
53 62 61 0.521694 0.459789 0.018517 408.215193 335.015569
53 62 61 0.697590 0.195468 0.106941 405.041280 329.052253
53 62 61 0.439188 0.315517 0.245295 397.102727 336.699109
53 62 61 0.028743 0.402976 0.568281 386.372843 353.873032
53 62 61 0.218696 0.223525 0.557779 383.088488 342.043063
53 62 61 0.192571 0.467858 0.339572 391.348011 348.344249
53 62 61 0.314376 0.012532 0.673091 375.681613 341.604225
53 62 61 0.971353 0.022483 0.006163 405.481244 316.019725
53 62 61 0.422577 0.457058 0.120365 400.921197 338.208337
54 55 63 0.544491 0.352599 0.102910 110.302134 358.150448
54 55 63 0.828102 0.037642 0.134256 96.119274 360.046169
54 55 63 0.720769 0.123037 0.156194 97.968060 363.473237
54 55 63 0.484344 0.145963 0.369693 100.655233 365.690215
54 55 63 0.945214 0.003169 0.051617 93.842702 358.409300
54 55 63 0.636159 0.303685 0.060157 107.563183 356.780007
54 55 63 0.825102 0.115138 0.059759 98.981854 356.250308
54 55 63 0.874483 0.027365 0.098152 95.425877 358.369851
54 55 63 0.919626 0.019463 0.060911 98.986020 358.241790
54 55 63 0.574954 0.011494 0.413552 97.451424 370.003476
55 64 63 0.298668 0.544510 0.156822 127.480435 381.870669
55 64 63 0.534861 0.170811 0.294328 120.147903 370.193035
55 64 63 0.287366 0.221495 0.491139 114.771071 377.546953
55 64 63 0.556247 0.188966 0.254787 124.984563 371.606966
55 64 63 0.669605 0.214605 0.115790 126.645398 368.625353
55 64 63 0.684576 0.008437 0.306987 117.466375 367.600147
55 64 63 0.598051 0.196360 0.205589 122.360911 367.856245
55 64 63 0.740432 0.135981 0.123587 130.618188 365.817744
55 64 63 0.415631 0.269658 0.314712 120.951889 378.513223
55 64 63 0.073413 0.397683 0.528904 113.393637 391.868464
55 56 64 0.020036 0.928025 0.051939 170.215601 352.760524
55 56 64 0.485001 0.249041 0.265959 144.778799 362.402710
55 56 64 0.824390 0.104102 0.071509 133.339652 355.583619
55 56 64 0.840148 0.038330 0.121523 134.008626 360.745003
55 56 64 0.563467 0.428873 0.007660 148.213208 350.775129
55 56 64 0.951129 0.002973 0.045899 129.341781 354.120183
55 56 64 0.982524 0.012039 0.005437 131.077113 356.847093
55 56 64 0.018783 0.591053 0.390164 155.273157 371.123561
55 56 64 0.020568 0.005433 0.974000 134.978026 389.295915
55 56 64 0.575289 0.186073 0.238638 141.355040 367.166582
56 65 64 0.112916 0.070071 0.817012 142.159056 388.960224
56 65 64 0.169210 0.717107 0.113683 168.529377 385.496364
56 65 64 0.221480 0.490798 0.287722 159.271532 382.048072
56 65 64 0.763555 0.173140 0.063305 168.111521 361.955521
56 65 64 0.465325 0.381952 0.152723 164.255044 377.120343
56 65 64 0.196958 0.675141 0.127901 165.177585 381.470138
56 65 64 0.988069 0.011009 0.000922 173.578900 356.529854
56 65 64 0.004233 0.202435 0.793332 139.997604 391.316518
56 65 64 0.580790 0.000144 0.419067 153.940324 369.207126
56 65 64 0.696545 0.284829 0.018626 171.914861 365.602925
56 57 65 0.533858 0.320268 0.145874 183.692527 360.455549
56 57 65 0.939038 0.030598 0.030364 173.720682 357.328868
56 57 65 0.968427 0.000156 0.031417 171.220236 356.533156
56 57 65 0.889656 0.001355 0.108989 173.809116 359.363904
56 57 65 0.369248 0.380637 0.250114 188.082106 362.953713
56 57 65 0.578060 0.260676 0.161264 180.587674 363.918316
56 57 65 0.741254 0.249003 0.009743 177.660772 354.155016
56 57 65 0.115539 0.263825 0.620636 179.988937 377.240938
56 57 65 0.622448 0.208881 0.168671 178.121791 363.189001
56 57 65 0.043667 0.735003 0.221330 200.887441 358.044127
57 66 65 0.916117 0.072419 0.011464 210.142413 355.496642
57 66 65 0.566024 0.037960 0.396016 194.438745 370.444715
57 66 65 0.674267 0.142046 0.183687 202.624665 367.473684
57 66 65 0.146301 0.626410 0.227289 199.958668 384.069343
57 66 65 0.389194 0.085028 0.525778 189.721023 375.220227
57 66 65 0.413734 0.001995 0.584270 184.738276 374.995391
57 66 65 0.978120 0.002395 0.019485 207.826784 354.748638
57 66 65 0.799519 0.173647 0.026834 205.525120 359.320049
57 66 65 0.031584 0.725027 0.243389 200.522654 390.129862
57 66 65 0.752259 0.145893 0.101848 205.787624 363.638192
57 58 66 0.359185 0.042328 0.598487 212.093603 378.067908
57 58 66 0.089457 0.068925 0.841619 212.854515 386.347698
57 58 66 0.175773 0.043791 0.780436 211.949384 385.482400
57 58 66 0.206187 0.463348 0.330465 225.708374 369.003399
57 58 66 0.202247 0.758578 0.039175 237.839843 352.564025
57 58 66 0.304668 0.013714 0.681619 212.146708 381.904361
57 58 66 0.517010 0.293127 0.189863 219.930885 362.229600
57 58 66 0.298933 0.623572 0.077495 231.757440 354.203850
57 58 66 0.937840 0.050907 0.011253 210.966412 352.541096
57 58 66 0.136269 0.485315 0.378416 225.713816 367.124723
58 67 66 0.082168 0.033549 0.884283 215.127528 387.536242
58 67 66 0.507137 0.395531 0.097332 244.636458 372.156517
58 67 66 0.400691 0.200110 0.399199 228.444538 375.306883
58 67 66 0.376521 0.238369 0.385110 232.803126 376.964551
58 67 66 0.809190 0.117341 0.073468 241.552841 358.822673
58 67 66 0.080249 0.829395 0.090356 247.280568 390.590211
58 67 66 0.032729 0.892034 0.075237 245.355251 393.856820
58 67 66 0.128262 0.611709 0.260028 240.852272 386.032849
58 67 66 0.586120 0.338974 0.074906 243.190806 369.229323
58 67 66 0.478631 0.286904 0.234465 232.917189 375.408938
58 59 67 0.007329 0.212907 0.779763 256.659829 388.765492
58 59 67 0.399986 0.558992 0.041022 266.209900 354.413721
58 59 67 0.361599 0.337328 0.301073 260.370203 363.806471
58 59 67 0.523710 0.421980 0.054310 263.276990 351.200969
58 59 67 0.736313 0.216421 0.047267 256.892741 350.315574
58 59 67 0.376132 0.047634 0.576234 246.937021 379.660416
58 59 67 0.662558 0.313748 0.023694 261.684016 353.488261
58 59 67 0.985782 0.008566 0.005652 249.798823 352.564139
58 59 67 0.815038 0.145377 0.039585 252.894006 352.082005
58 59 67 0.822448 0.135675 0.041877 252.788902 352.232536
59 68 67 0.900539 0.077099 0.022362 281.845170 356.085628
59 68 67 0.562416 0.201887 0.235697 278.543957 370.147076
59 68 67 0.647164 0.113596 0.239240 274.983611 365.376877
59 68 67 0.177925 0.689848 0.132227 284.284601 387.752832
59 68 67 0.813272 0.028388 0.158340 281.844867 359.957542
59 68 67 0.334622 0.095606 0.569772 263.347366 377.278213
59 68 67 0.204187 0.127511 0.668302 259.759079 387.096169
59 68 67 0.023211 0.955235 0.021554 283.534369 392.824135
59 68 67 0.664945 0.015944 0.319110 270.123967 364.545802
59 68 67 0.219520 0.006447 0.774034 258.726394 387.541645
59 60 68 0.821443 0.056237 0.122320 288.118137 359.181964
59 60 68 0.699995 0.120753 0.179252 291.204221 359.465487
59 60 68 0.732527 0.088090 0.179383 288.618333 359.031923
59 60 68 0.328301 0.012787 0.658912 289.160337 380.623825
59 60 68 0.129011 0.382681 0.488308 303.346959 375.219183
59 60 68 0.627194 0.090481 0.282325 287.850974 361.698840
59 60 68 0.400527 0.082821 0.516652 287.332675 376.706134
59 60 68 0.778930 0.128337 0.092733 292.738509 357.289873
59 60 68 0.405328 0.394378 0.200293 301.874254 358.850948
59 60 68 0.275301 0.395683 0.329015 300.250132 365.879571
60 69 68 0.021155 0.481143 0.497702 305.041227 398.786840
60 69 68 0.935447 0.013541 0.051013 321.162153 358.581303
60 69 68 0.331843 0.030072 0.638086 299.536311 381.021732
60 69 68 0.827079 0.115854 0.057066 320.912218 359.567050
60 69 68 0.014807 0.304189 0.681004 296.016285 394.208635
60 69 68 0.028422 0.133758 0.837820 293.306560 396.098755
60 69 68 0.808701 0.169936 0.021363 323.327209 364.698632
60 69 68 0.655297 0.233337 0.111366 318.761000 372.587552
60 69 68 0.810819 0.058392 0.130789 317.068081 366.009743
60 69 68 0.568211 0.164175 0.267614 313.126370 371.638491
60 61 69 0.826565 0.084274 0.089160 328.406137 356.247740
60 61 69 0.423791 0.508159 0.068050 343.467308 353.690456
60 61 69 0.706221 0.206259 0.087519 333.685592 359.174192
60 61 69 0.015428 0.689588 0.294984 350.264894 367.210523
60 61 69 0.824730 0.068868 0.106402 328.876551 355.007270
60 61 69 0.862399 0.029652 0.107949 326.186539 364.859177
60 61 69 0.880792 0.074906 0.044302 327.348434 358.139436
60 61 69 0.746541 0.220198 0.033261 333.065668 356.765027
60 61 69 0.313903 0.551069 0.135028 350.341044 360.535236
60 61 69 0.732942 0.051549 0.215509 328.073187 359.188155
61 70 69 0.955279 0.031744 0.012977 366.883580 356.852497
61 70 69 0.541469 0.070079 0.388452 348.511036 370.096687
61 70 69 0.446370 0.442787 0.110843 359.557749 377.286664
61 70 69 0.110286 0.508060 0.381654 353.597063 392.183470
61 70 69 0.673333 0.072714 0.253953 355.172299 368.092004
61 70 69 0.106139 0.247681 0.646180 340.156173 390.127529
61 70 69 0.101892 0.651773 0.246335 355.343034 390.326930
61 70 69 0.642115 0.272576 0.085309 362.806715 369.303968
61 70 69 0.857588 0.049931 0.092481 363.418856 364.865094
61 70 69 0.578636 0.038288 0.383076 345.539151 372.121290
61 62 70 0.462281 0.322277 0.215442 376.969486 361.780972
61 62 70 0.408465 0.013927 0.577608 366.338743 377.865538
61 62 70 0.537053 0.361913 0.101034 377.106322 363.200850
61 62 70 0.488040 0.455942 0.056017 382.729655 357.408933
61 62 70 0.297548 0.526874 0.175578 386.781798 360.753426
61 62 70 0.779251 0.181604 0.039146 374.603425 354.512812
61 62 70 0.787690 0.197019 0.015291 373.220386 355.585444
61 62 70 0.411033 0.035313 0.553654 369.285279 379.701916
61 62 70 0.373310 0.580523 0.046167 389.215133 356.433518
61 62 70 0.806639 0.163909 0.029452 371.578440 355.518379
62 71 70 0.580776 0.072904 0.346320 388.152187 369.308059
62 71 70 0.227075 0.755499 0.017426 406.181069 388.579793
62 71 70 0.338217 0.576574 0.085209 405.641481 383.772436
62 71 70 0.487899 0.469069 0.043031 402.454297 379.075801
62 71 70 0.838044 0.066872 0.095085 404.456944 357.689350
62 71 70 0.814561 0.031429 0.154011 400.511735 366.074226
62 71 70 0.063950 0.740856 0.195194 398.671033 392.160589
62 71 70 0.490709 0.141136 0.368155 390.075099 374.950346
62 71 70 0.927098 0.058694 0.014208 405.401476 355.599443
62 71 70 0.816369 0.011427 0.172203 395.827761 359.719417
63 64 72 0.123216 0.762829 0.113956 119.924084 393.938926
63 64 72 0.678255 0.250726 0.071018 99.876091 393.669894
63 64 72 0.465294 0.002547 0.532159 98.522710 414.966293
63 64 72 0.646324 0.119880 0.233796 100.139383 404.197313
63 64 72 0.404352 0.355075 0.240574 107.899314 404.003732
63 64 72 0.021064 0.644255 0.334681 119.127522 406.571347
63 64 72 0.322108 0.185322 0.492570 101.507970 409.514260
63 64 72 0.205264 0.118551 0.676185 97.329248 422.273313
63 64 72 0.183621 0.191035 0.625345 99.975302 415.468975
63 64 72 0.322066 0.276634 0.401299 105.877245 407.837910
64 73 72 0.340038 0.219945 0.440016 115.019635 418.398830
64 73 72 0.714015 0.065998 0.219986 125.635041 405.231425
64 73 72 0.791682 0.115431 0.092886 128.803403 400.980793
64 73 72 0.151684 0.163832 0.684485 105.499637 425.884363
64 73 72 0.487701 0.196750 0.315548 121.651152 415.010861
64 73 72 0.498755 0.349664 0.151581 127.358229 409.426062
64 73 72 0.310476 0.594528 0.094996 131.354703 421.564661
64 73 72 0.378610 0.574316 0.047073 131.439907 415.026384
64 73 72 0.804378 0.156490 0.039133 132.875136 400.780259
64 73 72 0.371987 0.571581 0.056432 133.529746 417.952154
64 65 73 0.872181 0.020872 0.106947 132.743147 396.405477
64 65 73 0.209276 0.690028 0.100696 160.945272 394.982032
64 65 73 0.479950 0.312929 0.207121 145.753935 403.708760
64 65 73 0.916480 0.022173 0.061347 134.950495 394.029285
64 65 73 0.353209 0.646656 0.000135 156.857311 394.447425
64 65 73 0.173864 0.120387 0.705749 136.082462 421.518038
64 65 73 0.135290 0.061162 0.803548 138.160042 426.982290
64 65 73 0.033748 0.464177 0.502074 150.309770 416.642844
64 65 73 0.890146 0.027079 0.082775 137.761583 397.107121
64 65 73 0.946255 0.036140 0.017605 134.240456 392.300960
65 74 73 0.305957 0.617582 0.076461 165.167033 422.608663
65 74 73 0.381412 0.223120 0.395468 155.731021 418.234283
65 74 73 0.417259 0.463242 0.119500 168.359706 417.201910
65 74 73 0.458563 0.393100 0.148338 168.837581 411.585028
65 74 73 0.770444 0.003439 0.226117 165.006552 400.389563
65 74 73 0.088303 0.820502 0.091195 164.587376 430.748653
65 74 73 0.581568 0.373946 0.044485 165.688157 408.417167
65 74 73 0.637047 0.012108 0.350845 158.683026 410.098386
65 74 73 0.357844 0.609006 0.033151 169.946386 421.641684
65 74 73 0.199811 0.357600 0.442589 156.862962 424.620547
65 66 74 0.808929 0.137675 0.053396 176.921242 400.880199
65 66 74 0.911046 0.062711 0.026244 171.603383 393.430326
65 66 74 0.760535 0.234992 0.004473 184.307268 397.113772
65 66 74 0.502016 0.304729 0.193255 182.928870 398.421252
65 66 74 0.763437 0.030848 0.205715 174.002801 400.809043
65 66 74 0.980745 0.000392 0.018863 166.551500 393.811855
65 66 74 0.917409 0.054610 0.027981 172.533229 390.967946
65 66 74 0.001070 0.067953 0.930977 172.891107 432.406755
65 66 74 0.738431 0.224675 0.036894 178.165404 392.979469
65 66 74 0.225010 0.587546 0.187444 190.694917 400.611763
66 75 74 0.775029 0.100438 0.124533 203.242806 403.149849
66 75 74 0.683543 0.293293 0.023164 210.856370 404.662914
66 75 74 0.282787 0.279069 0.438144 194.519162 424.794790
66 75 74 0.977491 0.005698 0.016811 209.725815 392.180709
66 75 74 0.676801 0.046199 0.277001 200.889305 405.146875
66 75 74 0.356484 0.240646 0.402870 192.980644 421.856595
66 75 74 0.006727 0.358990 0.634283 183.995810 428.663100
66 75 74 0.080517 0.768541 0.150942 200.936066 428.819194
66 75 74 0.199542 0.489920 0.310539 197.488273 423.771299
66 75 74 0.687972 0.293999 0.018028 208.870374 404.583876
66 67 75 0.594188 0.070324 0.335487 213.574579 407.671226
66 67 75 0.312670 0.627962 0.059368 232.697719 395.665004
66 67 75 0.228532 0.136525 0.634943 215.821065 414.948611
66 67 75 0.133178 0.453893 0.412929 226.669342 406.603720
66 67 75 0.791601 0.176749 0.031650 218.814308 391.320990
66 67 75 0.977889 0.003941 0.018170 207.281834 394.362112
66 67 75 0.752629 0.215910 0.031461 217.266668 393.617304
66 67 75 0.894524 0.009838 0.095638 210.345818 396.691177
66 67 75 0.910254 0.048979 0.040767 210.155663 394.807228
66 67 75 0.526720 0.368018 0.105262 222.680047 400.009472
67 76 75 0.489076 0.355996 0.154928 241.651055 410.171945
67 76 75 0.077976 0.793996 0.128028 243.516031 428.093085
67 76 75 0.994343 0.001120 0.004538 248.987397 395.459978
67 76 75 0.434648 0.113898 0.451453 229.916373 416.271203
67 76 75 0.522669 0.178262 0.299069 238.754485 413.417851
67 76 75 0.236830 0.744876 0.018294 249.139513 423.149617
67 76 75 0.145070 0.738150 0.116780 244.849417 430.643741
67 76 75 0.074366 0.152300 0.773334 219.167924 427.016928
67 76 75 0.038849 0.167259 0.793892 216.923280 432.148281
67 76 75 0.191294 0.530275 0.278431 239.416222 427.781134
67 68 76 0.053843 0.245561 0.700597 258.544106 420.004460
67 68 76 0.105016 0.709420 0.185565 277.425874 401.909908
67 68 76 0.437117 0.485581 0.077302 265.380997 396.019911
67 68 76 0.174992 0.747785 0.077223 279.538334 397.978672
67 68 76 0.400451 0.067201 0.532349 252.552777 414.238726
67 68 76 0.172255 0.544570 0.283174 269.843312 408.313864
67 68 76 0.958867 0.006241 0.034892 252.221924 392.679502
67 68 76 0.896679 0.011616 0.091705 250.048467 400.410892
67 68 76 0.090766 0.350741 0.558493 261.825412 413.708222
67 68 76 0.363457 0.241759 0.394784 260.881582 411.729744
68 77 76 0.513905 0.275933 0.210162 276.381061 413.179641
68 77 76 0.106560 0.655265 0.238175 276.902239 430.001179
68 77 76 0.826959 0.112567 0.060474 283.635598 403.562212
68 77 76 0.342581 0.035174 0.622245 261.207253 421.402875
68 77 76 0.857744 0.060581 0.081675 282.619896 401.554088
68 77 76 0.567533 0.384766 0.047701 285.495053 411.641612
68 77 76 0.072539 0.525932 0.401530 267.529138 432.575635
68 77 76 0.434191 0.207148 0.358661 271.678729 414.624962
68 77 76 0.515122 0.444538 0.040339 286.703258 411.948929
68 77 76 0.687033 0.033871 0.279097 278.681874 410.457265
68 69 77 0.450994 0.140535 0.408471 290.701655 411.603973
68 69 77 0.333106 0.358797 0.308097 301.547988 401.166066
68 69 77 0.760967 0.070137 0.168896 288.384187 405.073928
68 69 77 0.874738 0.098944 0.026318 289.038864 394.595083
68 69 77 0.905519 0.072164 0.022317 288.145347 400.539746
68 69 77 0.062193 0.355486 0.582321 302.655229 416.443204
68 69 77 0.280873 0.036849 0.682278 286.637222 423.931315
68 69 77 0.260180 0.365223 0.374597 299.912592 407.410604
68 69 77 0.433200 0.491653 0.075147 307.121724 397.075244
68 69 77 0.685778 0.224391 0.089831 293.650925 398.675704
69 78 77 0.775124 0.060217 0.164659 319.084490 401.089109
69 78 77 0.851724 0.119159 0.029117 323.515382 404.850981
69 78 77 0.507391 0.192037 0.300571 312.894014 414.386278
69 78 77 0.403011 0.411958 0.185031 319.874053 420.594253
69 78 77 0.525804 0.235432 0.238765 318.618232 414.136539
69 78 77 0.057681 0.637425 0.304894 312.711469 430.557639
69 78 77 0.369429 0.304900 0.325671 313.706880 419.900448
69 78 77 0.100175 0.182688 0.717138 298.854869 430.302124
69 78 77 0.710637 0.099361 0.190002 317.848639 404.187426
69 78 77 0.945742 0.015356 0.038902 322.021068 398.193913
69 70 78 0.930354 0.058588 0.011058 325.293711 393.691693
69 70 78 0.781016 0.208913 0.010071 338.086441 394.359379
69 70 78 0.301169 0.523937 0.174894 347.031045 402.742307
69 70 78 0.506207 0.196983 0.296810 335.717054 408.640857
69 70 78 0.861822 0.079257 0.058921 327.283082 397.231710
69 70 78 0.147125 0.600466 0.252410 347.911815 407.085570
69 70 78 0.477564 0.406344 0.116092 344.230026 398.910484
69 70 78 0.646231 0.334359 0.019410 337.059211 393.537478
69 70 78 0.008040 0.361803 0.630156 342.655449 420.161252
69 70 78 0.984516 0.000324 0.015160 326.507604 391.235429
70 79 78 0.082591 0.274684 0.642725 341.461090 430.393346
70 79 78 0.030948 0.808385 0.160667 362.814113 436.192616
70 79 78 0.089439 0.898427 0.012134 364.006562 434.045939
70 79 78 0.618777 0.011578 0.369645 350.789823 411.761468
70 79 78 0.010784 0.618880 0.370336 350.957498 434.222786
70 79 78 0.064608 0.516513 0.418879 350.660355 432.353263
70 79 78 0.873152 0.108774 0.018074 365.844242 400.637130
70 79 78 0.731032 0.076152 0.192816 358.872132 407.706545
70 79 78 0.280718 0.534329 0.184953 360.705144 422.657082
70 79 78 0.686780 0.260136 0.053084 362.790788 405.068864
70 71 79 0.385642 0.545839 0.068519 393.888590 398.929501
70 71 79 0.379962 0.392036 0.228001 383.090563 408.397211
70 71 79 0.043557 0.229903 0.726540 375.861523 421.273956
70 71 79 0.545227 0.063700 0.391073 371.584399 412.298687
70 71 79 0.572903 0.297275 0.129822 378.112556 400.297603
70 71 79 0.072943 0.836968 0.090089 405.829503 402.069836
70 71 79 0.717591 0.017541 0.264868 368.351361 403.848646
70 71 79 0.150024 0.604888 0.245087 395.272816 404.589475
70 71 79 0.463546 0.058321 0.478133 368.272427 413.179341
70 71 79 0.049202 0.842856 0.107942 398.052711 399.832782
71 80 79 0.097541 0.558296 0.344163 395.717227 433.339644
71 80 79 0.751722 0.020878 0.227400 397.494716 403.837853
71 80 79 0.734448 0.031896 0.233657 397.975395 410.161589
71 80 79 0.896770 0.047681 0.055549 406.086876 401.059389
71 80 79 0.717319 0.177479 0.105202 404.659356 407.559428
71 80 79 0.379823 0.616822 0.003355 411.692671 420.099280
71 80 79 0.726567 0.038794 0.234638 398.918924 408.560019
71 80 79 0.910858 0.013818 0.075323 410.189526 401.793000
71 80 79 0.263327 0.455824 0.280849 401.917124 426.486587
71 80 79 0.061685 0.685163 0.253151 401.088768 436.375003
