0 1 9 0.625348 0.100659 0.273993 122.818144 162.398521
0 1 9 0.133957 0.365311 0.500733 129.821313 170.980323
0 1 9 0.892715 0.008985 0.098301 123.912174 163.224716
0 1 9 0.279860 0.712438 0.007702 143.051938 157.995298
0 1 9 0.142967 0.784197 0.072836 144.986730 157.234079
0 1 9 0.246589 0.747826 0.005585 147.459110 157.336123
0 1 9 0.150441 0.219582 0.629977 122.862150 170.683627
0 1 9 0.394302 0.028071 0.577627 118.596587 165.817882
0 1 9 0.187352 0.810057 0.002592 146.001118 154.938902
0 1 9 0.941580 0.056201 0.002219 127.253519 155.612800
1 10 9 0.197080 0.233451 0.569469 128.885808 171.795703
1 10 9 0.539175 0.200183 0.260642 141.498642 163.793681
1 10 9 0.115042 0.447038 0.437919 133.949369 171.727374
1 10 9 0.575037 0.109885 0.315077 140.469667 165.775723
1 10 9 0.843965 0.074530 0.081505 154.442841 161.592903
1 10 9 0.606958 0.259718 0.133324 147.445988 164.310525
1 10 9 0.049510 0.084145 0.866346 118.215290 175.547035
1 10 9 0.430093 0.284007 0.285900 140.567264 169.881187
1 10 9 0.449757 0.178713 0.371530 128.619362 165.781422
1 10 9 0.867765 0.018532 0.113704 145.995550 161.707728
1 2 10 0.358070 0.092195 0.549735 150.486823 165.746191
1 2 10 0.977877 0.014149 0.007973 153.608929 157.341084
1 2 10 0.329858 0.046512 0.623630 147.997022 167.066546
1 2 10 0.782737 0.049546 0.167717 153.900606 160.570148
1 2 10 0.565987 0.155766 0.278247 155.030880 163.167133
1 2 10 0.342082 0.051109 0.606810 148.772506 168.132930
1 2 10 0.545300 0.207694 0.247006 158.247004 160.937163
1 2 10 0.484340 0.267310 0.248350 161.902937 160.080476
1 2 10 0.054026 0.439591 0.506383 163.678008 166.993299
1 2 10 0.551358 0.047107 0.401535 152.792481 162.387325
2 11 10 0.932705 0.007275 0.060020 187.363439 155.853240
2 11 10 0.231414 0.758258 0.010329 180.433589 167.551838
2 11 10 0.174810 0.729506 0.095684 175.025399 170.044472
2 11 10 0.111679 0.836025 0.052296 178.891113 171.795792
2 11 10 0.870375 0.087693 0.041931 180.214614 158.813319
2 11 10 0.121618 0.698302 0.180080 176.023107 173.538455
2 11 10 0.942479 0.020677 0.036844 182.984158 156.787462
2 11 10 0.020090 0.612647 0.367263 165.993658 173.455673
2 11 10 0.995293 0.001117 0.003591 183.998720 158.505904
2 11 10 0.572987 0.012088 0.414925 172.162827 163.320761
2 3 11 0.411269 0.583988 0.004743 207.044650 155.277022
2 3 11 0.111632 0.459205 0.429163 202.219150 164.697999
2 3 11 0.130226 0.463002 0.406772 198.755961 162.973813
2 3 11 0.855786 0.032690 0.111525 184.263823 156.979505
2 3 11 0.639938 0.017647 0.342415 185.556459 162.036199
2 3 11 0.155974 0.474865 0.369161 198.898749 161.174097
2 3 11 0.752152 0.113005 0.134843 186.838026 159.334838
2 3 11 0.432480 0.395250 0.172270 195.035851 158.050984
2 3 11 0.413174 0.201787 0.385039 192.150114 161.786818
2 3 11 0.390158 0.431882 0.177960 196.967324 157.799726
3 12 11 0.329657 0.020798 0.649545 196.852509 170.595025
3 12 11 0.200471 0.014350 0.785179 188.134727 169.431817
3 12 11 0.510265 0.440453 0.049282 213.350098 167.116945
3 12 11 0.301523 0.196792 0.501686 198.773996 166.180169
3 12 11 0.816074 0.066649 0.117277 211.260728 158.203530
3 12 11 0.963936 0.012340 0.023723 212.154680 156.831273
3 12 11 0.834678 0.018615 0.146707 214.917029 152.411828
3 12 11 0.928823 0.033104 0.038073 220.391796 152.058196
3 12 11 0.322699 0.224302 0.452999 202.864668 166.436787
3 12 11 0.949460 0.030291 0.020249 216.509853 155.828548
3 4 12 0.383856 0.439132 0.177011 232.473372 161.557133
3 4 12 0.038166 0.654019 0.307814 239.176643 159.579472
3 4 12 0.256832 0.434857 0.308312 230.929500 159.269163
3 4 12 0.472036 0.013361 0.514604 219.278043 166.616913
3 4 12 0.383196 0.108066 0.508738 217.574116 163.776831
3 4 12 0.591975 0.067350 0.340675 217.005183 161.328395
3 4 12 0.675916 0.254343 0.069741 227.385016 156.790942
3 4 12 0.827901 0.012731 0.159367 218.627691 155.283407
3 4 12 0.001431 0.774257 0.224312 244.787309 158.175757
3 4 12 0.183505 0.226866 0.589630 223.744705 166.278293
4 13 12 0.315083 0.256282 0.428634 234.727969 169.502475
4 13 12 0.235360 0.475027 0.289613 242.741732 170.406038
4 13 12 0.373246 0.383793 0.242961 239.553363 162.808886
4 13 12 0.071672 0.755792 0.172536 243.040778 170.771614
4 13 12 0.119071 0.481507 0.399422 236.089403 173.751092
4 13 12 0.292618 0.494020 0.213361 241.564312 165.754540
4 13 12 0.752364 0.226893 0.020744 251.761286 155.680148
4 13 12 0.242099 0.142517 0.615383 227.242721 171.002586
4 13 12 0.204138 0.213211 0.582652 231.208980 168.966714
4 13 12 0.825069 0.159571 0.015360 248.835987 161.739573
4 5 13 0.753010 0.059369 0.187622 253.787769 158.189387
4 5 13 0.138311 0.644200 0.217489 273.021839 157.772338
4 5 13 0.980055 0.018247 0.001698 252.571456 156.394920
4 5 13 0.637895 0.343618 0.018487 261.657740 155.422069
4 5 13 0.749579 0.041052 0.209369 254.122056 164.640243
4 5 13 0.461954 0.450127 0.087919 266.465426 155.171843
4 5 13 0.543610 0.038598 0.417792 250.845878 165.979981
4 5 13 0.440376 0.454513 0.105111 271.530246 155.324863
4 5 13 0.797836 0.054557 0.147608 250.454384 158.621865
4 5 13 0.058934 0.222587 0.718479 259.554398 166.067583
5 14 13 0.073719 0.846435 0.079846 286.114496 169.145543
5 14 13 0.053220 0.289223 0.657557 266.112152 170.248164
5 14 13 0.187481 0.171832 0.640687 262.971034 168.611686
5 14 13 0.894357 0.033709 0.071934 285.933988 155.715197
5 14 13 0.699497 0.073079 0.227424 279.158004 157.893288
5 14 13 0.248821 0.708988 0.042191 286.590030 170.124136
5 14 13 0.573639 0.369596 0.056764 285.831531 162.045370
5 14 13 0.220716 0.284589 0.494695 266.629204 165.532673
5 14 13 0.010784 0.558345 0.430871 274.783969 176.217812
5 14 13 0.755087 0.176746 0.068167 286.500657 158.728112
5 6 14 0.593587 0.295646 0.110767 299.413142 157.135150
5 6 14 0.428050 0.448377 0.123574 299.066338 157.310358
5 6 14 0.208647 0.547775 0.243578 304.717392 159.677734
5 6 14 0.916965 0.021737 0.061297 286.863382 151.830812
5 6 14 0.085582 0.561674 0.352743 307.790845 161.439955
5 6 14 0.828904 0.121428 0.049668 292.497129 154.811736
5 6 14 0.289781 0.157590 0.552629 294.199637 163.522966
5 6 14 0.991392 0.000740 0.007868 287.186508 157.086843
5 6 14 0.055941 0.599414 0.344645 310.565474 159.777865
5 6 14 0.351897 0.512968 0.135136 303.520995 155.716543
6 15 14 0.069115 0.654326 0.276558 316.081398 167.848917
6 15 14 0.133712 0.775271 0.091017 323.821665 167.972832
6 15 14 0.311629 0.095292 0.593078 303.102470 168.516732
6 15 14 0.147368 0.490044 0.362588 312.364656 169.080201
6 15 14 0.268897 0.712079 0.019023 323.804442 166.908687
6 15 14 0.997279 0.001435 0.001286 324.550550 153.876146
6 15 14 0.197365 0.646973 0.155662 319.993134 165.742715
6 15 14 0.660750 0.241616 0.097634 319.021540 161.571140
6 15 14 0.892151 0.089767 0.018081 318.010967 155.770279
6 15 14 0.687716 0.077365 0.234919 317.540518 159.954427
6 7 15 0.131418 0.602725 0.265857 343.175101 158.469738
6 7 15 0.940135 0.032215 0.027650 318.956969 153.733714
6 7 15 0.424297 0.135939 0.439764 331.359250 163.558415
6 7 15 0.191099 0.346415 0.462486 334.436112 160.749290
6 7 15 0.077748 0.259531 0.662722 336.499308 163.891575
6 7 15 0.997732 0.001411 0.000856 325.616656 150.903862
6 7 15 0.102732 0.393395 0.503873 337.251960 162.334378
6 7 15 0.062313 0.175849 0.761838 335.425702 167.730454
6 7 15 0.877543 0.047890 0.074566 321.773972 154.780315
6 7 15 0.881262 0.031157 0.087581 324.877755 152.777076
7 16 15 0.486047 0.208589 0.305364 350.490946 162.088472
7 16 15 0.490153 0.025652 0.484195 346.238414 166.104264
7 16 15 0.951314 0.024378 0.024308 357.023484 157.944545
7 16 15 0.792827 0.122209 0.084964 358.144592 156.198861
7 16 15 0.295392 0.486818 0.217790 353.610583 165.028261
7 16 15 0.004516 0.907885 0.087599 359.046232 168.851485
7 16 15 0.394221 0.130847 0.474932 344.501136 163.781270
7 16 15 0.018721 0.582143 0.399137 349.729350 172.093626
7 16 15 0.357282 0.490141 0.152577 359.275163 164.075591
7 16 15 0.108391 0.880242 0.011367 362.332874 167.022469
7 8 16 0.818172 0.109267 0.072561 364.506305 154.461453
7 8 16 0.851294 0.016880 0.131826 358.917839 150.542248
7 8 16 0.659056 0.236818 0.104126 371.188784 153.591526
7 8 16 0.955833 0.021304 0.022863 359.638069 150.897609
7 8 16 0.991146 0.003998 0.004856 359.632525 151.979933
7 8 16 0.071139 0.420133 0.508727 378.714132 159.902975
7 8 16 0.025931 0.622230 0.351839 380.793698 161.912576
7 8 16 0.635264 0.202490 0.162246 368.833240 153.863478
7 8 16 0.141358 0.497278 0.361364 379.951821 157.911827
7 8 16 0.894485 0.006665 0.098850 354.147511 149.731972
8 17 16 0.911135 0.042242 0.046624 393.944170 148.454121
8 17 16 0.138915 0.740888 0.120197 395.560046 169.679186
8 17 16 0.168840 0.613699 0.217461 399.590329 165.417399
8 17 16 0.122007 0.781336 0.096657 396.323876 169.874434
8 17 16 0.444285 0.334412 0.221303 390.612634 162.377208
8 17 16 0.588966 0.101006 0.310029 384.863029 161.088162
8 17 16 0.203241 0.552566 0.244193 393.147555 167.021349
8 17 16 0.570435 0.424570 0.004995 396.204343 157.600141
8 17 16 0.727765 0.214167 0.058069 396.738843 152.094169
8 17 16 0.876932 0.074956 0.048112 388.676320 153.087208
9 10 18 0.617739 0.349544 0.032717 122.142788 176.304843
9 10 18 0.734264 0.003072 0.262664 110.115828 180.962011
9 10 18 0.523732 0.304911 0.171357 119.433448 177.967705
9 10 18 0.511086 0.083187 0.405727 110.071137 181.747029
9 10 18 0.365002 0.460404 0.174593 126.453779 176.999248
9 10 18 0.537591 0.360023 0.102386 124.269220 178.854863
9 10 18 0.909839 0.050107 0.040054 112.759105 178.194109
9 10 18 0.614474 0.353015 0.032511 126.472290 173.840987
9 10 18 0.657768 0.320609 0.021623 122.477039 174.155966
9 10 18 0.436435 0.002703 0.560863 105.544275 187.985871
10 19 18 0.630458 0.260368 0.109174 134.934775 184.411072
10 19 18 0.958880 0.002569 0.038551 144.237257 174.880273
10 19 18 0.098949 0.455034 0.446017 120.522198 198.407815
10 19 18 0.033178 0.000021 0.966801 101.537217 198.977423
10 19 18 0.740910 0.001042 0.258048 136.422920 180.022447
10 19 18 0.459118 0.169560 0.371321 128.853809 191.341865
10 19 18 0.624435 0.120872 0.254693 131.356406 186.221638
10 19 18 0.914730 0.083365 0.001905 142.060731 178.989221
10 19 18 0.929923 0.010197 0.059880 138.962084 174.711041
10 19 18 0.135300 0.152820 0.711880 110.002687 195.253850
10 11 19 0.240403 0.010643 0.748953 137.578920 190.460876
10 11 19 0.594508 0.253758 0.151735 150.285571 176.607520
10 11 19 0.884691 0.086019 0.029290 143.962400 176.262228
10 11 19 0.847043 0.084662 0.068295 148.611853 176.007114
10 11 19 0.988475 0.003148 0.008377 144.576734 173.947340
10 11 19 0.212298 0.057395 0.730306 138.327371 194.850576
10 11 19 0.142664 0.471729 0.385607 154.457403 182.389701
10 11 19 0.961351 0.028021 0.010628 148.018021 176.249339
10 11 19 0.903884 0.048693 0.047422 144.358071 173.953062
10 11 19 0.245997 0.036882 0.717121 138.321387 195.752798
11 20 19 0.462356 0.472919 0.064725 171.250691 184.577923
11 20 19 0.392138 0.472121 0.135741 169.598566 189.487602
11 20 19 0.028274 0.876013 0.095713 169.516557 201.718970
11 20 19 0.723354 0.163990 0.112656 173.260424 181.334116
11 20 19 0.679212 0.176942 0.143845 169.082421 180.635285
11 20 19 0.751416 0.014207 0.234377 167.500640 181.718650
11 20 19 0.483327 0.458288 0.058385 172.044170 186.921651
11 20 19 0.267133 0.719941 0.012927 171.470443 193.102750
11 20 19 0.571059 0.357656 0.071285 171.404059 187.193430
11 20 19 0.272267 0.355129 0.372604 155.097675 192.663809
11 12 20 0.748990 0.195238 0.055772 185.198172 176.279746
11 12 20 0.730363 0.018587 0.251050 179.975798 177.555493
11 12 20 0.685185 0.314703 0.000112 189.980167 174.985083
11 12 20 0.319662 0.526822 0.153517 194.422690 173.848539
11 12 20 0.216776 0.096591 0.686633 174.469660 192.476621
11 12 20 0.885782 0.050508 0.063710 181.920204 173.979279
11 12 20 0.287213 0.186476 0.526311 182.514125 188.520799
11 12 20 0.079512 0.065155 0.855333 173.777447 197.480924
11 12 20 0.068579 0.184809 0.746612 178.958047 191.959951
11 12 20 0.263858 0.135005 0.601137 178.104740 189.848218
12 21 20 0.417024 0.553288 0.029688 206.005279 188.173487
12 21 20 0.631393 0.264700 0.103906 210.218765 181.186879
12 21 20 0.725662 0.260520 0.013818 214.070440 181.546914
12 21 20 0.694104 0.037732 0.268163 201.667211 180.111381
12 21 20 0.114968 0.441682 0.443350 190.682091 200.373921
12 21 20 0.436769 0.231084 0.332147 199.097178 189.607409
12 21 20 0.618935 0.084438 0.296628 204.905978 184.284190
12 21 20 0.412741 0.360028 0.227231 201.871683 185.996094
12 21 20 0.773394 0.004728 0.221878 203.033202 182.019965
12 21 20 0.187021 0.554379 0.258600 199.023466 193.186339
12 13 21 0.957215 0.015947 0.026838 213.937507 173.462341
12 13 21 0.185473 0.225132 0.589395 218.342110 188.604999
12 13 21 0.363632 0.338757 0.297610 228.525065 181.564681
12 13 21 0.085573 0.259656 0.654771 215.707498 188.868220
12 13 21 0.123141 0.064666 0.812193 211.087392 196.082457
12 13 21 0.305182 0.078860 0.615959 215.076202 191.692678
12 13 21 0.844494 0.148180 0.007326 220.982154 172.580507
12 13 21 0.081211 0.180699 0.738090 213.140296 194.440475
12 13 21 0.113520 0.384243 0.502237 225.271377 184.567020
12 13 21 0.613476 0.245910 0.140615 220.813252 176.994783
13 22 21 0.754377 0.161468 0.084155 247.375711 179.886854
13 22 21 0.653311 0.161856 0.184834 240.377898 181.559098
13 22 21 0.988503 0.004604 0.006893 246.689874 171.977645
13 22 21 0.161826 0.410928 0.427246 227.255367 197.767962
13 22 21 0.913683 0.016829 0.069487 247.935787 175.895474
13 22 21 0.422067 0.183490 0.394443 231.889660 189.846221
13 22 21 0.244472 0.719840 0.035688 242.251305 191.649438
13 22 21 0.873615 0.060335 0.066050 248.586950 175.264636
13 22 21 0.941499 0.003667 0.054834 248.864828 173.257498
13 22 21 0.160667 0.680428 0.158905 242.261094 194.605988
13 14 22 0.242123 0.058364 0.699513 250.470417 187.579014
13 14 22 0.287463 0.104438 0.608099 251.360660 190.901175
13 14 22 0.600876 0.304475 0.094649 263.405340 173.876662
13 14 22 0.522291 0.225631 0.252078 258.207188 178.527557
13 14 22 0.825996 0.033786 0.140218 251.393309 176.899766
13 14 22 0.671835 0.189729 0.138436 255.733619 174.087695
13 14 22 0.724977 0.243074 0.031949 260.124653 175.045072
13 14 22 0.812670 0.085508 0.101822 256.028052 176.657475
13 14 22 0.819229 0.118366 0.062405 251.561584 172.462929
13 14 22 0.890781 0.026294 0.082925 249.683962 172.509275
14 23 22 0.130666 0.443234 0.426099 267.327000 197.781862
14 23 22 0.277900 0.042120 0.679980 262.003698 191.811081
14 23 22 0.963786 0.029272 0.006942 286.537080 174.102727
14 23 22 0.308134 0.146035 0.545831 267.832052 188.347979
14 23 22 0.360617 0.247243 0.392140 270.214958 189.523121
14 23 22 0.396482 0.158191 0.445327 270.229431 190.098932
14 23 22 0.431834 0.510042 0.058124 286.237399 187.548035
14 23 22 0.619531 0.026571 0.353898 271.290084 182.995949
14 23 22 0.421384 0.035921 0.542696 261.209801 186.055729
14 23 22 0.992649 0.004040 0.003311 289.948897 169.862181
14 15 23 0.550690 0.147904 0.301405 294.645323 177.805786
14 15 23 0.023941 0.621034 0.355025 314.057507 179.943010
14 15 23 0.935632 0.006153 0.058215 289.698353 169.991534
14 15 23 0.767129 0.211444 0.021427 298.517137 172.133780
14 15 23 0.967551 0.022230 0.010218 288.287321 175.282965
14 15 23 0.497069 0.415301 0.087630 304.409621 171.811243
14 15 23 0.771878 0.036457 0.191665 292.078961 175.448855
14 15 23 0.592938 0.149720 0.257341 294.342019 177.152012
14 15 23 0.256989 0.610628 0.132383 307.254510 175.945464
14 15 23 0.321075 0.569188 0.109738 311.640396 176.399722
15 24 23 0.096456 0.871775 0.031769 327.794224 195.652146
15 24 23 0.409703 0.398803 0.191494 322.369153 186.791213
15 24 23 0.884439 0.104521 0.011041 326.529347 177.165363
15 24 23 0.218281 0.672998 0.108721 321.133994 190.933888
15 24 23 0.060631 0.905885 0.033485 329.223668 203.242496
15 24 23 0.928436 0.053151 0.018413 321.878832 174.438279
15 24 23 0.701369 0.009500 0.289131 317.176907 182.517575
15 24 23 0.491483 0.381832 0.126685 321.583523 186.289195
15 24 23 0.082461 0.217193 0.700346 299.450122 199.922276
15 24 23 0.192512 0.441336 0.366152 313.555413 193.746423
15 16 24 0.579035 0.337781 0.083184 341.061085 173.008491
15 16 24 0.421802 0.182627 0.395571 332.504896 183.470248
15 16 24 0.481899 0.436588 0.081513 344.082811 167.793463
15 16 24 0.847137 0.104951 0.047912 330.455884 173.835806
15 16 24 0.356330 0.345688 0.297983 340.612494 180.256150
15 16 24 0.842632 0.147212 0.010157 331.050833 173.397477
15 16 24 0.223104 0.546423 0.230473 346.193585 176.000175
15 16 24 0.782092 0.074557 0.143351 328.605237 176.129243
15 16 24 0.764663 0.024617 0.210720 326.967780 177.534739
15 16 24 0.056320 0.883552 0.060128 360.970378 171.537700
16 25 24 0.131015 0.397787 0.471198 344.231049 196.269428
16 25 24 0.779108 0.137071 0.083821 364.212193 174.826554
16 25 24 0.027077 0.776554 0.196370 361.501568 198.399288
16 25 24 0.638635 0.090603 0.270762 357.125729 177.031551
16 25 24 0.669112 0.251860 0.079028 361.724556 181.242960
16 25 24 0.664591 0.154910 0.180499 358.427578 181.500625
16 25 24 0.544892 0.172131 0.282977 353.375068 181.439540
16 25 24 0.124066 0.513402 0.362531 351.889796 199.266338
16 25 24 0.135482 0.625082 0.239435 357.032499 196.070243
16 25 24 0.852843 0.024011 0.123146 358.245312 177.161190
16 17 25 0.000113 0.207964 0.791924 373.748696 195.295289
16 17 25 0.408359 0.571373 0.020268 383.934530 170.197309
16 17 25 0.410311 0.205899 0.383789 375.222309 180.820333
16 17 25 0.356857 0.314038 0.329105 378.931850 180.831347
16 17 25 0.635894 0.063367 0.300739 370.630475 181.424388
16 17 25 0.597899 0.093683 0.308419 368.775509 180.326375
16 17 25 0.463420 0.185151 0.351429 374.992471 184.260883
16 17 25 0.711227 0.040242 0.248531 368.604272 179.476891
16 17 25 0.566163 0.369098 0.064739 382.002030 174.195811
16 17 25 0.891445 0.075347 0.033208 364.662311 174.951634
17 26 25 0.495760 0.053961 0.450279 385.944666 185.401498
17 26 25 0.294207 0.001436 0.704357 373.294799 192.867127
17 26 25 0.793516 0.132144 0.074340 399.178256 176.023691
17 26 25 0.898115 0.022718 0.079168 398.234446 172.352879
17 26 25 0.521649 0.220919 0.257432 392.731428 185.311399
17 26 25 0.020960 0.272963 0.706076 376.829689 200.928343
17 26 25 0.076233 0.755254 0.168514 398.894619 194.632255
17 26 25 0.608157 0.027533 0.364310 389.086572 183.247179
17 26 25 0.370467 0.602124 0.027409 405.536125 188.309541
17 26 25 0.430372 0.560955 0.008673 406.387933 188.035285
18 19 27 0.156445 0.213896 0.629659 100.520401 218.802107
18 19 27 0.853485 0.107785 0.038729 102.932162 199.027943
18 19 27 0.355288 0.435791 0.208921 113.637328 206.317315
18 19 27 0.151885 0.683598 0.164517 119.904371 203.733031
18 19 27 0.395888 0.238534 0.365578 103.877376 211.916121
18 19 27 0.498864 0.111948 0.389188 100.823412 216.017055
18 19 27 0.881185 0.100544 0.018271 103.175050 197.322472
18 19 27 0.667386 0.024880 0.307734 96.783929 209.234012
18 19 27 0.978446 0.016539 0.005015 100.662481 201.158788
18 19 27 0.953726 0.035651 0.010623 101.074900 197.411995
19 28 27 0.864361 0.042187 0.093452 127.962384 205.348880
19 28 27 0.411329 0.347809 0.240862 118.662116 220.509081
19 28 27 0.838439 0.063611 0.097950 127.884584 204.585977
19 28 27 0.064932 0.701418 0.233650 124.040584 232.544674
19 28 27 0.384339 0.493190 0.122471 128.754330 216.932565
19 28 27 0.320715 0.193660 0.485625 115.807576 221.442000
19 28 27 0.703325 0.039027 0.257648 118.203063 213.911548
19 28 27 0.612875 0.311117 0.076008 128.118037 213.100780
19 28 27 0.683192 0.193596 0.123213 130.298288 212.679989
19 28 27 0.579915 0.199062 0.221023 123.362872 212.894075
19 20 28 0.629315 0.057253 0.313432 133.802587 212.604407
19 20 28 0.175594 0.218643 0.605763 137.051601 221.263922
19 20 28 0.774015 0.082782 0.143203 133.490480 203.583840
19 20 28 0.044920 0.749014 0.206066 159.735143 207.644648
19 20 28 0.373833 0.598170 0.027997 156.333883 203.591938
19 20 28 0.229036 0.305131 0.465833 140.461220 218.544883
19 20 28 0.452704 0.017317 0.529980 131.551481 220.523826
19 20 28 0.194944 0.423273 0.381783 149.993849 211.155226
19 20 28 0.641368 0.182078 0.176554 140.134410 207.652031
19 20 28 0.958188 0.013760 0.028051 132.873754 203.612903
20 29 28 0.186193 0.695816 0.117991 165.022699 226.598206
20 29 28 0.506384 0.376857 0.116759 164.077191 219.086186
20 29 28 0.386068 0.050062 0.563870 143.192526 220.678115
20 29 28 0.738091 0.030617 0.231292 161.111602 210.669389
20 29 28 0.810269 0.112074 0.077656 166.465137 207.946725
20 29 28 0.850167 0.062753 0.087080 167.193158 206.147635
20 29 28 0.564927 0.289364 0.145710 159.419496 215.717395
20 29 28 0.588931 0.347835 0.063234 164.818644 213.327827
20 29 28 0.524135 0.334853 0.141012 160.656185 217.514914
20 29 28 0.316874 0.634717 0.048410 164.187511 221.872893
20 21 29 0.564608 0.338555 0.096837 181.246101 201.743850
20 21 29 0.591573 0.120834 0.287592 172.268864 210.840207
20 21 29 0.842813 0.013569 0.143618 170.373851 206.665677
20 21 29 0.400125 0.163410 0.436466 175.848537 215.955873
20 21 29 0.933420 0.031250 0.035330 170.495204 201.183931
20 21 29 0.521048 0.143786 0.335166 175.751268 213.722442
20 21 29 0.856767 0.138091 0.005142 174.299770 202.212612
20 21 29 0.861740 0.124909 0.013351 174.890016 202.764485
20 21 29 0.090729 0.885922 0.023350 205.124667 200.692081
20 21 29 0.757144 0.203748 0.039107 177.510730 202.184057
21 30 29 0.658357 0.225388 0.116255 204.554404 209.995233
21 30 29 0.062592 0.620347 0.317061 192.378595 231.100679
21 30 29 0.817106 0.080978 0.101916 202.901421 203.420670
21 30 29 0.601296 0.358535 0.040169 203.488532 212.363082
21 30 29 0.414439 0.412279 0.173283 200.331713 221.938144
21 30 29 0.742641 0.206693 0.050665 203.515839 206.559509
21 30 29 0.691803 0.147236 0.160962 200.498455 211.148678
21 30 29 0.609897 0.338697 0.051406 205.669604 210.267182
21 30 29 0.343822 0.400269 0.255908 194.433353 219.970787
21 30 29 0.441122 0.094891 0.463988 186.817292 220.077235
21 22 30 0.985604 0.001850 0.012546 204.754863 197.667023
21 22 30 0.718863 0.200509 0.080628 217.816127 203.736313
21 22 30 0.228318 0.265735 0.505947 214.236196 214.589749
21 22 30 0.193029 0.762816 0.044155 240.956696 198.717810
21 22 30 0.725426 0.217847 0.056727 214.674164 202.093645
21 22 30 0.828889 0.059489 0.111623 210.137339 201.256159
21 22 30 0.446811 0.269679 0.283510 215.925902 210.695471
21 22 30 0.035222 0.075157 0.889621 209.628097 229.568692
21 22 30 0.349993 0.615198 0.034809 230.929451 203.657774
21 22 30 0.661837 0.031428 0.306735 206.371871 208.358801
22 31 30 0.429246 0.536533 0.034221 242.820866 215.655225
22 31 30 0.619915 0.021270 0.358816 230.249319 212.078069
22 31 30 0.827504 0.089173 0.083323 239.981091 203.798535
22 31 30 0.752040 0.097162 0.150798 241.639495 203.926546
22 31 30 0.115888 0.874296 0.009816 242.781049 232.559836
22 31 30 0.767960 0.135780 0.096259 238.556562 206.679589
22 31 30 0.116595 0.690244 0.193161 233.906448 226.470237
22 31 30 0.104173 0.443856 0.451971 228.572778 230.194545
22 31 30 0.965250 0.006918 0.027831 245.480297 200.505705
22 31 30 0.378655 0.367124 0.254221 235.506616 220.809354
22 23 31 0.745485 0.214372 0.040143 253.297314 198.050311
22 23 31 0.553467 0.329678 0.116854 259.816515 203.363244
22 23 31 0.253556 0.148132 0.598312 249.857281 219.868406
22 23 31 0.022531 0.914082 0.063387 284.343616 198.997209
22 23 31 0.040784 0.154126 0.805090 252.175072 226.765631
22 23 31 0.324434 0.249995 0.425571 255.850610 211.106715
22 23 31 0.600033 0.390489 0.009478 261.600540 199.098220
22 23 31 0.829325 0.088719 0.081956 252.125772 208.077492
22 23 31 0.825351 0.026977 0.147672 247.112643 203.775403
22 23 31 0.181773 0.574647 0.243579 270.893047 205.258354
23 32 31 0.434956 0.069689 0.495356 265.049358 217.172508
23 32 31 0.112274 0.325537 0.562190 263.126583 230.086427
23 32 31 0.440358 0.262080 0.297561 273.529091 219.638480
23 32 31 0.827192 0.103112 0.069696 283.392581 209.789942
23 32 31 0.555912 0.191778 0.252310 277.181994 216.546233
23 32 31 0.806890 0.074453 0.118656 283.037520 208.996231
23 32 31 0.199372 0.094281 0.706347 261.928523 224.360504
23 32 31 0.238760 0.350067 0.411173 266.917351 222.840282
23 32 31 0.314482 0.066222 0.619296 259.284287 222.104042
23 32 31 0.158550 0.115604 0.725846 254.772944 229.083627
23 24 32 0.791771 0.159098 0.049131 292.835680 201.362419
23 24 32 0.041465 0.846023 0.112511 321.792762 201.180158
23 24 32 0.843292 0.149965 0.006743 295.155654 198.792927
23 24 32 0.290610 0.009649 0.699740 286.560173 222.348236
23 24 32 0.171245 0.015577 0.813178 285.906083 229.727547
23 24 32 0.729983 0.205089 0.064928 292.553887 202.824992
23 24 32 0.379959 0.284419 0.335622 293.805923 210.366130
23 24 32 0.165881 0.205989 0.628131 292.753391 221.852412
23 24 32 0.711275 0.083160 0.205565 289.088383 207.268063
23 24 32 0.030998 0.852337 0.116665 322.086946 202.700146
24 33 32 0.111438 0.600357 0.288205 315.069266 226.179816
24 33 32 0.387325 0.199482 0.413194 307.993182 220.412440
24 33 32 0.125206 0.109171 0.765623 294.471570 229.681831
24 33 32 0.001827 0.413952 0.584221 303.128033 233.705154
24 33 32 0.756183 0.095489 0.148328 320.109191 207.810961
24 33 32 0.081263 0.879773 0.038964 323.006912 232.654830
24 33 32 0.067192 0.325449 0.607359 296.643711 232.109866
24 33 32 0.263252 0.137364 0.599384 303.494746 225.009298
24 33 32 0.199799 0.313407 0.486794 304.664652 224.801740
24 33 32 0.405749 0.068038 0.526213 304.882516 221.758567
24 25 33 0.925487 0.009470 0.065043 328.566484 204.819381
24 25 33 0.521193 0.167285 0.311522 338.853734 211.068608
24 25 33 0.993698 0.002089 0.004213 326.087789 198.374296
24 25 33 0.500099 0.110933 0.388967 333.216169 209.154366
24 25 33 0.420224 0.513210 0.066566 346.153558 200.490970
24 25 33 0.880378 0.109407 0.010215 331.894598 198.134609
24 25 33 0.259858 0.167940 0.572202 332.529743 216.726670
24 25 33 0.904419 0.047020 0.048561 327.690739 203.363081
24 25 33 0.391627 0.177648 0.430726 333.743500 215.319890
24 25 33 0.530033 0.017580 0.452387 329.739857 214.452784
25 34 33 0.975331 0.007283 0.017386 367.937596 200.870988
25 34 33 0.520780 0.420552 0.058668 368.520903 215.763611
25 34 33 0.205123 0.429125 0.365752 354.081573 223.722386
25 34 33 0.293818 0.552652 0.153531 357.734173 224.254405
25 34 33 0.123758 0.327403 0.548839 349.732118 227.401281
25 34 33 0.311988 0.179843 0.508169 346.002908 220.685130
25 34 33 0.556692 0.228826 0.214481 357.105504 215.697367
25 34 33 0.396013 0.191146 0.412841 349.875553 218.209950
25 34 33 0.372918 0.007461 0.619621 344.682385 219.698974
25 34 33 0.551539 0.170873 0.277588 359.210806 216.287359
25 26 34 0.725314 0.175569 0.099118 373.341559 205.682210
25 26 34 0.871050 0.004057 0.124893 368.165251 203.959037
25 26 34 0.300656 0.150481 0.548863 373.109259 220.506509
25 26 34 0.263747 0.332765 0.403488 379.984670 211.288146
25 26 34 0.975287 0.008113 0.016600 365.687153 199.553624
25 26 34 0.598016 0.068840 0.333144 368.893301 209.848041
25 26 34 0.013778 0.281613 0.704609 385.699394 222.541871
25 26 34 0.585381 0.355100 0.059518 383.649405 198.745957
25 26 34 0.713520 0.159522 0.126958 375.150353 203.614378
25 26 34 0.095889 0.538046 0.366065 393.668159 210.709269
26 35 34 0.770634 0.178989 0.050376 405.912971 209.869648
26 35 34 0.636444 0.341334 0.022222 410.540649 215.371547
26 35 34 0.002776 0.933602 0.063623 408.779389 236.506114
26 35 34 0.920331 0.000719 0.078950 408.052668 202.796932
26 35 34 0.150768 0.034586 0.814646 376.436523 228.487227
26 35 34 0.021822 0.303269 0.674909 383.074648 233.535783
26 35 34 0.612685 0.097068 0.290247 396.986434 213.723139
26 35 34 0.435639 0.081211 0.483151 393.236190 219.910703
26 35 34 0.612839 0.373611 0.013550 408.643068 213.643777
26 35 34 0.405527 0.391630 0.202843 403.803601 222.248122
27 28 36 0.624748 0.018330 0.356922 85.400138 245.100118
27 28 36 0.109446 0.400972 0.489582 101.025787 254.099815
27 28 36 0.933248 0.021329 0.045423 86.350350 237.139142
27 28 36 0.816946 0.037263 0.145791 88.040709 237.294403
27 28 36 0.900160 0.040728 0.059112 88.442482 236.734033
27 28 36 0.289411 0.704347 0.006242 117.830273 234.614076
27 28 36 0.558951 0.114205 0.326844 90.051718 245.422256
27 28 36 0.095749 0.326084 0.578167 99.416024 259.305907
27 28 36 0.845992 0.038991 0.115016 89.592630 240.781077
27 28 36 0.150762 0.267166 0.582072 97.588310 256.238973
28 37 36 0.230899 0.051343 0.717759 93.384803 265.553964
28 37 36 0.416805 0.263516 0.319679 113.523309 256.667903
28 37 36 0.704997 0.029666 0.265337 114.558260 244.852975
28 37 36 0.069066 0.479904 0.451030 103.420433 269.700438
28 37 36 0.590028 0.161262 0.248709 117.221824 250.503569
28 37 36 0.986479 0.008011 0.005511 124.914403 232.570439
28 37 36 0.660877 0.272961 0.066162 123.951034 248.220550
28 37 36 0.121960 0.834168 0.043872 127.269789 265.055329
28 37 36 0.619066 0.333491 0.047443 122.798526 250.974627
28 37 36 0.067192 0.826965 0.105844 124.096353 271.307190
28 29 37 0.125641 0.143683 0.730676 131.677644 261.307126
28 29 37 0.252622 0.482620 0.264758 142.454039 243.571603
28 29 37 0.411767 0.216536 0.371697 133.681355 247.394697
28 29 37 0.901030 0.047676 0.051294 127.219272 237.496046
28 29 37 0.262475 0.240517 0.497008 135.636688 253.510928
28 29 37 0.889827 0.087127 0.023046 131.483015 235.901914
28 29 37 0.164956 0.101910 0.733134 125.519350 262.760205
28 29 37 0.508138 0.095843 0.396019 131.309250 249.453405
28 29 37 0.119807 0.860802 0.019391 159.589204 236.499520
28 29 37 0.071904 0.571134 0.356962 151.776689 245.451368
29 38 37 0.556480 0.116889 0.326631 152.897335 250.969183
29 38 37 0.092115 0.216064 0.691822 135.138781 270.072500
29 38 37 0.427835 0.496515 0.075650 159.259598 257.238090
29 38 37 0.290227 0.392314 0.317459 146.656003 262.647800
29 38 37 0.984947 0.003536 0.011517 162.604135 235.604189
29 38 37 0.211504 0.124359 0.664137 139.266980 264.244376
29 38 37 0.819387 0.090722 0.089891 161.437219 240.081415
29 38 37 0.814104 0.164345 0.021550 163.254946 242.835534
29 38 37 0.109084 0.183988 0.706928 132.422103 267.820511
29 38 37 0.682008 0.255535 0.062457 161.481570 249.148734
29 30 38 0.718407 0.043442 0.238150 165.371088 246.313686
29 30 38 0.032841 0.172579 0.794580 173.711085 265.206382
29 30 38 0.955946 0.041289 0.002765 165.955615 233.773442
29 30 38 0.034069 0.900524 0.065407 202.347586 237.575687
29 30 38 0.948193 0.007299 0.044509 166.341979 240.128185
29 30 38 0.484959 0.140180 0.374861 170.318919 249.260016
29 30 38 0.906129 0.088502 0.005369 167.682527 233.466700
29 30 38 0.095819 0.145650 0.758531 166.171487 261.450371
29 30 38 0.972628 0.007676 0.019696 165.882911 232.846660
29 30 38 0.604553 0.130078 0.265369 163.234580 247.126773
30 39 38 0.249215 0.240660 0.510125 181.490589 264.022106
30 39 38 0.843418 0.036751 0.119831 201.296907 241.775907
30 39 38 0.809405 0.041554 0.149040 194.357760 240.559699
30 39 38 0.457410 0.216619 0.325970 189.622139 257.066219
30 39 38 0.919013 0.039112 0.041874 203.258911 239.604571
30 39 38 0.801345 0.060579 0.138076 196.828435 244.691783
30 39 38 0.618522 0.139056 0.242422 194.543145 247.571709
30 39 38 0.848933 0.061078 0.089989 194.612212 245.132793
30 39 38 0.307481 0.485751 0.206768 195.962017 264.788067
30 39 38 0.070061 0.678954 0.250985 193.766494 271.208668
30 31 39 0.834220 0.024813 0.140967 203.807065 239.793744
30 31 39 0.414859 0.324768 0.260373 214.647525 242.873579
30 31 39 0.361141 0.584165 0.054694 226.773703 237.186789
30 31 39 0.394358 0.105494 0.500148 211.454805 253.142115
30 31 39 0.847677 0.036339 0.115984 203.184921 240.736824
30 31 39 0.542301 0.000344 0.457355 203.018180 252.340593
30 31 39 0.532165 0.359819 0.108016 219.136382 239.587668
30 31 39 0.004098 0.124954 0.870948 206.560266 270.070394
30 31 39 0.084091 0.611969 0.303940 228.673856 246.413138
30 31 39 0.805577 0.081731 0.112692 207.009143 238.115861
31 40 39 0.858275 0.070822 0.070903 246.605087 242.716449
31 40 39 0.557269 0.320357 0.122375 235.996938 250.834450
31 40 39 0.901556 0.089884 0.008560 239.525668 239.397846
31 40 39 0.362268 0.173552 0.464180 219.606628 258.061921
31 40 39 0.664398 0.239541 0.096061 237.049092 249.239013
31 40 39 0.184048 0.048717 0.767235 211.075869 268.007013
31 40 39 0.543486 0.342057 0.114457 238.892723 251.429621
31 40 39 0.473764 0.357377 0.168859 237.159781 254.423852
31 40 39 0.796766 0.159152 0.044081 242.024200 243.805190
31 40 39 0.268453 0.450204 0.281343 234.238059 264.042583
31 32 40 0.162562 0.823969 0.013469 273.789478 235.743732
31 32 40 0.009888 0.908464 0.081648 281.613506 238.259792
31 32 40 0.608133 0.309266 0.082600 259.912100 238.484572
31 32 40 0.023100 0.082851 0.894049 246.503796 274.513621
31 32 40 0.234370 0.158228 0.607402 250.060134 263.297114
31 32 40 0.578634 0.128202 0.293164 247.045126 246.806013
31 32 40 0.303889 0.152764 0.543347 248.947936 259.287297
31 32 40 0.887836 0.092637 0.019527 248.255339 233.993350
31 32 40 0.482246 0.260327 0.257427 256.776690 246.020111
31 32 40 0.681612 0.078265 0.240123 242.536040 244.145982
32 41 40 0.297097 0.473007 0.229897 274.082283 263.860243
32 41 40 0.210708 0.727753 0.061539 280.294977 265.048579
32 41 40 0.832157 0.147907 0.019936 283.932565 240.136715
32 41 40 0.973915 0.014851 0.011234 285.055172 237.549452
32 41 40 0.786834 0.155721 0.057445 282.924259 241.773246
32 41 40 0.034996 0.353768 0.611236 254.165701 274.965226
32 41 40 0.343854 0.531464 0.124682 281.409635 263.695131
32 41 40 0.171649 0.529742 0.298609 271.994305 271.283716
32 41 40 0.253126 0.433947 0.312927 271.754358 262.712103
32 41 40 0.275332 0.354920 0.369748 267.166895 261.352456
32 33 41 0.530250 0.100153 0.369597 292.638035 248.676974
32 33 41 0.068325 0.064810 0.866865 289.999982 267.936024
32 33 41 0.799293 0.122655 0.078052 289.089868 240.011784
32 33 41 0.749443 0.048761 0.201796 286.091742 244.212710
32 33 41 0.793762 0.202862 0.003376 295.790618 233.839341
32 33 41 0.730615 0.188318 0.081066 293.128424 238.396906
32 33 41 0.710622 0.204592 0.084786 292.507797 238.604316
32 33 41 0.195422 0.285758 0.518821 297.282753 257.610314
32 33 41 0.754825 0.231519 0.013656 293.080468 231.731556
32 33 41 0.813087 0.115740 0.071173 285.203942 237.131291
33 42 41 0.895798 0.033192 0.071011 322.763862 237.523890
33 42 41 0.057828 0.406675 0.535497 307.866804 272.828774
33 42 41 0.575529 0.127960 0.296511 316.308115 246.260869
33 42 41 0.841851 0.093871 0.064277 327.629319 240.844765
33 42 41 0.592388 0.279289 0.128323 320.928866 254.406228
33 42 41 0.454007 0.201180 0.344813 310.976787 254.757531
33 42 41 0.129146 0.754444 0.116410 320.681266 272.537551
33 42 41 0.777125 0.155560 0.067315 322.479532 244.988705
33 42 41 0.289766 0.525285 0.184949 316.178342 264.296539
33 42 41 0.051230 0.014515 0.934256 287.252782 274.963884
33 34 42 0.124682 0.312357 0.562960 341.100501 257.066430
33 34 42 0.637888 0.109704 0.252408 330.280618 242.425302
33 34 42 0.692071 0.022038 0.285891 328.658132 247.149487
33 34 42 0.740293 0.232691 0.027016 337.709988 233.931655
33 34 42 0.611077 0.230734 0.158189 338.244491 243.768617
33 34 42 0.909621 0.004611 0.085768 326.219567 232.588741
33 34 42 0.922008 0.064342 0.013650 330.765000 234.086970
33 34 42 0.206332 0.690406 0.103262 359.702922 238.804397
33 34 42 0.931759 0.050408 0.017833 332.632075 234.976168
33 34 42 0.712561 0.108465 0.178974 327.445127 239.924752
34 43 42 0.486421 0.406967 0.106612 367.747373 255.802307
34 43 42 0.031320 0.917127 0.051553 369.207094 278.513963
34 43 42 0.156567 0.383101 0.460331 349.936158 269.984937
34 43 42 0.224807 0.465130 0.310063 358.051500 267.837895
34 43 42 0.937082 0.035788 0.027130 373.552645 238.769266
34 43 42 0.212498 0.433422 0.354080 354.111236 267.575904
34 43 42 0.131326 0.825245 0.043429 368.389621 271.993988
34 43 42 0.279693 0.422351 0.297956 355.855939 264.090161
34 43 42 0.779730 0.179143 0.041126 368.343349 245.339351
34 43 42 0.099791 0.795294 0.104915 367.856020 273.597924
34 35 43 0.065554 0.683748 0.250698 401.342085 243.375505
34 35 43 0.817048 0.147455 0.035496 374.589982 235.977216
34 35 43 0.378915 0.279075 0.342009 383.280147 250.572792
34 35 43 0.914496 0.083241 0.002263 372.666577 233.291470
34 35 43 0.775599 0.204665 0.019736 378.360483 238.573927
34 35 43 0.498966 0.285499 0.215535 384.377363 244.677279
34 35 43 0.801190 0.054087 0.144723 374.110981 239.323684
34 35 43 0.701012 0.076370 0.222618 377.441879 244.456306
34 35 43 0.634782 0.029915 0.335303 370.904407 249.097321
34 35 43 0.109565 0.311960 0.578474 384.321634 259.962201
35 44 43 0.726122 0.091939 0.181939 405.789402 247.265775
35 44 43 0.333354 0.087287 0.579359 389.235967 263.078589
35 44 43 0.634872 0.164782 0.200346 406.100145 250.475326
35 44 43 0.085711 0.154340 0.759948 380.875751 273.994092
35 44 43 0.426972 0.404491 0.168537 409.208641 258.842355
35 44 43 0.197733 0.693673 0.108594 412.043042 266.992215
35 44 43 0.684096 0.127132 0.188772 402.654445 247.940481
35 44 43 0.528678 0.216121 0.255201 404.340551 255.310678
35 44 43 0.058939 0.848438 0.092622 409.066349 277.361907
35 44 43 0.444752 0.429589 0.125659 407.819224 260.125390
36 37 45 0.893338 0.090930 0.015732 88.308888 274.351209
36 37 45 0.596466 0.082328 0.321206 87.878497 283.813824
36 37 45 0.285406 0.351216 0.363378 98.037183 287.996248
36 37 45 0.351445 0.365778 0.282777 94.685821 284.704281
36 37 45 0.779601 0.108675 0.111724 88.651505 274.965773
36 37 45 0.401594 0.452939 0.145467 100.480540 278.167984
36 37 45 0.994945 0.004785 0.000269 85.871504 271.564914
36 37 45 0.907076 0.082342 0.010582 90.500021 272.663849
36 37 45 0.731986 0.055175 0.212839 86.406050 274.159518
36 37 45 0.295147 0.059703 0.645150 88.839390 297.729344
37 46 45 0.133567 0.545092 0.321341 112.106626 306.996015
37 46 45 0.844790 0.110761 0.044449 123.110188 278.979910
37 46 45 0.942474 0.011667 0.045858 123.827834 274.879712
37 46 45 0.247483 0.017394 0.735124 94.072487 302.837209
37 46 45 0.130702 0.316956 0.552342 100.924462 309.712965
37 46 45 0.133098 0.776838 0.090063 122.300008 307.016329
37 46 45 0.604575 0.129745 0.265680 113.323192 287.289739
37 46 45 0.392116 0.017009 0.590875 99.778551 297.005725
37 46 45 0.162233 0.652466 0.185301 114.190063 303.380040
37 46 45 0.513580 0.143841 0.342579 111.562214 291.563606
37 38 46 0.969143 0.016103 0.014753 123.955469 273.826100
37 38 46 0.188422 0.569618 0.241960 146.192980 283.996315
37 38 46 0.970337 0.000711 0.028952 126.772878 270.808827
37 38 46 0.134034 0.738574 0.127392 147.738896 277.574931
37 38 46 0.914500 0.084823 0.000678 126.235893 270.829641
37 38 46 0.931847 0.046221 0.021932 122.199579 273.428993
37 38 46 0.630318 0.184244 0.185438 128.093752 283.068378
37 38 46 0.176934 0.240557 0.582509 132.061142 298.086897
37 38 46 0.297829 0.559089 0.143081 141.355296 281.318449
37 38 46 0.752218 0.002582 0.245200 126.423565 284.431978
38 47 46 0.224035 0.701232 0.074733 157.933455 305.684331
38 47 46 0.655623 0.304089 0.040289 164.101722 287.991643
38 47 46 0.852508 0.119175 0.028317 157.130172 280.755667
38 47 46 0.993737 0.005566 0.000697 158.230041 270.919804
38 47 46 0.555779 0.328983 0.115238 158.439318 291.755096
38 47 46 0.652296 0.155093 0.192611 154.790171 290.438696
38 47 46 0.152630 0.318547 0.528824 142.844136 305.634089
38 47 46 0.750810 0.000500 0.248689 151.722888 286.693014
38 47 46 0.750471 0.181016 0.068513 158.387872 284.694915
38 47 46 0.063237 0.467994 0.468768 146.685586 312.789762
38 39 47 0.796388 0.079922 0.123690 166.112166 280.096036
38 39 47 0.316769 0.023544 0.659687 166.531464 298.298804
38 39 47 0.489066 0.262361 0.248572 171.732787 285.015224
38 39 47 0.875349 0.107902 0.016749 166.503048 272.882747
38 39 47 0.245541 0.122060 0.632399 167.456196 303.462497
38 39 47 0.619089 0.323072 0.057839 174.860541 278.657922
38 39 47 0.793683 0.113562 0.092755 167.629011 279.425956
38 39 47 0.651736 0.043800 0.304464 164.736899 289.115941
38 39 47 0.682037 0.004781 0.313182 161.173543 286.308780
38 39 47 0.675241 0.250154 0.074605 172.062451 277.692313
39 48 47 0.872754 0.021090 0.106156 199.058372 280.487540
39 48 47 0.601648 0.272861 0.125491 197.770892 289.232634
39 48 47 0.725796 0.255299 0.018905 199.614981 286.503158
39 48 47 0.225568 0.463842 0.310590 188.942842 303.458573
39 48 47 0.245817 0.611751 0.142432 194.840498 308.904712
39 48 47 0.466354 0.244553 0.289093 188.427348 297.154761
39 48 47 0.869733 0.041829 0.088438 197.330387 281.494135
39 48 47 0.993132 0.005139 0.001729 202.854048 272.568833
39 48 47 0.522632 0.000707 0.476661 183.451474 295.704406
39 48 47 0.974087 0.023161 0.002753 204.070845 274.434641
39 40 48 0.633661 0.081800 0.284539 202.299730 286.840184
39 40 48 0.367542 0.442667 0.189791 216.378133 284.462632
39 40 48 0.579647 0.257714 0.162639 211.234321 283.899061
39 40 48 0.032422 0.685815 0.281763 228.312424 285.297648
39 40 48 0.403055 0.173336 0.423610 205.533035 290.373857
39 40 48 0.727753 0.209239 0.063008 209.677753 275.442404
39 40 48 0.057154 0.643348 0.299498 224.430179 292.318124
39 40 48 0.852636 0.146338 0.001026 206.402414 276.269223
39 40 48 0.222620 0.106874 0.670506 205.419468 299.751823
39 40 48 0.689141 0.026044 0.284816 202.379810 287.834583
40 49 48 0.129823 0.758816 0.111362 238.176746 310.100327
40 49 48 0.018159 0.435366 0.546474 218.432125 312.427258
40 49 48 0.059070 0.286081 0.654850 213.516641 313.392005
40 49 48 0.551427 0.375972 0.072601 237.717998 294.284085
40 49 48 0.048590 0.516304 0.435106 225.824921 314.564096
40 49 48 0.619481 0.160683 0.219836 232.211468 290.284740
40 49 48 0.974055 0.021990 0.003955 243.578735 276.118648
40 49 48 0.058535 0.545121 0.396344 225.354876 311.903265
40 49 48 0.574372 0.283465 0.142163 235.960372 291.581155
40 49 48 0.720006 0.182537 0.097457 236.404274 287.185037
40 41 49 0.065129 0.392487 0.542384 258.544414 299.111874
40 41 49 0.285821 0.056763 0.657417 241.654758 306.585835
40 41 49 0.478042 0.022649 0.499308 239.132209 291.939815
40 41 49 0.921756 0.042775 0.035468 238.688447 279.308479
40 41 49 0.899626 0.097211 0.003163 245.538678 279.598135
40 41 49 0.491501 0.475357 0.033142 261.465345 274.151394
40 41 49 0.631950 0.293948 0.074102 252.675690 279.732445
40 41 49 0.284343 0.017116 0.698541 244.113282 302.151102
40 41 49 0.254055 0.113559 0.632386 244.500640 305.445706
40 41 49 0.869643 0.009251 0.121107 240.800879 281.662010
41 50 49 0.178491 0.802878 0.018631 281.336915 308.883270
41 50 49 0.849068 0.055588 0.095344 280.260484 282.813333
41 50 49 0.013091 0.769792 0.217117 274.893495 315.032610
41 50 49 0.916144 0.060761 0.023095 283.468808 280.664902
41 50 49 0.855570 0.106950 0.037480 283.176712 278.849036
41 50 49 0.860379 0.087546 0.052075 284.817034 283.567033
41 50 49 0.084834 0.879056 0.036110 283.718441 317.646810
41 50 49 0.071838 0.275189 0.652973 256.895731 315.717773
41 50 49 0.332257 0.275952 0.391791 269.879564 304.673624
41 50 49 0.931005 0.014118 0.054877 283.166431 280.855094
41 42 50 0.491417 0.135239 0.373343 293.443923 292.392706
41 42 50 0.757043 0.125770 0.117187 290.306745 280.222091
41 42 50 0.852035 0.145149 0.002816 289.057487 276.247936
41 42 50 0.609698 0.156175 0.234126 294.090159 286.210273
41 42 50 0.556101 0.430546 0.013353 304.807075 275.123231
41 42 50 0.284335 0.161931 0.553734 292.421406 297.968690
41 42 50 0.723162 0.148360 0.128477 289.933684 280.934908
41 42 50 0.800143 0.190922 0.008936 295.788770 277.542365
41 42 50 0.222704 0.241980 0.535316 293.521675 296.547790
41 42 50 0.236924 0.189330 0.573747 295.054572 301.845844
42 51 50 0.111307 0.677198 0.211494 316.195947 315.771096
42 51 50 0.022838 0.750559 0.226603 316.404931 317.913188
42 51 50 0.173614 0.115984 0.710402 298.162335 307.644968
42 51 50 0.274292 0.124301 0.601408 302.123505 308.277488
42 51 50 0.774159 0.209174 0.016668 326.040892 287.447779
42 51 50 0.950526 0.010822 0.038652 324.539799 277.300994
42 51 50 0.077128 0.571119 0.351753 312.450519 311.432835
42 51 50 0.941299 0.006025 0.052677 325.028510 280.697419
42 51 50 0.351907 0.435222 0.212871 315.116251 305.454577
42 51 50 0.318069 0.424901 0.257030 315.650445 308.679339
42 43 51 0.606871 0.037044 0.356086 327.820225 291.189224
42 43 51 0.064204 0.080286 0.855510 331.069140 310.299704
42 43 51 0.720900 0.129312 0.149788 334.872025 285.097600
42 43 51 0.712182 0.011353 0.276465 323.659399 288.292970
42 43 51 0.832468 0.103828 0.063704 331.858679 278.296930
42 43 51 0.453497 0.286365 0.260138 336.574454 285.898577
42 43 51 0.852466 0.101373 0.046161 332.184021 278.207015
42 43 51 0.684152 0.155686 0.160162 332.805604 281.198035
42 43 51 0.831368 0.089723 0.078909 333.995160 280.917681
42 43 51 0.395235 0.423962 0.180803 346.701661 286.361969
43 52 51 0.243301 0.639441 0.117257 365.816412 308.345072
43 52 51 0.341212 0.040159 0.618629 343.254778 302.924320
43 52 51 0.245175 0.308215 0.446610 348.510385 307.382619
43 52 51 0.193447 0.284427 0.522126 345.944377 308.514714
43 52 51 0.553272 0.243879 0.202849 363.494215 296.167703
43 52 51 0.220224 0.194559 0.585217 344.674218 310.648495
43 52 51 0.776822 0.066343 0.156835 362.641447 287.605218
43 52 51 0.214383 0.125444 0.660173 343.009808 309.641654
43 52 51 0.390779 0.533678 0.075543 371.966224 301.957980
43 52 51 0.808687 0.071927 0.119386 366.339523 284.916835
43 44 52 0.212294 0.689409 0.098297 407.462194 282.431423
43 44 52 0.563129 0.117647 0.319224 378.406477 292.689453
43 44 52 0.040254 0.040849 0.918896 372.963372 315.030851
43 44 52 0.273286 0.424014 0.302701 390.251971 289.407139
43 44 52 0.962780 0.029293 0.007928 373.873454 274.000018
43 44 52 0.682665 0.066543 0.250792 372.064149 288.541928
43 44 52 0.933860 0.058124 0.008016 372.621574 273.974436
43 44 52 0.988808 0.005564 0.005628 372.842925 277.319060
43 44 52 0.448015 0.448026 0.103959 393.613066 281.599648
43 44 52 0.116104 0.121715 0.762181 376.382990 309.029888
44 53 52 0.143215 0.417668 0.439118 396.407403 312.900162
44 53 52 0.448412 0.433845 0.117744 407.486640 305.149604
44 53 52 0.549676 0.387779 0.062545 411.597597 299.706459
44 53 52 0.320903 0.153371 0.525726 391.714886 305.745777
44 53 52 0.641794 0.274304 0.083902 413.165988 291.273346
44 53 52 0.938309 0.003973 0.057718 414.744530 280.362417
44 53 52 0.223212 0.173684 0.603104 389.206567 311.979424
44 53 52 0.750258 0.040977 0.208764 406.471096 289.580372
44 53 52 0.112530 0.154033 0.733437 382.646175 315.643524
44 53 52 0.053208 0.263141 0.683651 381.187832 320.515527
45 46 54 0.071076 0.146820 0.782104 94.580765 343.217200
45 46 54 0.385854 0.353259 0.260887 102.474099 325.564833
45 46 54 0.369308 0.054891 0.575801 92.554276 332.995362
45 46 54 0.461449 0.533267 0.005283 104.121411 310.541221
45 46 54 0.947173 0.031621 0.021206 86.168148 312.279113
45 46 54 0.388396 0.446628 0.164976 99.772147 323.264081
45 46 54 0.460505 0.487156 0.052339 101.588341 311.511253
45 46 54 0.205030 0.086648 0.708322 94.499681 339.625907
45 46 54 0.376677 0.243699 0.379624 95.150694 324.555191
45 46 54 0.407666 0.433480 0.158854 103.600907 319.578153
46 55 54 0.313637 0.092585 0.593778 102.925986 339.412632
46 55 54 0.165180 0.502232 0.332587 112.696353 340.954203
46 55 54 0.113481 0.844452 0.042067 124.974178 344.767879
46 55 54 0.545111 0.412030 0.042858 122.325118 327.966878
46 55 54 0.451076 0.379737 0.169187 119.069391 335.698345
46 55 54 0.811205 0.122574 0.066221 118.703490 323.239595
46 55 54 0.498980 0.397522 0.103497 121.332825 331.163524
46 55 54 0.139952 0.431930 0.428118 113.250680 342.215378
46 55 54 0.473933 0.196133 0.329934 111.405651 332.221495
46 55 54 0.102463 0.587303 0.310234 115.161083 343.359758
46 47 55 0.809964 0.145430 0.044606 129.266024 315.489732
46 47 55 0.546645 0.038688 0.414667 125.189780 329.984844
46 47 55 0.038784 0.351593 0.609623 139.300813 336.799273
46 47 55 0.401129 0.221899 0.376972 132.267937 326.051764
46 47 55 0.202906 0.266083 0.531011 134.219105 331.015226
46 47 55 0.632102 0.293008 0.074890 135.001379 319.411743
46 47 55 0.788359 0.006657 0.204984 124.262236 321.865770
46 47 55 0.818908 0.128766 0.052327 129.768235 317.193721
46 47 55 0.161956 0.548542 0.289502 145.541316 323.100681
46 47 55 0.588977 0.077043 0.333981 125.582375 327.022471
47 56 55 0.955366 0.006453 0.038181 161.226947 315.379638
47 56 55 0.615183 0.082495 0.302322 153.749957 328.716656
47 56 55 0.258203 0.662750 0.079047 163.433196 344.627287
47 56 55 0.618799 0.073716 0.307486 151.460157 328.476447
47 56 55 0.401113 0.200693 0.398193 148.187715 335.049749
47 56 55 0.658831 0.033757 0.307412 154.224332 327.242977
47 56 55 0.081389 0.791344 0.127267 161.600215 346.180502
47 56 55 0.141724 0.575059 0.283217 154.234433 348.389929
47 56 55 0.604381 0.174487 0.221131 155.613370 328.692042
47 56 55 0.267769 0.424466 0.307765 151.234226 340.229093
47 48 56 0.319932 0.499219 0.180849 181.567979 321.378484
47 48 56 0.791935 0.109876 0.098189 166.201137 317.806992
47 48 56 0.320757 0.140384 0.538859 165.648278 335.479717
47 48 56 0.100934 0.342199 0.556868 176.666801 335.075072
47 48 56 0.841154 0.109996 0.048850 169.989270 315.885978
47 48 56 0.049715 0.256369 0.693916 177.299922 342.777976
47 48 56 0.357195 0.555317 0.087488 186.667842 317.199025
47 48 56 0.911240 0.075140 0.013620 165.960985 320.804211
47 48 56 0.016509 0.814735 0.168756 193.145227 322.872018
47 48 56 0.002440 0.438551 0.559008 180.828764 336.517070
48 57 56 0.642585 0.154035 0.203381 195.038563 330.347225
48 57 56 0.098769 0.328835 0.572396 181.634018 350.027424
48 57 56 0.001243 0.364818 0.633939 181.387085 351.704230
48 57 56 0.141920 0.205422 0.652658 181.523902 347.049179
48 57 56 0.397140 0.544773 0.058087 199.494868 340.026800
48 57 56 0.033042 0.117934 0.849024 172.516791 350.959522
48 57 56 0.844935 0.051045 0.104020 196.487201 321.015871
48 57 56 0.544652 0.260713 0.194635 195.867778 333.329826
48 57 56 0.408238 0.249139 0.342624 188.550265 336.994874
48 57 56 0.905245 0.078534 0.016220 200.001680 317.657746
48 49 57 0.787991 0.114187 0.097821 204.702346 321.492219
48 49 57 0.486034 0.047101 0.466865 203.266173 334.678285
48 49 57 0.184174 0.328667 0.487160 212.784270 330.901891
48 49 57 0.171048 0.534251 0.294701 223.952833 327.635459
48 49 57 0.886356 0.031427 0.082217 206.565904 319.793797
48 49 57 0.637887 0.211039 0.151073 207.662888 323.615301
48 49 57 0.048376 0.642225 0.309400 229.621953 327.886924
48 49 57 0.219530 0.575522 0.204947 219.349834 322.936843
48 49 57 0.720786 0.082503 0.196711 202.650806 325.067114
48 49 57 0.070821 0.065697 0.863482 204.546489 347.292004
49 58 57 0.310863 0.374552 0.314585 229.870805 341.874398
49 58 57 0.755472 0.148235 0.096294 239.324851 325.278729
49 58 57 0.958379 0.030581 0.011040 240.908333 314.496265
49 58 57 0.321292 0.150080 0.528627 218.965758 338.862308
49 58 57 0.700405 0.191327 0.108269 237.218960 327.528637
49 58 57 0.060909 0.528249 0.410842 226.591614 352.010362
49 58 57 0.061735 0.620059 0.318206 228.717260 351.841090
49 58 57 0.210677 0.584208 0.205115 233.655869 344.462273
49 58 57 0.172944 0.132922 0.694134 213.557799 346.646782
49 58 57 0.412270 0.050582 0.537149 220.711038 339.780714
49 50 58 0.704960 0.228440 0.066600 251.316559 317.646909
49 50 58 0.487835 0.197533 0.314632 250.822647 330.099213
49 50 58 0.746185 0.125982 0.127833 244.517849 318.939318
49 50 58 0.062516 0.448562 0.488923 259.212029 334.079121
49 50 58 0.314669 0.086251 0.599079 246.311898 337.618258
49 50 58 0.815342 0.120572 0.064086 246.574931 320.147226
49 50 58 0.124026 0.312325 0.563650 255.336722 339.766842
49 50 58 0.190065 0.478733 0.331202 260.906470 327.275453
49 50 58 0.576564 0.160710 0.262726 248.215265 326.791979
49 50 58 0.172083 0.117875 0.710043 248.004098 342.772132
50 59 58 0.983972 0.000148 0.015880 283.398821 318.184985
50 59 58 0.169412 0.224178 0.606410 261.857841 346.162542
50 59 58 0.920094 0.052439 0.027467 283.448959 317.413193
50 59 58 0.015214 0.499256 0.485530 265.230704 354.327409
50 59 58 0.181337 0.060497 0.758166 250.751668 344.290941
50 59 58 0.627000 0.283312 0.089688 279.592742 335.662625
50 59 58 0.261495 0.645585 0.092919 275.750658 341.492367
50 59 58 0.615800 0.321773 0.062428 287.100808 331.027431
50 59 58 0.929847 0.061216 0.008937 283.535341 320.219073
50 59 58 0.592296 0.266590 0.141114 278.266481 332.400802
50 51 59 0.596546 0.397233 0.006221 300.702375 317.269047
50 51 59 0.593444 0.259009 0.147547 295.143392 322.779590
50 51 59 0.902034 0.087691 0.010275 287.417113 318.961662
50 51 59 0.628653 0.356601 0.014747 295.907967 317.493642
50 51 59 0.854640 0.126698 0.018662 291.795783 320.315782
50 51 59 0.257367 0.501587 0.241046 305.017373 328.345596
50 51 59 0.187976 0.710478 0.101547 311.917147 324.233519
50 51 59 0.851934 0.064993 0.083073 287.275156 322.993731
50 51 59 0.861164 0.008348 0.130488 285.203988 321.528166
50 51 59 0.089251 0.666578 0.244171 312.446590 329.229353
51 60 59 0.859477 0.089170 0.051354 325.724613 324.350254
51 60 59 0.373176 0.228262 0.398562 307.017748 343.900421
51 60 59 0.325092 0.187573 0.487335 305.458570 347.479396
51 60 59 0.128165 0.373422 0.498412 305.567727 355.911852
51 60 59 0.662384 0.063525 0.274091 311.828608 331.674083
51 60 59 0.468041 0.340231 0.191728 319.788224 340.566268
51 60 59 0.513923 0.075935 0.410142 308.343121 333.174306
51 60 59 0.564202 0.298679 0.137119 317.709568 336.233788
51 60 59 0.550094 0.101620 0.348287 308.130604 337.026118
51 60 59 0.218503 0.220992 0.560505 301.482031 346.608248
51 52 60 0.708185 0.058332 0.233483 325.737307 331.190295
51 52 60 0.060783 0.696272 0.242945 356.531723 329.621502
51 52 60 0.713957 0.005764 0.280278 329.173902 328.243467
51 52 60 0.004998 0.546472 0.448530 345.999830 336.890153
51 52 60 0.962752 0.018868 0.018380 323.064249 319.881476
51 52 60 0.909298 0.047453 0.043249 328.956389 321.604027
51 52 60 0.314335 0.074816 0.610848 327.338400 347.332577
51 52 60 0.596357 0.225683 0.177961 336.951993 328.198369
51 52 60 0.798046 0.184624 0.017330 335.257712 322.429558
51 52 60 0.362367 0.600730 0.036903 352.647195 322.090067
52 61 60 0.876245 0.028726 0.095029 363.467798 325.064510
52 61 60 0.144469 0.338866 0.516665 345.715591 355.436991
52 61 60 0.148940 0.580103 0.270956 354.482449 354.159944
52 61 60 0.261971 0.011806 0.726223 333.742862 347.895902
52 61 60 0.785041 0.121036 0.093923 364.259306 327.947422
52 61 60 0.598800 0.014523 0.386677 352.577378 338.974102
52 61 60 0.534833 0.094010 0.371157 354.099120 339.596612
52 61 60 0.455218 0.430209 0.114573 363.056874 342.876013
52 61 60 0.474186 0.488800 0.037013 365.534576 345.349232
52 61 60 0.432083 0.397952 0.169965 359.464166 345.112553
52 53 61 0.327298 0.478237 0.194465 389.523564 332.147737
52 53 61 0.673878 0.123205 0.202917 373.973882 329.348317
52 53 61 0.075836 0.898594 0.025570 411.473673 324.851222
52 53 61 0.452521 0.393175 0.154304 388.875111 324.758096
52 53 61 0.152416 0.756177 0.091407 402.985175 326.203497
52 53 61 0.623036 0.114459 0.262504 377.307084 330.077292
52 53 61 0.607489 0.301395 0.091116 383.663557 325.522066
52 53 61 0.835356 0.148608 0.016036 376.055832 323.554689
52 53 61 0.709898 0.021756 0.268345 371.210065 327.205603
52 53 61 0.344502 0.106262 0.549236 374.562724 344.016188
53 62 61 0.981426 0.007057 0.011517 414.835258 325.199530
53 62 61 0.423659 0.024414 0.551926 387.346609 344.597037
53 62 61 0.619618 0.159258 0.221124 404.371374 334.763677
53 62 61 0.221353 0.220082 0.558565 390.303051 351.393863
53 62 61 0.586936 0.173877 0.239187 403.760699 339.231406
53 62 61 0.001761 0.208833 0.789406 379.055427 358.279679
53 62 61 0.187808 0.076798 0.735394 381.874879 353.260696
53 62 61 0.303607 0.451172 0.245221 402.377086 350.728620
53 62 61 0.871889 0.076103 0.052008 415.951766 327.809195
53 62 61 0.904926 0.055457 0.039617 412.769317 325.350838
54 55 63 0.514843 0.202396 0.282760 96.088464 359.412090
54 55 63 0.140404 0.484865 0.374731 114.851846 359.621143
54 55 63 0.204282 0.519443 0.276275 110.256368 359.194740
54 55 63 0.167740 0.656202 0.176058 116.774085 355.880430
54 55 63 0.303353 0.141501 0.555146 98.825373 363.696207
54 55 63 0.948460 0.019292 0.032247 92.117138 348.855175
54 55 63 0.266629 0.185587 0.547784 99.920270 366.516993
54 55 63 0.713206 0.030934 0.255860 91.851437 354.826302
54 55 63 0.842282 0.148426 0.009292 96.371303 351.896227
54 55 63 0.077200 0.902437 0.020363 120.831753 353.067913
55 64 63 0.311169 0.436423 0.252407 120.616144 369.429744
55 64 63 0.928436 0.038535 0.033029 129.036355 352.835766
55 64 63 0.511501 0.420282 0.068217 129.121283 361.571219
55 64 63 0.631331 0.050661 0.318008 115.706073 360.916035
55 64 63 0.323937 0.460888 0.215175 123.224227 373.709631
55 64 63 0.346152 0.523683 0.130165 126.628919 371.957958
55 64 63 0.512763 0.161990 0.325247 116.588749 362.387072
55 64 63 0.012432 0.224599 0.762969 111.214111 375.832853
55 64 63 0.580672 0.358131 0.061198 127.485490 360.124479
55 64 63 0.835925 0.102719 0.061356 121.098465 355.103554
55 56 64 0.133180 0.493506 0.373313 149.333319 361.425567
55 56 64 0.359238 0.544654 0.096108 146.775703 352.556809
55 56 64 0.854001 0.056580 0.089419 130.478375 352.752932
55 56 64 0.351432 0.384533 0.264035 144.091634 361.094909
55 56 64 0.193297 0.036999 0.769704 133.954169 371.957452
55 56 64 0.109350 0.774601 0.116049 157.094848 358.906297
55 56 64 0.692494 0.183187 0.124319 134.287586 355.016806
55 56 64 0.122967 0.145824 0.731210 139.238504 368.066217
55 56 64 0.261276 0.638506 0.100219 151.177713 358.982653
55 56 64 0.881689 0.058727 0.059584 129.639594 352.079841
56 65 64 0.574822 0.008603 0.416574 152.688137 367.095329
56 65 64 0.709098 0.027046 0.263856 158.885404 361.772939
56 65 64 0.894160 0.028548 0.077293 163.559187 356.633718
56 65 64 0.444650 0.061096 0.494255 149.099124 370.419896
56 65 64 0.363053 0.470898 0.166049 161.000232 368.886770
56 65 64 0.143113 0.226863 0.630024 145.275970 377.804784
56 65 64 0.482302 0.365012 0.152686 162.246114 368.740489
56 65 64 0.063705 0.603558 0.332738 157.539667 378.705072
56 65 64 0.912606 0.015010 0.072384 164.567509 357.006110
56 65 64 0.437788 0.444607 0.117605 162.841755 367.299540
56 57 65 0.970190 0.012853 0.016957 165.420574 351.778162
56 57 65 0.060815 0.119724 0.819461 173.000825 377.704879
56 57 65 0.461696 0.453841 0.084463 181.348378 356.255168
56 57 65 0.793899 0.040622 0.165479 168.705434 359.433665
56 57 65 0.817143 0.058323 0.124534 166.737228 353.600091
56 57 65 0.256592 0.519406 0.224002 190.546770 360.036748
56 57 65 0.359279 0.143081 0.497640 176.415389 369.412507
56 57 65 0.940023 0.056367 0.003610 168.076194 355.401961
56 57 65 0.860864 0.130154 0.008982 171.589645 350.455336
56 57 65 0.279457 0.624723 0.095819 189.573357 349.070284
57 66 65 0.651163 0.057632 0.291205 195.564681 363.943903
57 66 65 0.315095 0.152669 0.532236 186.488998 374.632256
57 66 65 0.178475 0.749218 0.072308 204.260145 373.153177
57 66 65 0.431118 0.070026 0.498856 185.054768 365.657338
57 66 65 0.445302 0.524385 0.030313 200.827488 373.099529
57 66 65 0.247949 0.317957 0.434094 188.328438 373.614181
57 66 65 0.180416 0.230181 0.589403 183.340897 379.028699
57 66 65 0.218578 0.744034 0.037388 206.806460 375.971305
57 66 65 0.633056 0.093218 0.273726 195.991402 359.464652
57 66 65 0.904130 0.062806 0.033065 206.505620 355.635320
57 58 66 0.153629 0.811318 0.035053 236.150729 355.914452
57 58 66 0.956975 0.021860 0.021165 201.515610 351.762441
57 58 66 0.648610 0.199548 0.151842 209.033259 356.033527
57 58 66 0.300402 0.522635 0.176963 222.821258 359.315161
57 58 66 0.704106 0.002488 0.293406 205.270061 364.453258
57 58 66 0.296220 0.465181 0.238599 225.984850 361.660419
57 58 66 0.439472 0.045861 0.514667 206.331723 369.401209
57 58 66 0.446684 0.068892 0.484424 205.665658 367.392342
57 58 66 0.161374 0.755256 0.083370 233.047254 356.264154
57 58 66 0.573367 0.112871 0.313762 210.567998 360.997051
58 67 66 0.309044 0.534334 0.156623 240.796223 375.637468
58 67 66 0.504333 0.335335 0.160332 237.669031 368.910387
58 67 66 0.114669 0.284364 0.600967 217.931823 377.938422
58 67 66 0.858241 0.123890 0.017869 246.848444 354.836175
58 67 66 0.621028 0.081714 0.297258 231.214185 363.429052
58 67 66 0.372620 0.521783 0.105597 238.407316 372.504059
58 67 66 0.472119 0.451080 0.076801 241.429632 368.964545
58 67 66 0.341754 0.037382 0.620864 219.273779 374.917376
58 67 66 0.107700 0.019184 0.873116 213.123166 380.461753
58 67 66 0.067473 0.355435 0.577092 222.602121 383.341178
58 59 67 0.369367 0.576364 0.054270 266.692488 357.096822
58 59 67 0.421723 0.417934 0.160343 264.318588 361.890965
58 59 67 0.870964 0.080310 0.048727 249.458368 353.441473
58 59 67 0.626950 0.337295 0.035755 258.583416 356.767191
58 59 67 0.217214 0.068544 0.714241 246.244678 378.907611
58 59 67 0.476361 0.217343 0.306296 252.387500 363.157761
58 59 67 0.017072 0.619484 0.363444 272.926188 367.093944
58 59 67 0.287306 0.039996 0.672698 248.912995 378.382529
58 59 67 0.760475 0.051120 0.188405 240.718897 360.877292
58 59 67 0.225189 0.153554 0.621257 250.868866 372.348763
59 68 67 0.546368 0.321881 0.131751 278.205940 367.580127
59 68 67 0.269050 0.099124 0.631827 258.856948 378.778810
59 68 67 0.005103 0.603294 0.391603 267.783094 384.076276
59 68 67 0.071306 0.524095 0.404600 267.270209 381.941125
59 68 67 0.742440 0.203850 0.053710 280.641891 364.065520
59 68 67 0.672708 0.114821 0.212470 277.603601 368.155014
59 68 67 0.017980 0.922471 0.059549 279.178561 389.249883
59 68 67 0.963487 0.021539 0.014974 283.260593 355.000912
59 68 67 0.774076 0.181201 0.044723 282.914290 363.147340
59 68 67 0.818422 0.164854 0.016724 280.323880 360.440011
59 60 68 0.909737 0.045320 0.044943 285.860109 358.411223
59 60 68 0.994627 0.003864 0.001509 283.972334 357.477368
59 60 68 0.837330 0.151487 0.011182 290.107299 355.769210
59 60 68 0.266600 0.264619 0.468781 294.900881 369.056088
59 60 68 0.091510 0.141354 0.767135 287.426127 376.227673
59 60 68 0.668758 0.294795 0.036448 292.335172 359.199692
59 60 68 0.082272 0.394490 0.523238 296.636171 369.992040
59 60 68 0.908798 0.053455 0.037747 283.038561 354.463262
59 60 68 0.733043 0.038153 0.228804 286.981975 363.590284
59 60 68 0.002245 0.472048 0.525707 299.542550 374.296733
60 69 68 0.240561 0.601240 0.158200 315.529153 382.655747
60 69 68 0.936431 0.048513 0.015056 320.377392 358.769009
60 69 68 0.811929 0.154030 0.034041 323.649194 366.107526
60 69 68 0.489258 0.263794 0.246948 312.081241 368.894711
60 69 68 0.467311 0.415486 0.117203 317.387301 377.251412
60 69 68 0.257184 0.346199 0.396617 305.526351 378.814573
60 69 68 0.452460 0.119907 0.427633 305.232036 373.236091
60 69 68 0.251419 0.640562 0.108018 319.276967 381.846224
60 69 68 0.273322 0.089314 0.637363 295.580849 379.098313
60 69 68 0.907978 0.073401 0.018622 323.600044 360.805408
60 61 69 0.989548 0.009784 0.000668 323.745435 357.852395
60 61 69 0.263932 0.729014 0.007054 355.832584 360.681454
60 61 69 0.497936 0.111159 0.390905 329.103541 370.891536
60 61 69 0.872380 0.034832 0.092787 325.961310 364.968903
60 61 69 0.975898 0.023781 0.000320 329.020337 355.354957
60 61 69 0.383004 0.103425 0.513570 325.651548 375.539771
60 61 69 0.491646 0.082449 0.425905 327.897135 373.321756
60 61 69 0.971167 0.009969 0.018864 326.810082 359.637981
60 61 69 0.729954 0.242793 0.027253 336.294739 359.657242
60 61 69 0.414901 0.563540 0.021559 348.117799 359.005924
61 70 69 0.705555 0.136088 0.158357 360.221757 371.743848
61 70 69 0.877193 0.065903 0.056904 362.532036 362.595351
61 70 69 0.130050 0.271335 0.598615 338.570322 385.882587
61 70 69 0.614082 0.178554 0.207364 358.235498 372.425852
61 70 69 0.794025 0.065017 0.140958 356.404409 366.390533
61 70 69 0.917914 0.043431 0.038655 367.440858 361.123112
61 70 69 0.875800 0.050833 0.073367 359.876896 366.149785
61 70 69 0.488869 0.275968 0.235163 355.999229 377.171791
61 70 69 0.901842 0.000952 0.097206 363.211714 359.049543
61 70 69 0.685736 0.075073 0.239191 355.765416 367.730280
61 62 70 0.741857 0.164339 0.093803 373.573972 366.383907
61 62 70 0.576499 0.035883 0.387618 368.282673 372.105899
61 62 70 0.603551 0.280296 0.116153 377.716021 362.416054
61 62 70 0.354524 0.160167 0.485309 368.619752 373.495087
61 62 70 0.475617 0.144445 0.379938 371.247952 372.732896
61 62 70 0.018955 0.604809 0.376237 390.149140 368.509002
61 62 70 0.487631 0.463868 0.048502 384.342624 362.772122
61 62 70 0.089515 0.174375 0.736110 370.098923 383.724662
61 62 70 0.337848 0.543849 0.118303 391.657735 362.351685
61 62 70 0.785948 0.108298 0.105754 371.551362 363.302044
62 71 70 0.101311 0.675764 0.222925 394.305567 387.606472
62 71 70 0.182388 0.213396 0.604216 381.993613 386.370703
62 71 70 0.304832 0.044474 0.650694 378.613493 380.661557
62 71 70 0.525376 0.444006 0.030618 409.824005 377.347271
62 71 70 0.928050 0.030165 0.041785 408.604239 360.572526
62 71 70 0.937330 0.052695 0.009975 411.280769 363.240975
62 71 70 0.266866 0.678264 0.054870 404.195764 386.263202
62 71 70 0.545792 0.431045 0.023163 405.589226 375.779120
62 71 70 0.070775 0.082279 0.846946 369.046663 387.902219
62 71 70 0.757928 0.052370 0.189702 400.826949 366.956921
63 64 72 0.649343 0.157723 0.192935 107.477221 382.896142
63 64 72 0.371742 0.415333 0.212924 113.776808 384.683117
63 64 72 0.370164 0.370129 0.259706 113.162498 381.709211
63 64 72 0.338919 0.659064 0.002017 122.142000 377.560778
63 64 72 0.118403 0.787667 0.093930 128.897864 379.934688
63 64 72 0.572898 0.270372 0.156730 107.208834 381.856222
63 64 72 0.549611 0.127054 0.323335 106.515806 382.717986
63 64 72 0.926217 0.066223 0.007560 101.575773 373.940906
63 64 72 0.812411 0.068079 0.119510 101.295217 378.585034
63 64 72 0.867295 0.075440 0.057265 97.619414 381.708905
64 73 72 0.625765 0.189160 0.185076 130.471445 388.220286
64 73 72 0.668470 0.259783 0.071747 135.102973 382.789399
64 73 72 0.320136 0.268657 0.411208 121.658661 393.188873
64 73 72 0.974275 0.010012 0.015713 132.938599 378.652884
64 73 72 0.439149 0.002414 0.558437 123.897396 391.439398
64 73 72 0.058358 0.399846 0.541796 119.952002 400.278619
64 73 72 0.513959 0.323173 0.162868 131.149785 390.623183
64 73 72 0.595765 0.348783 0.055452 135.486809 388.769348
64 73 72 0.773262 0.118777 0.107961 134.212497 382.857429
64 73 72 0.919348 0.059821 0.020831 130.535224 379.058496
64 65 73 0.899651 0.013443 0.086906 132.051220 382.612632
64 65 73 0.041182 0.935391 0.023427 164.547477 381.713598
64 65 73 0.228076 0.002996 0.768928 138.658780 397.940943
64 65 73 0.122467 0.047650 0.829882 145.823651 399.709361
64 65 73 0.950926 0.007828 0.041246 137.291734 381.140830
64 65 73 0.444150 0.252292 0.303558 151.553464 387.431844
64 65 73 0.557320 0.208110 0.234570 144.934085 383.163887
64 65 73 0.771936 0.054048 0.174016 138.332376 383.225344
64 65 73 0.229818 0.617964 0.152218 155.843850 384.099712
64 65 73 0.830253 0.049737 0.120010 137.887536 382.175228
65 74 73 0.831894 0.161932 0.006174 171.859705 383.318921
65 74 73 0.600822 0.238561 0.160617 163.725777 390.821234
65 74 73 0.959993 0.015544 0.024463 168.318168 380.120297
65 74 73 0.785378 0.037678 0.176945 166.174158 383.899071
65 74 73 0.100845 0.550037 0.349118 166.034838 402.482828
65 74 73 0.139232 0.138850 0.721919 151.092993 398.686825
65 74 73 0.724508 0.133980 0.141512 161.636415 382.880070
65 74 73 0.819569 0.053467 0.126963 162.705856 388.255607
65 74 73 0.404517 0.119468 0.476014 154.790609 395.392960
65 74 73 0.613833 0.347749 0.038418 169.744012 390.371246
65 66 74 0.610388 0.081175 0.308437 174.190374 388.906874
65 66 74 0.583079 0.021944 0.394976 175.081831 389.048480
65 66 74 0.948663 0.033721 0.017616 172.207739 379.248756
65 66 74 0.150966 0.225310 0.623725 183.737633 392.766698
65 66 74 0.567558 0.118440 0.314003 174.553816 391.257305
65 66 74 0.817173 0.001387 0.181441 170.375941 389.016632
65 66 74 0.207822 0.279100 0.513078 185.298906 393.997798
65 66 74 0.856586 0.117737 0.025677 172.277212 383.463743
65 66 74 0.066141 0.567706 0.366153 190.750145 389.064836
65 66 74 0.663213 0.148222 0.188566 177.541044 387.492354
66 75 74 0.433739 0.328429 0.237832 200.872589 396.209132
66 75 74 0.619031 0.264380 0.116590 203.300478 384.588859
66 75 74 0.076468 0.564029 0.359504 204.139267 401.776169
66 75 74 0.114717 0.433310 0.451972 194.421614 401.851000
66 75 74 0.927359 0.069346 0.003295 206.392789 386.593325
66 75 74 0.584949 0.125270 0.289781 197.463579 391.280813
66 75 74 0.933456 0.037251 0.029293 208.303354 380.433391
66 75 74 0.209716 0.523087 0.267197 204.622896 397.838640
66 75 74 0.552175 0.445067 0.002759 210.568979 394.207954
66 75 74 0.081597 0.113507 0.804896 181.083292 399.684684
66 67 75 0.599975 0.351515 0.048510 222.695047 381.806118
66 67 75 0.964980 0.013679 0.021341 209.201818 382.612718
66 67 75 0.175948 0.705808 0.118244 235.671575 385.923701
66 67 75 0.800667 0.045816 0.153518 211.112034 393.700739
66 67 75 0.885929 0.036223 0.077849 207.587791 387.821405
66 67 75 0.981897 0.010344 0.007758 208.777498 385.328154
66 67 75 0.713814 0.240768 0.045418 218.612968 383.122986
66 67 75 0.924182 0.023557 0.052261 209.111924 382.113068
66 67 75 0.878114 0.099793 0.022093 212.730647 384.181664
66 67 75 0.250102 0.202342 0.547557 216.964278 397.789364
67 76 75 0.306425 0.151782 0.541792 227.018500 397.037025
67 76 75 0.512682 0.195769 0.291549 237.342863 390.933831
67 76 75 0.046467 0.603429 0.350104 237.119820 407.445418
67 76 75 0.979635 0.016619 0.003746 246.453604 384.650164
67 76 75 0.763408 0.150283 0.086308 243.065095 387.660631
67 76 75 0.034812 0.220343 0.744845 219.163003 407.191975
67 76 75 0.972171 0.009861 0.017968 240.131986 385.868634
67 76 75 0.967683 0.012872 0.019445 244.503836 385.694816
67 76 75 0.746834 0.036772 0.216395 238.523601 387.745183
67 76 75 0.588297 0.335523 0.076181 244.465336 393.859719
67 68 76 0.990499 0.008452 0.001049 242.624927 386.460643
67 68 76 0.914377 0.070753 0.014870 250.121047 383.001017
67 68 76 0.303166 0.508595 0.188239 264.528014 392.565139
67 68 76 0.461750 0.023757 0.514493 245.618515 399.570845
67 68 76 0.556988 0.142576 0.300436 251.245144 395.292448
67 68 76 0.264443 0.430848 0.304709 257.917870 394.006767
67 68 76 0.133043 0.406673 0.460284 257.745331 397.338694
67 68 76 0.706517 0.221848 0.071636 255.238147 387.628825
67 68 76 0.527226 0.302623 0.170151 258.658594 389.594128
67 68 76 0.463141 0.078793 0.458067 249.859745 395.726880
68 77 76 0.215434 0.624200 0.160366 273.774082 407.426686
68 77 76 0.616363 0.088766 0.294871 271.296010 393.600819
68 77 76 0.860731 0.108552 0.030717 281.861164 389.066574
68 77 76 0.512161 0.313586 0.174253 277.571011 400.134881
68 77 76 0.667392 0.149154 0.183454 274.024055 394.996350
68 77 76 0.914937 0.068619 0.016443 284.130115 389.350080
68 77 76 0.138403 0.159006 0.702591 258.992128 403.405644
68 77 76 0.688356 0.298995 0.012649 281.216862 394.661214
68 77 76 0.793681 0.067120 0.139199 278.325512 388.528266
68 77 76 0.956230 0.036844 0.006926 284.240353 388.749366
68 69 77 0.682947 0.287284 0.029769 294.031335 387.434307
68 69 77 0.559259 0.095564 0.345177 289.796309 397.267055
68 69 77 0.462217 0.530568 0.007215 305.067292 390.159460
68 69 77 0.530475 0.218818 0.250707 291.074769 393.464703
68 69 77 0.009128 0.468211 0.522661 300.806793 400.914800
68 69 77 0.268232 0.639274 0.092494 310.002445 388.922243
68 69 77 0.643431 0.000859 0.355710 283.377471 394.637071
68 69 77 0.760859 0.107012 0.132130 286.308419 385.794340
68 69 77 0.014398 0.459523 0.526079 298.559524 401.679864
68 69 77 0.678496 0.058983 0.262521 286.775058 391.826120
69 78 77 0.534450 0.355067 0.110483 319.952653 400.185566
69 78 77 0.613192 0.072324 0.314484 306.377229 399.142371
69 78 77 0.828697 0.080094 0.091210 317.208729 389.487499
69 78 77 0.049524 0.547083 0.403393 305.499142 408.083652
69 78 77 0.372944 0.285897 0.341159 307.970155 400.889785
69 78 77 0.554264 0.435868 0.009868 317.400176 398.397229
69 78 77 0.956335 0.024829 0.018836 319.285929 386.755722
69 78 77 0.429300 0.081188 0.489512 302.275270 402.066139
69 78 77 0.183003 0.572578 0.244419 311.982989 404.347210
69 78 77 0.130462 0.642038 0.227500 308.586565 406.868962
69 70 78 0.401452 0.351807 0.246741 333.535639 397.461370
69 70 78 0.243079 0.663725 0.093196 347.867098 392.205441
69 70 78 0.556915 0.100969 0.342117 322.817965 390.673692
69 70 78 0.017640 0.317533 0.664827 330.049836 403.824491
69 70 78 0.724015 0.016715 0.259271 322.532615 394.118637
69 70 78 0.720926 0.047796 0.231278 325.966522 393.951730
69 70 78 0.037345 0.730337 0.232318 351.343079 395.081458
69 70 78 0.365498 0.463600 0.170901 338.658967 390.222658
69 70 78 0.200344 0.504225 0.295431 339.110542 398.479855
69 70 78 0.108259 0.641914 0.249827 343.961100 392.797747
70 79 78 0.940965 0.043494 0.015540 361.618587 392.709409
70 79 78 0.653383 0.003518 0.343098 346.662519 394.505683
70 79 78 0.216456 0.375943 0.407601 346.413237 405.843930
70 79 78 0.998190 0.000257 0.001553 362.005646 391.961524
70 79 78 0.780749 0.098318 0.120934 351.266681 397.197978
70 79 78 0.236450 0.623761 0.139789 352.731340 405.768908
70 79 78 0.881597 0.079262 0.039141 358.833327 389.819626
70 79 78 0.345076 0.197085 0.457838 339.121900 407.238374
70 79 78 0.145101 0.344578 0.510321 337.328500 408.807848
70 79 78 0.452234 0.089071 0.458694 342.298972 403.621687
70 71 79 0.984461 0.014489 0.001050 359.847195 390.638777
70 71 79 0.602662 0.230321 0.167017 372.100878 389.850654
70 71 79 0.015718 0.841887 0.142394 397.919070 392.178353
70 71 79 0.901803 0.055531 0.042666 365.590969 391.621183
70 71 79 0.384290 0.348757 0.266953 376.751694 395.256038
70 71 79 0.449768 0.278377 0.271855 370.841818 401.595706
70 71 79 0.759484 0.063795 0.176721 363.415288 392.275203
70 71 79 0.375115 0.088559 0.536326 364.482912 397.982124
70 71 79 0.807945 0.053765 0.138289 363.541638 393.381084
70 71 79 0.939082 0.004198 0.056720 361.848184 390.189797
71 80 79 0.501471 0.179480 0.319049 388.208333 403.476285
71 80 79 0.792261 0.118356 0.089383 396.961602 395.193180
71 80 79 0.226146 0.580047 0.193807 388.096365 409.154225
71 80 79 0.490006 0.118336 0.391658 382.879373 402.693480
71 80 79 0.787078 0.159995 0.052927 403.427766 393.096234
71 80 79 0.076954 0.049681 0.873365 362.119726 409.341284
71 80 79 0.756511 0.196528 0.046961 399.551258 393.868843
71 80 79 0.380365 0.279488 0.340146 385.205934 405.984819
71 80 79 0.970018 0.025174 0.004807 404.123503 393.911699
71 80 79 0.435542 0.546975 0.017482 398.121585 404.274001
