0 1 9 0.128053 0.052865 0.819082 97.705543 151.302254
0 1 9 0.468352 0.096599 0.435049 92.420672 140.005953
0 1 9 0.323709 0.191423 0.484869 97.166581 144.122524
0 1 9 0.842481 0.116829 0.040690 99.635692 121.987900
0 1 9 0.513670 0.095232 0.391098 100.312182 136.913436
0 1 9 0.849522 0.024614 0.125864 91.873508 126.671256
0 1 9 0.981145 0.008535 0.010320 91.152612 125.532156
0 1 9 0.853287 0.044410 0.102304 95.896160 126.400086
0 1 9 0.995227 0.003870 0.000903 91.756686 125.396064
0 1 9 0.792652 0.043865 0.163483 96.532978 131.203307
1 10 9 0.589084 0.259616 0.151300 119.871074 139.760410
1 10 9 0.830589 0.119772 0.049639 124.683864 126.738869
1 10 9 0.431592 0.181771 0.386637 113.821730 143.919090
1 10 9 0.051630 0.147625 0.800744 103.805957 160.256351
1 10 9 0.956666 0.018953 0.024381 128.328737 123.547730
1 10 9 0.357228 0.343460 0.299312 117.261309 147.494034
1 10 9 0.556700 0.256234 0.187066 125.095329 144.037289
1 10 9 0.074286 0.904799 0.020915 129.556395 159.823934
1 10 9 0.155735 0.797370 0.046896 129.690776 154.487692
1 10 9 0.755685 0.182695 0.061621 128.772411 133.513330
1 2 10 0.283052 0.566118 0.150830 150.983576 125.337542
1 2 10 0.869744 0.001590 0.128666 128.328617 127.993792
1 2 10 0.805829 0.060669 0.133502 134.560661 126.220993
1 2 10 0.724324 0.203268 0.072408 133.147132 125.934972
1 2 10 0.861236 0.078776 0.059988 128.757495 125.957971
1 2 10 0.213020 0.181171 0.605809 140.216371 146.276829
1 2 10 0.894071 0.082223 0.023706 134.664430 120.714340
1 2 10 0.985855 0.005135 0.009010 129.540988 122.423026
1 2 10 0.493565 0.399839 0.106595 141.035143 126.040946
1 2 10 0.151697 0.177955 0.670348 137.059645 148.148148
2 11 10 0.662781 0.178560 0.158658 160.516183 134.058472
2 11 10 0.266862 0.018035 0.715103 140.287940 153.564998
2 11 10 0.117972 0.723049 0.158979 161.237626 151.536228
2 11 10 0.224042 0.753188 0.022769 166.262625 152.382372
2 11 10 0.936715 0.003210 0.060076 162.720256 125.136443
2 11 10 0.216618 0.335048 0.448335 149.895500 151.481229
2 11 10 0.480802 0.463640 0.055558 161.749683 139.622164
2 11 10 0.323557 0.310832 0.365611 151.557062 144.731657
2 11 10 0.387850 0.543072 0.069077 165.240851 140.978432
2 11 10 0.017910 0.019355 0.962736 133.975190 160.527404
2 3 11 0.137460 0.360256 0.502284 178.121699 140.590185
2 3 11 0.551211 0.357912 0.090877 181.258996 122.311153
2 3 11 0.394444 0.437658 0.167898 181.691264 128.038605
2 3 11 0.436525 0.465477 0.097998 181.702970 121.582329
2 3 11 0.910929 0.022407 0.066664 167.445181 123.256027
2 3 11 0.002554 0.919049 0.078397 200.423480 123.529846
2 3 11 0.255402 0.031015 0.713583 171.015750 149.616746
2 3 11 0.730269 0.007520 0.262211 167.104539 129.757572
2 3 11 0.276258 0.336140 0.387602 178.685133 140.220240
2 3 11 0.010604 0.448425 0.540971 179.113198 141.617287
3 12 11 0.921628 0.064834 0.013538 202.910261 120.746635
3 12 11 0.597693 0.285711 0.116596 198.539719 133.701171
3 12 11 0.985028 0.000126 0.014846 202.340519 116.321415
3 12 11 0.562059 0.224745 0.213197 195.482285 138.809798
3 12 11 0.050154 0.725228 0.224618 197.874210 156.500257
3 12 11 0.229027 0.445303 0.325669 192.554702 151.263250
3 12 11 0.193013 0.404049 0.402939 189.025431 151.424364
3 12 11 0.600963 0.006339 0.392698 189.128761 136.217039
3 12 11 0.293168 0.003961 0.702870 175.557668 150.131360
3 12 11 0.792598 0.101728 0.105674 200.642744 129.182813
3 4 12 0.009509 0.932626 0.057864 242.396935 120.437444
3 4 12 0.237996 0.754107 0.007897 230.762990 118.308722
3 4 12 0.956412 0.023217 0.020371 203.432246 117.952038
3 4 12 0.527898 0.106596 0.365506 210.664545 129.821664
3 4 12 0.724644 0.114570 0.160786 207.850744 124.759781
3 4 12 0.289384 0.595513 0.115103 224.864172 123.356569
3 4 12 0.719676 0.226206 0.054118 213.057771 118.576868
3 4 12 0.444974 0.452630 0.102396 217.949565 124.202721
3 4 12 0.007779 0.253003 0.739218 215.259485 149.290098
3 4 12 0.792814 0.013043 0.194144 208.332063 126.156770
4 13 12 0.055754 0.450320 0.493926 227.731432 157.288793
4 13 12 0.315026 0.065320 0.619654 218.009143 144.873301
4 13 12 0.633121 0.194392 0.172487 234.943121 133.072598
4 13 12 0.994172 0.004045 0.001782 241.406532 117.581774
4 13 12 0.435061 0.123919 0.441020 225.583554 141.101152
4 13 12 0.034236 0.287813 0.677951 216.401504 158.767833
4 13 12 0.407682 0.495224 0.097094 239.510262 137.586726
4 13 12 0.135065 0.268344 0.596592 221.585424 149.651710
4 13 12 0.923430 0.019405 0.057165 241.286550 124.939415
4 13 12 0.416613 0.529571 0.053817 238.268884 140.574151
4 5 13 0.844166 0.081646 0.074188 247.178514 122.286066
4 5 13 0.443624 0.255294 0.301082 253.733600 131.149368
4 5 13 0.100951 0.100560 0.798489 248.130728 150.948593
4 5 13 0.013061 0.398436 0.588503 261.309559 140.023645
4 5 13 0.128744 0.021552 0.849704 246.362830 149.256731
4 5 13 0.319656 0.591717 0.088627 268.527207 121.461691
4 5 13 0.505466 0.264388 0.230145 250.246605 127.465304
4 5 13 0.715295 0.064501 0.220204 246.937746 126.216867
4 5 13 0.616327 0.013796 0.369877 243.268401 132.090542
4 5 13 0.780818 0.162166 0.057016 247.182531 120.759484
5 14 13 0.459025 0.334047 0.206928 273.384756 134.511879
5 14 13 0.836878 0.161115 0.002006 281.658513 121.091243
5 14 13 0.474099 0.426575 0.099326 277.754264 135.807999
5 14 13 0.202825 0.775787 0.021388 287.217470 148.509026
5 14 13 0.738977 0.175698 0.085325 276.643613 130.212580
5 14 13 0.056158 0.850674 0.093167 278.349830 150.471676
5 14 13 0.321273 0.562197 0.116530 281.344947 139.080515
5 14 13 0.271802 0.427940 0.300258 273.706793 147.826994
5 14 13 0.458989 0.102087 0.438924 267.180010 137.369528
5 14 13 0.989948 0.005804 0.004249 279.743274 118.802710
5 6 14 0.033936 0.509274 0.456790 305.327973 135.450674
5 6 14 0.926316 0.045224 0.028461 286.430987 117.209664
5 6 14 0.392129 0.267054 0.340816 296.794956 126.777272
5 6 14 0.584287 0.191794 0.223919 289.064821 123.671428
5 6 14 0.344543 0.210435 0.445022 293.776106 134.958017
5 6 14 0.984110 0.010700 0.005190 284.603097 115.328285
5 6 14 0.582393 0.312122 0.105486 294.297229 117.864013
5 6 14 0.316607 0.410170 0.273223 302.235631 123.866695
5 6 14 0.807176 0.078890 0.113933 286.627482 120.655244
5 6 14 0.524899 0.020877 0.454225 285.529489 133.346250
6 15 14 0.959383 0.039677 0.000940 324.824666 114.074006
6 15 14 0.929259 0.018246 0.052495 325.795593 119.240882
6 15 14 0.492959 0.369856 0.137184 320.846380 134.276194
6 15 14 0.379753 0.586625 0.033622 327.732490 141.537990
6 15 14 0.995206 0.002305 0.002489 323.574020 114.070430
6 15 14 0.763355 0.207076 0.029570 323.887094 122.694075
6 15 14 0.174105 0.208593 0.617302 300.650027 147.136753
6 15 14 0.430651 0.554286 0.015064 324.544005 140.243343
6 15 14 0.780957 0.040422 0.178621 315.437239 125.804223
6 15 14 0.625053 0.147055 0.227892 315.512616 132.050059
6 7 15 0.401389 0.090595 0.508016 326.850640 134.984944
6 7 15 0.875715 0.015220 0.109065 326.482418 116.061587
6 7 15 0.683468 0.292256 0.024276 336.775585 114.852075
6 7 15 0.448612 0.167968 0.383420 333.976546 128.492395
6 7 15 0.018662 0.295138 0.686200 342.828441 142.464092
6 7 15 0.425729 0.106677 0.467593 332.221776 134.040195
6 7 15 0.524559 0.299823 0.175618 337.966532 121.512785
6 7 15 0.935076 0.016139 0.048785 325.201511 118.269264
6 7 15 0.257129 0.089191 0.653680 331.734324 141.848886
6 7 15 0.935146 0.008606 0.056247 324.530517 118.898406
7 16 15 0.524425 0.442134 0.033441 367.623900 132.150029
7 16 15 0.842752 0.034547 0.122702 363.529225 119.424347
7 16 15 0.307453 0.006035 0.686512 342.847622 147.546541
7 16 15 0.419119 0.476680 0.104201 360.076174 137.474789
7 16 15 0.398931 0.233503 0.367567 351.000292 139.901587
7 16 15 0.580945 0.159917 0.259138 357.272906 130.617739
7 16 15 0.661808 0.129701 0.208490 360.903966 127.162719
7 16 15 0.340825 0.107454 0.551721 342.462501 141.829617
7 16 15 0.721445 0.164682 0.113873 359.664374 125.616159
7 16 15 0.111193 0.159518 0.729290 338.362629 151.970015
7 8 16 0.898708 0.098154 0.003137 372.449590 117.733036
7 8 16 0.362003 0.401162 0.236835 386.423999 120.784370
7 8 16 0.637449 0.231888 0.130664 375.068057 118.858578
7 8 16 0.088390 0.559964 0.351646 390.593619 128.520542
7 8 16 0.075807 0.532752 0.391442 390.618335 124.722036
7 8 16 0.976039 0.017462 0.006499 368.104047 114.146590
7 8 16 0.826401 0.048831 0.124768 370.544479 116.918261
7 8 16 0.768758 0.101971 0.129271 371.881492 119.981648
7 8 16 0.481211 0.083115 0.435674 370.952447 129.090157
7 8 16 0.943876 0.039285 0.016839 368.968355 114.005128
8 17 16 0.977827 0.021854 0.000319 410.928750 110.980537
8 17 16 0.958981 0.039875 0.001144 407.322257 111.399847
8 17 16 0.008121 0.335833 0.656047 380.944268 151.748599
8 17 16 0.288773 0.610852 0.100376 401.958322 137.648643
8 17 16 0.629339 0.204396 0.166265 399.744835 124.891429
8 17 16 0.938171 0.041895 0.019934 407.004821 105.238198
8 17 16 0.862786 0.104680 0.032535 409.088991 113.343699
8 17 16 0.124437 0.534740 0.340824 394.259222 152.070254
8 17 16 0.077784 0.399977 0.522239 389.498770 151.571966
8 17 16 0.736368 0.114909 0.148723 405.076456 117.998282
9 10 18 0.064596 0.554546 0.380858 118.852105 175.283107
9 10 18 0.345599 0.431915 0.222487 109.328033 170.112414
9 10 18 0.577883 0.233240 0.188878 102.954598 172.851317
9 10 18 0.371507 0.089538 0.538955 95.936339 187.994307
9 10 18 0.690592 0.294167 0.015241 105.123044 164.661934
9 10 18 0.500903 0.148447 0.350650 100.985694 176.413043
9 10 18 0.658124 0.168493 0.173383 101.128343 173.669640
9 10 18 0.531071 0.409996 0.058934 109.356873 162.541846
9 10 18 0.064751 0.703849 0.231400 121.506165 170.899708
9 10 18 0.976033 0.009046 0.014922 95.246721 164.716115
10 19 18 0.024970 0.565176 0.409853 117.120044 199.945980
10 19 18 0.966528 0.014105 0.019367 128.339207 163.232389
10 19 18 0.465208 0.342278 0.192515 126.432365 179.116488
10 19 18 0.068864 0.549911 0.381225 114.640719 199.451296
10 19 18 0.224440 0.174427 0.601133 105.947760 194.493378
10 19 18 0.676582 0.091232 0.232186 123.378079 174.429020
10 19 18 0.272909 0.270444 0.456648 112.791265 192.691376
10 19 18 0.987965 0.009810 0.002225 134.327196 162.329692
10 19 18 0.449197 0.086732 0.464071 117.314474 182.065508
10 19 18 0.513615 0.032704 0.453681 114.637757 182.640693
10 11 19 0.556689 0.348170 0.095142 144.286056 162.336635
10 11 19 0.809487 0.083611 0.106902 136.776319 165.650050
10 11 19 0.663479 0.315799 0.020722 144.782050 160.264861
10 11 19 0.406254 0.565123 0.028623 151.504920 164.183244
10 11 19 0.941469 0.029115 0.029416 133.005406 159.746586
10 11 19 0.368929 0.476224 0.154847 145.972239 169.484716
10 11 19 0.855056 0.098388 0.046556 137.780165 162.331480
10 11 19 0.103004 0.126924 0.770071 133.480102 193.518777
10 11 19 0.336958 0.412529 0.250513 146.191645 169.002024
10 11 19 0.959003 0.015533 0.025464 133.480786 162.874106
11 20 19 0.276866 0.503201 0.219933 160.842048 188.791518
11 20 19 0.716040 0.102859 0.181102 162.928972 175.414047
11 20 19 0.569651 0.352221 0.078128 165.959030 177.630252
11 20 19 0.574107 0.185583 0.240310 160.993334 179.318358
11 20 19 0.713902 0.184230 0.101868 164.033799 167.563638
11 20 19 0.288656 0.586905 0.124439 161.313141 184.700047
11 20 19 0.696326 0.170985 0.132689 162.388625 167.352874
11 20 19 0.652999 0.302836 0.044166 165.244809 176.005201
11 20 19 0.233937 0.276237 0.489825 148.802480 188.863582
11 20 19 0.195700 0.683974 0.120326 158.346382 192.583878
11 12 20 0.039762 0.932196 0.028042 209.217018 158.999389
11 12 20 0.182262 0.246784 0.570954 178.399915 181.833880
11 12 20 0.897735 0.078925 0.023340 171.362646 156.844677
11 12 20 0.775313 0.023853 0.200834 167.301229 166.350411
11 12 20 0.442205 0.556069 0.001726 191.560385 153.889418
11 12 20 0.955959 0.039961 0.004080 171.766756 158.664397
11 12 20 0.136086 0.828871 0.035043 199.337756 160.377324
11 12 20 0.736798 0.147938 0.115264 170.694550 162.316365
11 12 20 0.691998 0.153980 0.154022 175.025134 168.891704
11 12 20 0.692102 0.096267 0.211631 167.924594 165.660963
12 21 20 0.536519 0.283641 0.179840 198.683266 178.590620
12 21 20 0.241455 0.513617 0.244928 195.451610 188.523706
12 21 20 0.647573 0.264152 0.088275 201.917496 174.369676
12 21 20 0.080034 0.573083 0.346883 190.882037 198.684978
12 21 20 0.241045 0.133569 0.625385 182.684922 190.162748
12 21 20 0.206724 0.389990 0.403286 188.110878 188.307633
12 21 20 0.037459 0.332588 0.629953 182.574442 201.406252
12 21 20 0.062991 0.241898 0.695111 183.148355 196.575300
12 21 20 0.548810 0.344884 0.106306 200.180221 179.243238
12 21 20 0.156485 0.527762 0.315752 193.522156 193.472505
12 13 21 0.371396 0.234653 0.393950 211.163956 172.965735
12 13 21 0.409393 0.292946 0.297661 217.286343 169.845928
12 13 21 0.710138 0.236512 0.053350 211.196545 156.826917
12 13 21 0.827806 0.140594 0.031600 211.767549 157.965056
12 13 21 0.212471 0.672361 0.115168 228.010016 164.600086
12 13 21 0.292868 0.514658 0.192474 225.922401 165.988319
12 13 21 0.755246 0.099938 0.144816 210.842641 165.168600
12 13 21 0.901877 0.042314 0.055809 206.640948 164.764601
12 13 21 0.586469 0.108262 0.305269 210.480886 171.638273
12 13 21 0.151492 0.287262 0.561246 215.421301 183.123211
13 22 21 0.874295 0.121686 0.004019 244.569298 160.880851
13 22 21 0.025994 0.913744 0.060262 237.590787 193.388089
13 22 21 0.697753 0.056748 0.245499 235.086027 169.032713
13 22 21 0.579520 0.213165 0.207315 235.579313 179.023355
13 22 21 0.235043 0.591543 0.173415 234.652064 192.017306
13 22 21 0.862942 0.134704 0.002355 245.516266 162.012784
13 22 21 0.322466 0.579328 0.098206 235.556034 182.586971
13 22 21 0.292386 0.669672 0.037943 242.188053 183.363049
13 22 21 0.244930 0.712215 0.042855 247.974083 187.194097
13 22 21 0.805320 0.036320 0.158360 236.755169 164.004210
13 14 22 0.543463 0.166940 0.289598 248.287945 165.576320
13 14 22 0.444364 0.120674 0.434962 247.967654 172.726868
13 14 22 0.737054 0.140971 0.121976 249.973464 161.618688
13 14 22 0.591081 0.002002 0.406918 246.375563 174.124543
13 14 22 0.768090 0.207547 0.024363 254.948564 157.902038
13 14 22 0.814070 0.055975 0.129955 247.212288 161.694469
13 14 22 0.971884 0.027767 0.000349 247.058254 155.698939
13 14 22 0.838076 0.019312 0.142613 245.062630 161.603190
13 14 22 0.838103 0.128429 0.033467 248.119662 159.707019
13 14 22 0.190193 0.782163 0.027644 275.057876 157.695828
14 23 22 0.773090 0.103654 0.123256 281.185515 163.599779
14 23 22 0.066659 0.120768 0.812573 250.932192 198.974474
14 23 22 0.768090 0.189235 0.042676 283.704396 167.468689
14 23 22 0.487367 0.119133 0.393500 269.822599 176.641672
14 23 22 0.264611 0.350157 0.385232 270.713774 189.258754
14 23 22 0.796650 0.179924 0.023426 285.850699 168.060065
14 23 22 0.434678 0.190937 0.374385 271.329531 178.181847
14 23 22 0.100501 0.624615 0.274885 278.805689 192.766812
14 23 22 0.240593 0.652941 0.106466 282.241114 186.154717
14 23 22 0.998634 0.000902 0.000464 291.350023 151.876475
14 15 23 0.739963 0.149693 0.110344 290.071364 162.439870
14 15 23 0.780616 0.151039 0.068346 293.621357 159.348612
14 15 23 0.380217 0.126326 0.493457 287.664515 177.143204
14 15 23 0.252931 0.724531 0.022538 316.973179 153.342561
14 15 23 0.994028 0.002980 0.002992 284.117431 153.543381
14 15 23 0.848288 0.102089 0.049623 287.515217 156.290804
14 15 23 0.294266 0.270246 0.435488 297.208214 175.757960
14 15 23 0.956745 0.024344 0.018911 289.017036 155.450801
14 15 23 0.068748 0.171648 0.759604 296.267267 187.421026
14 15 23 0.277329 0.324403 0.398269 300.536109 171.605847
15 24 23 0.944193 0.016593 0.039214 325.711101 159.667685
15 24 23 0.497598 0.372544 0.129858 322.254454 177.951333
15 24 23 0.828488 0.159043 0.012469 326.504745 164.363460
15 24 23 0.028987 0.669166 0.301847 309.953407 195.998210
15 24 23 0.262137 0.275163 0.462700 304.428141 189.196082
15 24 23 0.627817 0.259806 0.112377 316.976772 168.690854
15 24 23 0.340341 0.020349 0.639309 301.158128 189.903542
15 24 23 0.573128 0.270976 0.155896 316.365374 173.570945
15 24 23 0.352960 0.486817 0.160223 322.526647 183.011463
15 24 23 0.350339 0.084989 0.564672 301.216589 185.838471
15 16 24 0.730867 0.229798 0.039335 333.598877 160.332640
15 16 24 0.007005 0.909403 0.083592 364.899280 157.307178
15 16 24 0.234628 0.484034 0.281339 349.004257 165.714547
15 16 24 0.173037 0.199276 0.627687 335.033433 178.939711
15 16 24 0.823445 0.055507 0.121048 328.501878 160.366090
15 16 24 0.501916 0.154748 0.343335 330.826638 168.640177
15 16 24 0.460531 0.516878 0.022591 347.751030 154.888266
15 16 24 0.351397 0.603634 0.044970 351.020269 153.378857
15 16 24 0.944388 0.000361 0.055251 326.720877 161.212631
15 16 24 0.452559 0.317109 0.230332 342.727533 164.893581
16 25 24 0.608474 0.315142 0.076384 365.346355 170.000146
16 25 24 0.054159 0.169515 0.776326 330.826531 191.309480
16 25 24 0.957588 0.017722 0.024690 369.442044 155.644137
16 25 24 0.155176 0.656640 0.188184 358.328201 188.592175
16 25 24 0.232638 0.001166 0.766196 330.591876 185.440168
16 25 24 0.407205 0.375492 0.217303 356.376484 179.657891
16 25 24 0.289712 0.452081 0.258207 356.779625 187.318653
16 25 24 0.657410 0.066987 0.275603 356.051715 164.470269
16 25 24 0.161202 0.489886 0.348912 351.658855 186.502005
16 25 24 0.959513 0.012210 0.028277 369.167267 151.795595
16 17 25 0.662139 0.258034 0.079828 380.782250 154.849353
16 17 25 0.827313 0.166329 0.006358 374.770012 150.406742
16 17 25 0.436400 0.231770 0.331831 375.343541 167.240840
16 17 25 0.072249 0.348092 0.579659 380.690425 176.417126
16 17 25 0.490768 0.471991 0.037242 388.432350 154.446709
16 17 25 0.805454 0.138890 0.055656 373.476872 155.268645
16 17 25 0.132136 0.296797 0.571067 379.460762 179.917938
16 17 25 0.132579 0.330824 0.536598 377.710113 174.369550
16 17 25 0.367584 0.572150 0.060266 388.064259 153.061301
16 17 25 0.715293 0.241074 0.043632 377.259179 154.997935
17 26 25 0.524097 0.246815 0.229089 399.471736 174.674308
17 26 25 0.383775 0.324477 0.291749 400.750543 175.705335
17 26 25 0.788789 0.186543 0.024668 407.183834 159.317959
17 26 25 0.570866 0.321122 0.108012 399.400956 169.042086
17 26 25 0.614052 0.231847 0.154101 401.063839 168.079733
17 26 25 0.954361 0.023475 0.022164 405.854565 151.766656
17 26 25 0.768877 0.121267 0.109856 402.477445 160.446691
17 26 25 0.181701 0.186543 0.631756 382.431936 188.356313
17 26 25 0.016386 0.685109 0.298505 397.662741 193.714666
17 26 25 0.516169 0.424207 0.059623 407.074855 173.365151
18 19 27 0.495047 0.280431 0.224522 108.190299 213.642047
18 19 27 0.452735 0.071336 0.475929 98.825975 218.668305
18 19 27 0.611128 0.012730 0.376142 97.848275 215.120479
18 19 27 0.181074 0.298888 0.520037 103.599321 224.276644
18 19 27 0.310799 0.227477 0.461724 106.072034 222.169946
18 19 27 0.459888 0.112354 0.427758 100.676067 218.767724
18 19 27 0.594930 0.363371 0.041699 110.794847 201.154451
18 19 27 0.759713 0.074320 0.165966 101.023832 206.979398
18 19 27 0.698980 0.054397 0.246624 98.961177 213.487948
18 19 27 0.547441 0.444566 0.007993 114.205886 199.658370
19 28 27 0.589174 0.097227 0.313598 121.697288 218.087997
19 28 27 0.223495 0.109484 0.667022 111.696189 232.756309
19 28 27 0.080736 0.770587 0.148678 129.932109 237.749691
19 28 27 0.536162 0.360787 0.103050 128.491999 218.459539
19 28 27 0.009511 0.550923 0.439566 118.683448 239.616691
19 28 27 0.418981 0.186885 0.394133 116.320237 218.992623
19 28 27 0.960657 0.035969 0.003374 131.427922 204.040468
19 28 27 0.659600 0.331323 0.009077 131.559446 213.443817
19 28 27 0.925055 0.038549 0.036396 132.964927 203.197295
19 28 27 0.672420 0.019707 0.307873 121.196655 212.780409
19 20 28 0.083566 0.125741 0.790693 140.576806 234.602260
19 20 28 0.030549 0.947772 0.021680 164.531338 204.913276
19 20 28 0.678965 0.086518 0.234518 135.955880 209.088572
19 20 28 0.554732 0.084115 0.361153 130.481037 213.865843
19 20 28 0.445756 0.154423 0.399821 141.447943 218.557463
19 20 28 0.264224 0.715160 0.020617 158.593220 202.823993
19 20 28 0.240387 0.190425 0.569189 140.429092 227.605442
19 20 28 0.051629 0.921037 0.027334 167.290715 202.525440
19 20 28 0.870406 0.115257 0.014336 133.647762 204.266541
19 20 28 0.931905 0.031321 0.036774 131.041014 201.688934
20 29 28 0.812820 0.123198 0.063982 164.634708 207.266997
20 29 28 0.281189 0.187501 0.531309 152.305272 228.837425
20 29 28 0.634025 0.184465 0.181510 165.150893 212.948800
20 29 28 0.586188 0.140812 0.273000 159.458404 217.492100
20 29 28 0.925998 0.069292 0.004710 163.709156 206.228379
20 29 28 0.587009 0.320883 0.092108 164.450778 215.848274
20 29 28 0.236892 0.566771 0.196337 162.290978 226.152180
20 29 28 0.427532 0.446582 0.125886 163.143609 225.842766
20 29 28 0.171944 0.682813 0.145242 163.646553 231.521619
20 29 28 0.013940 0.467160 0.518900 150.774705 238.166217
20 21 29 0.324629 0.363908 0.311464 181.259980 212.247955
20 21 29 0.391840 0.005710 0.602450 169.331905 223.416822
20 21 29 0.410133 0.286737 0.303131 179.524316 209.010868
20 21 29 0.827289 0.071555 0.101156 171.337678 203.326992
20 21 29 0.378050 0.131275 0.490675 175.515091 221.571008
20 21 29 0.898065 0.088115 0.013820 168.431890 200.322322
20 21 29 0.345154 0.435361 0.219485 184.158570 211.847318
20 21 29 0.561357 0.169631 0.269012 173.236768 212.152510
20 21 29 0.439911 0.234374 0.325716 176.562806 211.465080
20 21 29 0.512678 0.046314 0.441007 168.484307 220.606022
21 30 29 0.291070 0.455720 0.253211 198.203531 227.616028
21 30 29 0.691458 0.232992 0.075550 201.900915 208.809369
21 30 29 0.559841 0.363275 0.076884 203.477925 213.715175
21 30 29 0.960836 0.029820 0.009344 203.163111 203.006589
21 30 29 0.923943 0.057998 0.018059 203.730069 203.503251
21 30 29 0.780627 0.177847 0.041526 208.219126 210.152773
21 30 29 0.034446 0.005892 0.959662 174.936563 238.181584
21 30 29 0.682875 0.031218 0.285908 192.082760 208.159044
21 30 29 0.812070 0.022910 0.165020 199.391417 203.141334
21 30 29 0.037013 0.869980 0.093007 204.308799 235.484448
21 22 30 0.890230 0.075027 0.034743 206.464083 200.308715
21 22 30 0.661124 0.100220 0.238656 210.255315 208.556850
21 22 30 0.652941 0.006037 0.341022 207.322555 216.391084
21 22 30 0.658765 0.236902 0.104332 213.660907 201.527169
21 22 30 0.839202 0.036293 0.124505 203.955664 203.856979
21 22 30 0.942207 0.039718 0.018076 205.791941 197.379012
21 22 30 0.864635 0.048981 0.086384 206.889162 201.746879
21 22 30 0.873770 0.123836 0.002395 211.033551 197.606824
21 22 30 0.682317 0.014644 0.303039 204.936530 212.423893
21 22 30 0.586498 0.281190 0.132312 214.066897 203.309445
22 31 30 0.629425 0.129045 0.241530 236.887855 210.724093
22 31 30 0.497208 0.078091 0.424702 231.169579 217.481557
22 31 30 0.995789 0.000944 0.003266 243.759194 198.060251
22 31 30 0.088014 0.104135 0.807851 211.459199 235.289784
22 31 30 0.853893 0.059448 0.086659 237.763579 206.469523
22 31 30 0.330221 0.383843 0.285937 233.566738 220.921397
22 31 30 0.747606 0.227525 0.024869 241.375839 205.678510
22 31 30 0.636682 0.153671 0.209647 233.408713 211.275848
22 31 30 0.617241 0.303890 0.078869 241.009641 211.684020
22 31 30 0.233825 0.164093 0.602082 220.477053 231.371216
22 23 31 0.373179 0.393497 0.233324 258.810045 206.284548
22 23 31 0.782627 0.071072 0.146301 247.689356 200.290359
22 23 31 0.961093 0.003657 0.035250 242.239138 199.486269
22 23 31 0.200402 0.417275 0.382324 259.986133 212.721347
22 23 31 0.136883 0.392181 0.470936 261.202928 214.569901
22 23 31 0.043520 0.317307 0.639172 257.714855 227.421596
22 23 31 0.229156 0.614030 0.156813 268.918366 203.004278
22 23 31 0.468012 0.443993 0.087995 266.580216 200.329724
22 23 31 0.468612 0.309335 0.222053 257.911111 207.299408
22 23 31 0.432853 0.008647 0.558501 243.366558 218.308679
23 32 31 0.487506 0.135930 0.376564 269.812361 219.371538
23 32 31 0.682699 0.256638 0.060664 285.531377 209.819660
23 32 31 0.393591 0.276969 0.329440 273.854567 218.677569
23 32 31 0.351934 0.187159 0.460906 260.797650 226.945009
23 32 31 0.873265 0.016193 0.110542 279.094816 203.035362
23 32 31 0.847681 0.053154 0.099166 283.669711 204.642161
23 32 31 0.202531 0.391124 0.406345 265.778827 229.431790
23 32 31 0.790970 0.132102 0.076927 282.096389 207.097185
23 32 31 0.233230 0.323224 0.443546 267.042557 223.875172
23 32 31 0.738559 0.034151 0.227291 276.576432 208.280481
23 24 32 0.813286 0.155430 0.031283 290.804799 202.032614
23 24 32 0.264222 0.040228 0.695550 285.815788 224.267998
23 24 32 0.298436 0.029362 0.672202 284.870954 223.028009
23 24 32 0.547735 0.195626 0.256639 292.329900 211.666522
23 24 32 0.546248 0.230404 0.223347 290.930036 206.055568
23 24 32 0.152637 0.643406 0.203957 307.815202 203.379665
23 24 32 0.517815 0.238636 0.243549 296.343608 206.633635
23 24 32 0.838881 0.065420 0.095699 285.622115 202.459084
23 24 32 0.285466 0.075778 0.638756 288.600695 221.884357
23 24 32 0.313494 0.048314 0.638192 291.010263 223.276589
24 33 32 0.304759 0.484586 0.210655 318.869506 223.086088
24 33 32 0.964245 0.021919 0.013836 324.577515 198.398082
24 33 32 0.490122 0.469817 0.040061 324.710536 211.269929
24 33 32 0.898363 0.029032 0.072605 323.282272 198.633551
24 33 32 0.715399 0.222427 0.062174 321.793997 208.091376
24 33 32 0.399653 0.422434 0.177913 316.329859 221.688932
24 33 32 0.428080 0.104345 0.467575 306.553705 220.979460
24 33 32 0.273627 0.627601 0.098772 321.377051 222.644548
24 33 32 0.460192 0.152038 0.387770 312.692086 217.338952
24 33 32 0.124251 0.722625 0.153124 320.552904 231.181498
24 25 33 0.234741 0.733571 0.031689 356.490134 194.171158
24 25 33 0.591759 0.108778 0.299463 327.853184 209.278245
24 25 33 0.218565 0.624251 0.157184 352.119045 200.063117
24 25 33 0.274774 0.209355 0.515871 336.138339 212.708428
24 25 33 0.976137 0.021698 0.002165 322.400497 194.607621
24 25 33 0.890918 0.095002 0.014080 331.389447 195.368110
24 25 33 0.955306 0.002174 0.042520 326.237676 198.261846
24 25 33 0.533315 0.311255 0.155430 340.460589 198.121533
24 25 33 0.368010 0.121212 0.510779 325.590898 214.396537
24 25 33 0.530185 0.034509 0.435305 325.487622 215.394334
25 34 33 0.340838 0.230869 0.428293 350.083677 220.275189
25 34 33 0.956542 0.003843 0.039615 361.115933 195.540704
25 34 33 0.245561 0.607235 0.147204 357.096486 227.002667
25 34 33 0.703252 0.272981 0.023767 365.269710 209.674276
25 34 33 0.866496 0.038542 0.094962 361.349462 197.744307
25 34 33 0.372630 0.436416 0.190954 358.255796 220.356736
25 34 33 0.586964 0.066421 0.346615 350.819479 210.091393
25 34 33 0.430014 0.343717 0.226269 354.424201 215.188038
25 34 33 0.342659 0.178751 0.478590 343.679410 220.418750
25 34 33 0.076036 0.479057 0.444907 345.540746 235.031748
25 26 34 0.278332 0.485520 0.236148 385.970623 203.302749
25 26 34 0.992150 0.003715 0.004136 365.228386 197.613785
25 26 34 0.251597 0.649546 0.098857 393.657367 199.736995
25 26 34 0.193570 0.103806 0.702624 367.502842 222.766511
25 26 34 0.857621 0.075098 0.067281 365.771263 197.356473
25 26 34 0.598629 0.223719 0.177652 375.435268 204.438330
25 26 34 0.818084 0.020660 0.161256 367.175280 203.987037
25 26 34 0.038318 0.601728 0.359954 396.880889 211.956994
25 26 34 0.201033 0.399295 0.399672 381.415654 212.845464
25 26 34 0.390696 0.195972 0.413332 372.774661 211.415801
26 35 34 0.840536 0.044448 0.115016 403.076912 201.556396
26 35 34 0.275055 0.263023 0.461921 389.036566 222.705249
26 35 34 0.155906 0.655078 0.189016 402.549391 230.690100
26 35 34 0.078859 0.430934 0.490206 389.552530 232.018879
26 35 34 0.387687 0.559682 0.052630 407.414314 221.375255
26 35 34 0.547673 0.344234 0.108093 402.060010 212.388338
26 35 34 0.031369 0.110071 0.858560 371.927113 235.681172
26 35 34 0.418289 0.403427 0.178284 399.717814 215.455450
26 35 34 0.754148 0.229398 0.016454 409.289333 204.452074
26 35 34 0.436684 0.330420 0.232896 395.411131 215.927264
27 28 36 0.420561 0.345147 0.234292 112.354687 251.404078
27 28 36 0.068613 0.890283 0.041104 128.346774 240.113281
27 28 36 0.972989 0.015614 0.011396 97.575092 243.560266
27 28 36 0.887910 0.085267 0.026823 101.952821 243.830557
27 28 36 0.227107 0.771107 0.001786 129.380226 239.226960
27 28 36 0.562444 0.411182 0.026374 113.827108 241.677060
27 28 36 0.375379 0.235649 0.388973 108.954552 256.008072
27 28 36 0.637187 0.047142 0.315671 103.469883 253.283654
27 28 36 0.164170 0.605497 0.230333 115.054962 248.816424
27 28 36 0.516068 0.288341 0.195592 110.053939 247.034944
28 37 36 0.124677 0.363940 0.511383 118.841422 271.596845
28 37 36 0.488404 0.121114 0.390482 119.804033 257.810584
28 37 36 0.339123 0.145301 0.515576 116.069719 265.715815
28 37 36 0.634858 0.267534 0.097609 130.422047 252.928786
28 37 36 0.833364 0.125088 0.041548 135.643011 247.810860
28 37 36 0.428809 0.013891 0.557300 116.286442 261.520811
28 37 36 0.496533 0.193405 0.310061 117.986917 261.570972
28 37 36 0.662969 0.283529 0.053502 131.165171 250.737666
28 37 36 0.673949 0.136362 0.189689 131.503140 252.865452
28 37 36 0.148494 0.280496 0.571011 112.510011 273.724323
28 29 37 0.117048 0.059292 0.823660 138.544186 268.192021
28 29 37 0.039834 0.776628 0.183539 164.959544 247.265942
28 29 37 0.725007 0.119833 0.155160 137.885811 241.715753
28 29 37 0.727980 0.203028 0.068991 146.449865 238.230294
28 29 37 0.855176 0.095827 0.048998 133.472346 240.288194
28 29 37 0.928218 0.061965 0.009816 134.901672 242.422494
28 29 37 0.635663 0.068961 0.295376 133.908236 253.975731
28 29 37 0.366248 0.198957 0.434795 144.001922 253.705715
28 29 37 0.583849 0.079199 0.336953 136.317784 253.789891
28 29 37 0.694827 0.254031 0.051142 142.885345 241.095232
29 38 37 0.179329 0.306607 0.514064 151.904902 270.912099
29 38 37 0.637075 0.018392 0.344533 163.502670 251.579318
29 38 37 0.530137 0.056742 0.413121 153.282035 257.348523
29 38 37 0.943126 0.008575 0.048299 167.991410 243.348040
29 38 37 0.765486 0.034715 0.199798 161.474480 245.930603
29 38 37 0.859287 0.001410 0.139303 163.227326 248.193785
29 38 37 0.978994 0.010518 0.010488 170.802312 242.920329
29 38 37 0.081923 0.244523 0.673553 148.339012 273.824692
29 38 37 0.989004 0.001892 0.009105 168.635063 239.265125
29 38 37 0.989414 0.004680 0.005906 169.290583 242.175278
29 30 38 0.293590 0.618493 0.087917 188.759983 247.188355
29 30 38 0.503055 0.107858 0.389086 171.790893 253.652878
29 30 38 0.262956 0.021740 0.715305 172.154649 261.161218
29 30 38 0.712881 0.087006 0.200113 175.030389 247.066672
29 30 38 0.287103 0.113346 0.599551 171.450411 262.712600
29 30 38 0.864248 0.107424 0.028327 174.416097 237.402612
29 30 38 0.472320 0.022329 0.505351 167.818834 262.847094
29 30 38 0.417405 0.368396 0.214199 183.803564 249.411109
29 30 38 0.489870 0.111538 0.398593 177.167549 254.931751
29 30 38 0.889993 0.061406 0.048600 169.549805 239.977621
30 39 38 0.626382 0.025796 0.347822 189.945564 253.983519
30 39 38 0.354115 0.645011 0.000874 207.509244 263.730809
30 39 38 0.146236 0.098428 0.755336 176.259510 275.553364
30 39 38 0.050269 0.036021 0.913710 175.729518 276.399903
30 39 38 0.290296 0.674204 0.035501 206.556199 267.144367
30 39 38 0.297145 0.110700 0.592156 187.187127 269.043175
30 39 38 0.894380 0.096276 0.009343 206.756656 238.633164
30 39 38 0.139450 0.368955 0.491595 191.047421 266.614942
30 39 38 0.010635 0.127857 0.861509 174.845354 278.176748
30 39 38 0.393028 0.531977 0.074995 209.445425 263.302818
30 31 39 0.253501 0.202826 0.543673 214.526503 259.014339
30 31 39 0.727026 0.240487 0.032488 214.909582 241.277739
30 31 39 0.456261 0.419411 0.124328 223.348760 244.954911
30 31 39 0.732892 0.214029 0.053079 217.126873 239.662551
30 31 39 0.519755 0.327762 0.152483 221.124089 241.397447
30 31 39 0.800020 0.105364 0.094617 212.900347 241.612492
30 31 39 0.239976 0.258497 0.501527 218.386606 256.205821
30 31 39 0.611696 0.361096 0.027208 220.508242 239.832272
30 31 39 0.909779 0.080835 0.009386 206.422916 238.826185
30 31 39 0.491315 0.457913 0.050772 222.860176 241.412447
31 40 39 0.312115 0.484191 0.203694 237.302759 264.729305
31 40 39 0.143376 0.415763 0.440861 232.110419 273.893826
31 40 39 0.006884 0.819352 0.173763 236.952905 274.816973
31 40 39 0.049019 0.319853 0.631129 221.438604 276.595554
31 40 39 0.336424 0.599226 0.064349 243.947852 263.190123
31 40 39 0.998324 0.000761 0.000916 244.680829 237.873630
31 40 39 0.352491 0.446947 0.200562 236.159891 264.406827
31 40 39 0.900957 0.067465 0.031577 240.723970 239.919477
31 40 39 0.427547 0.083454 0.488999 226.146346 260.370996
31 40 39 0.769535 0.023442 0.207023 235.005096 249.499928
31 32 40 0.164381 0.092083 0.743536 246.277168 267.490727
31 32 40 0.999281 0.000602 0.000117 242.176187 235.028101
31 32 40 0.660232 0.200914 0.138854 254.282698 246.655783
31 32 40 0.988690 0.002169 0.009141 245.234023 240.228346
31 32 40 0.525774 0.355831 0.118395 259.988744 241.445914
31 32 40 0.064198 0.103374 0.832428 248.644006 268.722827
31 32 40 0.363422 0.063356 0.573221 249.701713 262.847573
31 32 40 0.904881 0.016456 0.078663 243.535128 243.332323
31 32 40 0.870386 0.005356 0.124258 245.484898 243.055505
31 32 40 0.220915 0.713005 0.066080 273.501387 241.909872
32 41 40 0.523497 0.156500 0.320004 269.283999 255.655498
32 41 40 0.546776 0.344248 0.108976 281.754406 251.021853
32 41 40 0.096254 0.540300 0.363446 268.644051 274.051428
32 41 40 0.814417 0.010757 0.174827 275.345238 245.693293
32 41 40 0.905304 0.010304 0.084392 278.085009 240.256692
32 41 40 0.788447 0.207878 0.003676 284.407728 246.179084
32 41 40 0.176715 0.491685 0.331600 272.204490 272.721686
32 41 40 0.295537 0.085900 0.618562 261.393756 263.948880
32 41 40 0.118657 0.370182 0.511162 262.161383 270.228140
32 41 40 0.306185 0.408680 0.285135 272.799219 267.752693
32 33 41 0.734026 0.092617 0.173356 286.808358 244.111413
32 33 41 0.432351 0.019483 0.548166 287.111992 259.621032
32 33 41 0.215851 0.475482 0.308666 303.009233 244.786748
32 33 41 0.500357 0.206289 0.293355 294.860314 248.616366
32 33 41 0.654363 0.281216 0.064421 296.175550 238.279601
32 33 41 0.983471 0.011713 0.004816 284.658127 240.109118
32 33 41 0.237007 0.653125 0.109868 314.211968 240.749821
32 33 41 0.473049 0.173058 0.353893 289.128888 252.733991
32 33 41 0.042886 0.064712 0.892402 285.963881 275.595729
32 33 41 0.531772 0.060472 0.407756 285.940692 253.872212
33 42 41 0.994109 0.004004 0.001887 326.485294 236.154357
33 42 41 0.335169 0.638265 0.026566 320.657649 261.251273
33 42 41 0.748178 0.142781 0.109040 320.050056 246.498426
33 42 41 0.892416 0.069033 0.038552 324.472650 239.620789
33 42 41 0.745257 0.211334 0.043409 322.668511 246.891258
33 42 41 0.987516 0.000763 0.011721 326.317894 236.612973
33 42 41 0.435302 0.415129 0.149570 315.787035 259.945903
33 42 41 0.110343 0.566802 0.322855 311.176971 272.031930
33 42 41 0.635148 0.227395 0.137458 318.560738 249.493376
33 42 41 0.952568 0.018977 0.028455 320.294005 239.501154
33 34 42 0.879067 0.108074 0.012859 328.596309 234.358541
33 34 42 0.285889 0.018382 0.695729 327.348688 265.639883
33 34 42 0.125952 0.202266 0.671783 335.768927 263.042464
33 34 42 0.850300 0.113899 0.035801 328.356977 233.741596
33 34 42 0.159410 0.562163 0.278426 350.853854 244.722879
33 34 42 0.230795 0.686826 0.082379 351.918781 239.733607
33 34 42 0.100873 0.005441 0.893686 325.472662 271.186731
33 34 42 0.621213 0.181116 0.197671 331.551057 242.787633
33 34 42 0.314093 0.453736 0.232171 343.535192 245.385108
33 34 42 0.728562 0.247890 0.023548 334.038742 236.528781
34 43 42 0.358960 0.248611 0.392429 352.906283 261.487192
34 43 42 0.378892 0.315798 0.305310 355.451402 260.367568
34 43 42 0.062690 0.164721 0.772588 333.855312 273.565689
34 43 42 0.335479 0.631960 0.032561 365.833384 261.247780
34 43 42 0.797017 0.032477 0.170506 358.422648 245.327435
34 43 42 0.713038 0.231393 0.055568 363.222941 247.772267
34 43 42 0.072607 0.799774 0.127619 361.645891 274.009200
34 43 42 0.369977 0.477799 0.152224 359.293871 261.712455
34 43 42 0.578871 0.254752 0.166377 361.134356 255.174904
34 43 42 0.907452 0.056111 0.036437 363.185558 244.639814
34 35 43 0.736530 0.108015 0.155455 373.925562 240.683877
34 35 43 0.437310 0.064562 0.498128 368.076442 253.999451
34 35 43 0.570740 0.417106 0.012154 387.313826 234.334119
34 35 43 0.590510 0.203249 0.206241 375.736105 242.794893
34 35 43 0.206403 0.545035 0.248562 388.791779 242.900763
34 35 43 0.796508 0.134189 0.069303 371.449298 239.944638
34 35 43 0.942154 0.054053 0.003793 370.180204 235.304198
34 35 43 0.255193 0.152340 0.592467 371.652505 254.806085
34 35 43 0.307464 0.580324 0.112211 388.584052 244.055992
34 35 43 0.151474 0.416599 0.431926 382.763521 253.977334
35 44 43 0.846776 0.034435 0.118790 402.989818 239.784794
35 44 43 0.253315 0.071511 0.675174 380.423592 264.040121
35 44 43 0.674741 0.320274 0.004985 408.094953 248.095530
35 44 43 0.949870 0.014153 0.035977 403.991758 235.582796
35 44 43 0.110202 0.724596 0.165202 403.991548 271.179005
35 44 43 0.107039 0.797106 0.095855 405.829772 275.114426
35 44 43 0.654845 0.222725 0.122431 404.050538 247.039287
35 44 43 0.011500 0.959607 0.028893 408.729404 275.073160
35 44 43 0.218262 0.004766 0.776972 375.024138 267.381895
35 44 43 0.037210 0.859553 0.103237 405.148317 273.412998
36 37 45 0.126893 0.018421 0.854685 105.480250 306.526969
36 37 45 0.896284 0.043468 0.060249 108.210797 281.460530
36 37 45 0.078123 0.441398 0.480479 116.800481 290.595834
36 37 45 0.795103 0.028471 0.176426 103.493447 281.704665
36 37 45 0.712275 0.214667 0.073058 105.881505 278.876318
36 37 45 0.698243 0.194979 0.106778 108.764943 279.746791
36 37 45 0.214640 0.342647 0.442713 115.805339 291.862140
36 37 45 0.723992 0.115534 0.160474 105.131847 281.817676
36 37 45 0.604141 0.101847 0.294012 103.574550 286.708836
36 37 45 0.984553 0.002243 0.013204 103.494956 276.160634
37 46 45 0.369819 0.448393 0.181788 132.394884 297.443595
37 46 45 0.079261 0.794568 0.126171 133.108936 310.835807
37 46 45 0.134367 0.220245 0.645388 116.329884 306.303779
37 46 45 0.038425 0.106789 0.854786 107.524522 310.692676
37 46 45 0.544123 0.216246 0.239632 124.286264 289.543909
37 46 45 0.798421 0.013636 0.187943 128.677380 282.781747
37 46 45 0.093116 0.488402 0.418482 124.343960 312.383960
37 46 45 0.883296 0.060304 0.056400 134.036892 277.595687
37 46 45 0.771889 0.098612 0.129499 127.115065 283.000941
37 46 45 0.248491 0.392187 0.359322 127.172496 302.173606
37 38 46 0.305634 0.518639 0.175728 154.030276 284.578621
37 38 46 0.418639 0.281563 0.299799 146.042580 286.393839
37 38 46 0.807573 0.136337 0.056090 141.715922 275.161674
37 38 46 0.653050 0.048503 0.298446 137.982750 288.933276
37 38 46 0.644096 0.084170 0.271735 139.680817 288.267037
37 38 46 0.825529 0.156457 0.018014 142.396981 278.240432
37 38 46 0.775090 0.118927 0.105984 137.319408 281.066116
37 38 46 0.231994 0.443293 0.324713 152.634039 288.280397
37 38 46 0.284739 0.275201 0.440060 144.501881 292.003126
37 38 46 0.877292 0.012984 0.109724 136.744097 279.716713
38 47 46 0.070713 0.343697 0.585590 150.599364 313.112778
38 47 46 0.707779 0.166998 0.125224 166.953675 286.305643
38 47 46 0.659017 0.136663 0.204320 163.740286 284.173680
38 47 46 0.280448 0.422438 0.297114 161.267538 304.292039
38 47 46 0.611973 0.024600 0.363427 156.242899 289.997241
38 47 46 0.199945 0.126336 0.673719 149.127998 305.226303
38 47 46 0.184958 0.637846 0.177196 166.805409 305.710267
38 47 46 0.990714 0.000287 0.008999 169.142923 280.125888
38 47 46 0.278811 0.562679 0.158509 164.747444 303.788721
38 47 46 0.588152 0.320007 0.091840 167.985964 291.546462
38 39 47 0.642591 0.259666 0.097742 178.655189 278.679709
38 39 47 0.138731 0.538523 0.322746 189.717420 292.031090
38 39 47 0.508601 0.273409 0.217990 179.710308 284.778095
38 39 47 0.985121 0.013135 0.001744 172.868659 276.163978
38 39 47 0.246152 0.611458 0.142390 195.439695 282.100098
38 39 47 0.673355 0.006470 0.320175 168.681329 286.671962
38 39 47 0.349684 0.188918 0.461398 178.916031 292.115881
38 39 47 0.521231 0.044301 0.434468 174.506485 289.481254
38 39 47 0.779684 0.167148 0.053169 177.249159 277.800635
38 39 47 0.268329 0.452962 0.278709 186.326295 286.841330
39 48 47 0.664920 0.013385 0.321695 199.540876 287.736070
39 48 47 0.822946 0.099025 0.078029 207.362221 282.311635
39 48 47 0.745962 0.187876 0.066163 205.837353 285.341864
39 48 47 0.510356 0.108769 0.380875 194.511964 298.220308
39 48 47 0.515965 0.346573 0.137462 200.968537 296.171156
39 48 47 0.637787 0.011917 0.350296 193.840179 288.925497
39 48 47 0.638120 0.156822 0.205058 199.084246 291.412764
39 48 47 0.826529 0.046292 0.127179 202.597572 283.345825
39 48 47 0.693301 0.192467 0.114232 207.348577 289.784505
39 48 47 0.802229 0.118206 0.079565 205.603470 282.838716
39 40 48 0.262290 0.012626 0.725084 205.478438 304.282565
39 40 48 0.824164 0.054896 0.120940 207.716777 283.376944
39 40 48 0.830830 0.099972 0.069198 212.673909 280.122046
39 40 48 0.866086 0.112857 0.021057 212.697705 278.106068
39 40 48 0.972513 0.002024 0.025463 206.612031 278.587727
39 40 48 0.278793 0.050674 0.670534 209.300328 299.802252
39 40 48 0.694628 0.072721 0.232650 211.556750 286.673594
39 40 48 0.354077 0.271216 0.374708 217.002485 292.526747
39 40 48 0.370613 0.046152 0.583235 207.434949 301.138789
39 40 48 0.685376 0.204421 0.110204 214.455593 282.774620
40 49 48 0.293367 0.153102 0.553531 225.089665 303.647931
40 49 48 0.890916 0.040704 0.068380 239.859139 282.977033
40 49 48 0.792934 0.103009 0.104057 238.878148 286.742411
40 49 48 0.955703 0.002718 0.041579 240.694179 278.157511
40 49 48 0.312951 0.653511 0.033538 242.047960 301.211094
40 49 48 0.985482 0.000558 0.013960 246.544673 282.673274
40 49 48 0.987233 0.002966 0.009801 242.961153 274.556100
40 49 48 0.329896 0.486861 0.183243 238.659938 303.264536
40 49 48 0.608474 0.010058 0.381468 228.824508 290.424966
40 49 48 0.671075 0.158207 0.170718 238.598328 291.936432
40 41 49 0.171912 0.055669 0.772419 244.851305 305.205242
40 41 49 0.229823 0.476232 0.293944 262.358237 289.252373
40 41 49 0.326583 0.240765 0.432653 255.349186 292.041214
40 41 49 0.315901 0.251096 0.433003 256.712145 298.537220
40 41 49 0.698572 0.007807 0.293621 244.484354 287.050502
40 41 49 0.146194 0.294145 0.559661 258.943767 296.171167
40 41 49 0.675114 0.126626 0.198260 250.634693 285.517772
40 41 49 0.165803 0.247912 0.586285 255.568866 296.716205
40 41 49 0.615342 0.277322 0.107336 254.221827 280.372126
40 41 49 0.458669 0.474776 0.066556 265.820536 276.542712
41 50 49 0.373514 0.607939 0.018546 279.804144 302.060220
41 50 49 0.289118 0.627080 0.083802 279.565251 301.918380
41 50 49 0.921311 0.041887 0.036802 282.081239 280.222367
41 50 49 0.775636 0.096776 0.127588 279.021469 285.954136
41 50 49 0.925215 0.032947 0.041837 282.834874 280.226968
41 50 49 0.909672 0.042401 0.047927 280.494521 282.389041
41 50 49 0.050732 0.267706 0.681562 257.353126 312.200004
41 50 49 0.031326 0.050590 0.918083 251.050682 313.623371
41 50 49 0.625377 0.304251 0.070372 283.350083 288.396032
41 50 49 0.320383 0.258647 0.420970 265.975686 303.315517
41 42 50 0.367007 0.095097 0.537896 286.863637 295.671287
41 42 50 0.122173 0.730822 0.147005 315.129019 279.638763
41 42 50 0.316659 0.058234 0.625107 287.211152 300.444557
41 42 50 0.202804 0.569114 0.228082 307.583095 285.969849
41 42 50 0.031698 0.033034 0.935268 285.774801 316.935795
41 42 50 0.854319 0.105533 0.040149 288.672561 279.614946
41 42 50 0.806725 0.050262 0.143014 290.214342 283.623931
41 42 50 0.899638 0.052820 0.047542 287.410871 277.046707
41 42 50 0.694251 0.205263 0.100486 293.565373 282.414013
41 42 50 0.712571 0.239832 0.047596 294.579854 279.228153
42 51 50 0.593297 0.001578 0.405125 307.840702 294.947440
42 51 50 0.677043 0.241127 0.081830 319.364622 287.075443
42 51 50 0.403631 0.323768 0.272601 313.421326 300.539193
42 51 50 0.284132 0.118967 0.596901 303.097137 302.693997
42 51 50 0.964418 0.017752 0.017830 322.722108 272.736904
42 51 50 0.106222 0.428749 0.465029 305.342742 310.824010
42 51 50 0.572947 0.381056 0.045997 322.564496 294.886878
42 51 50 0.055242 0.487821 0.456937 308.408223 312.121856
42 51 50 0.204820 0.094330 0.700849 295.703733 308.713966
42 51 50 0.752999 0.117524 0.129477 315.660884 286.208538
42 43 51 0.362381 0.611625 0.025995 349.515543 280.174035
42 43 51 0.439169 0.244243 0.316589 333.247594 290.782795
42 43 51 0.985304 0.003394 0.011302 323.894323 274.924310
42 43 51 0.472732 0.175280 0.351988 329.475092 288.001666
42 43 51 0.128334 0.228295 0.643372 332.852852 302.258744
42 43 51 0.571302 0.070781 0.357916 329.654093 292.581016
42 43 51 0.432690 0.164426 0.402884 333.114342 294.307427
42 43 51 0.089230 0.517802 0.392967 346.117992 292.721835
42 43 51 0.589735 0.022136 0.388128 326.542766 290.636636
42 43 51 0.077115 0.781860 0.141025 360.326539 283.090339
43 52 51 0.449941 0.142256 0.407803 346.218624 298.410580
43 52 51 0.514692 0.315157 0.170151 359.853815 295.074093
43 52 51 0.480143 0.385541 0.134316 359.155634 292.517779
43 52 51 0.948272 0.012426 0.039302 364.430363 277.950105
43 52 51 0.780228 0.149017 0.070755 362.248106 285.608542
43 52 51 0.534886 0.276751 0.188363 356.792500 296.329258
43 52 51 0.131639 0.603107 0.265254 354.297162 311.770324
43 52 51 0.781897 0.188098 0.030005 362.678715 281.962748
43 52 51 0.026836 0.576506 0.396658 347.546172 313.236002
43 52 51 0.329039 0.443040 0.227921 355.084920 300.078526
43 44 52 0.528829 0.322407 0.148764 379.685719 278.518211
43 44 52 0.295911 0.107265 0.596823 371.858049 300.491281
43 44 52 0.149494 0.426746 0.423760 384.846294 291.010650
43 44 52 0.776415 0.107864 0.115721 368.523273 281.126988
43 44 52 0.844503 0.012782 0.142715 368.155551 278.644257
43 44 52 0.393959 0.205514 0.400527 376.567331 290.775814
43 44 52 0.120621 0.871156 0.008222 403.042289 275.887015
43 44 52 0.127022 0.377539 0.495439 381.725919 296.807439
43 44 52 0.452443 0.384511 0.163045 383.458489 282.478395
43 44 52 0.104730 0.114143 0.781126 367.850700 306.065160
44 53 52 0.510732 0.403195 0.086073 404.912941 294.797911
44 53 52 0.520701 0.153662 0.325637 390.918206 292.895928
44 53 52 0.141888 0.366230 0.491883 386.391626 308.268375
44 53 52 0.284263 0.687271 0.028466 410.511063 303.168384
44 53 52 0.896751 0.100003 0.003245 405.475536 276.736545
44 53 52 0.903628 0.001415 0.094956 405.701326 276.622192
44 53 52 0.089114 0.705492 0.205394 398.530149 314.721291
44 53 52 0.482109 0.291253 0.226638 397.528034 294.251023
44 53 52 0.102705 0.554225 0.343070 394.630549 312.911918
44 53 52 0.111681 0.684925 0.203394 402.637800 307.622409
45 46 54 0.020775 0.314427 0.664799 116.315508 335.330235
45 46 54 0.936966 0.034277 0.028758 103.891536 312.534148
45 46 54 0.134565 0.772747 0.092688 130.439909 320.978302
45 46 54 0.147972 0.676540 0.175489 123.792123 316.677264
45 46 54 0.950517 0.006673 0.042810 105.004759 313.952972
45 46 54 0.806273 0.077587 0.116140 104.126194 312.401176
45 46 54 0.978193 0.001093 0.020714 101.989525 310.853008
45 46 54 0.033145 0.957181 0.009674 136.264233 314.518732
45 46 54 0.297552 0.599029 0.103418 123.240293 317.918574
45 46 54 0.189251 0.535309 0.275441 119.961382 321.016811
46 55 54 0.728252 0.227077 0.044671 136.605832 321.579888
46 55 54 0.130113 0.419965 0.449922 122.698250 344.675042
46 55 54 0.697507 0.197431 0.105062 137.748436 327.284328
46 55 54 0.590457 0.358806 0.050737 132.000552 325.462986
46 55 54 0.003394 0.123973 0.872634 109.939025 348.312830
46 55 54 0.690642 0.111575 0.197783 128.883913 324.229796
46 55 54 0.246619 0.407840 0.345540 126.232984 339.743391
46 55 54 0.456521 0.363561 0.179918 129.947841 331.121675
46 55 54 0.331472 0.115945 0.552583 119.637776 336.854301
46 55 54 0.145517 0.003937 0.850546 110.015371 343.034029
46 47 55 0.955296 0.002123 0.042581 135.444826 315.146415
46 47 55 0.027339 0.762626 0.210035 160.879111 322.770970
46 47 55 0.341464 0.385087 0.273449 151.026697 322.344030
46 47 55 0.752087 0.146888 0.101025 146.722381 315.002045
46 47 55 0.402882 0.301556 0.295562 150.674906 323.577923
46 47 55 0.749800 0.071360 0.178840 136.170293 317.444639
46 47 55 0.004606 0.936492 0.058902 169.900859 316.197695
46 47 55 0.388359 0.347610 0.264031 149.106035 324.556920
46 47 55 0.464151 0.358898 0.176951 151.395175 319.823170
46 47 55 0.354893 0.447130 0.197977 154.036207 319.188382
47 56 55 0.903439 0.061311 0.035250 172.092412 318.290227
47 56 55 0.109653 0.027162 0.863184 141.975284 342.926041
47 56 55 0.668798 0.093157 0.238045 164.825618 324.977857
47 56 55 0.430558 0.002415 0.567027 151.727085 331.005601
47 56 55 0.298267 0.498602 0.203131 165.341957 340.239335
47 56 55 0.491300 0.224074 0.284626 168.064427 329.960008
47 56 55 0.109412 0.742705 0.147883 168.346458 346.947832
47 56 55 0.072263 0.508919 0.418818 159.002705 349.830233
47 56 55 0.753132 0.140910 0.105958 170.366031 320.830403
47 56 55 0.032048 0.917408 0.050544 177.125789 349.417545
47 48 56 0.961805 0.031640 0.006555 174.292964 313.165568
47 48 56 0.481308 0.029611 0.489081 174.082836 332.348980
47 48 56 0.203345 0.149978 0.646676 178.265696 339.636004
47 48 56 0.480795 0.500641 0.018565 187.812504 311.401232
47 48 56 0.275702 0.261135 0.463163 183.923590 337.447654
47 48 56 0.027357 0.231432 0.741211 181.750995 340.908490
47 48 56 0.265001 0.082111 0.652888 177.755118 339.567430
47 48 56 0.349613 0.404612 0.245775 185.221559 323.404819
47 48 56 0.189673 0.439727 0.370600 187.504619 327.003036
47 48 56 0.751579 0.136107 0.112314 178.367817 321.317583
48 57 56 0.868387 0.039339 0.092275 203.606712 318.087914
48 57 56 0.484733 0.240005 0.275263 199.323405 332.605227
48 57 56 0.655605 0.006142 0.338253 197.931213 329.354686
48 57 56 0.499955 0.378170 0.121875 198.255503 334.263737
48 57 56 0.935534 0.020713 0.043753 206.483271 320.209418
48 57 56 0.987327 0.006647 0.006026 200.291982 314.457739
48 57 56 0.642443 0.035306 0.322251 194.743040 326.922590
48 57 56 0.526765 0.009815 0.463420 191.371933 334.046889
48 57 56 0.362491 0.001185 0.636325 185.728864 339.438338
48 57 56 0.386591 0.455576 0.157833 207.814744 340.178414
48 49 57 0.969732 0.030210 0.000058 208.164249 315.555265
48 49 57 0.113209 0.294084 0.592707 223.243217 333.477763
48 49 57 0.651112 0.070315 0.278573 208.723996 323.372363
48 49 57 0.788039 0.060881 0.151080 209.195878 319.570781
48 49 57 0.041456 0.607627 0.350916 228.939978 325.657781
48 49 57 0.825569 0.170635 0.003796 214.301102 315.005276
48 49 57 0.725383 0.109312 0.165305 209.657845 321.783962
48 49 57 0.230326 0.712887 0.056787 236.352208 313.994853
48 49 57 0.543418 0.123097 0.333485 214.847792 326.229128
48 49 57 0.186995 0.539190 0.273815 228.563044 322.433197
49 58 57 0.934216 0.049785 0.015999 243.501362 318.751991
49 58 57 0.875499 0.033495 0.091006 244.895984 314.122532
49 58 57 0.854985 0.137350 0.007666 243.053716 318.790405
49 58 57 0.551538 0.108505 0.339957 235.102665 332.649981
49 58 57 0.953656 0.016276 0.030068 245.177132 314.773721
49 58 57 0.945273 0.003366 0.051362 247.288522 317.187048
49 58 57 0.904634 0.011450 0.083916 243.299413 316.583135
49 58 57 0.690608 0.059627 0.249766 237.008901 322.847359
49 58 57 0.020447 0.807177 0.172376 239.100739 352.028806
49 58 57 0.816258 0.133900 0.049842 242.596630 323.841366
49 50 58 0.270108 0.110126 0.619765 251.679874 338.028832
49 50 58 0.018853 0.620470 0.360677 269.599900 328.823665
49 50 58 0.475739 0.317416 0.206846 259.731252 323.036694
49 50 58 0.625376 0.161474 0.213151 254.448576 319.945112
49 50 58 0.102059 0.014182 0.883759 246.064653 346.411924
49 50 58 0.972299 0.000413 0.027288 247.346291 313.778974
49 50 58 0.866830 0.130995 0.002175 250.337434 315.383669
49 50 58 0.512016 0.269284 0.218700 254.177066 324.695921
49 50 58 0.048936 0.073254 0.877810 250.075356 343.019673
49 50 58 0.826267 0.151557 0.022176 250.604947 314.508543
50 59 58 0.823066 0.085206 0.091728 282.105939 319.468720
50 59 58 0.494577 0.357246 0.148177 280.949973 333.693100
50 59 58 0.765057 0.157269 0.077674 281.885061 323.831727
50 59 58 0.427136 0.150325 0.422539 272.647577 334.231190
50 59 58 0.584321 0.019066 0.396613 271.319180 330.724594
50 59 58 0.170274 0.193057 0.636669 262.055957 346.394628
50 59 58 0.118842 0.576838 0.304321 271.576661 345.698127
50 59 58 0.117254 0.459066 0.423680 266.375103 351.061910
50 59 58 0.920577 0.006637 0.072787 283.332480 319.680407
50 59 58 0.228560 0.424422 0.347018 271.160901 343.037741
50 51 59 0.462087 0.129483 0.408431 287.343324 328.046743
50 51 59 0.288486 0.168867 0.542647 290.983209 335.543282
50 51 59 0.053455 0.821959 0.124587 318.075714 319.831168
50 51 59 0.745072 0.153417 0.101511 290.973197 317.502837
50 51 59 0.197942 0.499352 0.302705 305.136164 326.821042
50 51 59 0.442558 0.097191 0.460251 290.249897 331.890641
50 51 59 0.886800 0.093834 0.019366 289.006345 314.652625
50 51 59 0.080256 0.459775 0.459969 300.961800 330.200137
50 51 59 0.003362 0.595721 0.400917 305.548000 329.003485
50 51 59 0.347183 0.549577 0.103239 305.719418 316.796476
51 60 59 0.573923 0.372645 0.053431 320.174608 335.467383
51 60 59 0.465028 0.293841 0.241131 314.050558 332.635360
51 60 59 0.631071 0.255043 0.113886 321.940784 328.303532
51 60 59 0.480331 0.005007 0.514662 305.607756 333.323821
51 60 59 0.887122 0.008711 0.104168 320.446766 317.652551
51 60 59 0.031797 0.914223 0.053980 319.777695 350.392509
51 60 59 0.892762 0.020877 0.086361 319.720345 315.787771
51 60 59 0.298899 0.693305 0.007796 326.997687 344.509226
51 60 59 0.578385 0.176687 0.244928 312.800595 332.405449
51 60 59 0.094214 0.285858 0.619928 300.174696 349.438620
51 52 60 0.838383 0.002189 0.159428 325.841038 320.671011
51 52 60 0.887934 0.086186 0.025879 330.575233 314.812896
51 52 60 0.353018 0.615836 0.031146 348.273556 314.020025
51 52 60 0.599389 0.314833 0.085778 338.941787 321.049534
51 52 60 0.206596 0.038374 0.755030 328.065609 343.931580
51 52 60 0.262886 0.398707 0.338406 342.508727 329.860886
51 52 60 0.136350 0.715404 0.148246 353.662746 318.994920
51 52 60 0.990689 0.006798 0.002513 322.384160 314.112687
51 52 60 0.226496 0.496842 0.276662 344.618625 327.456987
51 52 60 0.789638 0.038798 0.171564 326.281552 323.760681
52 61 60 0.018352 0.844923 0.136724 360.867123 355.181574
52 61 60 0.646828 0.026011 0.327162 350.161299 329.150518
52 61 60 0.575544 0.271528 0.152927 355.465136 328.273026
52 61 60 0.256176 0.032777 0.711047 337.195131 343.250007
52 61 60 0.174760 0.078126 0.747114 331.286748 345.018232
52 61 60 0.129878 0.680140 0.189981 356.875227 348.627946
52 61 60 0.172367 0.456125 0.371508 349.148250 344.422689
52 61 60 0.514222 0.388617 0.097161 358.943854 333.440416
52 61 60 0.710242 0.097259 0.192499 357.412958 325.754568
52 61 60 0.275076 0.660975 0.063950 363.476725 343.461582
52 53 61 0.390242 0.220723 0.389035 373.138976 330.701476
52 53 61 0.334486 0.612542 0.052972 391.286593 321.217141
52 53 61 0.435499 0.012493 0.552008 362.989716 336.422122
52 53 61 0.713682 0.245160 0.041159 372.897508 317.743737
52 53 61 0.120126 0.302048 0.577826 376.436096 339.264037
52 53 61 0.288831 0.059105 0.652064 363.655996 340.431136
52 53 61 0.654975 0.009388 0.335637 365.152736 326.254487
52 53 61 0.249181 0.459485 0.291334 382.905908 330.161964
52 53 61 0.342715 0.631014 0.026272 392.432750 316.889720
52 53 61 0.519091 0.293213 0.187696 376.738458 322.611224
53 62 61 0.184254 0.790603 0.025143 402.290751 343.154504
53 62 61 0.396412 0.284014 0.319575 393.387164 338.216665
53 62 61 0.866408 0.073589 0.060003 404.540543 321.438193
53 62 61 0.340038 0.043006 0.616955 379.978714 339.380213
53 62 61 0.720566 0.151669 0.127766 399.901041 324.931598
53 62 61 0.102718 0.345816 0.551466 380.681820 350.440393
53 62 61 0.223438 0.021288 0.755274 372.850348 344.893969
53 62 61 0.599468 0.110666 0.289866 393.029169 327.655995
53 62 61 0.113584 0.135788 0.750628 371.867636 350.161015
53 62 61 0.184598 0.189823 0.625579 382.808511 347.589709
54 55 63 0.590983 0.197885 0.211132 113.076418 356.554598
54 55 63 0.701271 0.011581 0.287148 105.571332 360.150017
54 55 63 0.359650 0.117929 0.522421 108.088985 364.927035
54 55 63 0.521613 0.108413 0.369975 109.767097 361.655222
54 55 63 0.406295 0.438938 0.154767 120.298013 352.467599
54 55 63 0.865326 0.122995 0.011679 106.020268 348.759978
54 55 63 0.347482 0.017638 0.634880 103.896822 374.205625
54 55 63 0.273304 0.068355 0.658340 107.877953 371.325315
54 55 63 0.739257 0.051793 0.208950 106.512453 357.851295
54 55 63 0.357459 0.007662 0.634879 107.695778 371.515237
55 64 63 0.444352 0.098990 0.456658 122.974049 366.424985
55 64 63 0.593060 0.398417 0.008523 138.285260 362.154944
55 64 63 0.194721 0.461841 0.343438 126.431191 375.434082
55 64 63 0.154498 0.188353 0.657150 116.267840 378.711235
55 64 63 0.446931 0.496812 0.056257 137.782594 367.519091
55 64 63 0.493607 0.277005 0.229388 130.390684 364.277584
55 64 63 0.067169 0.437391 0.495441 123.341333 380.790885
55 64 63 0.405222 0.119009 0.475769 125.637627 373.708106
55 64 63 0.400725 0.301986 0.297290 129.369945 369.479107
55 64 63 0.707421 0.215097 0.077482 133.954234 358.458416
55 56 64 0.321577 0.107147 0.571276 144.778365 366.555544
55 56 64 0.139588 0.010290 0.850122 139.402008 380.681075
55 56 64 0.709976 0.011552 0.278472 137.332024 360.352881
55 56 64 0.439008 0.356001 0.204990 153.616472 356.476633
55 56 64 0.240813 0.330503 0.428684 149.781636 361.909950
55 56 64 0.785408 0.176093 0.038499 144.028109 353.613378
55 56 64 0.675272 0.253330 0.071398 148.022837 354.589224
55 56 64 0.099407 0.481301 0.419293 158.074058 364.995715
55 56 64 0.307669 0.461573 0.230758 152.145507 353.357528
55 56 64 0.835109 0.159237 0.005654 141.591858 349.189200
56 65 64 0.642094 0.274007 0.083899 170.365366 364.484040
56 65 64 0.585295 0.074929 0.339775 163.767648 365.841717
56 65 64 0.987384 0.003844 0.008771 171.123931 351.110305
56 65 64 0.329626 0.310058 0.360316 163.354716 376.298572
56 65 64 0.084154 0.456637 0.459209 159.982593 383.150961
56 65 64 0.716109 0.150676 0.133215 171.755316 360.345484
56 65 64 0.869518 0.051662 0.078820 171.670317 357.472707
56 65 64 0.737732 0.028363 0.233906 167.033225 360.588158
56 65 64 0.291510 0.521749 0.186741 168.053199 376.264080
56 65 64 0.693559 0.191542 0.114899 173.487476 360.708333
56 57 65 0.243131 0.273256 0.483613 182.157153 366.798527
56 57 65 0.030561 0.253087 0.716352 184.932153 374.817251
56 57 65 0.976893 0.021597 0.001509 175.835430 350.456007
56 57 65 0.115548 0.332866 0.551585 180.689908 368.720536
56 57 65 0.454013 0.367209 0.178777 191.181385 358.560863
56 57 65 0.492618 0.110129 0.397253 179.793676 362.088240
56 57 65 0.532172 0.027927 0.439901 179.396139 367.529949
56 57 65 0.980056 0.006795 0.013149 172.575842 349.080246
56 57 65 0.363943 0.053673 0.582384 174.074546 373.869793
56 57 65 0.280929 0.367837 0.351234 187.288256 366.113556
57 66 65 0.790842 0.003848 0.205310 204.393978 357.767264
57 66 65 0.431327 0.378728 0.189945 205.732252 370.449441
57 66 65 0.119276 0.253358 0.627366 186.314456 384.934183
57 66 65 0.546270 0.110704 0.343027 199.675486 370.605063
57 66 65 0.064034 0.046194 0.889772 182.300163 383.161479
57 66 65 0.964395 0.029002 0.006602 210.347534 351.273518
57 66 65 0.198246 0.468949 0.332806 200.678785 379.837203
57 66 65 0.043687 0.565581 0.390732 197.847011 384.859307
57 66 65 0.157640 0.831680 0.010680 211.867439 383.475688
57 66 65 0.778102 0.191464 0.030434 209.234311 357.305460
57 58 66 0.016678 0.394043 0.589279 223.402692 371.644048
57 58 66 0.885763 0.032289 0.081948 211.351461 354.529613
57 58 66 0.101217 0.769185 0.129598 239.508426 359.587584
57 58 66 0.480680 0.461588 0.057732 224.735760 353.437678
57 58 66 0.126600 0.244283 0.629117 217.356517 377.737146
57 58 66 0.925388 0.027669 0.046944 209.135203 350.315798
57 58 66 0.608182 0.361392 0.030426 222.643252 348.841859
57 58 66 0.363648 0.258165 0.378187 220.314816 365.463455
57 58 66 0.055799 0.549497 0.394703 232.401484 367.732809
57 58 66 0.312526 0.268330 0.419144 216.773283 369.427991
58 67 66 0.478116 0.156818 0.365066 231.030691 369.585637
58 67 66 0.148068 0.160754 0.691178 224.130626 382.748910
58 67 66 0.945139 0.044626 0.010235 248.763045 349.632752
58 67 66 0.732540 0.087522 0.179939 239.910973 360.546038
58 67 66 0.594363 0.100863 0.304775 235.414531 363.830149
58 67 66 0.046368 0.276753 0.676879 223.400812 383.245315
58 67 66 0.507792 0.085671 0.406537 231.145153 368.849691
58 67 66 0.924866 0.000122 0.075012 241.394257 355.531921
58 67 66 0.256101 0.107113 0.636786 221.880364 378.254421
58 67 66 0.257995 0.710886 0.031119 248.793497 379.052534
58 59 67 0.117835 0.680031 0.202134 273.172946 361.068364
58 59 67 0.612962 0.142099 0.244939 252.902251 357.908984
58 59 67 0.003329 0.851274 0.145397 282.447716 355.944690
58 59 67 0.121310 0.560628 0.318062 273.339385 364.366051
58 59 67 0.516500 0.363379 0.120121 261.718943 359.789561
58 59 67 0.054858 0.811452 0.133690 280.611331 357.481477
58 59 67 0.159847 0.128864 0.711289 252.033899 380.687175
58 59 67 0.312736 0.442956 0.244309 264.757404 362.490002
58 59 67 0.609608 0.309474 0.080918 259.798320 353.885295
58 59 67 0.565139 0.317125 0.117736 260.587470 353.258449
59 68 67 0.659801 0.140154 0.200045 279.152615 364.188484
59 68 67 0.046974 0.936807 0.016220 281.841375 387.846690
59 68 67 0.043600 0.701653 0.254747 277.167716 387.907520
59 68 67 0.530379 0.277435 0.192186 274.497390 371.254060
59 68 67 0.666176 0.194642 0.139183 277.544289 361.797315
59 68 67 0.458375 0.434933 0.106693 280.631587 368.854748
59 68 67 0.029154 0.253850 0.716996 258.563768 388.737747
59 68 67 0.463448 0.360599 0.175954 278.414476 373.946044
59 68 67 0.108907 0.597654 0.293440 275.326920 383.928503
59 68 67 0.898882 0.044582 0.056536 284.234304 353.877946
59 60 68 0.533037 0.228574 0.238389 296.640544 361.891984
59 60 68 0.974306 0.005089 0.020605 288.890265 351.178819
59 60 68 0.431053 0.554391 0.014556 305.037184 355.090923
59 60 68 0.472726 0.392849 0.134425 298.212674 360.977186
59 60 68 0.599543 0.384581 0.015876 299.981707 352.000863
59 60 68 0.268707 0.206669 0.524624 293.222321 373.854489
59 60 68 0.728367 0.218562 0.053071 292.990389 352.647412
59 60 68 0.920330 0.029328 0.050342 284.786911 351.062389
59 60 68 0.509316 0.237724 0.252961 291.598561 363.832324
59 60 68 0.470466 0.323777 0.205757 297.467280 362.715939
60 69 68 0.485978 0.220516 0.293506 307.917660 374.298579
60 69 68 0.890141 0.021828 0.088031 324.903172 358.744090
60 69 68 0.784768 0.134303 0.080929 319.142899 360.671027
60 69 68 0.592301 0.272359 0.135340 320.253164 368.349833
60 69 68 0.088991 0.836990 0.074019 320.138264 386.987395
60 69 68 0.199898 0.605999 0.194104 314.881965 385.714919
60 69 68 0.606575 0.028018 0.365407 310.870542 369.301053
60 69 68 0.603979 0.304117 0.091904 317.548434 367.216142
60 69 68 0.024782 0.195044 0.780174 293.379115 386.100732
60 69 68 0.355865 0.356290 0.287845 314.051549 378.094242
60 61 69 0.313081 0.394636 0.292283 340.343909 365.377509
60 61 69 0.990546 0.000479 0.008975 324.961525 352.340261
60 61 69 0.316667 0.381543 0.301790 340.112349 365.137686
60 61 69 0.886394 0.023786 0.089821 326.676846 355.291675
60 61 69 0.854429 0.066867 0.078704 326.562797 356.386366
60 61 69 0.058161 0.108913 0.832926 328.172399 383.297791
60 61 69 0.585867 0.066537 0.347596 325.219904 366.003967
60 61 69 0.152146 0.672302 0.175551 347.231533 362.559622
60 61 69 0.608574 0.332416 0.059010 336.777067 356.784728
60 61 69 0.338630 0.394914 0.266456 338.933026 365.207232
61 70 69 0.429011 0.470733 0.100256 361.459476 375.233407
61 70 69 0.332419 0.037607 0.629974 334.987385 378.848921
61 70 69 0.736389 0.169456 0.094155 363.054414 364.303003
61 70 69 0.295253 0.306329 0.398418 348.479624 382.499534
61 70 69 0.838672 0.112291 0.049036 362.170325 358.640215
61 70 69 0.180458 0.116475 0.703067 335.287538 381.907144
61 70 69 0.555120 0.345868 0.099012 359.237620 373.503667
61 70 69 0.125470 0.415599 0.458931 345.341487 386.558126
61 70 69 0.244188 0.571130 0.184682 354.052441 383.232648
61 70 69 0.162364 0.630920 0.206716 354.680753 383.812782
61 62 70 0.891640 0.037622 0.070738 366.711585 358.830084
61 62 70 0.162191 0.329523 0.508286 378.212772 375.508426
61 62 70 0.154131 0.643033 0.202836 390.789490 359.791199
61 62 70 0.698506 0.011664 0.289830 363.505392 362.050196
61 62 70 0.274827 0.226150 0.499023 376.525753 372.628298
61 62 70 0.246919 0.592553 0.160527 390.433539 361.493191
61 62 70 0.534055 0.076360 0.389584 372.403358 369.916225
61 62 70 0.679705 0.244699 0.075595 376.985088 357.874312
61 62 70 0.773780 0.070746 0.155474 365.226038 360.866818
61 62 70 0.565530 0.129308 0.305161 368.787532 364.418004
62 71 70 0.619652 0.064049 0.316299 392.159390 367.587453
62 71 70 0.917376 0.047153 0.035471 403.423088 358.800851
62 71 70 0.039796 0.580082 0.380122 387.562715 388.719954
62 71 70 0.076343 0.700244 0.223413 394.319236 387.802969
62 71 70 0.106692 0.212819 0.680489 376.760172 388.757188
62 71 70 0.110951 0.075504 0.813544 371.293654 386.208214
62 71 70 0.620707 0.117026 0.262267 394.255122 366.469414
62 71 70 0.591326 0.169953 0.238721 395.194338 366.103249
62 71 70 0.901532 0.049319 0.049149 406.540422 351.662831
62 71 70 0.080449 0.599350 0.320201 395.409093 388.256597
63 64 72 0.663475 0.139045 0.197480 112.214391 391.678594
63 64 72 0.897500 0.070212 0.032288 110.974808 381.731218
63 64 72 0.293135 0.388988 0.317877 117.154396 393.475105
63 64 72 0.413253 0.548185 0.038562 126.997500 386.940542
63 64 72 0.981375 0.003144 0.015481 108.307838 385.888913
63 64 72 0.290058 0.615135 0.094807 131.869904 387.205067
63 64 72 0.691959 0.124127 0.183913 112.566537 388.714731
63 64 72 0.718083 0.232021 0.049896 111.831176 383.339775
63 64 72 0.191329 0.479862 0.328809 120.932308 394.405194
63 64 72 0.191572 0.042810 0.765618 105.449277 407.655431
64 73 72 0.181938 0.435427 0.382635 128.115630 412.353041
64 73 72 0.700232 0.135704 0.164063 135.284700 391.235471
64 73 72 0.226742 0.187884 0.585374 121.294865 407.184472
64 73 72 0.751959 0.137388 0.110653 136.655083 395.828375
64 73 72 0.727290 0.036224 0.236487 134.674959 394.438232
64 73 72 0.526190 0.412606 0.061205 143.294699 400.315852
64 73 72 0.360200 0.112191 0.527609 122.981640 407.462261
64 73 72 0.505478 0.380450 0.114072 134.291896 402.381703
64 73 72 0.020718 0.922658 0.056625 141.436834 423.531535
64 73 72 0.600032 0.305623 0.094346 136.949011 398.374331
64 65 73 0.319563 0.545955 0.134482 156.426583 391.941410
64 65 73 0.077246 0.297516 0.625239 155.359968 406.107615
64 65 73 0.641805 0.003299 0.354896 138.993971 398.221440
64 65 73 0.569246 0.257941 0.172813 147.930201 393.341708
64 65 73 0.537786 0.054146 0.408068 141.340536 397.840911
64 65 73 0.318964 0.340453 0.340583 154.189903 398.010766
64 65 73 0.152713 0.574655 0.272633 159.945036 392.975277
64 65 73 0.260324 0.441870 0.297807 154.674346 395.234352
64 65 73 0.699928 0.102645 0.197427 142.480601 388.452760
64 65 73 0.315778 0.224368 0.459854 154.166792 406.755817
65 74 73 0.406785 0.114047 0.479168 160.807275 405.818824
65 74 73 0.782137 0.106843 0.111020 170.604923 392.145270
65 74 73 0.419863 0.090369 0.489768 159.750641 406.694142
65 74 73 0.860136 0.011457 0.128408 173.435018 390.300042
65 74 73 0.030093 0.385465 0.584441 154.194159 420.532184
65 74 73 0.511388 0.324678 0.163934 170.791673 400.290370
65 74 73 0.345302 0.266408 0.388290 164.473038 408.302651
65 74 73 0.030128 0.503885 0.465988 160.657644 418.433005
65 74 73 0.210530 0.483806 0.305664 169.874284 411.732792
65 74 73 0.345007 0.589334 0.065660 173.755599 408.246022
65 66 74 0.138765 0.435727 0.425508 190.724065 400.969325
65 66 74 0.298529 0.025238 0.676233 179.674580 408.928735
65 66 74 0.753444 0.235303 0.011254 182.903018 385.908290
65 66 74 0.880035 0.108114 0.011851 181.665486 387.956715
65 66 74 0.020052 0.161507 0.818441 184.909399 417.666146
65 66 74 0.753346 0.172205 0.074449 182.208977 392.789252
65 66 74 0.694853 0.004688 0.300459 174.754570 397.816866
65 66 74 0.196045 0.018982 0.784973 178.298441 413.011609
65 66 74 0.823730 0.017982 0.158288 175.561347 391.244830
65 66 74 0.239936 0.299418 0.460646 183.894457 398.849579
66 75 74 0.702461 0.029198 0.268341 198.630951 395.918879
66 75 74 0.682638 0.144154 0.173207 205.147537 394.248170
66 75 74 0.137456 0.852995 0.009550 212.757595 417.109823
66 75 74 0.325320 0.588155 0.086524 206.944341 413.083475
66 75 74 0.769060 0.147988 0.082951 208.612916 396.796340
66 75 74 0.204993 0.281140 0.513867 194.734112 412.898838
66 75 74 0.786808 0.089546 0.123646 207.841858 394.769954
66 75 74 0.253647 0.313727 0.432626 198.697129 416.066391
66 75 74 0.054028 0.570750 0.375222 199.192968 415.335936
66 75 74 0.614764 0.309177 0.076059 209.142831 406.309890
66 67 75 0.823500 0.106151 0.070350 219.439005 390.789164
66 67 75 0.109882 0.802983 0.087135 241.869753 392.500879
66 67 75 0.989916 0.001810 0.008273 211.189611 389.154923
66 67 75 0.002751 0.965945 0.031304 245.921269 389.689215
66 67 75 0.506066 0.375114 0.118820 225.704444 394.802836
66 67 75 0.393893 0.388609 0.217498 227.069001 394.527158
66 67 75 0.022210 0.225443 0.752347 222.959655 411.311575
66 67 75 0.188048 0.194584 0.617368 218.924355 411.120628
66 67 75 0.590975 0.010833 0.398192 214.453264 403.651902
66 67 75 0.862576 0.101820 0.035603 213.764420 389.440483
67 76 75 0.568985 0.126884 0.304131 237.014212 406.515151
67 76 75 0.028068 0.718540 0.253392 241.195982 423.163756
67 76 75 0.375545 0.171680 0.452775 232.059083 410.120546
67 76 75 0.282053 0.580063 0.137884 244.528946 414.135591
67 76 75 0.260155 0.582661 0.157185 245.276301 414.182391
67 76 75 0.824058 0.028145 0.147797 240.975247 395.578984
67 76 75 0.411419 0.167739 0.420842 240.192766 409.794261
67 76 75 0.281363 0.387605 0.331032 236.524274 414.136214
67 76 75 0.692417 0.019114 0.288469 237.678460 398.798971
67 76 75 0.789525 0.125195 0.085280 247.061557 393.630342
67 68 76 0.131700 0.500097 0.368202 272.651755 402.708940
67 68 76 0.330537 0.215960 0.453503 256.033891 406.606629
67 68 76 0.413667 0.512690 0.073644 267.092357 391.931629
67 68 76 0.803262 0.012998 0.183740 249.265827 395.796299
67 68 76 0.193931 0.005463 0.800606 249.364760 418.066914
67 68 76 0.003709 0.338691 0.657600 258.880389 416.088012
67 68 76 0.887313 0.046402 0.066285 250.852675 391.842381
67 68 76 0.518234 0.263484 0.218283 258.416442 397.924999
67 68 76 0.757955 0.031887 0.210158 250.107220 393.866750
67 68 76 0.277342 0.425656 0.297002 264.043337 401.590767
68 77 76 0.779268 0.170816 0.049916 281.128600 402.702021
68 77 76 0.280119 0.380641 0.339241 272.873006 416.687791
68 77 76 0.564287 0.408907 0.026806 282.728728 405.244071
68 77 76 0.137195 0.710077 0.152729 281.110496 417.655453
68 77 76 0.949676 0.028515 0.021809 286.783121 391.363626
68 77 76 0.059463 0.179435 0.761102 264.220980 421.626074
68 77 76 0.517165 0.016751 0.466085 269.649720 402.666858
68 77 76 0.205842 0.781676 0.012482 285.050987 421.080146
68 77 76 0.895302 0.072917 0.031781 285.240445 393.401085
68 77 76 0.562837 0.050816 0.386347 273.798908 405.301368
68 69 77 0.594141 0.050457 0.355402 288.688922 401.401271
68 69 77 0.070737 0.815200 0.114063 317.422557 396.990154
68 69 77 0.996788 0.002108 0.001104 285.633160 388.637631
68 69 77 0.663341 0.309850 0.026809 296.234580 391.647170
68 69 77 0.077830 0.311103 0.611067 297.278741 413.168488
68 69 77 0.408506 0.253361 0.338133 293.073746 398.894508
68 69 77 0.971690 0.022451 0.005858 289.135287 392.550337
68 69 77 0.413042 0.584865 0.002093 312.642337 391.309098
68 69 77 0.534074 0.461841 0.004086 304.312175 393.681168
68 69 77 0.315234 0.005084 0.679682 287.441749 412.437373
69 78 77 0.028231 0.129502 0.842267 295.203301 426.514054
69 78 77 0.593892 0.216592 0.189516 315.557000 401.018587
69 78 77 0.182841 0.415820 0.401339 310.331786 415.588874
69 78 77 0.174378 0.410607 0.415015 308.707409 417.832757
69 78 77 0.631851 0.348567 0.019582 326.287199 405.547507
69 78 77 0.994884 0.001550 0.003566 323.011989 392.919968
69 78 77 0.442879 0.555078 0.002043 328.558712 409.122275
69 78 77 0.576226 0.262172 0.161602 316.943056 408.069655
69 78 77 0.798935 0.110999 0.090065 322.411997 398.791054
69 78 77 0.613931 0.162914 0.223155 315.467183 404.420550
69 70 78 0.916727 0.026415 0.056858 324.183594 395.003384
69 70 78 0.824060 0.157482 0.018458 328.189525 391.214630
69 70 78 0.663447 0.089172 0.247382 324.164482 402.505290
69 70 78 0.938314 0.058848 0.002838 326.833658 392.845817
69 70 78 0.796539 0.120345 0.083115 328.338698 393.812183
69 70 78 0.654707 0.162099 0.183194 329.043553 398.550128
69 70 78 0.682425 0.053278 0.264297 324.408812 397.598155
69 70 78 0.418921 0.454321 0.126758 342.222249 396.159006
69 70 78 0.108814 0.554849 0.336337 347.749360 405.433019
69 70 78 0.250607 0.203335 0.546057 334.941067 410.633834
70 79 78 0.027710 0.145555 0.826735 329.098000 425.118603
70 79 78 0.211313 0.344891 0.443796 349.233327 420.686996
70 79 78 0.357640 0.247368 0.394992 348.409583 412.134113
70 79 78 0.950595 0.006706 0.042699 357.810798 391.549304
70 79 78 0.543089 0.255839 0.201072 356.168055 406.182956
70 79 78 0.760945 0.163144 0.075911 360.459793 401.327369
70 79 78 0.956065 0.020153 0.023782 363.034090 393.603990
70 79 78 0.678442 0.224600 0.096958 357.280745 403.236483
70 79 78 0.384243 0.423086 0.192671 354.806237 412.388776
70 79 78 0.576285 0.100534 0.323181 350.824642 405.101976
70 71 79 0.907661 0.044534 0.047804 363.487889 392.273775
70 71 79 0.957235 0.035621 0.007144 360.350003 386.198952
70 71 79 0.037067 0.523435 0.439498 386.633615 404.744989
70 71 79 0.209155 0.646278 0.144567 391.139192 399.569490
70 71 79 0.477658 0.150065 0.372277 365.836242 406.204931
70 71 79 0.172013 0.688502 0.139485 389.083127 400.302168
70 71 79 0.089701 0.330198 0.580102 380.545996 412.348632
70 71 79 0.601865 0.220024 0.178111 374.258703 398.699850
70 71 79 0.205251 0.147604 0.647145 370.395828 413.516261
70 71 79 0.732382 0.030956 0.236662 363.957659 400.832485
71 80 79 0.987147 0.007810 0.005044 406.088991 394.436336
71 80 79 0.478803 0.145695 0.375502 390.736323 407.911505
71 80 79 0.714008 0.263002 0.022990 402.812928 401.205358
71 80 79 0.471079 0.204278 0.324643 388.753238 408.774987
71 80 79 0.692175 0.096339 0.211486 393.664360 403.535359
71 80 79 0.968576 0.002009 0.029414 399.806248 388.806986
71 80 79 0.531017 0.244433 0.224550 395.961974 406.043737
71 80 79 0.299466 0.048893 0.651641 376.614549 412.804256
71 80 79 0.394676 0.492522 0.112802 399.259949 411.902589
71 80 79 0.647530 0.066904 0.285566 394.846303 405.085001
