0 1 9 0.623430 0.144100 0.232470 80.520343 136.821395
0 1 9 0.737119 0.255565 0.007316 89.607624 129.143067
0 1 9 0.850866 0.083472 0.065663 76.119025 132.672536
0 1 9 0.769342 0.124503 0.106155 78.651384 129.582496
0 1 9 0.927245 0.052670 0.020084 79.943166 127.779995
0 1 9 0.216265 0.739894 0.043841 108.428789 132.194406
0 1 9 0.504904 0.410305 0.084792 91.003914 131.140508
0 1 9 0.894440 0.052773 0.052787 77.246568 133.614399
0 1 9 0.766124 0.232554 0.001322 79.510831 126.645166
0 1 9 0.043947 0.182987 0.773066 77.088679 158.855937
1 10 9 0.753513 0.155470 0.091017 110.458559 136.732353
1 10 9 0.303391 0.282313 0.414296 98.508224 152.994763
1 10 9 0.622644 0.270559 0.106796 112.101161 141.743339
1 10 9 0.030608 0.704322 0.265070 100.743067 160.769311
1 10 9 0.363561 0.074619 0.561821 91.398243 153.145141
1 10 9 0.339147 0.152669 0.508184 90.975430 152.482337
1 10 9 0.034526 0.592337 0.373138 95.517954 165.336984
1 10 9 0.536393 0.380788 0.082819 110.603668 147.383635
1 10 9 0.143847 0.477035 0.379118 96.574368 159.460805
1 10 9 0.301178 0.437042 0.261780 101.296036 157.971126
1 2 10 0.559753 0.411307 0.028940 138.031743 132.866219
1 2 10 0.065136 0.290986 0.643878 126.887586 155.378757
1 2 10 0.477700 0.298040 0.224260 132.359039 140.431383
1 2 10 0.893949 0.104884 0.001167 123.974519 130.606177
1 2 10 0.351067 0.303132 0.345802 130.218334 141.695566
1 2 10 0.104169 0.732090 0.163741 151.300327 136.875816
1 2 10 0.693701 0.175305 0.130994 124.993178 130.844821
1 2 10 0.277337 0.062062 0.660601 121.390240 150.458531
1 2 10 0.160310 0.452185 0.387505 134.615388 144.998012
1 2 10 0.442618 0.478736 0.078646 140.090461 138.442180
2 11 10 0.908125 0.060278 0.031598 160.382794 136.810348
2 11 10 0.364081 0.438478 0.197441 149.734833 153.056309
2 11 10 0.008741 0.126623 0.864636 119.184799 163.861773
2 11 10 0.885166 0.039367 0.075467 159.897447 135.028874
2 11 10 0.950247 0.019373 0.030380 156.712159 132.115191
2 11 10 0.548803 0.175534 0.275663 149.557757 144.277658
2 11 10 0.568595 0.404299 0.027106 159.092183 145.250505
2 11 10 0.599523 0.090963 0.309514 143.390520 146.342309
2 11 10 0.802412 0.024613 0.172975 151.063593 137.277223
2 11 10 0.916996 0.058830 0.024174 159.467522 134.081038
2 3 11 0.522848 0.405738 0.071414 175.195777 135.483522
2 3 11 0.629011 0.097910 0.273079 163.485208 138.791151
2 3 11 0.213703 0.347392 0.438905 170.673252 144.208777
2 3 11 0.566399 0.265157 0.168444 172.746815 140.660166
2 3 11 0.159879 0.815492 0.024629 193.022037 130.819045
2 3 11 0.084016 0.729107 0.186877 188.519125 135.232770
2 3 11 0.829018 0.046675 0.124307 155.851431 134.732311
2 3 11 0.397345 0.390704 0.211951 175.579750 140.119657
2 3 11 0.719612 0.196071 0.084316 166.900838 131.989728
2 3 11 0.477478 0.017186 0.505336 157.404313 148.734771
3 12 11 0.162206 0.036046 0.801748 164.655642 159.965472
3 12 11 0.892609 0.082161 0.025230 198.687137 137.132089
3 12 11 0.663307 0.294238 0.042454 199.008847 146.057240
3 12 11 0.668738 0.179877 0.151385 193.858668 142.176110
3 12 11 0.987556 0.010843 0.001601 202.391173 132.619291
3 12 11 0.141813 0.491026 0.367161 184.631489 157.341547
3 12 11 0.534502 0.046376 0.419122 182.102281 142.004084
3 12 11 0.224667 0.575410 0.199923 187.080897 156.460773
3 12 11 0.022522 0.436963 0.540514 176.332704 165.460152
3 12 11 0.428235 0.321775 0.249990 185.455389 150.007648
3 4 12 0.505745 0.123410 0.370845 205.825480 143.978977
3 4 12 0.567406 0.083679 0.348915 204.112649 143.755118
3 4 12 0.126052 0.591825 0.282123 222.852917 143.913396
3 4 12 0.121213 0.350512 0.528275 217.441962 153.484071
3 4 12 0.722552 0.230843 0.046605 208.202375 133.601391
3 4 12 0.403362 0.281915 0.314723 211.145174 142.190862
3 4 12 0.029926 0.241896 0.728178 209.522196 156.306130
3 4 12 0.617887 0.189053 0.193061 209.868737 139.487474
3 4 12 0.530045 0.213922 0.256033 206.027773 136.845925
3 4 12 0.209373 0.499088 0.291539 217.676027 142.019383
4 13 12 0.879638 0.046845 0.073517 238.282418 141.414899
4 13 12 0.574370 0.060900 0.364731 225.526548 152.786390
4 13 12 0.990063 0.007158 0.002778 242.823830 135.050707
4 13 12 0.844366 0.154597 0.001037 241.375851 141.566182
4 13 12 0.412442 0.322381 0.265177 232.756614 152.289086
4 13 12 0.069353 0.680511 0.250136 232.082192 166.530956
4 13 12 0.215190 0.242488 0.542322 222.510701 160.358703
4 13 12 0.452461 0.112650 0.434889 224.909983 155.795920
4 13 12 0.071700 0.446693 0.481606 223.415470 162.144942
4 13 12 0.819608 0.119518 0.060874 241.028903 138.515020
4 5 13 0.239821 0.085955 0.674225 248.188622 158.970099
4 5 13 0.526993 0.456837 0.016170 262.090843 136.556359
4 5 13 0.686661 0.019198 0.294141 243.193531 148.599782
4 5 13 0.543736 0.130667 0.325596 244.987170 147.345355
4 5 13 0.829672 0.127158 0.043169 244.219554 136.059035
4 5 13 0.257046 0.133084 0.609870 242.773205 154.655087
4 5 13 0.420058 0.153846 0.426096 249.075840 146.738890
4 5 13 0.898114 0.059988 0.041898 245.335770 136.345470
4 5 13 0.768886 0.136192 0.094922 247.045763 138.015609
4 5 13 0.833445 0.025860 0.140695 243.025751 136.316254
5 14 13 0.269175 0.353678 0.377147 270.982095 159.798176
5 14 13 0.119671 0.084590 0.795739 251.192850 164.331169
5 14 13 0.738481 0.149643 0.111876 280.331570 143.615635
5 14 13 0.215641 0.226230 0.558129 265.705482 158.153277
5 14 13 0.861414 0.020286 0.118301 280.980960 137.109239
5 14 13 0.002003 0.286217 0.711780 255.755506 171.091351
5 14 13 0.378203 0.565855 0.055942 285.136112 152.430393
5 14 13 0.962975 0.013217 0.023808 284.152379 135.684838
5 14 13 0.406425 0.261545 0.332030 273.726120 155.622337
5 14 13 0.723041 0.212813 0.064146 282.898816 145.239178
5 6 14 0.995235 0.000879 0.003886 284.300338 133.009858
5 6 14 0.458907 0.166142 0.374951 292.197536 143.203805
5 6 14 0.378795 0.476148 0.145057 306.894397 143.327119
5 6 14 0.717584 0.193083 0.089333 294.361156 141.565583
5 6 14 0.046809 0.428404 0.524787 309.157222 149.854614
5 6 14 0.930844 0.065101 0.004055 286.849419 133.264890
5 6 14 0.830084 0.015132 0.154784 286.071422 143.043987
5 6 14 0.213798 0.687536 0.098666 312.837734 137.473501
5 6 14 0.167997 0.688635 0.143368 313.341895 139.168881
5 6 14 0.176014 0.774243 0.049743 315.530939 140.774542
6 15 14 0.161813 0.667017 0.171170 321.792351 162.604404
6 15 14 0.463912 0.449455 0.086633 324.876887 157.060154
6 15 14 0.467943 0.060466 0.471591 311.493169 151.250952
6 15 14 0.344273 0.012636 0.643091 302.536638 156.101597
6 15 14 0.751935 0.065928 0.182137 321.011563 145.744486
6 15 14 0.959102 0.006418 0.034481 323.502605 141.229157
6 15 14 0.494844 0.027666 0.477490 307.440039 152.111002
6 15 14 0.689142 0.103183 0.207674 319.504532 149.574892
6 15 14 0.004641 0.216555 0.778805 301.038599 166.927543
6 15 14 0.434587 0.266923 0.298490 316.659334 153.747367
6 7 15 0.689151 0.043624 0.267225 334.289577 147.147733
6 7 15 0.497597 0.017061 0.485342 328.677983 154.090697
6 7 15 0.346939 0.555217 0.097843 347.143940 139.234729
6 7 15 0.537500 0.112267 0.350233 334.406070 144.991050
6 7 15 0.457051 0.463920 0.079029 342.316056 143.187332
6 7 15 0.743153 0.244113 0.012734 335.867053 139.482816
6 7 15 0.657329 0.228848 0.113823 334.039611 144.702706
6 7 15 0.280820 0.084290 0.634891 334.761764 154.823492
6 7 15 0.066966 0.571882 0.361153 352.175326 152.514105
6 7 15 0.584587 0.270830 0.144583 336.616216 143.887845
7 16 15 0.264380 0.171145 0.564475 347.645565 160.743922
7 16 15 0.369128 0.320467 0.310405 354.265127 155.872982
7 16 15 0.927566 0.027653 0.044781 368.188905 141.961686
7 16 15 0.038458 0.185109 0.776433 341.175818 163.306000
7 16 15 0.786577 0.106801 0.106621 363.815776 149.306380
7 16 15 0.755126 0.063215 0.181659 359.825282 145.085640
7 16 15 0.914269 0.025418 0.060313 364.664281 146.987902
7 16 15 0.147733 0.446617 0.405650 358.803652 164.409203
7 16 15 0.564866 0.326069 0.109064 366.598911 150.201826
7 16 15 0.088573 0.577716 0.333711 362.384739 166.634139
7 8 16 0.083957 0.333444 0.582599 380.790761 159.045772
7 8 16 0.459703 0.195568 0.344729 379.214536 148.595497
7 8 16 0.898051 0.070623 0.031326 367.420253 142.479461
7 8 16 0.456077 0.097749 0.446175 372.912479 152.827385
7 8 16 0.965132 0.008131 0.026738 368.676931 141.707614
7 8 16 0.214936 0.776308 0.008757 395.886695 142.619616
7 8 16 0.669040 0.111032 0.219928 373.976449 145.992387
7 8 16 0.221942 0.364005 0.414053 382.797984 153.225662
7 8 16 0.803387 0.035577 0.161036 367.892724 147.011860
7 8 16 0.983633 0.008336 0.008031 366.733662 142.703483
8 17 16 0.228013 0.063081 0.708906 382.582649 163.388103
8 17 16 0.583323 0.084759 0.331917 397.968292 149.069700
8 17 16 0.020659 0.233179 0.746162 382.623717 168.654300
8 17 16 0.971757 0.006527 0.021716 404.343147 142.485304
8 17 16 0.637668 0.226272 0.136060 400.402471 151.089300
8 17 16 0.925366 0.008690 0.065943 404.924890 146.363020
8 17 16 0.287908 0.470026 0.242066 399.433862 161.328841
8 17 16 0.266098 0.594645 0.139257 401.995154 162.276109
8 17 16 0.517142 0.362121 0.120737 402.439569 152.885322
8 17 16 0.924415 0.067905 0.007680 403.500769 144.866952
9 10 18 0.477559 0.201556 0.320885 73.667764 177.780746
9 10 18 0.206570 0.067725 0.725706 67.453026 196.609466
9 10 18 0.498331 0.274195 0.227473 80.365441 171.993163
9 10 18 0.695533 0.129178 0.175289 72.454322 170.772403
9 10 18 0.523246 0.169741 0.307013 75.360955 182.375188
9 10 18 0.718627 0.171705 0.109668 74.509505 165.523388
9 10 18 0.248893 0.637861 0.113246 95.236001 169.376728
9 10 18 0.038832 0.429937 0.531231 86.630959 189.019036
9 10 18 0.748448 0.072150 0.179402 73.024889 169.947210
9 10 18 0.873947 0.068421 0.057632 66.821691 169.738414
10 19 18 0.698937 0.157378 0.143685 106.876665 179.887603
10 19 18 0.595676 0.404090 0.000234 107.354812 180.806638
10 19 18 0.126291 0.011209 0.862499 71.157187 204.239868
10 19 18 0.400467 0.137843 0.461691 92.673348 189.813181
10 19 18 0.070949 0.187940 0.741112 75.711320 202.255577
10 19 18 0.920420 0.072552 0.007028 111.568827 168.586890
10 19 18 0.872251 0.000509 0.127239 107.137541 170.013510
10 19 18 0.273232 0.041716 0.685052 84.058612 199.290373
10 19 18 0.602488 0.110653 0.286859 102.270686 178.939375
10 19 18 0.889460 0.077109 0.033431 112.682488 167.169784
10 11 19 0.322132 0.118640 0.559228 112.891868 190.463367
10 11 19 0.233438 0.148743 0.617819 118.495363 192.636723
10 11 19 0.400297 0.102157 0.497546 115.214856 188.129973
10 11 19 0.268819 0.175750 0.555431 118.950508 191.721720
10 11 19 0.018191 0.853220 0.128589 149.476925 169.271633
10 11 19 0.126034 0.502157 0.371808 134.603690 184.843766
10 11 19 0.431095 0.294380 0.274525 120.786992 174.532441
10 11 19 0.057128 0.028390 0.914481 110.473172 204.279953
10 11 19 0.488341 0.366074 0.145585 129.543326 169.246631
10 11 19 0.645823 0.158638 0.195540 117.596250 171.708289
11 20 19 0.016963 0.097402 0.885635 112.889658 206.751655
11 20 19 0.116733 0.672406 0.210860 144.868170 203.942916
11 20 19 0.611277 0.315976 0.072747 154.195796 179.464592
11 20 19 0.092437 0.802388 0.105176 149.926803 206.106133
11 20 19 0.170004 0.397244 0.432752 136.817763 202.992227
11 20 19 0.700907 0.202774 0.096318 154.084448 180.482616
11 20 19 0.704196 0.280074 0.015730 157.647126 180.976445
11 20 19 0.541535 0.414039 0.044426 155.687027 183.478225
11 20 19 0.370682 0.367916 0.261403 141.601860 193.236214
11 20 19 0.372718 0.288997 0.338286 142.099316 194.080959
11 12 20 0.833967 0.044052 0.121981 157.468759 173.076064
11 12 20 0.525571 0.207356 0.267073 168.274850 176.852096
11 12 20 0.207745 0.562169 0.230087 183.322268 177.963686
11 12 20 0.903391 0.076341 0.020268 162.671626 167.988340
11 12 20 0.238648 0.607216 0.154136 179.707545 176.349086
11 12 20 0.420975 0.229024 0.350002 165.301997 178.767969
11 12 20 0.719502 0.136462 0.144036 162.173224 170.485174
11 12 20 0.752224 0.109733 0.138043 159.215104 169.399105
11 12 20 0.594859 0.169073 0.236069 162.762633 172.614474
11 12 20 0.651638 0.022748 0.325615 156.765471 178.726693
12 21 20 0.868474 0.070206 0.061321 196.220003 170.408671
12 21 20 0.294527 0.056820 0.648653 171.203690 196.302934
12 21 20 0.164169 0.437471 0.398360 181.729104 201.354954
12 21 20 0.593157 0.304561 0.102282 194.248292 182.902050
12 21 20 0.420005 0.303173 0.276822 187.786335 187.781478
12 21 20 0.367755 0.613503 0.018742 198.890539 191.925366
12 21 20 0.671985 0.215165 0.112850 197.204811 179.409163
12 21 20 0.520478 0.329201 0.150321 190.434345 187.034619
12 21 20 0.727394 0.139223 0.133383 194.021514 174.596865
12 21 20 0.209016 0.017550 0.773434 162.358527 201.302593
12 13 21 0.080676 0.557171 0.362153 222.513335 182.454807
12 13 21 0.015871 0.129459 0.854671 204.750592 203.050595
12 13 21 0.379517 0.137751 0.482733 204.972475 189.472179
12 13 21 0.427808 0.241165 0.331027 208.127961 178.386146
12 13 21 0.048836 0.203720 0.747445 208.199474 196.255183
12 13 21 0.029745 0.821071 0.149184 233.577557 174.074878
12 13 21 0.100023 0.358551 0.541426 214.992558 186.003206
12 13 21 0.213444 0.633456 0.153100 227.000001 168.725843
12 13 21 0.837134 0.135190 0.027676 205.622316 168.731908
12 13 21 0.383345 0.540054 0.076601 222.452609 166.211834
13 22 21 0.113180 0.824089 0.062730 243.412895 204.849731
13 22 21 0.155006 0.409073 0.435921 220.788237 201.976406
13 22 21 0.433568 0.090493 0.475939 223.101936 193.519079
13 22 21 0.189340 0.447414 0.363246 227.636111 202.807108
13 22 21 0.777762 0.182374 0.039863 241.844520 179.893796
13 22 21 0.417206 0.124543 0.458251 223.627182 190.000025
13 22 21 0.752762 0.067782 0.179456 232.280291 174.460637
13 22 21 0.646375 0.072377 0.281249 228.499306 180.590984
13 22 21 0.238615 0.075021 0.686364 213.859554 197.806222
13 22 21 0.423630 0.430596 0.145774 230.866184 193.461076
13 14 22 0.523234 0.301721 0.175045 257.403278 175.992969
13 14 22 0.463563 0.196874 0.339563 250.255729 179.023884
13 14 22 0.235021 0.548004 0.216976 271.610775 180.047027
13 14 22 0.327505 0.054952 0.617543 243.389454 190.658462
13 14 22 0.502152 0.487007 0.010842 266.697047 167.906559
13 14 22 0.115010 0.169135 0.715856 250.583077 190.572951
13 14 22 0.253558 0.343763 0.402680 256.700461 182.751267
13 14 22 0.862590 0.081435 0.055974 248.031069 170.143859
13 14 22 0.480060 0.505929 0.014010 267.046104 166.800324
13 14 22 0.170142 0.198403 0.631455 251.368805 194.705539
14 23 22 0.190907 0.044481 0.764612 251.911847 201.008025
14 23 22 0.764855 0.141876 0.093269 283.883974 175.030987
14 23 22 0.351120 0.409761 0.239118 278.195922 195.895512
14 23 22 0.244334 0.079790 0.675875 256.952287 196.654218
14 23 22 0.935358 0.005520 0.059122 288.484573 169.278061
14 23 22 0.614885 0.007085 0.378030 270.209942 181.450616
14 23 22 0.335780 0.613018 0.051202 285.810001 194.246788
14 23 22 0.810086 0.071978 0.117937 284.463652 171.238688
14 23 22 0.367415 0.562908 0.069676 287.359171 195.094591
14 23 22 0.048927 0.820184 0.130889 278.870046 207.239512
14 15 23 0.719926 0.077856 0.202219 293.371507 170.749987
14 15 23 0.023392 0.958466 0.018143 330.780355 169.514442
14 15 23 0.847839 0.086059 0.066102 288.576663 169.193692
14 15 23 0.541222 0.052566 0.406211 289.762686 183.433226
14 15 23 0.398401 0.013843 0.587757 291.152216 189.989090
14 15 23 0.158678 0.403227 0.438095 307.358369 185.603695
14 15 23 0.656502 0.047298 0.296200 291.922785 181.505420
14 15 23 0.653966 0.193014 0.153019 300.217088 175.895899
14 15 23 0.981148 0.014099 0.004754 292.245285 166.308078
14 15 23 0.568368 0.218912 0.212719 298.131324 177.684429
15 24 23 0.833399 0.044044 0.122557 323.142848 173.290792
15 24 23 0.990838 0.006056 0.003107 332.697253 166.840578
15 24 23 0.808853 0.012284 0.178862 326.722164 177.273322
15 24 23 0.482044 0.163798 0.354158 322.457967 188.812338
15 24 23 0.478057 0.387704 0.134239 328.016461 189.563744
15 24 23 0.787873 0.203018 0.009109 328.069596 178.497060
15 24 23 0.083698 0.634054 0.282248 319.557735 207.956999
15 24 23 0.827799 0.071040 0.101161 324.762780 180.952376
15 24 23 0.793791 0.124554 0.081655 326.229183 176.907026
15 24 23 0.114301 0.644226 0.241473 321.759048 204.890039
15 16 24 0.273165 0.547986 0.178849 356.790857 173.835648
15 16 24 0.110058 0.108205 0.781737 332.837579 202.681833
15 16 24 0.159796 0.116974 0.723229 339.807582 194.124185
15 16 24 0.770400 0.193212 0.036388 340.641398 170.672157
15 16 24 0.291638 0.158057 0.550305 337.263838 193.920949
15 16 24 0.386023 0.145098 0.468879 337.373429 189.622434
15 16 24 0.160039 0.675036 0.164924 360.486731 178.074205
15 16 24 0.662185 0.297778 0.040038 345.016055 169.735417
15 16 24 0.349297 0.126252 0.524451 338.255924 189.557483
15 16 24 0.096756 0.852193 0.051050 368.052049 170.083926
16 25 24 0.965122 0.033179 0.001699 372.575598 171.958589
16 25 24 0.955136 0.025339 0.019525 373.644742 172.559945
16 25 24 0.142764 0.344482 0.512754 354.618120 200.566265
16 25 24 0.505593 0.127997 0.366410 358.743509 189.923987
16 25 24 0.470465 0.082862 0.446673 355.314418 192.487915
16 25 24 0.056758 0.357425 0.585816 349.894705 208.135514
16 25 24 0.409774 0.390710 0.199517 367.221341 193.437600
16 25 24 0.040232 0.120121 0.839647 337.427984 206.667046
16 25 24 0.052112 0.157719 0.790169 340.324970 204.544088
16 25 24 0.837465 0.038286 0.124248 366.388416 171.237082
16 17 25 0.521037 0.225565 0.253399 383.524634 179.692894
16 17 25 0.377419 0.021388 0.601193 376.456528 192.732006
16 17 25 0.337522 0.307672 0.354805 386.299602 182.000408
16 17 25 0.286911 0.629558 0.083532 399.366560 172.689192
16 17 25 0.842038 0.049938 0.108025 376.811645 174.113407
16 17 25 0.164226 0.643995 0.191779 402.330196 176.199159
16 17 25 0.727124 0.076554 0.196323 378.152458 173.504247
16 17 25 0.506808 0.453317 0.039876 396.146685 170.376024
16 17 25 0.066101 0.466586 0.467314 391.743996 185.818519
16 17 25 0.560148 0.047411 0.392442 377.044960 181.428945
17 26 25 0.001255 0.398980 0.599765 391.619723 207.892550
17 26 25 0.819050 0.176660 0.004290 414.829119 177.731780
17 26 25 0.324036 0.563195 0.112769 412.239455 194.235874
17 26 25 0.736459 0.206288 0.057253 413.116513 177.925721
17 26 25 0.554161 0.409076 0.036763 413.668272 188.607415
17 26 25 0.816885 0.123676 0.059439 412.589777 181.046640
17 26 25 0.992183 0.007559 0.000258 410.955328 168.679600
17 26 25 0.444238 0.158723 0.397039 397.199799 190.049619
17 26 25 0.018298 0.460514 0.521188 397.637121 209.927487
17 26 25 0.625311 0.025917 0.348772 401.201440 181.540751
18 19 27 0.127173 0.702531 0.170296 95.673933 219.074195
18 19 27 0.373028 0.457543 0.169429 83.313306 218.468007
18 19 27 0.211374 0.418692 0.369933 86.425695 225.196041
18 19 27 0.192394 0.360061 0.447545 85.847163 225.872238
18 19 27 0.827382 0.050299 0.122319 71.193646 213.149721
18 19 27 0.801647 0.149697 0.048656 77.284003 209.447531
18 19 27 0.685553 0.064116 0.250331 69.781825 221.442985
18 19 27 0.836966 0.021200 0.141834 65.726512 215.410722
18 19 27 0.131076 0.035139 0.833785 73.296492 246.653946
18 19 27 0.497262 0.489660 0.013078 87.138981 206.781025
19 28 27 0.650424 0.029191 0.320385 100.201060 228.386425
19 28 27 0.274601 0.439847 0.285551 100.430184 240.037958
19 28 27 0.076574 0.444584 0.478842 93.095649 246.885506
19 28 27 0.526430 0.243115 0.230455 103.099123 229.334432
19 28 27 0.193447 0.666270 0.140282 103.087810 244.041933
19 28 27 0.683734 0.164104 0.152162 99.411736 222.528761
19 28 27 0.775889 0.192192 0.031919 105.327403 217.501723
19 28 27 0.092220 0.554716 0.353065 97.037794 250.059761
19 28 27 0.719421 0.168797 0.111783 106.338613 222.879339
19 28 27 0.602872 0.186618 0.210511 99.126125 225.658773
19 20 28 0.811846 0.113995 0.074159 110.395651 209.636315
19 20 28 0.267084 0.242824 0.490092 123.397551 230.596240
19 20 28 0.680324 0.129865 0.189812 112.821762 218.677890
19 20 28 0.492364 0.117066 0.390570 115.140189 228.680741
19 20 28 0.275716 0.063780 0.660504 112.289295 239.090734
19 20 28 0.468355 0.265087 0.266558 123.667551 218.472458
19 20 28 0.776586 0.082477 0.140937 114.718881 213.963481
19 20 28 0.724802 0.063568 0.211630 112.145591 220.255578
19 20 28 0.208374 0.739767 0.051859 142.937390 214.604225
19 20 28 0.745137 0.125993 0.128870 116.270396 214.333546
20 29 28 0.857093 0.002016 0.140891 147.419126 215.783939
20 29 28 0.394200 0.521550 0.084250 157.889994 237.500075
20 29 28 0.020327 0.326830 0.652843 127.862445 254.625959
20 29 28 0.110980 0.211690 0.677329 127.261745 250.469250
20 29 28 0.239301 0.253897 0.506803 135.396426 241.723141
20 29 28 0.309448 0.282699 0.407853 134.011069 240.015870
20 29 28 0.137752 0.552217 0.310031 142.794164 246.656819
20 29 28 0.198002 0.328686 0.473312 133.640509 245.079195
20 29 28 0.654560 0.011922 0.333518 139.116714 226.721469
20 29 28 0.985423 0.013300 0.001278 153.334482 213.360110
20 21 29 0.937658 0.038654 0.023688 155.063332 211.983734
20 21 29 0.101829 0.337163 0.561008 172.362227 231.509655
20 21 29 0.181025 0.090236 0.728739 157.714084 241.021797
20 21 29 0.675827 0.207243 0.116930 163.844541 216.270609
20 21 29 0.660300 0.208754 0.130945 165.627545 210.716738
20 21 29 0.039178 0.584247 0.376575 182.185744 225.644382
20 21 29 0.669390 0.301878 0.028732 167.245766 213.538021
20 21 29 0.997796 0.000182 0.002022 149.122938 210.744003
20 21 29 0.746587 0.151388 0.102025 160.040776 213.572238
20 21 29 0.579088 0.392748 0.028164 169.609976 215.229410
21 30 29 0.211548 0.434284 0.354168 184.033032 245.627125
21 30 29 0.738490 0.245085 0.016426 196.780197 219.046889
21 30 29 0.526141 0.005716 0.468143 180.244811 232.121927
21 30 29 0.476202 0.049354 0.474444 173.852355 235.219359
21 30 29 0.562171 0.269015 0.168815 189.344339 226.988009
21 30 29 0.196018 0.246961 0.557021 173.244795 248.729085
21 30 29 0.081590 0.470479 0.447931 180.102129 248.402415
21 30 29 0.191268 0.560576 0.248156 187.895616 246.462804
21 30 29 0.720448 0.251592 0.027960 193.046852 218.217406
21 30 29 0.522102 0.173944 0.303954 184.159953 227.506238
21 22 30 0.124151 0.515295 0.360553 221.088130 224.901044
21 22 30 0.176205 0.229841 0.593954 209.549140 238.572916
21 22 30 0.282462 0.174995 0.542543 204.027278 235.170239
21 22 30 0.543816 0.403799 0.052385 218.922477 215.523597
21 22 30 0.489531 0.066745 0.443724 199.679691 230.915394
21 22 30 0.052050 0.578018 0.369932 222.994429 227.662714
21 22 30 0.101189 0.475843 0.422968 220.005078 227.985093
21 22 30 0.037223 0.911463 0.051314 240.691857 210.897998
21 22 30 0.713298 0.219460 0.067242 201.826149 211.594076
21 22 30 0.325860 0.178406 0.495734 204.895300 231.022290
22 31 30 0.515387 0.002078 0.482535 216.626653 229.958234
22 31 30 0.441847 0.443583 0.114569 239.402204 234.765229
22 31 30 0.105572 0.531450 0.362978 231.690931 247.700100
22 31 30 0.670203 0.270807 0.058990 239.965327 225.090056
22 31 30 0.595599 0.231001 0.173400 236.083527 224.700978
22 31 30 0.640757 0.041599 0.317644 230.242513 227.982948
22 31 30 0.929843 0.028425 0.041732 236.462877 211.767564
22 31 30 0.836910 0.089679 0.073412 240.808310 217.034938
22 31 30 0.506606 0.483033 0.010361 240.195081 229.319407
22 31 30 0.857132 0.054379 0.088489 239.187221 217.517618
22 23 31 0.117016 0.535821 0.347163 265.662462 225.075456
22 23 31 0.403442 0.421984 0.174574 259.288820 216.101050
22 23 31 0.559854 0.366661 0.073485 259.329440 213.162455
22 23 31 0.398852 0.367279 0.233869 261.385994 221.704300
22 23 31 0.646204 0.260040 0.093755 252.362026 213.593468
22 23 31 0.667249 0.148116 0.184635 250.890584 216.551071
22 23 31 0.206154 0.033954 0.759892 247.096584 242.751537
22 23 31 0.739573 0.159026 0.101401 253.130841 212.931057
22 23 31 0.666925 0.023897 0.309178 244.462094 225.383950
22 23 31 0.372536 0.303992 0.323472 257.980460 224.044599
23 32 31 0.560733 0.419677 0.019589 286.104637 226.588696
23 32 31 0.213820 0.391602 0.394577 266.813320 244.326759
23 32 31 0.421513 0.156119 0.422368 271.786682 234.471129
23 32 31 0.254998 0.493798 0.251205 275.275414 243.461671
23 32 31 0.483657 0.334978 0.181365 281.909446 232.176916
23 32 31 0.639742 0.258213 0.102044 284.579591 226.426300
23 32 31 0.540902 0.132710 0.326387 271.985922 225.566708
23 32 31 0.404545 0.237370 0.358085 275.919530 238.495813
23 32 31 0.501672 0.126248 0.372081 271.626608 229.880438
23 32 31 0.557887 0.259040 0.183074 279.275378 230.340860
23 24 32 0.222686 0.082081 0.695233 293.454267 239.875736
23 24 32 0.620838 0.368675 0.010487 304.767960 214.311516
23 24 32 0.744505 0.045709 0.209785 290.696145 217.657306
23 24 32 0.052040 0.672619 0.275341 318.258299 228.615769
23 24 32 0.793803 0.038915 0.167281 292.122732 216.757924
23 24 32 0.814906 0.075904 0.109190 293.255444 211.277938
23 24 32 0.748079 0.241961 0.009960 301.516304 209.553878
23 24 32 0.706793 0.085994 0.207214 292.104638 218.643862
23 24 32 0.648402 0.125040 0.226558 294.047719 220.460561
23 24 32 0.331858 0.330878 0.337264 297.164649 224.489227
24 33 32 0.346563 0.547959 0.105478 326.054989 236.708775
24 33 32 0.017185 0.591692 0.391123 314.045812 249.999109
24 33 32 0.615507 0.327901 0.056592 330.622032 222.752008
24 33 32 0.443796 0.120454 0.435750 308.523543 232.948639
24 33 32 0.609135 0.291848 0.099017 326.545191 227.684340
24 33 32 0.789912 0.175762 0.034326 331.968360 220.190377
24 33 32 0.372008 0.398214 0.229778 321.667856 239.509323
24 33 32 0.200357 0.495916 0.303727 319.301694 246.122758
24 33 32 0.268358 0.266375 0.465267 311.079554 242.331901
24 33 32 0.984358 0.002369 0.013273 328.865993 208.339221
24 25 33 0.526433 0.305725 0.167841 345.529005 215.702815
24 25 33 0.377388 0.583517 0.039096 351.329317 210.180113
24 25 33 0.810774 0.069394 0.119833 336.088132 215.508275
24 25 33 0.904162 0.041264 0.054573 332.661170 215.877375
24 25 33 0.598267 0.124113 0.277620 340.447089 224.358694
24 25 33 0.208456 0.609003 0.182541 358.996487 216.707758
24 25 33 0.789305 0.053579 0.157116 334.719967 212.150429
24 25 33 0.267781 0.265322 0.466898 339.931441 229.383941
24 25 33 0.236616 0.671867 0.091517 365.559656 213.783164
24 25 33 0.131076 0.005648 0.863276 331.868093 245.176253
25 34 33 0.943358 0.009341 0.047301 374.560344 212.917287
25 34 33 0.498921 0.202171 0.298908 361.567256 231.429990
25 34 33 0.676968 0.274017 0.049014 380.143801 225.326086
25 34 33 0.067867 0.621888 0.310245 362.369646 252.883199
25 34 33 0.368335 0.112737 0.518928 355.610023 239.435060
25 34 33 0.217491 0.179204 0.603304 350.056017 243.332312
25 34 33 0.252072 0.359193 0.388735 357.024822 247.333089
25 34 33 0.000323 0.661165 0.338512 361.902749 254.722314
25 34 33 0.185248 0.281391 0.533360 350.168925 244.885620
25 34 33 0.463734 0.499446 0.036820 369.516141 234.364855
25 26 34 0.050465 0.597385 0.352150 403.857776 221.806763
25 26 34 0.636174 0.345586 0.018240 389.043913 209.769736
25 26 34 0.637607 0.045391 0.317002 378.201771 225.595863
25 26 34 0.745331 0.010181 0.244488 377.339801 220.521686
25 26 34 0.006909 0.044998 0.948093 378.578073 253.785791
25 26 34 0.243017 0.512452 0.244531 400.691208 219.993000
25 26 34 0.966611 0.030351 0.003038 377.310461 210.523650
25 26 34 0.303764 0.434458 0.261778 394.045329 220.357928
25 26 34 0.700630 0.006060 0.293309 379.452078 220.534942
25 26 34 0.846129 0.077194 0.076677 379.251385 211.132227
26 35 34 0.959785 0.001247 0.038968 422.758038 212.991720
26 35 34 0.374147 0.501140 0.124713 416.718468 237.458789
26 35 34 0.153319 0.338620 0.508061 395.893722 248.208057
26 35 34 0.581583 0.139682 0.278735 407.678576 230.101020
26 35 34 0.908354 0.017623 0.074023 417.590640 213.361841
26 35 34 0.581310 0.215904 0.202786 412.309525 229.450371
26 35 34 0.395411 0.036304 0.568286 400.608895 233.474265
26 35 34 0.367438 0.563963 0.068599 418.198468 239.448063
26 35 34 0.118017 0.370267 0.511716 395.129066 248.327455
26 35 34 0.631864 0.274854 0.093282 418.875079 226.725813
27 28 36 0.952584 0.044674 0.002742 72.786178 253.646886
27 28 36 0.460631 0.123970 0.415398 81.654849 271.111543
27 28 36 0.449013 0.083920 0.467068 81.049837 267.093765
27 28 36 0.780093 0.027438 0.192469 73.888090 259.297005
27 28 36 0.101422 0.896112 0.002466 111.509376 251.796026
27 28 36 0.045986 0.590181 0.363834 101.129051 265.111838
27 28 36 0.376843 0.115127 0.508030 85.224153 270.799277
27 28 36 0.766346 0.094450 0.139203 79.976150 259.823802
27 28 36 0.132658 0.240306 0.627036 91.231160 275.638086
27 28 36 0.877356 0.122007 0.000638 76.065299 250.655763
28 37 36 0.052174 0.589862 0.357964 108.319473 284.371075
28 37 36 0.333252 0.350008 0.316740 110.912776 275.692932
28 37 36 0.231673 0.233771 0.534556 105.024784 279.044053
28 37 36 0.684383 0.220002 0.095615 113.306467 262.446659
28 37 36 0.339828 0.034612 0.625560 97.341573 272.851639
28 37 36 0.749721 0.058573 0.191706 110.504419 263.381831
28 37 36 0.882209 0.085760 0.032031 112.769696 255.581801
28 37 36 0.173667 0.793766 0.032566 121.388380 282.970035
28 37 36 0.449527 0.188795 0.361678 103.789434 272.302993
28 37 36 0.000455 0.211674 0.787871 93.859992 284.814308
28 29 37 0.219101 0.179527 0.601372 126.546571 276.545896
28 29 37 0.295332 0.665380 0.039288 143.453713 253.703101
28 29 37 0.567288 0.008569 0.424142 115.619513 265.525199
28 29 37 0.942895 0.052271 0.004835 116.474297 257.057296
28 29 37 0.593666 0.021407 0.384927 118.883617 266.103347
28 29 37 0.356007 0.616456 0.027537 138.656498 251.880244
28 29 37 0.822491 0.077851 0.099657 120.717262 255.641799
28 29 37 0.521483 0.337092 0.141425 129.786198 258.320177
28 29 37 0.440558 0.224172 0.335270 128.575797 265.397307
28 29 37 0.295179 0.382841 0.321980 130.599888 267.953537
29 38 37 0.750041 0.175384 0.074575 156.966912 264.675666
29 38 37 0.584293 0.270916 0.144791 149.396711 268.494134
29 38 37 0.327999 0.233016 0.438984 142.944945 275.205024
29 38 37 0.915194 0.042357 0.042449 159.907686 255.498431
29 38 37 0.226441 0.036062 0.737497 132.067382 276.921225
29 38 37 0.946399 0.007435 0.046167 155.683371 259.487248
29 38 37 0.552642 0.083670 0.363687 144.252042 267.341243
29 38 37 0.113654 0.002585 0.883761 127.611783 284.484545
29 38 37 0.417597 0.050033 0.532370 141.878402 276.846191
29 38 37 0.997575 0.002329 0.000097 153.672697 253.827805
29 30 38 0.912538 0.036073 0.051389 159.395252 255.763700
29 30 38 0.025688 0.586437 0.387875 178.595975 267.360190
29 30 38 0.341021 0.499268 0.159712 176.927481 262.747015
29 30 38 0.446722 0.138161 0.415116 159.713033 267.664373
29 30 38 0.662188 0.159695 0.178117 162.478226 263.926618
29 30 38 0.732446 0.018042 0.249512 156.696018 262.515824
29 30 38 0.383773 0.503731 0.112495 180.471881 258.091027
29 30 38 0.745576 0.242265 0.012159 163.266533 253.738842
29 30 38 0.425708 0.061374 0.512918 161.333044 275.854951
29 30 38 0.228850 0.337039 0.434111 175.247779 268.976811
30 39 38 0.345352 0.318251 0.336397 190.575316 277.800390
30 39 38 0.888019 0.094482 0.017499 200.755178 258.825571
30 39 38 0.455795 0.227297 0.316909 187.172962 276.385802
30 39 38 0.019980 0.732897 0.247123 191.642940 292.581348
30 39 38 0.612752 0.046161 0.341086 186.243502 266.602565
30 39 38 0.373561 0.029902 0.596537 177.016507 278.539734
30 39 38 0.780318 0.177708 0.041973 199.724603 261.516190
30 39 38 0.873998 0.003277 0.122725 195.454005 256.529473
30 39 38 0.759553 0.091852 0.148596 195.200224 265.358383
30 39 38 0.900384 0.029600 0.070016 196.260842 260.353050
30 31 39 0.174995 0.407655 0.417350 218.414278 270.520314
30 31 39 0.685327 0.209578 0.105095 209.404664 256.770753
30 31 39 0.987259 0.012668 0.000073 200.039482 252.386197
30 31 39 0.222131 0.605455 0.172414 225.423715 261.032445
30 31 39 0.531128 0.189731 0.279142 207.137128 267.288841
30 31 39 0.199592 0.024457 0.775951 203.184258 279.847995
30 31 39 0.733466 0.093091 0.173443 202.265057 259.123430
30 31 39 0.127482 0.735332 0.137186 229.145292 260.585258
30 31 39 0.869779 0.018820 0.111400 199.131235 259.267048
30 31 39 0.235289 0.479655 0.285056 223.385699 263.827856
31 40 39 0.567453 0.378761 0.053786 239.107566 272.055977
31 40 39 0.184415 0.195865 0.619720 212.509909 282.438465
31 40 39 0.388638 0.419046 0.192316 237.413413 277.682063
31 40 39 0.766190 0.117011 0.116798 237.519817 261.741672
31 40 39 0.083257 0.240551 0.676191 213.392742 289.315955
31 40 39 0.260508 0.128703 0.610788 221.667983 279.929910
31 40 39 0.779639 0.115502 0.104859 241.413192 266.038420
31 40 39 0.947576 0.050348 0.002076 242.857607 256.982312
31 40 39 0.867520 0.033847 0.098633 237.995250 256.705522
31 40 39 0.771806 0.148221 0.079973 238.573682 264.151466
31 32 40 0.509478 0.014551 0.475971 243.249554 271.333891
31 32 40 0.968729 0.017354 0.013917 244.407162 255.955469
31 32 40 0.704281 0.111207 0.184512 245.978783 262.952068
31 32 40 0.517027 0.002143 0.480830 242.471293 270.928072
31 32 40 0.171314 0.091879 0.736807 245.658500 283.594767
31 32 40 0.826062 0.035738 0.138200 243.533144 259.157785
31 32 40 0.065444 0.075761 0.858795 249.786823 286.516850
31 32 40 0.279740 0.693963 0.026297 272.337269 255.313897
31 32 40 0.337851 0.355120 0.307029 256.045458 268.864263
31 32 40 0.586206 0.044087 0.369707 246.445151 271.995607
32 41 40 0.910481 0.024871 0.064648 280.285556 259.208782
32 41 40 0.136548 0.108821 0.754631 250.309457 290.019243
32 41 40 0.814949 0.032705 0.152346 280.895242 264.230026
32 41 40 0.826279 0.146693 0.027028 281.366284 258.995905
32 41 40 0.282316 0.095559 0.622125 257.446708 285.857747
32 41 40 0.993624 0.002186 0.004190 284.718084 256.320795
32 41 40 0.117202 0.732375 0.150423 281.994889 284.831766
32 41 40 0.122388 0.027356 0.850256 245.816635 286.987416
32 41 40 0.838620 0.064524 0.096856 281.480413 260.820542
32 41 40 0.389008 0.547146 0.063846 283.212853 278.108922
32 33 41 0.351949 0.432319 0.215732 308.542445 262.552644
32 33 41 0.417187 0.400280 0.182533 303.382285 260.943332
32 33 41 0.062833 0.076271 0.860896 288.406237 286.643309
32 33 41 0.052382 0.407628 0.539990 307.835690 269.793791
32 33 41 0.237232 0.273635 0.489133 299.680422 271.281092
32 33 41 0.368223 0.059476 0.572301 290.371709 276.396549
32 33 41 0.186164 0.074860 0.738976 286.112265 285.483801
32 33 41 0.364954 0.601358 0.033688 312.863836 254.499653
32 33 41 0.909832 0.015417 0.074752 282.904847 259.506039
32 33 41 0.932345 0.027121 0.040534 286.772523 254.339936
33 42 41 0.788505 0.036795 0.174700 321.216607 260.727042
33 42 41 0.149695 0.324146 0.526158 304.191600 287.212921
33 42 41 0.666476 0.226263 0.107261 326.726641 265.126897
33 42 41 0.440368 0.124722 0.434911 310.965297 275.186662
33 42 41 0.245409 0.594927 0.159664 320.529037 283.202668
33 42 41 0.729803 0.088583 0.181614 322.284245 262.052981
33 42 41 0.703507 0.021928 0.274565 322.017766 264.742439
33 42 41 0.727722 0.059480 0.212798 322.739039 267.562668
33 42 41 0.388216 0.155179 0.456605 312.070475 277.447179
33 42 41 0.261056 0.007031 0.731913 296.730678 287.414327
33 34 42 0.040953 0.378534 0.580513 345.257012 278.590424
33 34 42 0.268372 0.287663 0.443965 341.706058 270.166934
33 34 42 0.340695 0.225316 0.433989 342.633263 270.478630
33 34 42 0.497956 0.271159 0.230885 340.588516 265.624128
33 34 42 0.437414 0.067609 0.494977 331.453749 272.905961
33 34 42 0.969807 0.005771 0.024422 334.980649 252.080648
33 34 42 0.465751 0.492159 0.042089 351.921686 252.160385
33 34 42 0.066867 0.174437 0.758696 332.544681 287.848360
33 34 42 0.683907 0.235586 0.080507 341.273074 258.974714
33 34 42 0.124031 0.061541 0.814429 326.344159 287.752745
34 43 42 0.160149 0.315569 0.524283 351.075037 286.454823
34 43 42 0.976288 0.015278 0.008435 371.976544 255.932495
34 43 42 0.009661 0.938397 0.051942 371.519345 296.510237
34 43 42 0.054547 0.157492 0.787961 336.764933 292.876784
34 43 42 0.098418 0.308881 0.592701 345.717216 288.290817
34 43 42 0.673513 0.247116 0.079371 370.597012 268.446057
34 43 42 0.867367 0.125421 0.007212 376.079125 260.874702
34 43 42 0.179465 0.390157 0.430379 353.948949 286.262333
34 43 42 0.629929 0.360053 0.010018 373.756323 268.415645
34 43 42 0.935781 0.060696 0.003522 374.066648 258.003724
34 35 43 0.228332 0.296138 0.475530 387.511113 269.672407
34 35 43 0.768342 0.036141 0.195517 379.659523 262.623347
34 35 43 0.125587 0.791273 0.083140 411.032306 257.657467
34 35 43 0.183009 0.200641 0.616350 378.985895 277.023573
34 35 43 0.775538 0.196696 0.027765 383.490756 255.825094
34 35 43 0.101415 0.607743 0.290841 402.955159 262.766104
34 35 43 0.625545 0.182853 0.191602 386.625864 262.766398
34 35 43 0.291128 0.019647 0.689226 375.658504 281.929749
34 35 43 0.987285 0.002634 0.010081 372.992011 258.603501
34 35 43 0.333730 0.272338 0.393932 385.436221 271.011235
35 44 43 0.823876 0.117283 0.058841 419.075888 257.364140
35 44 43 0.973927 0.021150 0.004924 421.606943 254.504665
35 44 43 0.613898 0.147599 0.238503 409.510047 270.266882
35 44 43 0.578314 0.320608 0.101078 415.972474 270.433725
35 44 43 0.360269 0.522806 0.116925 412.530599 280.325673
35 44 43 0.351175 0.081704 0.567122 392.414401 278.688317
35 44 43 0.591723 0.211694 0.196582 407.515338 270.271970
35 44 43 0.866894 0.052771 0.080335 416.002507 259.418158
35 44 43 0.098661 0.251246 0.650093 385.312428 289.650114
35 44 43 0.733822 0.046709 0.219470 410.887490 264.054801
36 37 45 0.199879 0.373601 0.426520 102.959533 297.486950
36 37 45 0.440787 0.170127 0.389085 96.209844 290.426725
36 37 45 0.622417 0.027456 0.350127 93.260759 293.672151
36 37 45 0.224570 0.521629 0.253801 112.392190 293.151046
36 37 45 0.420582 0.453300 0.126118 101.585066 288.974620
36 37 45 0.914530 0.042220 0.043250 87.739371 284.826084
36 37 45 0.962995 0.019630 0.017375 85.082195 287.216977
36 37 45 0.424472 0.423699 0.151828 104.849674 289.333640
36 37 45 0.504751 0.353111 0.142138 103.629309 291.650336
36 37 45 0.024588 0.041220 0.934192 98.361324 304.678000
37 46 45 0.678196 0.050981 0.270823 116.910091 295.265439
37 46 45 0.822699 0.036508 0.140792 118.605711 292.771072
37 46 45 0.400961 0.440067 0.158972 121.553192 304.214816
37 46 45 0.190290 0.425531 0.384180 117.084583 306.802853
37 46 45 0.715202 0.228978 0.055820 127.898163 293.723613
37 46 45 0.585883 0.148619 0.265498 119.391523 294.760436
37 46 45 0.607172 0.022250 0.370578 111.555154 294.960167
37 46 45 0.713184 0.154095 0.132721 119.160043 294.517814
37 46 45 0.766583 0.117484 0.115934 121.753939 288.244342
37 46 45 0.584460 0.011035 0.404505 108.737175 295.555493
37 38 46 0.028979 0.212497 0.758524 135.861316 303.976516
37 38 46 0.706534 0.208217 0.085249 130.678355 290.349404
37 38 46 0.007953 0.028651 0.963396 135.397142 310.606734
37 38 46 0.562170 0.264584 0.173246 135.339071 292.839348
37 38 46 0.398362 0.259782 0.341857 137.490148 298.272335
37 38 46 0.775593 0.160772 0.063635 130.919299 288.941138
37 38 46 0.178265 0.600494 0.221241 148.138297 296.177511
37 38 46 0.870001 0.118702 0.011297 125.141737 289.428178
37 38 46 0.276352 0.209793 0.513855 134.309650 301.548156
37 38 46 0.339025 0.605553 0.055421 145.388470 290.719330
38 47 46 0.286184 0.282865 0.430951 151.012989 307.155086
38 47 46 0.109928 0.047846 0.842227 138.388867 309.747686
38 47 46 0.294469 0.045192 0.660340 140.001761 305.649660
38 47 46 0.593633 0.316919 0.089448 160.615271 298.380264
38 47 46 0.362676 0.332737 0.304587 159.102751 302.113983
38 47 46 0.877913 0.116801 0.005286 161.999714 292.586980
38 47 46 0.457679 0.443855 0.098465 164.964990 302.811297
38 47 46 0.406249 0.514129 0.079621 161.323161 303.669661
38 47 46 0.744591 0.109182 0.146227 157.573120 297.224634
38 47 46 0.439421 0.535956 0.024624 167.230124 302.820762
38 39 47 0.368551 0.337221 0.294228 180.702396 299.794006
38 39 47 0.796313 0.080397 0.123290 163.461491 295.283047
38 39 47 0.735871 0.116986 0.147143 166.953596 291.214506
38 39 47 0.494365 0.243217 0.262418 175.157324 299.528816
38 39 47 0.652241 0.103328 0.244431 168.221309 293.016432
38 39 47 0.183568 0.385979 0.430453 180.343299 299.412152
38 39 47 0.138854 0.519577 0.341569 186.837829 300.512986
38 39 47 0.061212 0.167552 0.771236 177.154959 310.240630
38 39 47 0.395064 0.495268 0.109668 181.259863 292.033421
38 39 47 0.605225 0.224272 0.170503 174.201949 294.388331
39 48 47 0.963636 0.022086 0.014278 204.604805 291.413522
39 48 47 0.864260 0.067504 0.068235 204.049065 296.952240
39 48 47 0.545008 0.127717 0.327275 191.430270 306.239815
39 48 47 0.422068 0.493890 0.084042 201.089474 306.003622
39 48 47 0.651492 0.195910 0.152598 196.627899 299.392790
39 48 47 0.161865 0.009442 0.828693 179.923100 307.942606
39 48 47 0.848358 0.071627 0.080015 202.467705 292.555510
39 48 47 0.265603 0.721901 0.012496 198.343838 309.880755
39 48 47 0.830273 0.042328 0.127399 199.241650 297.270853
39 48 47 0.050496 0.611555 0.337949 191.901548 316.120194
39 40 48 0.700101 0.249402 0.050496 212.814925 294.934994
39 40 48 0.788883 0.183171 0.027945 209.676533 290.084401
39 40 48 0.614988 0.345824 0.039188 216.229500 292.767523
39 40 48 0.364598 0.005652 0.629750 203.418630 306.058520
39 40 48 0.858660 0.130028 0.011312 208.681443 293.449062
39 40 48 0.677515 0.189502 0.132983 213.867880 296.122957
39 40 48 0.295652 0.112558 0.591789 209.488116 305.705250
39 40 48 0.061441 0.108923 0.829636 212.951967 313.893341
39 40 48 0.134421 0.798001 0.067578 228.934345 296.664383
39 40 48 0.434895 0.372801 0.192304 216.246594 295.615242
40 49 48 0.126000 0.236799 0.637201 217.571060 315.234572
40 49 48 0.633531 0.125569 0.240900 231.847093 303.777266
40 49 48 0.213443 0.182089 0.604468 218.663702 315.332003
40 49 48 0.390636 0.123305 0.486059 223.187041 308.144096
40 49 48 0.958427 0.038998 0.002575 243.564541 293.426986
40 49 48 0.779726 0.144027 0.076247 239.677515 296.265521
40 49 48 0.325298 0.126139 0.548563 221.121689 310.851286
40 49 48 0.630445 0.290155 0.079400 238.694622 299.020906
40 49 48 0.705042 0.292963 0.001994 243.153239 300.237731
40 49 48 0.365924 0.349463 0.284613 231.292332 304.794145
40 41 49 0.480708 0.292150 0.227142 253.771186 300.978394
40 41 49 0.430464 0.231377 0.338159 250.535002 303.036971
40 41 49 0.817149 0.135221 0.047630 246.270365 295.198785
40 41 49 0.252284 0.263254 0.484462 257.327705 306.721736
40 41 49 0.082150 0.835386 0.082464 278.943346 295.759286
40 41 49 0.123264 0.459047 0.417689 262.010820 302.313509
40 41 49 0.074510 0.275055 0.650435 256.537761 312.496056
40 41 49 0.154986 0.657606 0.187408 271.487964 299.067538
40 41 49 0.879936 0.056673 0.063391 244.692354 292.115744
40 41 49 0.717546 0.022575 0.259879 242.694450 301.406531
41 50 49 0.647926 0.002672 0.349401 271.871742 302.035892
41 50 49 0.298687 0.049977 0.651335 256.069430 309.483107
41 50 49 0.590891 0.238858 0.170250 275.943339 307.242040
41 50 49 0.264423 0.577762 0.157815 278.431993 317.443608
41 50 49 0.197895 0.579896 0.222209 275.386111 317.801712
41 50 49 0.155475 0.358926 0.485599 264.161611 314.935445
41 50 49 0.080047 0.469267 0.450685 265.412293 318.637604
41 50 49 0.626075 0.016936 0.356988 268.883880 301.630191
41 50 49 0.988687 0.011123 0.000191 283.205808 294.662043
41 50 49 0.724016 0.138523 0.137461 281.722080 300.307228
41 42 50 0.715310 0.204464 0.080226 295.288343 293.154126
41 42 50 0.318510 0.412228 0.269262 305.696576 300.321737
41 42 50 0.630510 0.037082 0.332407 284.612357 303.953159
41 42 50 0.587788 0.048071 0.364141 286.068470 305.563975
41 42 50 0.782635 0.077363 0.140002 290.886469 301.173071
41 42 50 0.513755 0.001628 0.484617 284.010973 309.409267
41 42 50 0.978110 0.008450 0.013440 287.918126 289.354775
41 42 50 0.767727 0.092893 0.139381 291.528284 298.612673
41 42 50 0.829408 0.138537 0.032056 292.864045 296.164110
41 42 50 0.285635 0.410568 0.303796 300.281222 308.046854
42 51 50 0.713243 0.097709 0.189048 323.948696 306.020066
42 51 50 0.638038 0.100826 0.261136 314.769304 303.844652
42 51 50 0.521269 0.184422 0.294309 314.338170 310.075826
42 51 50 0.309706 0.579805 0.110489 322.914674 315.509473
42 51 50 0.365634 0.213291 0.421075 310.229883 309.796062
42 51 50 0.777549 0.046817 0.175635 321.669277 300.424346
42 51 50 0.572277 0.421128 0.006595 329.331560 309.129309
42 51 50 0.938281 0.052651 0.009069 329.611198 296.440934
42 51 50 0.524150 0.289412 0.186438 318.609420 311.849936
42 51 50 0.417855 0.307832 0.274312 316.862188 311.287560
42 43 51 0.005693 0.868689 0.125618 366.111513 297.515221
42 43 51 0.291862 0.177737 0.530400 332.602966 310.641792
42 43 51 0.056389 0.158247 0.785364 328.619369 317.848804
42 43 51 0.570485 0.407372 0.022143 346.552327 296.376452
42 43 51 0.176187 0.151363 0.672451 334.274918 312.201037
42 43 51 0.729583 0.139048 0.131369 332.462296 298.687581
42 43 51 0.905169 0.029645 0.065186 328.380587 293.427744
42 43 51 0.552561 0.443759 0.003679 349.549642 295.780636
42 43 51 0.968284 0.012622 0.019095 327.318981 289.701604
42 43 51 0.386603 0.342642 0.270755 345.359581 301.519632
43 52 51 0.593638 0.279529 0.126833 363.840635 310.767115
43 52 51 0.347044 0.180364 0.472591 350.640117 316.184010
43 52 51 0.895784 0.023194 0.081022 365.868007 296.139493
43 52 51 0.805335 0.125319 0.069347 368.571304 297.654587
43 52 51 0.593803 0.339102 0.067095 367.658951 305.527981
43 52 51 0.095517 0.880359 0.024124 363.541987 321.117993
43 52 51 0.464331 0.094471 0.441198 351.537781 312.976452
43 52 51 0.853307 0.021635 0.125058 364.884101 300.395690
43 52 51 0.441527 0.139576 0.418897 351.110022 312.761794
43 52 51 0.059980 0.376014 0.564007 339.319999 322.931733
43 44 52 0.301293 0.163837 0.534870 373.415347 313.945959
43 44 52 0.063833 0.034565 0.901601 365.572939 320.249107
43 44 52 0.090470 0.809272 0.100259 405.183523 301.145082
43 44 52 0.132921 0.622894 0.244185 400.878717 302.470580
43 44 52 0.850580 0.123510 0.025910 378.093093 293.024199
43 44 52 0.728791 0.155231 0.115979 377.939584 295.403848
43 44 52 0.497222 0.229339 0.273439 377.358267 306.271396
43 44 52 0.081972 0.158855 0.759173 372.054532 321.085090
43 44 52 0.231351 0.512703 0.255947 390.793909 304.715848
43 44 52 0.550575 0.035912 0.413512 367.597416 309.159241
44 53 52 0.635018 0.195669 0.169313 405.184322 304.614914
44 53 52 0.881357 0.050144 0.068499 411.602965 299.259636
44 53 52 0.090651 0.394943 0.514406 383.891601 320.679460
44 53 52 0.774738 0.200388 0.024873 409.287519 300.371269
44 53 52 0.922898 0.059277 0.017825 416.743472 297.032501
44 53 52 0.766733 0.002354 0.230912 404.139748 302.356600
44 53 52 0.666997 0.291521 0.041482 409.214711 301.729270
44 53 52 0.109260 0.794919 0.095821 404.160531 324.176182
44 53 52 0.444328 0.546111 0.009561 411.386924 310.155759
44 53 52 0.547356 0.124502 0.328142 398.613932 309.164347
45 46 54 0.545125 0.340290 0.114585 111.810744 310.153452
45 46 54 0.343956 0.533355 0.122690 117.052199 315.706002
45 46 54 0.020917 0.199780 0.779304 117.280365 321.663794
45 46 54 0.804878 0.017378 0.177743 101.409895 310.422985
45 46 54 0.454826 0.509829 0.035345 117.928985 312.682933
45 46 54 0.426930 0.233527 0.339544 113.448678 315.539536
45 46 54 0.193440 0.789150 0.017410 126.756165 311.361679
45 46 54 0.815186 0.138299 0.046516 101.400356 310.082633
45 46 54 0.286359 0.489942 0.223699 117.381895 313.932703
45 46 54 0.742556 0.093245 0.164200 103.773028 308.804506
46 55 54 0.663325 0.226629 0.110046 131.015782 316.042591
46 55 54 0.567178 0.014563 0.418259 125.754209 320.562605
46 55 54 0.513993 0.083075 0.402932 123.527563 316.727121
46 55 54 0.389796 0.180709 0.429495 126.041908 317.595615
46 55 54 0.792879 0.082397 0.124724 131.338905 315.637552
46 55 54 0.132428 0.300707 0.566865 125.082629 327.834557
46 55 54 0.253988 0.733734 0.012278 142.988553 321.427596
46 55 54 0.843634 0.103992 0.052375 132.664170 315.716040
46 55 54 0.772716 0.142212 0.085072 130.829638 316.239948
46 55 54 0.790419 0.041051 0.168531 129.795914 315.176084
46 47 55 0.669228 0.177218 0.153554 141.966359 314.459860
46 47 55 0.180101 0.754578 0.065321 164.150923 315.069789
46 47 55 0.767763 0.119968 0.112269 136.734000 311.479436
46 47 55 0.346999 0.487613 0.165388 155.750354 318.054678
46 47 55 0.184311 0.039451 0.776238 139.283215 320.029654
46 47 55 0.960397 0.013188 0.026416 133.588100 308.636839
46 47 55 0.655646 0.144523 0.199831 141.638766 318.248989
46 47 55 0.586215 0.095674 0.318111 142.585327 314.709598
46 47 55 0.706879 0.255444 0.037676 145.647614 311.297307
46 47 55 0.954800 0.026066 0.019134 131.299781 312.677282
47 56 55 0.331878 0.299125 0.368997 165.005071 323.418225
47 56 55 0.140548 0.297718 0.561734 155.870338 326.687904
47 56 55 0.663948 0.124692 0.211360 166.204300 315.452934
47 56 55 0.510173 0.168636 0.321191 164.554170 319.441631
47 56 55 0.640674 0.102899 0.256427 163.318582 322.976921
47 56 55 0.006568 0.689236 0.304197 166.069061 332.702834
47 56 55 0.810228 0.022734 0.167038 166.653947 317.558721
47 56 55 0.199460 0.298604 0.501935 158.222624 326.970320
47 56 55 0.516034 0.480855 0.003111 176.397566 322.885755
47 56 55 0.166903 0.526103 0.306993 169.300809 326.094275
47 48 56 0.563478 0.265908 0.170614 180.432181 319.068812
47 48 56 0.795334 0.017888 0.186779 174.335763 315.941491
47 48 56 0.189266 0.183818 0.626916 182.463156 322.502975
47 48 56 0.962380 0.036273 0.001347 173.017046 313.514794
47 48 56 0.456770 0.198461 0.344769 178.498840 318.092751
47 48 56 0.604302 0.219987 0.175711 180.720967 318.032097
47 48 56 0.194578 0.010550 0.794872 181.159065 326.754373
47 48 56 0.388258 0.064186 0.547556 180.318738 323.481197
47 48 56 0.524818 0.081789 0.393393 181.912522 322.728764
47 48 56 0.017147 0.053167 0.929686 184.814851 328.670517
48 57 56 0.471363 0.090194 0.438443 194.319951 323.325198
48 57 56 0.311981 0.040636 0.647384 191.177053 325.402795
48 57 56 0.574003 0.221914 0.204083 204.999050 325.161545
48 57 56 0.560179 0.150321 0.289500 197.401306 321.350976
48 57 56 0.104057 0.372163 0.523780 193.016680 331.944394
48 57 56 0.831804 0.110472 0.057724 207.209913 318.862111
48 57 56 0.138651 0.673889 0.187460 205.565985 331.106963
48 57 56 0.752949 0.162780 0.084271 201.888847 321.531377
48 57 56 0.219249 0.090327 0.690424 189.259744 323.665321
48 57 56 0.885041 0.019285 0.095674 201.580477 319.210670
48 49 57 0.080012 0.575974 0.344014 234.160321 322.870367
48 49 57 0.838730 0.024580 0.136689 206.207329 318.168258
48 49 57 0.052595 0.940958 0.006447 240.364282 320.229942
48 49 57 0.504627 0.208914 0.286458 215.266717 321.953955
48 49 57 0.767148 0.185115 0.047737 212.807610 318.719304
48 49 57 0.692258 0.257551 0.050192 215.037079 321.261302
48 49 57 0.395990 0.022531 0.581479 211.369378 324.985739
48 49 57 0.362983 0.033650 0.603367 211.900641 325.713862
48 49 57 0.712525 0.176823 0.110652 213.877520 315.364973
48 49 57 0.987608 0.002133 0.010259 203.086893 318.218035
49 58 57 0.367756 0.345012 0.287233 236.455957 326.632044
49 58 57 0.435664 0.271210 0.293126 233.243021 326.826261
49 58 57 0.194168 0.057051 0.748780 222.511745 331.449834
49 58 57 0.188530 0.712781 0.098689 242.698684 331.934145
49 58 57 0.924706 0.070123 0.005171 243.189949 323.440950
49 58 57 0.556372 0.055068 0.388560 232.890529 326.288343
49 58 57 0.771691 0.069258 0.159051 239.694871 322.031941
49 58 57 0.983709 0.006301 0.009990 244.296320 322.189149
49 58 57 0.850783 0.020761 0.128455 244.883135 323.499345
49 58 57 0.611361 0.378483 0.010156 246.593885 328.382804
49 50 58 0.609491 0.174206 0.216303 252.353781 326.163074
49 50 58 0.661220 0.102063 0.236716 243.466416 325.206324
49 50 58 0.326302 0.452901 0.220797 261.903826 328.216159
49 50 58 0.775189 0.189303 0.035509 251.513444 319.984001
49 50 58 0.928457 0.064577 0.006966 249.007522 319.662380
49 50 58 0.227693 0.343078 0.429229 256.763733 327.325821
49 50 58 0.615025 0.046076 0.338900 245.249488 324.383872
49 50 58 0.510282 0.240464 0.249254 254.373537 324.670111
49 50 58 0.500258 0.067558 0.432183 249.407911 326.921172
49 50 58 0.520937 0.282316 0.196746 253.544210 324.867073
50 59 58 0.243041 0.020953 0.736006 254.222796 332.153974
50 59 58 0.865873 0.106974 0.027153 285.632717 326.610964
50 59 58 0.514846 0.228224 0.256930 273.068384 330.252034
50 59 58 0.574080 0.239371 0.186548 273.745498 327.736151
50 59 58 0.303178 0.416958 0.279864 272.972324 333.628012
50 59 58 0.410323 0.474769 0.114908 275.434561 334.462308
50 59 58 0.484534 0.097996 0.417470 267.451279 329.785463
50 59 58 0.870868 0.018589 0.110542 280.871781 322.112962
50 59 58 0.549490 0.111941 0.338569 274.861049 331.981734
50 59 58 0.463833 0.396058 0.140108 278.703424 331.319903
50 51 59 0.437159 0.048089 0.514752 287.599046 332.619932
50 51 59 0.936260 0.051634 0.012106 288.698574 320.931319
50 51 59 0.345048 0.382128 0.272824 299.326507 328.720838
50 51 59 0.038761 0.046551 0.914689 285.474893 335.749655
50 51 59 0.858208 0.058715 0.083076 287.974082 325.199355
50 51 59 0.974018 0.005377 0.020604 283.177449 321.395912
50 51 59 0.860855 0.033165 0.105981 285.173081 325.865503
50 51 59 0.476569 0.254400 0.269031 292.921484 325.454757
50 51 59 0.593750 0.095471 0.310778 290.945358 329.818468
50 51 59 0.935731 0.054575 0.009694 288.081415 318.129302
51 60 59 0.367930 0.167490 0.464579 305.007862 335.250361
51 60 59 0.429946 0.464558 0.105495 318.801620 333.504331
51 60 59 0.827538 0.104314 0.068148 322.523296 328.847030
51 60 59 0.527228 0.068096 0.404676 309.599274 335.581314
51 60 59 0.947410 0.011228 0.041362 323.909820 322.120445
51 60 59 0.841798 0.036156 0.122045 318.004492 328.037779
51 60 59 0.709415 0.096014 0.194572 318.421680 328.191957
51 60 59 0.445864 0.022767 0.531368 303.617946 333.708096
51 60 59 0.147373 0.125773 0.726853 292.167003 340.231833
51 60 59 0.941130 0.016091 0.042778 321.274672 322.556872
51 52 60 0.357452 0.521103 0.121446 346.104661 329.518973
51 52 60 0.319684 0.440485 0.239831 338.180968 326.753780
51 52 60 0.570915 0.368923 0.060161 334.749097 326.258365
51 52 60 0.977934 0.012038 0.010028 324.122994 324.961350
51 52 60 0.698902 0.269254 0.031844 333.908869 325.231823
51 52 60 0.780798 0.194962 0.024240 334.871758 324.004406
51 52 60 0.685989 0.011137 0.302874 322.971906 331.931840
51 52 60 0.090485 0.656530 0.252985 349.418232 331.010595
51 52 60 0.444366 0.021636 0.533998 319.545855 337.923859
51 52 60 0.364737 0.575548 0.059714 348.962885 324.721163
52 61 60 0.470309 0.321562 0.208129 352.068219 336.464172
52 61 60 0.710362 0.201024 0.088614 358.020442 333.904413
52 61 60 0.486467 0.261550 0.251983 349.213248 334.143646
52 61 60 0.899502 0.068999 0.031499 362.328783 326.128143
52 61 60 0.817543 0.100735 0.081722 360.658422 330.239099
52 61 60 0.870236 0.052128 0.077636 360.633314 331.421596
52 61 60 0.566796 0.280271 0.152933 351.690502 339.486697
52 61 60 0.178903 0.697912 0.123185 352.504531 344.294072
52 61 60 0.968081 0.026038 0.005882 364.209637 327.889245
52 61 60 0.714202 0.014361 0.271437 349.673979 330.203630
52 53 61 0.980090 0.012641 0.007269 364.336814 323.689301
52 53 61 0.913908 0.061836 0.024256 362.260437 324.241566
52 53 61 0.613751 0.171801 0.214448 370.245664 333.566724
52 53 61 0.236310 0.194772 0.568918 364.908358 341.313485
52 53 61 0.015785 0.954171 0.030044 406.466943 331.850630
52 53 61 0.181239 0.610526 0.208236 385.527266 330.394429
52 53 61 0.063891 0.599399 0.336710 389.020391 337.052190
52 53 61 0.481609 0.116367 0.402024 365.569116 337.794394
52 53 61 0.910367 0.042818 0.046815 366.787408 324.737525
52 53 61 0.556028 0.398095 0.045877 379.274867 331.178890
53 62 61 0.146734 0.572451 0.280815 387.854406 348.464014
53 62 61 0.260992 0.084069 0.654939 374.903873 342.177036
53 62 61 0.932413 0.056045 0.011542 404.621790 327.309472
53 62 61 0.290899 0.514950 0.194151 395.625071 339.894051
53 62 61 0.465110 0.229998 0.304893 388.405543 339.737258
53 62 61 0.105149 0.000141 0.894709 360.016286 350.179636
53 62 61 0.856309 0.059107 0.084584 403.338264 330.093931
53 62 61 0.806734 0.016834 0.176433 397.408383 331.162456
53 62 61 0.874111 0.093724 0.032165 405.070130 327.837026
53 62 61 0.806829 0.124273 0.068898 404.925799 332.817598
54 55 63 0.403201 0.074862 0.521937 120.707263 327.714324
54 55 63 0.988004 0.000776 0.011220 114.080400 324.625334
54 55 63 0.459831 0.158807 0.381362 118.192594 329.423159
54 55 63 0.263876 0.400378 0.335746 126.702134 330.352010
54 55 63 0.436295 0.246023 0.317682 124.000209 328.692967
54 55 63 0.645523 0.013501 0.340976 116.134296 328.360480
54 55 63 0.494368 0.489836 0.015796 128.931577 322.352312
54 55 63 0.245460 0.703329 0.051211 133.300176 326.571572
54 55 63 0.020609 0.138222 0.841169 130.669306 335.522240
54 55 63 0.475275 0.339220 0.185505 122.263072 325.457207
55 64 63 0.048053 0.387423 0.564524 136.205920 339.345672
55 64 63 0.435835 0.072323 0.491842 135.448165 334.465829
55 64 63 0.927179 0.035959 0.036862 141.768645 327.689288
55 64 63 0.620459 0.161190 0.218352 141.388979 329.603298
55 64 63 0.519002 0.189449 0.291548 141.185233 331.000784
55 64 63 0.165019 0.389416 0.445565 141.225402 337.051523
55 64 63 0.711185 0.030262 0.258553 137.973996 330.507604
55 64 63 0.630534 0.221220 0.148245 141.599654 329.835268
55 64 63 0.417143 0.461352 0.121505 149.364402 334.896660
55 64 63 0.688519 0.210120 0.101361 144.262330 329.185975
55 56 64 0.782897 0.050990 0.166113 147.538599 327.830272
55 56 64 0.415130 0.267710 0.317160 158.051993 330.072896
55 56 64 0.440442 0.369008 0.190550 161.652271 331.918056
55 56 64 0.667483 0.238967 0.093550 154.382702 327.676903
55 56 64 0.711441 0.099194 0.189365 151.057241 330.738241
55 56 64 0.349387 0.140414 0.510199 152.851511 334.379169
55 56 64 0.997222 0.001447 0.001330 143.076598 327.959499
55 56 64 0.136191 0.539783 0.324027 162.868813 331.976794
55 56 64 0.093478 0.703120 0.203402 168.821499 333.174267
55 56 64 0.105934 0.091936 0.802129 157.739231 336.242573
56 65 64 0.897146 0.074536 0.028318 179.520695 329.350400
56 65 64 0.896315 0.078414 0.025272 180.974046 331.752279
56 65 64 0.976468 0.022958 0.000574 182.324289 328.440539
56 65 64 0.231896 0.476565 0.291539 173.946069 334.271459
56 65 64 0.862666 0.004660 0.132674 177.834343 330.701277
56 65 64 0.651891 0.313724 0.034385 180.183284 329.158073
56 65 64 0.094568 0.188836 0.716596 164.373690 337.798921
56 65 64 0.801938 0.132651 0.065411 182.164917 333.143969
56 65 64 0.891137 0.040272 0.068591 180.887959 332.960566
56 65 64 0.023422 0.793803 0.182776 178.651387 342.025992
56 57 65 0.324494 0.551153 0.124353 196.189858 331.568341
56 57 65 0.037912 0.615645 0.346443 202.997722 335.049629
56 57 65 0.846979 0.001816 0.151205 176.403462 330.317573
56 57 65 0.973606 0.002196 0.024198 179.108114 333.418759
56 57 65 0.990541 0.008209 0.001250 180.701309 329.689087
56 57 65 0.207201 0.002129 0.790670 180.316689 338.043881
56 57 65 0.418993 0.436146 0.144861 195.822841 331.813677
56 57 65 0.432140 0.515486 0.052374 197.627005 330.296005
56 57 65 0.639467 0.153972 0.206561 189.216524 329.147278
56 57 65 0.074312 0.004739 0.920949 187.668439 342.064611
57 66 65 0.619350 0.027429 0.353221 205.108400 329.243385
57 66 65 0.186679 0.229369 0.583952 200.255762 337.782392
57 66 65 0.031704 0.861001 0.107295 217.149272 343.765208
57 66 65 0.887032 0.017237 0.095731 206.281428 336.897467
57 66 65 0.609578 0.159518 0.230904 205.753305 333.698859
57 66 65 0.962133 0.013408 0.024459 212.404318 334.483540
57 66 65 0.913699 0.022522 0.063779 210.887550 334.000666
57 66 65 0.109197 0.563217 0.327586 209.071871 337.420607
57 66 65 0.176396 0.539557 0.284047 206.846690 339.760086
57 66 65 0.987876 0.008185 0.003939 214.363018 336.365074
57 58 66 0.895420 0.080654 0.023926 214.691604 329.138066
57 58 66 0.501083 0.293278 0.205638 223.074392 334.284748
57 58 66 0.448442 0.116385 0.435173 218.188158 338.459383
57 58 66 0.042612 0.699121 0.258266 234.961185 336.696833
57 58 66 0.238885 0.192238 0.568877 226.125461 340.305439
57 58 66 0.065835 0.669181 0.264984 235.836868 337.314598
57 58 66 0.277390 0.279815 0.442796 226.923643 338.874251
57 58 66 0.788601 0.030104 0.181295 211.199908 335.057748
57 58 66 0.003518 0.789933 0.206549 240.919622 339.232376
57 58 66 0.680997 0.057714 0.261289 214.176906 335.213178
58 67 66 0.774539 0.098499 0.126962 239.507781 335.927875
58 67 66 0.800544 0.059122 0.140334 244.353854 337.077265
58 67 66 0.611030 0.297470 0.091500 247.286254 342.629137
58 67 66 0.007169 0.455378 0.537452 234.985663 345.342335
58 67 66 0.076011 0.580424 0.343565 238.879834 345.000867
58 67 66 0.530792 0.418160 0.051048 246.057608 340.625316
58 67 66 0.858274 0.024240 0.117486 247.779255 340.231177
58 67 66 0.820415 0.066283 0.113302 243.092280 335.691210
58 67 66 0.314351 0.371278 0.314370 241.520442 343.032322
58 67 66 0.451464 0.537957 0.010579 242.905180 339.226575
58 59 67 0.966373 0.021145 0.012483 250.075740 334.885462
58 59 67 0.977100 0.012590 0.010311 248.944316 335.527032
58 59 67 0.960419 0.032033 0.007548 251.854594 332.873236
58 59 67 0.360764 0.330169 0.309066 259.288850 343.168597
58 59 67 0.217028 0.232708 0.550265 257.039666 341.918580
58 59 67 0.546968 0.045202 0.407830 251.750356 339.070980
58 59 67 0.846908 0.131337 0.021754 252.288293 336.097179
58 59 67 0.345185 0.351899 0.302916 264.646741 340.886534
58 59 67 0.271602 0.678375 0.050023 268.757986 341.370947
58 59 67 0.940950 0.006337 0.052714 246.281180 334.626488
59 68 67 0.601098 0.234990 0.163911 279.292307 343.697465
59 68 67 0.473804 0.458647 0.067549 281.764680 349.978884
59 68 67 0.082254 0.702615 0.215131 275.062278 351.409272
59 68 67 0.433179 0.001974 0.564847 262.876543 347.151178
59 68 67 0.485788 0.178237 0.335976 269.515647 347.326991
59 68 67 0.959821 0.006008 0.034170 281.367429 340.272852
59 68 67 0.294340 0.101931 0.603729 263.973693 344.582211
59 68 67 0.857839 0.036809 0.105352 281.004476 341.640468
59 68 67 0.795017 0.114480 0.090503 280.763515 343.078654
59 68 67 0.263919 0.051445 0.684636 257.937448 347.476664
59 60 68 0.934861 0.000927 0.064212 281.552714 339.082990
59 60 68 0.626897 0.263878 0.109225 295.044072 342.369208
59 60 68 0.763017 0.152322 0.084661 288.312114 341.789789
59 60 68 0.642139 0.129553 0.228308 287.260624 337.883907
59 60 68 0.174899 0.346256 0.478845 292.619251 347.966840
59 60 68 0.752992 0.004062 0.242946 281.261424 341.236308
59 60 68 0.619370 0.219488 0.161142 289.839290 340.541226
59 60 68 0.888954 0.054131 0.056915 284.716294 340.743879
59 60 68 0.365796 0.379190 0.255013 295.048880 344.343689
59 60 68 0.869970 0.005936 0.124093 285.672394 341.153567
60 69 68 0.027805 0.388212 0.583983 296.756165 351.874443
60 69 68 0.169556 0.164789 0.665655 294.714694 351.915215
60 69 68 0.247075 0.202547 0.550379 297.808229 350.378856
60 69 68 0.564811 0.368218 0.066971 315.903135 348.259571
60 69 68 0.411874 0.504682 0.083444 313.198604 353.122493
60 69 68 0.512208 0.240102 0.247690 308.789815 350.895428
60 69 68 0.338001 0.536167 0.125832 308.892613 350.687598
60 69 68 0.602972 0.256181 0.140847 312.507009 346.776748
60 69 68 0.988359 0.008968 0.002672 319.595130 344.931576
60 69 68 0.551024 0.019264 0.429712 305.484936 348.581704
60 61 69 0.965421 0.000188 0.034391 314.070371 348.546114
60 61 69 0.178510 0.157816 0.663674 324.282452 355.087345
60 61 69 0.256363 0.077935 0.665702 321.592107 352.195385
60 61 69 0.836438 0.110929 0.052633 321.693891 343.412346
60 61 69 0.290991 0.495669 0.213340 337.077608 350.707362
60 61 69 0.770463 0.205516 0.024021 322.837407 346.066997
60 61 69 0.148510 0.137919 0.713571 324.550540 352.792880
60 61 69 0.163862 0.440497 0.395641 333.849537 349.851816
60 61 69 0.855269 0.042229 0.102502 319.124958 345.388049
60 61 69 0.125324 0.861380 0.013295 348.805852 347.175153
61 70 69 0.674951 0.216197 0.108853 354.186156 348.138639
61 70 69 0.815610 0.001805 0.182585 351.000278 346.782476
61 70 69 0.634482 0.101885 0.263633 342.562545 346.201794
61 70 69 0.146974 0.421633 0.431393 338.222688 359.154659
61 70 69 0.971412 0.006491 0.022097 354.233595 345.741920
61 70 69 0.033413 0.065093 0.901495 317.851900 358.252494
61 70 69 0.666945 0.219617 0.113439 348.773749 349.542834
61 70 69 0.847872 0.112967 0.039160 354.483222 350.551831
61 70 69 0.809282 0.144947 0.045772 353.124767 352.887831
61 70 69 0.281386 0.061347 0.657268 331.189261 351.954779
61 62 70 0.474837 0.329723 0.195440 367.380036 351.354738
61 62 70 0.085942 0.792067 0.121991 387.545538 351.692314
61 62 70 0.183076 0.477185 0.339739 374.407091 352.213427
61 62 70 0.141183 0.756948 0.101868 388.741901 349.227370
61 62 70 0.438911 0.046643 0.514446 357.789630 356.512168
61 62 70 0.311013 0.451310 0.237677 370.476510 352.484502
61 62 70 0.930433 0.067029 0.002538 358.914679 347.906298
61 62 70 0.796076 0.006569 0.197355 357.630483 349.688882
61 62 70 0.050170 0.716591 0.233238 382.517662 351.501766
61 62 70 0.070822 0.432948 0.496230 368.622649 356.070312
62 71 70 0.448269 0.174378 0.377354 377.456962 360.424640
62 71 70 0.920279 0.066007 0.013714 396.014079 351.040453
62 71 70 0.204194 0.215587 0.580219 367.010511 358.295575
62 71 70 0.768592 0.195474 0.035934 390.350785 352.568809
62 71 70 0.236669 0.455423 0.307908 378.950549 363.301371
62 71 70 0.792425 0.034775 0.172799 390.078375 350.384826
62 71 70 0.511389 0.086738 0.401873 374.908257 354.288931
62 71 70 0.775433 0.060434 0.164133 387.200250 346.216599
62 71 70 0.241612 0.072056 0.686332 361.670055 360.364095
62 71 70 0.068264 0.623310 0.308426 374.036742 359.877685
63 64 72 0.452292 0.274650 0.273058 136.290559 340.391567
63 64 72 0.432842 0.090805 0.476353 133.880117 343.450223
63 64 72 0.929845 0.012346 0.057809 123.895789 333.387545
63 64 72 0.216105 0.010676 0.773219 130.033510 348.880140
63 64 72 0.637204 0.115477 0.247319 131.807994 337.558418
63 64 72 0.448117 0.274126 0.277758 133.054736 341.271491
63 64 72 0.048169 0.233222 0.718610 139.456495 345.402142
63 64 72 0.732628 0.022672 0.244700 129.115910 340.251734
63 64 72 0.323666 0.464359 0.211974 141.479952 345.100239
63 64 72 0.845165 0.073065 0.081770 128.038672 337.954591
64 73 72 0.948617 0.038377 0.013006 154.488704 339.508880
64 73 72 0.145686 0.353569 0.500745 145.513894 349.022013
64 73 72 0.712654 0.018188 0.269157 147.848056 339.996852
64 73 72 0.045007 0.884078 0.070915 158.790831 348.511609
64 73 72 0.366632 0.091553 0.541815 141.850346 343.269166
64 73 72 0.587427 0.303772 0.108801 159.987132 343.088941
64 73 72 0.384780 0.359596 0.255624 153.448179 344.876625
64 73 72 0.151888 0.637808 0.210304 158.209999 345.787410
64 73 72 0.723240 0.173655 0.103105 154.091038 343.045588
64 73 72 0.713704 0.231519 0.054777 154.045727 340.381774
64 65 73 0.152802 0.215886 0.631312 166.914475 346.996739
64 65 73 0.718331 0.106687 0.174982 159.144287 340.864591
64 65 73 0.813898 0.093061 0.093041 161.857355 341.503636
64 65 73 0.686308 0.004852 0.308841 161.207907 339.306551
64 65 73 0.741268 0.115640 0.143092 157.655078 339.362302
64 65 73 0.478896 0.449796 0.071308 173.210904 339.001757
64 65 73 0.169213 0.259517 0.571270 169.041073 343.367167
64 65 73 0.083679 0.837743 0.078579 182.651743 338.740380
64 65 73 0.640675 0.197321 0.162004 157.145599 339.921518
64 65 73 0.219078 0.536262 0.244660 173.908894 343.287270
65 74 73 0.379412 0.090759 0.529830 176.027234 344.910527
65 74 73 0.714285 0.020909 0.264805 177.799696 341.183812
65 74 73 0.594969 0.320995 0.084036 184.885635 341.610763
65 74 73 0.465226 0.318226 0.216547 184.794203 345.392138
65 74 73 0.096484 0.002774 0.900741 161.611766 347.144350
65 74 73 0.906597 0.082292 0.011111 184.634229 340.819668
65 74 73 0.928480 0.018281 0.053239 185.367532 341.857674
65 74 73 0.651574 0.126183 0.222243 186.512089 343.849781
65 74 73 0.204783 0.586670 0.208547 186.006997 346.502899
65 74 73 0.859597 0.128218 0.012186 187.311689 339.774328
65 66 74 0.937452 0.061311 0.001236 185.239040 341.190548
65 66 74 0.979194 0.005619 0.015187 187.115745 339.048442
65 66 74 0.087049 0.407837 0.505114 199.935436 349.640045
65 66 74 0.060471 0.509115 0.430414 206.794224 344.164069
65 66 74 0.584478 0.358207 0.057315 198.806001 338.039999
65 66 74 0.679060 0.258955 0.061985 196.315990 339.065047
65 66 74 0.633284 0.163092 0.203624 192.203902 345.061324
65 66 74 0.217821 0.203534 0.578645 192.813558 342.699252
65 66 74 0.081203 0.484120 0.434677 206.648176 342.419274
65 66 74 0.104090 0.187830 0.708079 194.989137 346.795533
66 75 74 0.368099 0.116456 0.515444 205.829611 344.773715
66 75 74 0.828568 0.149387 0.022045 217.819363 343.104282
66 75 74 0.387803 0.391742 0.220455 215.767370 350.403638
66 75 74 0.919586 0.044381 0.036033 220.512002 345.697004
66 75 74 0.184620 0.649685 0.165696 217.801195 350.816167
66 75 74 0.845719 0.005479 0.148802 215.320514 342.502516
66 75 74 0.188842 0.055761 0.755397 200.516616 348.640056
66 75 74 0.970414 0.020696 0.008891 218.858013 341.322020
66 75 74 0.629624 0.309779 0.060597 223.256530 347.107444
66 75 74 0.934039 0.052152 0.013809 218.807754 345.728589
66 67 75 0.888565 0.054678 0.056757 219.915175 346.769205
66 67 75 0.276643 0.645676 0.077681 238.257192 346.252748
66 67 75 0.926013 0.039955 0.034031 219.023433 343.725115
66 67 75 0.484702 0.157208 0.358090 225.037059 345.397388
66 67 75 0.669856 0.056096 0.274047 221.434116 342.499140
66 67 75 0.681794 0.019467 0.298739 219.860493 346.001233
66 67 75 0.137973 0.814943 0.047084 249.394470 343.405480
66 67 75 0.568924 0.272703 0.158374 233.459268 346.022196
66 67 75 0.740556 0.108649 0.150795 222.068983 345.685194
66 67 75 0.493563 0.053142 0.453294 222.256197 350.138022
67 76 75 0.381398 0.437326 0.181276 248.094534 355.689015
67 76 75 0.227349 0.210344 0.562307 233.934862 350.787932
67 76 75 0.470858 0.017339 0.511803 237.364389 351.750775
67 76 75 0.461350 0.065163 0.473486 240.096607 350.710918
67 76 75 0.977882 0.019232 0.002886 250.823559 348.536442
67 76 75 0.330763 0.650045 0.019193 251.800013 352.290994
67 76 75 0.315915 0.060109 0.623976 233.204755 349.762771
67 76 75 0.966141 0.023208 0.010651 256.801116 351.170910
67 76 75 0.242863 0.081149 0.675987 233.181205 349.340390
67 76 75 0.496789 0.339823 0.163388 245.093799 349.161676
67 68 76 0.770965 0.008369 0.220666 251.436313 348.303708
67 68 76 0.897834 0.099529 0.002637 253.510366 345.863752
67 68 76 0.099965 0.548863 0.351173 270.445127 351.645727
67 68 76 0.654559 0.112907 0.232534 256.378717 348.434898
67 68 76 0.783678 0.182367 0.033956 259.006794 349.792970
67 68 76 0.546308 0.132051 0.321641 257.284451 352.349428
67 68 76 0.911878 0.052172 0.035951 253.869013 350.120752
67 68 76 0.564882 0.007731 0.427387 254.416797 350.087082
67 68 76 0.140758 0.122877 0.736365 261.368541 350.108007
67 68 76 0.302015 0.032322 0.665663 254.827855 354.242462
68 77 76 0.793430 0.137165 0.069405 281.116209 348.378842
68 77 76 0.977287 0.004888 0.017825 283.373623 354.954990
68 77 76 0.636130 0.163322 0.200548 276.908058 352.784055
68 77 76 0.880917 0.058387 0.060696 281.905075 349.876060
68 77 76 0.232843 0.632663 0.134494 277.526120 355.212572
68 77 76 0.759969 0.192339 0.047692 277.634090 350.528511
68 77 76 0.891462 0.021570 0.086968 279.763315 350.689630
68 77 76 0.741433 0.203371 0.055197 282.692430 352.121973
68 77 76 0.819308 0.118962 0.061731 280.385876 351.028523
68 77 76 0.148118 0.595797 0.256086 277.778240 357.264880
68 69 77 0.464406 0.033085 0.502509 284.021848 352.457710
68 69 77 0.876288 0.073735 0.049977 286.010928 354.793430
68 69 77 0.674409 0.313160 0.012431 291.389281 351.728568
68 69 77 0.304846 0.077082 0.618071 282.850684 355.976852
68 69 77 0.821173 0.099572 0.079255 285.223594 350.137457
68 69 77 0.904139 0.008384 0.087477 282.772881 351.128881
68 69 77 0.860779 0.054514 0.084707 287.024293 353.301460
68 69 77 0.498024 0.445015 0.056962 297.028306 353.800984
68 69 77 0.010815 0.047111 0.942074 283.760703 355.306581
68 69 77 0.595294 0.074079 0.330627 284.742099 356.729237
69 78 77 0.987713 0.001339 0.010948 313.822735 355.564673
69 78 77 0.298072 0.293011 0.408917 299.892951 360.025351
69 78 77 0.460902 0.102027 0.437071 301.759019 357.174921
69 78 77 0.552844 0.111398 0.335759 301.616060 355.234587
69 78 77 0.972522 0.009218 0.018260 315.930698 354.237081
69 78 77 0.505623 0.250821 0.243557 307.425464 361.348084
69 78 77 0.573412 0.379188 0.047400 314.355854 356.788616
69 78 77 0.429831 0.435072 0.135098 311.195135 358.526238
69 78 77 0.901523 0.032256 0.066220 310.749214 356.222847
69 78 77 0.574988 0.072725 0.352287 303.156882 354.708355
69 70 78 0.512539 0.364662 0.122799 327.489197 357.992844
69 70 78 0.239165 0.663476 0.097359 338.437214 359.798280
69 70 78 0.527021 0.065797 0.407181 314.417192 358.095649
69 70 78 0.052583 0.826831 0.120586 343.074440 359.739954
69 70 78 0.928859 0.063872 0.007269 322.105616 355.320232
69 70 78 0.274366 0.485609 0.240026 334.563183 358.206883
69 70 78 0.474385 0.009676 0.515939 318.915453 362.493293
69 70 78 0.088891 0.683787 0.227322 336.647881 360.532678
69 70 78 0.984034 0.007214 0.008752 316.668572 357.294748
69 70 78 0.397385 0.055531 0.547083 315.820209 360.113351
70 79 78 0.630626 0.266536 0.102838 348.226799 363.436169
70 79 78 0.842577 0.001000 0.156422 345.253931 360.484988
70 79 78 0.107695 0.253158 0.639147 322.579774 366.327121
70 79 78 0.801638 0.018540 0.179821 341.424728 361.116541
70 79 78 0.648651 0.043340 0.308009 338.888709 362.079887
70 79 78 0.953344 0.021674 0.024982 349.157520 359.833048
70 79 78 0.901449 0.086821 0.011730 354.242413 363.988410
70 79 78 0.749114 0.101867 0.149019 340.688635 361.121667
70 79 78 0.197036 0.675734 0.127230 344.030356 371.010556
70 79 78 0.130458 0.664348 0.205194 341.719052 369.029146
70 71 79 0.808255 0.008153 0.183592 349.709979 365.693826
70 71 79 0.140833 0.743329 0.115838 374.220102 365.469824
70 71 79 0.982233 0.003207 0.014560 351.441803 357.831559
70 71 79 0.583573 0.172531 0.243896 355.021409 364.628321
70 71 79 0.674210 0.047823 0.277967 347.800870 363.537165
70 71 79 0.160104 0.444571 0.395326 366.750480 367.514754
70 71 79 0.352758 0.041656 0.605586 348.756891 364.806861
70 71 79 0.244659 0.087309 0.668031 350.830107 370.006414
70 71 79 0.485001 0.130685 0.384314 354.874463 366.411686
70 71 79 0.426334 0.183463 0.390203 354.686607 362.203902
71 80 79 0.687338 0.132019 0.180643 376.780688 370.257301
71 80 79 0.793221 0.069640 0.137139 381.405254 368.117390
71 80 79 0.371769 0.451490 0.176741 379.758914 373.161394
71 80 79 0.288171 0.185574 0.526256 360.223736 370.487239
71 80 79 0.316599 0.085292 0.598109 361.418191 368.512768
71 80 79 0.754600 0.178451 0.066949 384.763222 366.781791
71 80 79 0.529675 0.240816 0.229509 375.667248 369.992768
71 80 79 0.257151 0.409622 0.333227 368.721165 376.527894
71 80 79 0.480877 0.324532 0.194591 377.535504 374.555500
71 80 79 0.810631 0.019932 0.169437 381.606990 367.620456
