0 1 9 0.922718 0.023791 0.053491 109.595710 145.229512
0 1 9 0.723148 0.039494 0.237358 105.788856 148.611965
0 1 9 0.546892 0.116186 0.336923 112.872827 150.191130
0 1 9 0.954187 0.042258 0.003555 116.103513 141.442523
0 1 9 0.421641 0.147436 0.430923 108.619806 154.976500
0 1 9 0.371866 0.424284 0.203850 125.846747 149.191384
0 1 9 0.279074 0.533013 0.187913 128.583813 146.503443
0 1 9 0.904832 0.049208 0.045961 112.846938 143.963490
0 1 9 0.615693 0.262491 0.121815 117.218596 143.361130
0 1 9 0.531165 0.207142 0.261693 113.400281 146.950962
1 10 9 0.561115 0.197003 0.241882 132.536359 152.269306
1 10 9 0.395473 0.591555 0.012972 141.071910 157.390455
1 10 9 0.761464 0.156558 0.081977 138.948551 148.177028
1 10 9 0.148845 0.012037 0.839118 106.377429 158.553905
1 10 9 0.069378 0.212496 0.718127 111.374462 166.100984
1 10 9 0.825408 0.094142 0.080449 135.513326 149.377370
1 10 9 0.529069 0.393646 0.077285 138.145505 151.955426
1 10 9 0.616021 0.180713 0.203266 136.078719 149.651759
1 10 9 0.880552 0.026410 0.093039 138.783651 144.109549
1 10 9 0.436367 0.522938 0.040695 141.193709 157.216187
1 2 10 0.154807 0.161074 0.684119 144.301307 158.184318
1 2 10 0.964499 0.004875 0.030625 143.361693 142.834603
1 2 10 0.560374 0.002073 0.437552 139.604265 154.842166
1 2 10 0.149607 0.585973 0.264420 165.116817 147.564943
1 2 10 0.408860 0.572039 0.019101 165.185610 140.773039
1 2 10 0.895458 0.062113 0.042429 142.411891 143.894725
1 2 10 0.799164 0.002559 0.198277 138.905403 147.211665
1 2 10 0.672732 0.037999 0.289269 144.545353 153.398500
1 2 10 0.657543 0.176455 0.166002 149.228109 144.391697
1 2 10 0.839715 0.106944 0.053341 148.258835 143.052263
2 11 10 0.664151 0.046424 0.289425 168.253361 153.323933
2 11 10 0.108264 0.116187 0.775549 145.847958 166.142926
2 11 10 0.296005 0.576734 0.127261 170.398307 160.088377
2 11 10 0.081564 0.902793 0.015643 170.082066 161.084347
2 11 10 0.416195 0.433002 0.150803 173.196528 152.404556
2 11 10 0.432107 0.148858 0.419035 161.546583 157.102973
2 11 10 0.947357 0.051573 0.001070 181.514699 145.818338
2 11 10 0.822644 0.091696 0.085660 179.362969 146.009618
2 11 10 0.907086 0.008340 0.084574 174.891810 144.557473
2 11 10 0.376924 0.153975 0.469102 157.838989 156.820511
2 3 11 0.352470 0.146400 0.501130 181.316638 152.581244
2 3 11 0.307505 0.520139 0.172356 193.591948 143.586292
2 3 11 0.090465 0.251036 0.658499 184.620785 159.475619
2 3 11 0.696071 0.143654 0.160275 183.150721 148.639142
2 3 11 0.542112 0.306657 0.151231 191.582877 145.878417
2 3 11 0.117469 0.457528 0.425003 193.425697 152.059314
2 3 11 0.739263 0.009049 0.251688 174.729795 149.604414
2 3 11 0.305022 0.232313 0.462664 183.967118 151.904090
2 3 11 0.439853 0.043456 0.516691 181.666182 156.016991
2 3 11 0.427517 0.354406 0.218076 192.953192 149.367105
3 12 11 0.514123 0.160671 0.325205 201.369413 152.707400
3 12 11 0.193688 0.653015 0.153297 207.580709 159.663355
3 12 11 0.697933 0.201301 0.100766 206.888082 146.926730
3 12 11 0.341305 0.101939 0.556757 195.887592 156.378219
3 12 11 0.205007 0.565815 0.229178 199.751187 161.264003
3 12 11 0.760540 0.179525 0.059935 210.159453 142.948641
3 12 11 0.101237 0.598974 0.299789 202.844416 163.724879
3 12 11 0.699967 0.094213 0.205821 208.582210 149.471368
3 12 11 0.758919 0.235405 0.005676 213.284639 146.324070
3 12 11 0.513451 0.296613 0.189937 211.996957 156.024113
3 4 12 0.101410 0.317241 0.581349 226.252365 154.944640
3 4 12 0.165533 0.207394 0.627073 222.054375 157.543837
3 4 12 0.001166 0.892000 0.106834 245.313427 148.702689
3 4 12 0.184853 0.430830 0.384316 230.587588 151.167664
3 4 12 0.114080 0.306623 0.579298 224.708830 155.803265
3 4 12 0.708779 0.209214 0.082007 220.718319 143.949028
3 4 12 0.318004 0.653891 0.028104 238.324928 141.438792
3 4 12 0.993262 0.000769 0.005969 216.382157 142.645281
3 4 12 0.141763 0.005032 0.853205 216.083504 160.624434
3 4 12 0.840343 0.118500 0.041157 215.586318 138.486422
4 13 12 0.125321 0.689790 0.184889 240.235105 164.701048
4 13 12 0.312226 0.259573 0.428201 234.455170 155.478343
4 13 12 0.934968 0.027774 0.037258 248.296750 143.876025
4 13 12 0.489427 0.502895 0.007678 249.656991 153.802531
4 13 12 0.836696 0.097165 0.066139 246.999289 146.203292
4 13 12 0.422581 0.511299 0.066120 244.756147 161.690956
4 13 12 0.563266 0.120817 0.315917 237.692203 151.200286
4 13 12 0.927960 0.012200 0.059839 250.107754 142.227072
4 13 12 0.274257 0.692223 0.033519 244.378198 163.179380
4 13 12 0.929423 0.053918 0.016659 247.666220 145.586859
4 5 13 0.768142 0.229515 0.002343 257.650376 145.574745
4 5 13 0.475313 0.516183 0.008504 272.749769 143.443617
4 5 13 0.700333 0.243291 0.056376 256.389361 141.025643
4 5 13 0.878701 0.080137 0.041162 249.943831 144.368251
4 5 13 0.737010 0.082674 0.180317 252.997219 140.332500
4 5 13 0.128645 0.464260 0.407096 268.244511 150.841977
4 5 13 0.926301 0.022965 0.050734 247.929354 142.698032
4 5 13 0.254893 0.497432 0.247675 267.006766 150.734525
4 5 13 0.926725 0.026141 0.047134 251.887551 143.954400
4 5 13 0.960392 0.011501 0.028107 251.980856 141.652538
5 14 13 0.342404 0.560864 0.096732 284.993267 156.437608
5 14 13 0.056149 0.850475 0.093375 286.242585 167.143087
5 14 13 0.941176 0.057834 0.000989 289.934359 146.440957
5 14 13 0.525265 0.456926 0.017808 287.275393 155.435325
5 14 13 0.939325 0.000673 0.060002 287.056571 144.877597
5 14 13 0.342223 0.415252 0.242524 275.557632 156.853040
5 14 13 0.560685 0.004593 0.434722 271.532850 154.720050
5 14 13 0.109209 0.805012 0.085779 288.032032 161.167891
5 14 13 0.608831 0.353847 0.037323 286.642604 151.195015
5 14 13 0.989839 0.000663 0.009498 286.112311 141.461536
5 6 14 0.431364 0.469422 0.099214 308.380877 141.076306
5 6 14 0.695128 0.000052 0.304820 285.246784 152.130748
5 6 14 0.447896 0.008072 0.544032 289.757368 157.940654
5 6 14 0.864352 0.105591 0.030057 294.748585 146.744869
5 6 14 0.749441 0.156659 0.093900 294.784399 146.698980
5 6 14 0.363229 0.041040 0.595732 295.240919 156.540012
5 6 14 0.369347 0.456800 0.173853 309.167951 149.483257
5 6 14 0.127529 0.120497 0.751973 293.629027 160.775608
5 6 14 0.133752 0.472526 0.393723 308.053908 152.317424
5 6 14 0.533657 0.401379 0.064964 298.853839 143.992193
6 15 14 0.686660 0.275278 0.038061 325.522379 150.561879
6 15 14 0.447666 0.276105 0.276230 315.345773 156.449566
6 15 14 0.860787 0.138263 0.000950 325.232690 146.509926
6 15 14 0.193243 0.805139 0.001618 330.533849 164.126705
6 15 14 0.998357 0.001546 0.000097 326.225054 144.269172
6 15 14 0.948714 0.049316 0.001970 324.205266 144.571446
6 15 14 0.594908 0.241496 0.163595 322.897577 152.730119
6 15 14 0.988792 0.007180 0.004028 320.280362 145.554516
6 15 14 0.558759 0.286731 0.154510 322.570661 151.988116
6 15 14 0.065361 0.803364 0.131275 323.788030 164.244245
6 7 15 0.892842 0.041673 0.065485 330.376622 148.063462
6 7 15 0.682196 0.088237 0.229567 330.161034 148.550773
6 7 15 0.392015 0.406009 0.201976 341.092139 151.135910
6 7 15 0.645667 0.330469 0.023864 340.464089 141.515592
6 7 15 0.372960 0.149747 0.477292 335.123856 154.179656
6 7 15 0.506993 0.339163 0.153843 340.383962 145.539834
6 7 15 0.971202 0.003807 0.024991 326.363537 146.217728
6 7 15 0.674894 0.298092 0.027014 336.871456 146.405430
6 7 15 0.928013 0.061674 0.010313 325.971638 145.380124
6 7 15 0.298161 0.554721 0.147118 345.899046 147.110076
7 16 15 0.441202 0.252671 0.306127 356.277072 154.404098
7 16 15 0.160466 0.777817 0.061717 367.054341 167.969001
7 16 15 0.039902 0.121637 0.838461 336.018893 168.796794
7 16 15 0.299072 0.133944 0.566983 345.694598 158.592130
7 16 15 0.430200 0.142172 0.427628 351.797464 156.949081
7 16 15 0.919685 0.020521 0.059794 361.160880 146.994356
7 16 15 0.289451 0.265176 0.445373 350.759812 158.463475
7 16 15 0.897789 0.083417 0.018794 361.506962 145.921739
7 16 15 0.775836 0.099571 0.124593 363.198610 147.537152
7 16 15 0.408321 0.225738 0.365941 352.805511 156.874133
7 8 16 0.086204 0.295451 0.618345 379.597396 160.658270
7 8 16 0.864029 0.116413 0.019559 368.792057 149.593686
7 8 16 0.489565 0.056502 0.453933 370.570101 153.788845
7 8 16 0.626924 0.098964 0.274113 369.516577 148.884648
7 8 16 0.898874 0.048493 0.052633 367.592551 146.151759
7 8 16 0.335428 0.282803 0.381769 378.268429 153.036478
7 8 16 0.558250 0.391985 0.049765 381.094816 147.936239
7 8 16 0.520981 0.186553 0.292466 376.064919 153.870813
7 8 16 0.429555 0.151033 0.419412 372.782711 151.342497
7 8 16 0.309658 0.459168 0.231173 381.590218 150.840350
8 17 16 0.164007 0.681757 0.154236 402.886721 168.944143
8 17 16 0.658935 0.204144 0.136921 401.833533 151.811861
8 17 16 0.773264 0.120158 0.106578 400.411059 147.244013
8 17 16 0.256073 0.146866 0.597060 382.861947 162.814795
8 17 16 0.902335 0.045315 0.052350 396.171168 145.296806
8 17 16 0.640521 0.155182 0.204296 395.492779 153.900612
8 17 16 0.029129 0.823999 0.146872 401.693156 169.829463
8 17 16 0.565425 0.028870 0.405705 392.746486 150.656488
8 17 16 0.234758 0.083249 0.681994 379.235585 161.777764
8 17 16 0.577956 0.065301 0.356743 392.941449 154.703691
9 10 18 0.019216 0.962017 0.018767 138.721444 166.232533
9 10 18 0.577559 0.398089 0.024351 115.470795 165.534362
9 10 18 0.935357 0.025682 0.038961 102.061905 166.487736
9 10 18 0.668594 0.290265 0.041141 110.914540 164.710070
9 10 18 0.444488 0.207873 0.347639 103.697052 177.426511
9 10 18 0.360006 0.468525 0.171468 117.485132 169.071833
9 10 18 0.400429 0.222597 0.376975 104.021115 175.958312
9 10 18 0.306067 0.652528 0.041405 125.515659 166.299055
9 10 18 0.405917 0.534305 0.059778 118.936926 167.353511
9 10 18 0.454943 0.277082 0.267975 106.814819 174.322213
10 19 18 0.381521 0.529138 0.089341 124.632635 186.795394
10 19 18 0.196679 0.791768 0.011553 132.757786 192.659528
10 19 18 0.340252 0.189663 0.470085 114.411382 190.006462
10 19 18 0.376078 0.620570 0.003353 129.848568 184.201591
10 19 18 0.760321 0.178113 0.061566 134.243745 177.240542
10 19 18 0.315134 0.155340 0.529526 112.949780 189.224922
10 19 18 0.505528 0.045514 0.448958 114.590825 181.123828
10 19 18 0.290081 0.130144 0.579775 110.774294 194.848475
10 19 18 0.092933 0.006035 0.901032 91.529698 193.901191
10 19 18 0.728678 0.069465 0.201857 126.527229 172.512682
10 11 19 0.380852 0.475309 0.143839 155.053299 170.967250
10 11 19 0.314124 0.623679 0.062197 159.917393 170.538489
10 11 19 0.327376 0.564200 0.108424 158.394920 168.008173
10 11 19 0.375253 0.554474 0.070272 159.165533 170.316215
10 11 19 0.282116 0.612433 0.105451 159.027019 166.475505
10 11 19 0.101361 0.069076 0.829563 129.021230 192.978591
10 11 19 0.236065 0.278358 0.485577 143.340018 177.078572
10 11 19 0.278686 0.171321 0.549993 136.381760 182.178214
10 11 19 0.291412 0.131940 0.576648 134.698701 183.843031
10 11 19 0.204293 0.693420 0.102287 163.060215 169.559001
11 20 19 0.182776 0.251243 0.565981 146.749418 193.537439
11 20 19 0.780361 0.202085 0.017554 171.233973 173.461348
11 20 19 0.236765 0.701535 0.061700 163.555281 192.237089
11 20 19 0.017020 0.834865 0.148115 154.086069 196.848461
11 20 19 0.795611 0.154888 0.049501 167.817749 170.526612
11 20 19 0.176678 0.751216 0.072106 163.450209 194.488488
11 20 19 0.634883 0.044614 0.320503 157.721663 176.331267
11 20 19 0.081057 0.775706 0.143237 160.750204 191.076128
11 20 19 0.259374 0.540955 0.199671 157.457314 191.244160
11 20 19 0.517832 0.229778 0.252390 157.386590 181.832837
11 12 20 0.390004 0.147215 0.462782 175.228741 181.751907
11 12 20 0.073419 0.421871 0.504710 182.857504 183.649616
11 12 20 0.476368 0.269512 0.254119 182.743745 172.376811
11 12 20 0.162754 0.416570 0.420676 187.982758 178.706656
11 12 20 0.879703 0.087286 0.033011 177.500108 166.606829
11 12 20 0.915952 0.038501 0.045548 172.850602 166.443098
11 12 20 0.845203 0.030516 0.124281 175.643027 173.191050
11 12 20 0.495151 0.448724 0.056126 188.031852 166.706883
11 12 20 0.794669 0.118212 0.087119 172.221373 166.896303
11 12 20 0.796276 0.182452 0.021272 179.701664 169.136518
12 21 20 0.712755 0.269903 0.017343 211.485282 170.372371
12 21 20 0.263591 0.678759 0.057650 207.473062 188.687890
12 21 20 0.157041 0.116078 0.726881 175.916789 193.581885
12 21 20 0.775265 0.044244 0.180491 205.343046 169.669625
12 21 20 0.328712 0.482065 0.189224 200.498722 184.421002
12 21 20 0.222721 0.561821 0.215457 198.223997 189.935577
12 21 20 0.731353 0.125006 0.143640 203.595155 174.080236
12 21 20 0.991252 0.005794 0.002954 213.478219 164.779682
12 21 20 0.515037 0.198819 0.286144 197.797035 178.621620
12 21 20 0.954822 0.018496 0.026682 213.018233 168.449522
12 13 21 0.488796 0.072246 0.438957 216.575158 177.458448
12 13 21 0.775460 0.145918 0.078622 217.561161 169.507099
12 13 21 0.088072 0.802222 0.109705 239.136977 170.007535
12 13 21 0.686532 0.049545 0.263922 210.990383 174.458886
12 13 21 0.001621 0.012832 0.985547 206.287117 197.279648
12 13 21 0.508317 0.114434 0.377250 213.913740 175.981542
12 13 21 0.036645 0.466204 0.497151 224.678541 184.319933
12 13 21 0.416962 0.183583 0.399455 219.252161 181.670719
12 13 21 0.260927 0.534421 0.204652 229.973099 174.238692
12 13 21 0.408432 0.242143 0.349425 217.694418 177.196569
13 22 21 0.672374 0.122281 0.205345 238.366755 176.678368
13 22 21 0.634753 0.212413 0.152834 239.590590 177.738902
13 22 21 0.577784 0.240413 0.181803 243.955520 181.665664
13 22 21 0.045903 0.042115 0.911982 207.971613 197.684355
13 22 21 0.168265 0.484521 0.347213 232.495515 191.321105
13 22 21 0.506453 0.088455 0.405092 231.830330 185.420833
13 22 21 0.819622 0.075512 0.104866 242.331542 169.542309
13 22 21 0.734891 0.201585 0.063524 249.862287 177.538221
13 22 21 0.686068 0.236076 0.077856 240.680517 177.889124
13 22 21 0.645547 0.005133 0.349320 230.168289 176.021963
13 14 22 0.799626 0.172377 0.027997 255.057857 168.072665
13 14 22 0.144726 0.441322 0.413953 267.171240 179.654086
13 14 22 0.369235 0.073200 0.557565 251.769345 187.231761
13 14 22 0.244937 0.729682 0.025380 276.756947 166.048845
13 14 22 0.705309 0.072655 0.222036 250.290353 171.042652
13 14 22 0.137647 0.126203 0.736150 252.975051 192.109685
13 14 22 0.456709 0.151132 0.392159 250.187538 176.603807
13 14 22 0.208345 0.663510 0.128146 275.367932 169.159450
13 14 22 0.491190 0.500672 0.008138 269.042858 166.660088
13 14 22 0.012913 0.090589 0.896498 248.736921 193.121113
14 23 22 0.077941 0.725353 0.196705 282.497585 198.305120
14 23 22 0.998641 0.000349 0.001010 291.141485 167.443747
14 23 22 0.471507 0.443658 0.084835 283.780415 181.386725
14 23 22 0.127738 0.611266 0.260997 280.442342 193.773381
14 23 22 0.894705 0.041190 0.064104 282.750762 169.118824
14 23 22 0.430968 0.330129 0.238903 280.621052 185.529416
14 23 22 0.022830 0.354460 0.622710 262.521890 198.205797
14 23 22 0.621755 0.308257 0.069988 288.729455 180.298210
14 23 22 0.168367 0.296670 0.534963 266.084700 194.134652
14 23 22 0.680724 0.043831 0.275446 277.877943 174.773280
14 15 23 0.317025 0.132241 0.550734 294.940516 185.835979
14 15 23 0.967671 0.009630 0.022699 290.601318 167.343087
14 15 23 0.263881 0.248972 0.487147 299.639285 180.992416
14 15 23 0.411171 0.315892 0.272937 298.311347 177.073441
14 15 23 0.618031 0.254055 0.127914 299.407822 173.394606
14 15 23 0.486739 0.324234 0.189028 301.205965 170.294751
14 15 23 0.645926 0.032821 0.321253 291.407053 178.655306
14 15 23 0.236658 0.526648 0.236694 313.929738 173.703667
14 15 23 0.134702 0.183269 0.682029 296.347046 190.856627
14 15 23 0.798787 0.168047 0.033166 292.718627 166.561588
15 24 23 0.068231 0.306121 0.625648 304.812063 197.762041
15 24 23 0.498832 0.481468 0.019700 329.423521 187.035110
15 24 23 0.136199 0.131822 0.731979 301.478242 194.021251
15 24 23 0.769699 0.109816 0.120485 321.576209 179.473064
15 24 23 0.834260 0.064577 0.101163 323.651953 172.490722
15 24 23 0.399326 0.226785 0.373890 316.013220 190.389568
15 24 23 0.711019 0.219874 0.069107 328.153368 179.971248
15 24 23 0.648188 0.038531 0.313281 314.122910 184.208565
15 24 23 0.284880 0.378912 0.336208 313.160189 190.435354
15 24 23 0.087923 0.723066 0.189011 320.558557 196.917062
15 16 24 0.754705 0.085115 0.160181 333.835091 171.619845
15 16 24 0.502782 0.120656 0.376562 333.811899 181.419699
15 16 24 0.451634 0.096876 0.451490 330.450185 180.782524
15 16 24 0.786211 0.010285 0.203505 326.107634 175.128989
15 16 24 0.704974 0.127356 0.167670 336.053973 176.082148
15 16 24 0.386561 0.290880 0.322559 346.134431 178.632014
15 16 24 0.849190 0.044575 0.106235 331.429065 171.840642
15 16 24 0.264635 0.357414 0.377951 342.401014 179.599871
15 16 24 0.001423 0.953192 0.045385 372.180108 166.584112
15 16 24 0.281958 0.314970 0.403072 343.730711 179.590612
16 25 24 0.063756 0.828225 0.108018 363.293686 199.989338
16 25 24 0.322172 0.022131 0.655697 340.785059 189.980536
16 25 24 0.701959 0.053983 0.244058 361.068942 179.913102
16 25 24 0.936663 0.016744 0.046594 368.638223 167.990832
16 25 24 0.911707 0.037825 0.050468 364.630709 171.754485
16 25 24 0.101173 0.880774 0.018053 365.901897 200.304587
16 25 24 0.523931 0.102080 0.373989 355.914325 183.136703
16 25 24 0.260855 0.036103 0.703042 343.719845 192.891522
16 25 24 0.612664 0.245565 0.141771 362.334108 183.113897
16 25 24 0.304740 0.660042 0.035218 369.115450 193.365100
16 17 25 0.499801 0.405015 0.095184 385.155109 172.117336
16 17 25 0.955478 0.039389 0.005132 370.169281 166.840730
16 17 25 0.698399 0.257631 0.043970 374.040725 174.752389
16 17 25 0.934668 0.048331 0.017001 368.918073 169.570702
16 17 25 0.903103 0.032843 0.064054 371.693385 167.692883
16 17 25 0.484931 0.273815 0.241254 383.363756 173.903161
16 17 25 0.201923 0.095427 0.702650 375.608666 190.775828
16 17 25 0.440559 0.132227 0.427214 375.071061 182.894166
16 17 25 0.872295 0.119293 0.008413 378.576809 172.185057
16 17 25 0.551664 0.009793 0.438543 370.639578 182.895592
17 26 25 0.805557 0.010942 0.183501 400.713096 175.903162
17 26 25 0.434834 0.107524 0.457641 392.826030 189.559518
17 26 25 0.270220 0.433525 0.296255 400.646232 194.295638
17 26 25 0.682714 0.226537 0.090749 408.664741 178.964264
17 26 25 0.755870 0.230628 0.013501 409.764086 175.438401
17 26 25 0.990345 0.000311 0.009344 408.547485 172.685469
17 26 25 0.894095 0.022478 0.083427 404.379544 170.643703
17 26 25 0.457181 0.245740 0.297079 400.078488 186.952253
17 26 25 0.089014 0.306220 0.604767 387.213791 201.179988
17 26 25 0.011408 0.633613 0.354979 399.581141 201.898480
18 19 27 0.621351 0.177607 0.201041 92.936283 205.145938
18 19 27 0.678769 0.153808 0.167424 94.001531 205.977728
18 19 27 0.967835 0.007888 0.024277 87.791540 196.093146
18 19 27 0.415922 0.359014 0.225064 99.797797 205.286841
18 19 27 0.075571 0.685712 0.238717 112.113974 207.362582
18 19 27 0.686236 0.062584 0.251180 91.699932 208.955481
18 19 27 0.143732 0.682149 0.174119 112.401014 202.238363
18 19 27 0.785350 0.103050 0.111600 93.595434 200.373191
18 19 27 0.084388 0.145963 0.769649 89.501689 222.390189
18 19 27 0.342119 0.129343 0.528538 87.854368 218.018826
19 28 27 0.967871 0.021422 0.010706 126.635558 197.623540
19 28 27 0.385739 0.061043 0.553218 100.995370 221.657056
19 28 27 0.901770 0.085336 0.012894 129.178983 202.588149
19 28 27 0.148366 0.734999 0.116635 118.587784 231.058872
19 28 27 0.957310 0.025321 0.017369 124.428856 201.453071
19 28 27 0.008415 0.173196 0.818389 91.250305 235.783787
19 28 27 0.812987 0.030390 0.156623 119.245195 207.277263
19 28 27 0.285119 0.496688 0.218193 113.785166 226.389003
19 28 27 0.961747 0.037765 0.000488 126.232265 196.065814
19 28 27 0.019594 0.771015 0.209391 114.246743 235.992330
19 20 28 0.594065 0.215557 0.190379 130.646997 204.367053
19 20 28 0.767555 0.027130 0.205315 123.675408 206.574069
19 20 28 0.253382 0.427342 0.319276 141.363855 210.224336
19 20 28 0.202419 0.033817 0.763765 125.467234 226.941666
19 20 28 0.429247 0.366539 0.204214 142.738707 210.794184
19 20 28 0.584123 0.345322 0.070555 138.992788 205.440853
19 20 28 0.331308 0.203902 0.464790 135.491780 213.613756
19 20 28 0.875852 0.090380 0.033768 124.678020 196.183831
19 20 28 0.803840 0.194338 0.001822 134.585042 198.401618
19 20 28 0.034734 0.341949 0.623317 142.801769 222.983100
20 29 28 0.213841 0.123183 0.662977 136.624511 231.235015
20 29 28 0.880005 0.109492 0.010503 165.445554 199.228473
20 29 28 0.265420 0.230601 0.503979 141.153428 226.340740
20 29 28 0.364093 0.372923 0.262983 150.228119 224.151533
20 29 28 0.420772 0.259939 0.319289 150.338256 223.742947
20 29 28 0.727375 0.202293 0.070332 160.818021 208.135197
20 29 28 0.276116 0.522504 0.201381 153.128513 226.022726
20 29 28 0.649008 0.095444 0.255548 155.483556 211.910349
20 29 28 0.778773 0.068798 0.152429 157.500179 207.910880
20 29 28 0.791376 0.045637 0.162987 158.734543 207.120842
20 21 29 0.890729 0.028325 0.080946 165.982784 206.516831
20 21 29 0.331764 0.375422 0.292814 181.951790 208.062005
20 21 29 0.833503 0.123731 0.042766 175.723093 199.318728
20 21 29 0.803796 0.015983 0.180221 164.171900 205.208723
20 21 29 0.881586 0.046148 0.072266 167.042580 202.073692
20 21 29 0.742479 0.217329 0.040192 174.475569 200.709677
20 21 29 0.289523 0.055748 0.654729 164.677911 222.201972
20 21 29 0.918727 0.073458 0.007815 167.029268 198.611145
20 21 29 0.385667 0.549424 0.064908 188.144747 203.614585
20 21 29 0.764868 0.153864 0.081267 172.321993 203.451511
21 30 29 0.707795 0.152519 0.139686 198.385975 209.643269
21 30 29 0.586955 0.382795 0.030250 203.431893 214.344517
21 30 29 0.932811 0.027176 0.040013 200.956146 202.630410
21 30 29 0.720552 0.141303 0.138145 198.377981 207.063071
21 30 29 0.588205 0.292092 0.119702 197.708853 214.913154
21 30 29 0.585453 0.029180 0.385366 190.025027 216.129820
21 30 29 0.009372 0.671077 0.319550 190.172031 239.670278
21 30 29 0.814643 0.040268 0.145089 195.745581 207.016352
21 30 29 0.505612 0.193956 0.300431 190.783822 216.030639
21 30 29 0.823686 0.063935 0.112379 201.802414 201.655361
21 22 30 0.591452 0.403515 0.005033 220.751720 199.545045
21 22 30 0.257431 0.556816 0.185754 228.904714 208.350301
21 22 30 0.105620 0.106569 0.787810 203.378604 228.957914
21 22 30 0.677973 0.102377 0.219650 207.631328 207.804961
21 22 30 0.958306 0.037524 0.004171 205.115109 198.229299
21 22 30 0.577764 0.130831 0.291406 208.486944 207.143511
21 22 30 0.313241 0.084136 0.602623 205.529844 222.230101
21 22 30 0.531292 0.375527 0.093181 219.287800 202.700342
21 22 30 0.618299 0.079160 0.302541 208.494998 207.222800
21 22 30 0.513471 0.063530 0.422999 202.842143 214.618058
22 31 30 0.054806 0.165334 0.779860 213.942338 235.401239
22 31 30 0.604379 0.210987 0.184633 234.317612 216.650675
22 31 30 0.836960 0.062031 0.101009 240.762975 204.253124
22 31 30 0.360516 0.102101 0.537383 223.774892 225.185965
22 31 30 0.894782 0.080934 0.024284 243.945456 205.564635
22 31 30 0.803260 0.043804 0.152935 239.267773 211.777291
22 31 30 0.729189 0.101653 0.169158 239.431919 210.783056
22 31 30 0.957802 0.034134 0.008064 245.384811 203.197988
22 31 30 0.212221 0.231346 0.556434 226.054860 230.308886
22 31 30 0.207714 0.540917 0.251369 234.459080 233.278491
22 23 31 0.898252 0.001579 0.100169 244.755291 198.175725
22 23 31 0.674345 0.308694 0.016961 261.054929 197.075022
22 23 31 0.757164 0.218904 0.023932 254.882435 199.191902
22 23 31 0.486223 0.513371 0.000406 269.383834 201.441980
22 23 31 0.907834 0.053138 0.039028 245.302554 198.243935
22 23 31 0.477937 0.294951 0.227111 256.766344 208.926369
22 23 31 0.650165 0.294489 0.055345 257.830438 199.801832
22 23 31 0.916940 0.069803 0.013257 248.279260 202.614987
22 23 31 0.075892 0.577807 0.346302 271.501524 211.635484
22 23 31 0.122792 0.542792 0.334416 271.494914 213.497109
23 32 31 0.944206 0.004906 0.050888 288.494488 205.670079
23 32 31 0.586115 0.213577 0.200308 280.929013 216.315928
23 32 31 0.192340 0.294743 0.512917 263.217492 234.749420
23 32 31 0.039979 0.018777 0.941244 248.822020 235.649233
23 32 31 0.100821 0.489761 0.409418 268.066305 232.049346
23 32 31 0.469680 0.031746 0.498575 265.501290 221.523018
23 32 31 0.126387 0.481885 0.391728 270.988482 233.730931
23 32 31 0.949220 0.035413 0.015366 287.877671 199.483212
23 32 31 0.777749 0.006676 0.215575 279.275540 209.131808
23 32 31 0.135246 0.777355 0.087399 279.416361 233.384599
23 24 32 0.940310 0.051016 0.008673 290.206800 199.851149
23 24 32 0.828051 0.138994 0.032955 295.200513 201.776585
23 24 32 0.922198 0.077786 0.000017 294.457486 199.774795
23 24 32 0.735947 0.145269 0.118784 294.146015 206.037768
23 24 32 0.879111 0.045709 0.075180 291.816414 205.881534
23 24 32 0.894834 0.032568 0.072598 288.645231 203.961851
23 24 32 0.085256 0.866100 0.048644 324.649870 199.520116
23 24 32 0.855958 0.109547 0.034495 293.678644 200.404097
23 24 32 0.693742 0.134646 0.171612 292.313101 205.930918
23 24 32 0.745728 0.175095 0.079177 292.761145 203.065810
24 33 32 0.531523 0.344076 0.124401 322.285617 220.371085
24 33 32 0.571207 0.285747 0.143046 318.687489 215.119233
24 33 32 0.072610 0.924518 0.002873 328.668003 235.193531
24 33 32 0.119509 0.334130 0.546361 303.296262 236.650242
24 33 32 0.235568 0.596574 0.167859 319.126788 230.745636
24 33 32 0.659425 0.078062 0.262513 317.804922 214.240912
24 33 32 0.806701 0.167011 0.026288 327.809590 212.380767
24 33 32 0.023761 0.346119 0.630120 302.956261 238.818657
24 33 32 0.932806 0.044695 0.022499 329.852314 201.069166
24 33 32 0.678341 0.098820 0.222838 319.143627 212.065171
24 25 33 0.261093 0.036527 0.702380 328.600343 230.026627
24 25 33 0.003529 0.196065 0.800406 339.312086 231.070373
24 25 33 0.672754 0.243697 0.083549 337.963146 209.041202
24 25 33 0.128469 0.502106 0.369425 348.856965 212.605158
24 25 33 0.587000 0.344761 0.068239 339.886887 206.287236
24 25 33 0.651033 0.064978 0.283988 331.206029 214.447854
24 25 33 0.531508 0.382840 0.085652 343.609272 207.812449
24 25 33 0.644082 0.017267 0.338651 329.029729 220.260461
24 25 33 0.102779 0.062000 0.835221 332.891881 235.422238
24 25 33 0.014548 0.964705 0.020747 368.678699 202.382127
25 34 33 0.058216 0.844831 0.096954 365.761112 242.059212
25 34 33 0.641010 0.267377 0.091613 370.348030 216.609801
25 34 33 0.038966 0.144409 0.816625 337.257045 241.191940
25 34 33 0.252717 0.530921 0.216363 363.642723 229.924661
25 34 33 0.014608 0.072186 0.913206 334.573158 239.676294
25 34 33 0.818818 0.116410 0.064773 367.575302 207.839962
25 34 33 0.095364 0.774626 0.130010 366.439113 236.511726
25 34 33 0.167985 0.648761 0.183255 362.053578 236.583353
25 34 33 0.233877 0.130580 0.635542 347.909982 231.638048
25 34 33 0.101138 0.849283 0.049578 370.190707 237.144149
25 26 34 0.051313 0.370281 0.578406 386.255093 220.956459
25 26 34 0.784585 0.168086 0.047329 379.502956 205.144902
25 26 34 0.960011 0.032169 0.007820 367.635782 198.520483
25 26 34 0.824024 0.111428 0.064547 374.572266 204.060324
25 26 34 0.313913 0.555071 0.131016 395.996070 203.816156
25 26 34 0.395477 0.544694 0.059829 393.215863 205.868433
25 26 34 0.612738 0.054330 0.332932 371.296768 218.415614
25 26 34 0.183795 0.709797 0.106408 402.632015 208.234952
25 26 34 0.883615 0.114306 0.002079 370.940760 203.428240
25 26 34 0.696587 0.210372 0.093041 377.081226 206.185248
26 35 34 0.807661 0.056461 0.135878 408.382778 211.422039
26 35 34 0.972128 0.017455 0.010416 413.693423 202.379521
26 35 34 0.631390 0.014624 0.353987 402.990635 214.087122
26 35 34 0.427856 0.327366 0.244778 409.662247 225.418106
26 35 34 0.282260 0.077622 0.640118 390.194652 234.127217
26 35 34 0.896901 0.101071 0.002028 416.199704 208.052653
26 35 34 0.559168 0.249494 0.191338 404.255725 217.735487
26 35 34 0.826784 0.079973 0.093243 413.851698 213.568810
26 35 34 0.041912 0.587939 0.370149 401.549858 240.367311
26 35 34 0.961498 0.019697 0.018805 415.048002 205.608112
27 28 36 0.264512 0.706253 0.029235 111.919858 240.338593
27 28 36 0.124544 0.579192 0.296265 102.846011 249.986928
27 28 36 0.092355 0.190922 0.716723 90.544100 266.068675
27 28 36 0.301496 0.353156 0.345347 98.182352 252.239198
27 28 36 0.550091 0.243003 0.206906 88.695749 245.287605
27 28 36 0.209105 0.305108 0.485788 98.269187 255.743479
27 28 36 0.390006 0.538879 0.071115 105.434886 240.144937
27 28 36 0.296839 0.306588 0.396573 96.928387 252.249130
27 28 36 0.028277 0.128132 0.843591 85.871206 270.743091
27 28 36 0.775897 0.201967 0.022136 93.092963 238.354156
28 37 36 0.805273 0.165775 0.028952 120.177771 245.375988
28 37 36 0.621120 0.149986 0.228894 113.681546 255.905745
28 37 36 0.790700 0.177697 0.031603 120.462474 242.626473
28 37 36 0.332672 0.635758 0.031571 119.433110 262.972841
28 37 36 0.034470 0.111442 0.854088 86.731553 270.474199
28 37 36 0.803863 0.105032 0.091105 117.365482 246.540543
28 37 36 0.607308 0.379761 0.012931 118.658165 251.065660
28 37 36 0.308112 0.436776 0.255112 110.615790 266.133083
28 37 36 0.809133 0.123755 0.067112 119.504232 247.611845
28 37 36 0.086403 0.636965 0.276632 110.118633 272.533134
28 29 37 0.637426 0.347234 0.015340 136.339363 238.889570
28 29 37 0.584444 0.280544 0.135012 133.337759 242.785238
28 29 37 0.486745 0.052617 0.460638 123.706442 256.065633
28 29 37 0.631434 0.344237 0.024329 135.818836 237.419323
28 29 37 0.798934 0.198704 0.002362 129.742740 238.910596
28 29 37 0.516742 0.022527 0.460731 121.802105 258.989403
28 29 37 0.599276 0.177991 0.222733 132.025982 245.306493
28 29 37 0.551748 0.157040 0.291212 127.216801 250.144823
28 29 37 0.474404 0.081762 0.443834 126.176229 254.404300
28 29 37 0.243618 0.166697 0.589685 128.695827 260.091923
29 38 37 0.057213 0.134298 0.808489 128.744010 273.027639
29 38 37 0.244295 0.321765 0.433940 146.549432 267.024353
29 38 37 0.175286 0.173159 0.651555 137.470495 269.113854
29 38 37 0.604803 0.231602 0.163595 157.273065 251.181711
29 38 37 0.748201 0.129481 0.122318 157.725749 248.394424
29 38 37 0.939688 0.053955 0.006356 160.658707 240.113878
29 38 37 0.854300 0.103477 0.042223 159.541986 245.562391
29 38 37 0.458637 0.440757 0.100606 156.417072 261.606092
29 38 37 0.719031 0.082820 0.198148 156.895740 250.366594
29 38 37 0.554977 0.075946 0.369077 146.065937 256.148813
29 30 38 0.347748 0.055535 0.596717 160.933234 261.459540
29 30 38 0.142324 0.362817 0.494859 172.198792 258.323065
29 30 38 0.610050 0.105440 0.284510 165.128909 254.233385
29 30 38 0.058999 0.613141 0.327860 186.083749 252.367525
29 30 38 0.603131 0.074226 0.322643 161.443803 250.610458
29 30 38 0.267749 0.369846 0.362405 175.933787 251.980563
29 30 38 0.143134 0.141224 0.715642 164.120008 269.168024
29 30 38 0.144792 0.781387 0.073821 191.038088 242.788878
29 30 38 0.067035 0.586261 0.346704 183.249168 249.688029
29 30 38 0.425625 0.331594 0.242781 172.088759 247.975683
30 39 38 0.998681 0.000944 0.000376 203.608966 243.087824
30 39 38 0.807850 0.036382 0.155769 193.763702 247.331531
30 39 38 0.541205 0.168741 0.290054 191.564184 261.370189
30 39 38 0.024919 0.344644 0.630437 174.921299 279.816072
30 39 38 0.019481 0.778397 0.202122 192.639355 283.681254
30 39 38 0.558276 0.287342 0.154382 194.866315 254.640061
30 39 38 0.743352 0.159606 0.097043 198.983826 246.550431
30 39 38 0.364790 0.533443 0.101767 198.348655 264.664648
30 39 38 0.557143 0.423764 0.019093 202.742146 259.319926
30 39 38 0.069963 0.312056 0.617981 174.336534 275.331386
30 31 39 0.767856 0.114614 0.117530 207.800124 244.121686
30 31 39 0.702940 0.247148 0.049911 213.602582 239.988986
30 31 39 0.618916 0.283195 0.097889 214.044394 240.929827
30 31 39 0.755520 0.157009 0.087471 207.543858 241.243771
30 31 39 0.890907 0.068202 0.040892 206.194819 240.365919
30 31 39 0.711764 0.128828 0.159408 204.949462 247.797047
30 31 39 0.408253 0.180870 0.410877 211.308161 256.403865
30 31 39 0.872610 0.066864 0.060525 205.838401 242.062513
30 31 39 0.219226 0.663453 0.117321 229.572915 243.515710
30 31 39 0.057978 0.225535 0.716487 211.145983 271.324716
31 40 39 0.617841 0.319282 0.062877 243.566900 258.891334
31 40 39 0.088088 0.646878 0.265034 227.627710 276.289008
31 40 39 0.753064 0.113810 0.133126 234.383176 251.609438
31 40 39 0.248479 0.656255 0.095266 239.622084 270.281868
31 40 39 0.695992 0.247655 0.056353 238.267699 252.649662
31 40 39 0.497186 0.200150 0.302664 231.634452 260.837955
31 40 39 0.343142 0.480180 0.176678 235.927641 264.926699
31 40 39 0.493728 0.492206 0.014065 244.251034 257.069179
31 40 39 0.739468 0.173023 0.087509 237.341194 249.201716
31 40 39 0.776982 0.101406 0.121612 237.713195 247.544646
31 32 40 0.379159 0.304712 0.316129 257.766336 250.836295
31 32 40 0.921201 0.010464 0.068335 239.591895 242.880699
31 32 40 0.518753 0.275927 0.205319 255.875855 252.014142
31 32 40 0.139894 0.766718 0.093388 274.517886 243.353099
31 32 40 0.954622 0.021398 0.023980 244.327884 242.242563
31 32 40 0.218184 0.579900 0.201916 270.828801 246.804079
31 32 40 0.000796 0.018225 0.980980 241.533330 280.735911
31 32 40 0.789406 0.077453 0.133141 245.318343 244.200864
31 32 40 0.995740 0.001363 0.002897 244.669773 242.743233
31 32 40 0.606973 0.297136 0.095892 255.471699 244.426336
32 41 40 0.352950 0.073237 0.573813 259.641003 264.973291
32 41 40 0.338214 0.259494 0.402292 261.892482 267.861145
32 41 40 0.383997 0.090819 0.525185 262.931072 267.214410
32 41 40 0.192569 0.040844 0.766587 255.109585 279.489421
32 41 40 0.373927 0.384057 0.242016 275.787267 267.410301
32 41 40 0.656115 0.037981 0.305904 269.155606 256.373987
32 41 40 0.855394 0.102170 0.042435 284.765099 250.883215
32 41 40 0.387953 0.255562 0.356485 270.141085 264.006716
32 41 40 0.081576 0.604441 0.313983 271.553450 278.862359
32 41 40 0.172927 0.033356 0.793716 248.287417 276.650384
32 33 41 0.321460 0.049772 0.628768 287.073142 268.725099
32 33 41 0.462311 0.165463 0.372226 290.372262 255.613734
32 33 41 0.490596 0.010577 0.498827 285.197702 262.245847
32 33 41 0.963233 0.007098 0.029669 288.424190 244.022282
32 33 41 0.008353 0.890474 0.101174 324.783270 244.378308
32 33 41 0.884275 0.113342 0.002383 290.819338 243.288412
32 33 41 0.408926 0.433339 0.157735 303.022308 246.877391
32 33 41 0.442769 0.394639 0.162592 303.274883 244.004845
32 33 41 0.526411 0.161745 0.311843 290.308451 255.415155
32 33 41 0.707344 0.157724 0.134932 293.663300 248.850804
33 42 41 0.070895 0.187329 0.741776 293.144596 279.997849
33 42 41 0.337244 0.217465 0.445291 308.515588 268.596834
33 42 41 0.353950 0.445229 0.200821 318.168453 265.303071
33 42 41 0.174234 0.317014 0.508752 306.424066 272.579123
33 42 41 0.446012 0.422137 0.131852 323.571587 262.028863
33 42 41 0.331780 0.116136 0.552084 302.696954 268.809021
33 42 41 0.117103 0.278348 0.604549 304.274543 281.399534
33 42 41 0.149157 0.412672 0.438170 309.609918 279.116221
33 42 41 0.591667 0.401644 0.006689 325.937874 259.598775
33 42 41 0.705584 0.021809 0.272607 318.285325 252.418913
33 34 42 0.812511 0.127836 0.059653 333.978148 239.621230
33 34 42 0.265615 0.515956 0.218428 350.001018 252.155765
33 34 42 0.913484 0.052051 0.034465 333.242806 241.316979
33 34 42 0.939909 0.029217 0.030874 332.953809 242.388853
33 34 42 0.985920 0.007614 0.006466 330.835007 236.674564
33 34 42 0.139110 0.460128 0.400762 348.292941 261.005275
33 34 42 0.858284 0.061822 0.079894 330.783229 244.228169
33 34 42 0.029018 0.416615 0.554367 347.626310 264.142845
33 34 42 0.813152 0.119277 0.067571 336.057529 244.560602
33 34 42 0.266962 0.097213 0.635825 333.287549 269.829171
34 43 42 0.063282 0.465675 0.471043 348.669700 280.761584
34 43 42 0.520864 0.406685 0.072451 366.946030 264.566314
34 43 42 0.739100 0.134823 0.126077 368.611976 256.744127
34 43 42 0.997104 0.002178 0.000718 375.868719 243.396098
34 43 42 0.103945 0.046973 0.849081 336.084554 281.402038
34 43 42 0.540077 0.143503 0.316421 356.117686 263.899108
34 43 42 0.496638 0.489959 0.013403 369.088294 264.491663
34 43 42 0.383828 0.211128 0.405044 355.564804 270.198247
34 43 42 0.264608 0.403545 0.331847 359.155502 274.106158
34 43 42 0.131905 0.661727 0.206368 364.748304 275.313672
34 35 43 0.677123 0.012832 0.310045 375.519653 252.562929
34 35 43 0.450113 0.386949 0.162938 389.496690 247.144525
34 35 43 0.817488 0.070966 0.111547 372.689392 247.138453
34 35 43 0.221588 0.386605 0.391807 390.142535 261.417794
34 35 43 0.862486 0.127897 0.009617 377.473702 240.557779
34 35 43 0.159170 0.472174 0.368656 394.971304 259.762703
34 35 43 0.814879 0.040659 0.144461 373.352671 247.422289
34 35 43 0.559587 0.384802 0.055611 388.456747 244.565566
34 35 43 0.840663 0.155388 0.003949 378.147086 246.226235
34 35 43 0.663636 0.013483 0.322881 374.567966 253.986586
35 44 43 0.147330 0.237235 0.615435 390.015869 276.497081
35 44 43 0.692470 0.100044 0.207487 404.579256 258.520182
35 44 43 0.475686 0.288881 0.235433 406.223630 266.009346
35 44 43 0.646719 0.276953 0.076327 409.928512 257.236289
35 44 43 0.649434 0.145460 0.205106 407.221802 258.948359
35 44 43 0.124771 0.437103 0.438126 401.209893 282.447533
35 44 43 0.996284 0.001645 0.002071 414.576987 238.829714
35 44 43 0.382193 0.196562 0.421245 399.082296 268.717506
35 44 43 0.471822 0.422722 0.105456 415.551496 263.914903
35 44 43 0.110240 0.042403 0.847357 378.425734 281.921543
36 37 45 0.551308 0.271156 0.177536 97.463855 286.105150
36 37 45 0.737466 0.218232 0.044303 92.749521 278.263858
36 37 45 0.077790 0.759251 0.162959 112.230831 284.974345
36 37 45 0.316821 0.094157 0.589023 86.893750 297.598297
36 37 45 0.613919 0.017968 0.368113 89.535385 289.954466
36 37 45 0.521815 0.243908 0.234276 92.269144 288.648319
36 37 45 0.704789 0.180910 0.114301 91.905228 282.511725
36 37 45 0.996884 0.002700 0.000415 81.890484 280.255196
36 37 45 0.773357 0.072853 0.153790 87.845837 281.591982
36 37 45 0.138924 0.227542 0.633534 98.760080 301.545850
37 46 45 0.885383 0.091350 0.023267 124.005077 279.546348
37 46 45 0.162669 0.281293 0.556038 106.101490 309.177579
37 46 45 0.995120 0.003906 0.000974 123.691158 275.483222
37 46 45 0.627250 0.098098 0.274653 108.106457 294.081022
37 46 45 0.186889 0.536951 0.276160 111.426798 304.316972
37 46 45 0.641619 0.158252 0.200129 113.035275 289.988332
37 46 45 0.175592 0.112099 0.712309 104.689473 304.154927
37 46 45 0.004544 0.449814 0.545642 106.613667 317.584690
37 46 45 0.967175 0.027646 0.005179 124.280541 276.929325
37 46 45 0.617829 0.213185 0.168986 115.666836 291.055978
37 38 46 0.344135 0.188012 0.467854 131.164755 297.484495
37 38 46 0.512968 0.459343 0.027690 141.090217 277.295190
37 38 46 0.784849 0.020329 0.194822 127.399169 283.130571
37 38 46 0.858641 0.097031 0.044328 123.784769 279.289878
37 38 46 0.120723 0.528829 0.350448 142.667395 288.040396
37 38 46 0.322294 0.560067 0.117639 146.050827 285.646045
37 38 46 0.765713 0.178728 0.055559 130.394425 279.125874
37 38 46 0.299380 0.201630 0.498990 132.979835 298.126685
37 38 46 0.751222 0.075342 0.173436 124.566394 285.131847
37 38 46 0.219766 0.505164 0.275070 143.536720 289.273820
38 47 46 0.811274 0.122294 0.066432 156.355450 284.331982
38 47 46 0.832127 0.041096 0.126778 155.407915 285.972801
38 47 46 0.814168 0.105132 0.080700 160.516389 290.132586
38 47 46 0.640168 0.007664 0.352168 144.813700 290.954220
38 47 46 0.738836 0.134244 0.126919 155.866959 283.898202
38 47 46 0.713840 0.198166 0.087994 160.426752 290.643068
38 47 46 0.805546 0.036494 0.157959 150.190913 286.788854
38 47 46 0.337607 0.051387 0.611006 139.386081 303.146520
38 47 46 0.075731 0.360641 0.563629 143.041566 313.633989
38 47 46 0.519388 0.105907 0.374705 147.194562 296.139189
38 39 47 0.697067 0.062858 0.240075 161.876443 292.787308
38 39 47 0.050788 0.103231 0.845981 166.916811 314.713355
38 39 47 0.448461 0.004290 0.547249 165.707459 303.055482
38 39 47 0.544857 0.113435 0.341708 167.738327 291.856855
38 39 47 0.339641 0.310875 0.349483 174.648060 294.270479
38 39 47 0.720862 0.131993 0.147145 166.817368 286.044034
38 39 47 0.935405 0.017569 0.047026 160.277382 282.209892
38 39 47 0.056422 0.928058 0.015520 199.341786 284.897346
38 39 47 0.836287 0.070943 0.092770 165.994153 281.348436
38 39 47 0.970305 0.008242 0.021453 160.615618 281.961455
39 48 47 0.145786 0.208709 0.645505 180.326297 309.981639
39 48 47 0.478891 0.112811 0.408298 192.242995 301.080049
39 48 47 0.371556 0.480145 0.148299 197.105257 305.537224
39 48 47 0.779772 0.193742 0.026486 200.846469 285.147329
39 48 47 0.354574 0.273091 0.372335 189.969556 303.986692
39 48 47 0.709854 0.032129 0.258018 191.431090 293.102253
39 48 47 0.132988 0.564792 0.302221 191.563453 313.480491
39 48 47 0.494804 0.417943 0.087253 196.723607 302.307225
39 48 47 0.624719 0.028594 0.346686 190.362631 292.105266
39 48 47 0.478933 0.510064 0.011003 203.577985 298.493036
39 40 48 0.709510 0.120431 0.170059 208.588767 285.050966
39 40 48 0.178096 0.477242 0.344662 220.642942 293.786420
39 40 48 0.530168 0.253723 0.216109 209.016748 290.384729
39 40 48 0.772843 0.209378 0.017779 209.695947 284.142493
39 40 48 0.885179 0.096694 0.018128 205.142420 282.571039
39 40 48 0.146242 0.365122 0.488636 217.196964 301.102382
39 40 48 0.138602 0.504034 0.357364 217.816526 296.076528
39 40 48 0.370329 0.130569 0.499102 206.115856 300.619993
39 40 48 0.335679 0.502078 0.162243 222.518340 287.742323
39 40 48 0.510951 0.184267 0.304782 209.586654 292.449254
40 49 48 0.175585 0.255906 0.568509 216.766705 309.729378
40 49 48 0.398565 0.274375 0.327060 226.768530 303.034966
40 49 48 0.180918 0.082499 0.736583 211.889045 314.039890
40 49 48 0.539499 0.204552 0.255949 229.075039 299.227288
40 49 48 0.793576 0.149080 0.057343 239.397702 286.791869
40 49 48 0.135783 0.459290 0.404927 225.270195 313.943179
40 49 48 0.851978 0.140580 0.007442 243.170759 286.541548
40 49 48 0.952402 0.028110 0.019488 241.755268 283.512480
40 49 48 0.669009 0.293287 0.037704 238.459996 297.786179
40 49 48 0.453212 0.021208 0.525580 217.031716 299.563828
40 41 49 0.357292 0.471164 0.171544 259.878172 288.464833
40 41 49 0.098874 0.432228 0.468898 259.263389 299.151167
40 41 49 0.667249 0.218692 0.114059 249.649117 283.799799
40 41 49 0.360730 0.310024 0.329246 254.997584 300.301849
40 41 49 0.201353 0.204509 0.594138 250.788425 302.989838
40 41 49 0.973411 0.021113 0.005477 243.523000 283.982627
40 41 49 0.335834 0.408756 0.255410 264.134334 297.499332
40 41 49 0.739066 0.114229 0.146705 243.888270 292.683272
40 41 49 0.722624 0.214019 0.063357 251.635717 286.587236
40 41 49 0.994061 0.004870 0.001069 241.100944 284.251074
41 50 49 0.705661 0.176927 0.117412 280.252833 296.643701
41 50 49 0.413665 0.208717 0.377618 266.170877 304.934233
41 50 49 0.488742 0.471575 0.039683 283.236186 299.887086
41 50 49 0.973576 0.022953 0.003471 283.929160 281.259630
41 50 49 0.130183 0.831950 0.037867 283.157542 315.637433
41 50 49 0.868958 0.035902 0.095139 275.938029 289.263030
41 50 49 0.952873 0.011340 0.035787 284.003648 285.166408
41 50 49 0.055571 0.201232 0.743197 254.003024 322.300751
41 50 49 0.995112 0.004850 0.000037 282.914981 285.078651
41 50 49 0.700633 0.254151 0.045216 280.814038 297.032420
41 42 50 0.204157 0.584997 0.210846 310.920267 292.585852
41 42 50 0.449589 0.363890 0.186522 302.657366 290.707142
41 42 50 0.321290 0.313014 0.365695 298.659931 298.397035
41 42 50 0.184871 0.373704 0.441424 301.908349 299.224029
41 42 50 0.298767 0.228088 0.473146 293.688816 300.116384
41 42 50 0.481721 0.096656 0.421622 292.552215 298.568958
41 42 50 0.852018 0.085890 0.062091 287.369681 283.291666
41 42 50 0.309134 0.349234 0.341632 301.445667 298.202929
41 42 50 0.792558 0.181015 0.026426 290.927246 283.086164
41 42 50 0.964666 0.019435 0.015898 291.876051 287.194315
42 51 50 0.105132 0.278662 0.616207 297.986737 316.284492
42 51 50 0.340184 0.130518 0.529298 305.623950 308.408237
42 51 50 0.920648 0.009796 0.069555 320.887476 289.294726
42 51 50 0.543838 0.122830 0.333332 311.693808 300.203427
42 51 50 0.074820 0.593616 0.331564 310.752759 319.635676
42 51 50 0.165038 0.231139 0.603823 299.970309 316.863715
42 51 50 0.975180 0.001289 0.023530 326.259852 282.910913
42 51 50 0.618712 0.274572 0.106716 322.121010 297.872090
42 51 50 0.332707 0.553736 0.113558 320.374302 310.361009
42 51 50 0.689224 0.291839 0.018936 323.940724 297.570049
42 43 51 0.215376 0.144718 0.639906 333.858968 309.927408
42 43 51 0.793707 0.104745 0.101548 331.619759 285.235706
42 43 51 0.746866 0.041681 0.211452 325.776886 291.770763
42 43 51 0.218118 0.751494 0.030388 359.540570 287.182211
42 43 51 0.192283 0.352115 0.455603 343.524541 304.386747
42 43 51 0.271166 0.077841 0.650993 326.149331 308.975203
42 43 51 0.065635 0.380390 0.553975 343.795910 306.677821
42 43 51 0.453303 0.272100 0.274598 336.972831 297.572169
42 43 51 0.274865 0.403841 0.321294 343.158813 298.046947
42 43 51 0.557978 0.041213 0.400809 329.602236 298.521304
43 52 51 0.147021 0.239224 0.613755 344.644689 316.611812
43 52 51 0.928114 0.046511 0.025376 368.348643 289.761322
43 52 51 0.939536 0.052121 0.008344 370.632217 289.040098
43 52 51 0.310770 0.151713 0.537518 343.065511 311.225373
43 52 51 0.136655 0.345426 0.517918 344.396824 316.730142
43 52 51 0.293935 0.141559 0.564506 347.235501 311.598228
43 52 51 0.615504 0.162881 0.221614 359.498253 304.710973
43 52 51 0.728062 0.113721 0.158217 362.299952 293.670932
43 52 51 0.177541 0.126056 0.696403 341.401812 315.422229
43 52 51 0.330798 0.140163 0.529040 346.629194 312.236755
43 44 52 0.995440 0.000162 0.004399 374.521991 281.973807
43 44 52 0.000439 0.997278 0.002282 413.876422 284.744684
43 44 52 0.051384 0.240432 0.708184 381.826765 314.080885
43 44 52 0.600190 0.141576 0.258233 377.263511 291.679312
43 44 52 0.587029 0.308759 0.104213 385.676939 292.829838
43 44 52 0.762263 0.172940 0.064797 377.636019 286.905591
43 44 52 0.159371 0.589547 0.251082 395.106255 295.672849
43 44 52 0.587857 0.306126 0.106016 386.217993 285.277203
43 44 52 0.799251 0.106671 0.094077 375.970804 290.330590
43 44 52 0.524960 0.134325 0.340715 375.997893 298.834917
44 53 52 0.259349 0.377107 0.363544 399.228782 317.108255
44 53 52 0.354518 0.177941 0.467541 398.368530 313.580204
44 53 52 0.604103 0.104159 0.291738 399.007497 302.222483
44 53 52 0.951383 0.026399 0.022219 416.641526 286.363291
44 53 52 0.674842 0.258337 0.066821 411.561337 304.011944
44 53 52 0.957365 0.012935 0.029700 417.543161 284.712804
44 53 52 0.085039 0.883465 0.031495 411.607914 325.250995
44 53 52 0.833904 0.121806 0.044290 414.927465 293.360287
44 53 52 0.446922 0.525249 0.027829 413.786726 310.766927
44 53 52 0.590705 0.282860 0.126435 408.485256 304.463861
45 46 54 0.032162 0.149474 0.818365 101.797154 339.467580
45 46 54 0.660424 0.259601 0.079976 97.927009 311.278438
45 46 54 0.137712 0.276570 0.585718 105.268576 330.021708
45 46 54 0.604121 0.067111 0.328769 95.472957 316.370227
45 46 54 0.857753 0.042147 0.100100 93.306043 313.081202
45 46 54 0.796489 0.146363 0.057148 92.219533 311.181107
45 46 54 0.962513 0.035671 0.001816 90.202850 313.610293
45 46 54 0.179163 0.483676 0.337161 109.158730 324.105219
45 46 54 0.160841 0.564335 0.274824 113.736464 323.311485
45 46 54 0.421835 0.047003 0.531161 97.444541 331.033430
46 55 54 0.579878 0.183085 0.237038 118.877787 328.187015
46 55 54 0.620991 0.186831 0.192178 117.624401 324.985939
46 55 54 0.236613 0.417260 0.346127 115.669549 336.799644
46 55 54 0.325819 0.517244 0.156937 123.474310 336.683371
46 55 54 0.024504 0.797487 0.178008 126.273076 344.454033
46 55 54 0.704076 0.183291 0.112632 126.467114 325.295135
46 55 54 0.179142 0.702164 0.118694 125.548669 337.675148
46 55 54 0.910913 0.085086 0.004000 123.607181 318.474450
46 55 54 0.905694 0.010661 0.083645 124.548967 315.417821
46 55 54 0.892997 0.009990 0.097012 126.146239 319.849188
46 47 55 0.430097 0.400224 0.169679 139.449870 320.809081
46 47 55 0.006870 0.509579 0.483550 149.007394 329.896219
46 47 55 0.495674 0.082101 0.422226 136.601926 327.324592
46 47 55 0.866964 0.117323 0.015713 132.049866 313.034965
46 47 55 0.530008 0.091894 0.378099 130.867604 327.250739
46 47 55 0.958345 0.036014 0.005641 126.078517 313.739358
46 47 55 0.754289 0.114889 0.130823 129.637284 320.498924
46 47 55 0.126573 0.533014 0.340413 149.341884 330.404929
46 47 55 0.436420 0.149774 0.413806 133.059578 327.804837
46 47 55 0.805744 0.177563 0.016693 136.555324 314.607301
47 56 55 0.021980 0.652461 0.325559 156.702816 347.249488
47 56 55 0.579346 0.015131 0.405522 149.568898 324.733898
47 56 55 0.553715 0.156591 0.289694 157.548916 330.216738
47 56 55 0.070784 0.220101 0.709115 141.582443 345.868564
47 56 55 0.717785 0.117592 0.164623 160.967682 323.506030
47 56 55 0.037408 0.447625 0.514967 151.123734 343.839067
47 56 55 0.501106 0.440715 0.058179 162.521887 331.036624
47 56 55 0.751333 0.108284 0.140383 162.417515 329.330860
47 56 55 0.955180 0.028111 0.016709 162.206551 316.955658
47 56 55 0.141937 0.262898 0.595165 146.513551 341.621050
47 48 56 0.338437 0.082245 0.579318 172.163625 337.320775
47 48 56 0.288119 0.618751 0.093130 189.608575 321.265999
47 48 56 0.511078 0.111617 0.377305 169.242645 330.186324
47 48 56 0.441137 0.160218 0.398645 170.492485 332.843807
47 48 56 0.005728 0.023454 0.970818 172.825807 347.424273
47 48 56 0.093076 0.537532 0.369392 186.434470 329.287090
47 48 56 0.008802 0.027428 0.963770 170.688269 344.996958
47 48 56 0.238443 0.152509 0.609048 174.216219 333.542749
47 48 56 0.166622 0.191227 0.642152 175.914293 339.663604
47 48 56 0.609386 0.282435 0.108179 173.508556 321.202543
48 57 56 0.113766 0.052802 0.833432 178.768904 345.444258
48 57 56 0.555189 0.101704 0.343107 191.586160 330.321754
48 57 56 0.082153 0.743003 0.174844 202.221996 345.759681
48 57 56 0.739299 0.175393 0.085308 198.267525 328.515086
48 57 56 0.166258 0.455882 0.377861 190.356201 345.007013
48 57 56 0.005171 0.026361 0.968467 170.495464 349.254989
48 57 56 0.580357 0.319154 0.100489 205.270256 330.693612
48 57 56 0.269296 0.097936 0.632767 181.407218 340.147193
48 57 56 0.031381 0.629349 0.339270 194.734833 349.467588
48 57 56 0.086219 0.859444 0.054337 205.212987 346.189346
48 49 57 0.077393 0.745790 0.176817 230.014139 323.366866
48 49 57 0.703302 0.217700 0.078998 208.795124 318.854523
48 49 57 0.856817 0.072975 0.070208 208.679094 320.054215
48 49 57 0.838791 0.008180 0.153029 202.626117 324.610537
48 49 57 0.000330 0.119532 0.880138 210.730218 347.131019
48 49 57 0.800016 0.158553 0.041430 209.409390 322.764631
48 49 57 0.128557 0.863708 0.007735 233.516841 320.144174
48 49 57 0.194245 0.584676 0.221079 227.393472 327.002928
48 49 57 0.007025 0.658391 0.334583 229.542902 332.698892
48 49 57 0.873880 0.010520 0.115600 203.852795 323.688265
49 58 57 0.171902 0.576374 0.251723 234.434941 345.002122
49 58 57 0.840545 0.118522 0.040933 241.897484 322.855893
49 58 57 0.282842 0.716789 0.000369 243.447142 338.565659
49 58 57 0.385587 0.456058 0.158355 239.515703 341.481381
49 58 57 0.349643 0.013086 0.637271 217.464139 337.077436
49 58 57 0.598524 0.187521 0.213955 233.383292 331.076591
49 58 57 0.442828 0.041166 0.516006 223.888315 335.623821
49 58 57 0.696390 0.169119 0.134491 239.866067 331.402893
49 58 57 0.471680 0.484825 0.043495 239.785529 338.924030
49 58 57 0.629304 0.122302 0.248395 233.996231 331.925704
49 50 58 0.797201 0.135130 0.067669 246.126421 320.840482
49 50 58 0.496588 0.235720 0.267692 253.481003 331.004843
49 50 58 0.443383 0.181210 0.375407 248.843679 328.067212
49 50 58 0.968569 0.011238 0.020193 242.450184 315.932308
49 50 58 0.733982 0.018973 0.247045 242.803425 331.074359
49 50 58 0.291305 0.545570 0.163125 264.831428 324.619664
49 50 58 0.577968 0.110993 0.311039 247.557073 328.659483
49 50 58 0.764622 0.190239 0.045140 249.895715 322.034913
49 50 58 0.300438 0.292359 0.407204 254.941361 334.258583
49 50 58 0.291286 0.685859 0.022854 267.625067 322.500380
50 59 58 0.993280 0.002626 0.004095 281.227116 319.950421
50 59 58 0.905522 0.043336 0.051142 282.263540 323.193365
50 59 58 0.968947 0.009158 0.021895 282.258035 324.720690
50 59 58 0.433277 0.257122 0.309600 271.796669 338.747220
50 59 58 0.844290 0.038823 0.116886 278.940770 326.654166
50 59 58 0.784185 0.059550 0.156266 281.092408 329.639749
50 59 58 0.146371 0.493212 0.360417 269.568512 345.236716
50 59 58 0.422471 0.373711 0.203818 273.475238 339.240396
50 59 58 0.798680 0.037896 0.163424 277.685060 329.350077
50 59 58 0.515570 0.291748 0.192682 275.783542 333.957878
50 51 59 0.466665 0.202672 0.330663 291.882405 334.673086
50 51 59 0.703729 0.006916 0.289354 280.299125 329.849071
50 51 59 0.868306 0.054346 0.077348 282.212206 320.279054
50 51 59 0.325166 0.323553 0.351281 294.771243 331.510085
50 51 59 0.303626 0.197716 0.498658 293.666664 341.679917
50 51 59 0.237269 0.674319 0.088413 312.199237 325.521279
50 51 59 0.504138 0.425302 0.070561 301.871178 328.511970
50 51 59 0.570104 0.168602 0.261294 294.278099 328.873661
50 51 59 0.288076 0.543541 0.168384 305.192550 325.454246
50 51 59 0.876754 0.030308 0.092938 287.274516 326.584401
51 60 59 0.925617 0.063946 0.010436 322.563695 324.040546
51 60 59 0.498204 0.372577 0.129219 318.837833 337.504709
51 60 59 0.749190 0.075002 0.175808 319.559776 330.305565
51 60 59 0.691185 0.072992 0.235823 315.409152 335.730447
51 60 59 0.046479 0.686744 0.266777 309.855698 355.712306
51 60 59 0.840181 0.061364 0.098455 320.841621 333.492857
51 60 59 0.446768 0.478895 0.074337 317.320363 341.947710
51 60 59 0.082039 0.904274 0.013687 325.527909 352.018648
51 60 59 0.393959 0.116915 0.489126 302.998548 342.878250
51 60 59 0.084244 0.377221 0.538535 299.286820 353.088367
51 52 60 0.065367 0.527293 0.407340 343.007527 337.554468
51 52 60 0.394632 0.007324 0.598044 325.781449 343.213016
51 52 60 0.727985 0.256334 0.015681 335.069105 322.466320
51 52 60 0.689685 0.253601 0.056714 337.145761 325.145670
51 52 60 0.432374 0.502374 0.065252 345.041647 328.466738
51 52 60 0.118710 0.820800 0.060490 360.428628 326.237396
51 52 60 0.521687 0.024601 0.453712 326.125583 339.389871
51 52 60 0.493648 0.473994 0.032357 344.367703 326.504794
51 52 60 0.367543 0.385266 0.247191 344.627428 332.445474
51 52 60 0.327665 0.256394 0.415940 334.999711 339.225341
52 61 60 0.669545 0.253278 0.077177 357.948064 334.880565
52 61 60 0.636683 0.103667 0.259651 353.339719 335.475833
52 61 60 0.919989 0.053432 0.026579 369.043414 328.614942
52 61 60 0.628539 0.335292 0.036170 360.862459 336.881775
52 61 60 0.257570 0.101594 0.640836 335.233575 343.361204
52 61 60 0.278223 0.490198 0.231579 355.162727 350.960535
52 61 60 0.206084 0.411949 0.381967 349.107955 349.921279
52 61 60 0.550859 0.085198 0.363942 348.315877 341.879421
52 61 60 0.782979 0.173299 0.043723 363.559543 332.506764
52 61 60 0.384842 0.060928 0.554230 337.203546 341.769388
52 53 61 0.374994 0.493010 0.131996 388.468599 331.882583
52 53 61 0.415350 0.164748 0.419902 370.515234 340.866320
52 53 61 0.470296 0.232481 0.297223 377.349914 339.108763
52 53 61 0.490165 0.186598 0.323238 368.397503 336.690550
52 53 61 0.214173 0.223115 0.562712 374.724892 344.862071
52 53 61 0.666533 0.295765 0.037703 378.725150 326.216938
52 53 61 0.330893 0.577482 0.091625 391.038346 327.642585
52 53 61 0.936367 0.006260 0.057373 367.069696 332.362472
52 53 61 0.437594 0.416034 0.146371 388.307690 331.175054
52 53 61 0.811423 0.089336 0.099241 370.121644 329.258554
53 62 61 0.354546 0.194086 0.451368 390.655132 350.229555
53 62 61 0.866846 0.096947 0.036208 410.234575 330.755509
53 62 61 0.458723 0.371361 0.169916 398.816285 345.119257
53 62 61 0.265454 0.428515 0.306031 393.369416 347.142948
53 62 61 0.299519 0.273671 0.426811 385.747134 349.608504
53 62 61 0.432185 0.316369 0.251446 392.790727 348.405462
53 62 61 0.169883 0.169080 0.661037 375.939257 353.131622
53 62 61 0.163695 0.349075 0.487230 384.530951 352.515918
53 62 61 0.136083 0.600071 0.263846 395.889742 356.972568
53 62 61 0.790860 0.067789 0.141352 402.300989 337.856479
54 55 63 0.606962 0.311307 0.081731 110.488225 342.127127
54 55 63 0.150104 0.703081 0.146814 122.122268 350.978765
54 55 63 0.462927 0.310904 0.226169 110.204982 347.360770
54 55 63 0.959700 0.000602 0.039698 94.814213 342.562904
54 55 63 0.729263 0.028599 0.242139 98.132715 349.988657
54 55 63 0.353144 0.009971 0.636886 104.639222 355.484386
54 55 63 0.722074 0.081919 0.196007 98.229087 346.455836
54 55 63 0.401933 0.064986 0.533082 104.925619 354.503105
54 55 63 0.898271 0.029678 0.072051 99.492044 345.651741
54 55 63 0.155840 0.475921 0.368239 118.177170 351.873708
55 64 63 0.830244 0.140740 0.029016 129.661464 349.090086
55 64 63 0.650071 0.318777 0.031153 135.014475 353.348278
55 64 63 0.237676 0.330724 0.431600 125.455592 357.952360
55 64 63 0.844243 0.111130 0.044628 129.594571 349.053188
55 64 63 0.539712 0.055050 0.405237 120.212318 352.329718
55 64 63 0.651928 0.216638 0.131434 130.819843 351.230124
55 64 63 0.117438 0.802580 0.079982 137.072677 361.145167
55 64 63 0.553225 0.015426 0.431349 125.184433 353.418682
55 64 63 0.124676 0.017428 0.857896 112.127383 362.232643
55 64 63 0.529809 0.376006 0.094185 131.237570 356.200049
55 56 64 0.532589 0.360478 0.106932 147.354821 348.081640
55 56 64 0.614270 0.308959 0.076772 146.386526 347.571379
55 56 64 0.806185 0.149523 0.044292 137.920014 344.119999
55 56 64 0.949247 0.015782 0.034971 130.405287 345.323319
55 56 64 0.231968 0.123955 0.644077 140.264515 358.700302
55 56 64 0.073466 0.380093 0.546441 153.844513 362.408441
55 56 64 0.313775 0.415279 0.270946 151.268297 351.391349
55 56 64 0.054349 0.474136 0.471515 151.959000 353.414711
55 56 64 0.669546 0.256183 0.074271 145.684927 346.186324
55 56 64 0.446220 0.253082 0.300699 146.508891 350.638653
56 65 64 0.440077 0.262081 0.297842 163.763537 358.418684
56 65 64 0.053582 0.370065 0.576353 156.895822 366.095006
56 65 64 0.374630 0.532336 0.093033 173.903353 358.368289
56 65 64 0.285689 0.157084 0.557227 155.675170 360.223255
56 65 64 0.103373 0.262824 0.633803 153.733749 365.363044
56 65 64 0.912938 0.065687 0.021375 169.608193 346.224906
56 65 64 0.567061 0.138555 0.294384 160.442285 355.076294
56 65 64 0.533297 0.055095 0.411608 155.910175 361.275745
56 65 64 0.106874 0.554990 0.338136 160.249194 365.878935
56 65 64 0.099947 0.576805 0.323248 162.664929 367.514475
56 57 65 0.374763 0.161903 0.463334 180.375100 356.857952
56 57 65 0.673712 0.294048 0.032240 183.641729 346.758962
56 57 65 0.888657 0.111180 0.000163 175.253921 349.380189
56 57 65 0.135406 0.647259 0.217334 196.272101 350.734900
56 57 65 0.643684 0.235581 0.120735 183.421863 346.031165
56 57 65 0.659427 0.286039 0.054534 181.806099 349.080319
56 57 65 0.416584 0.382163 0.201254 189.765700 352.562816
56 57 65 0.925766 0.056524 0.017710 171.733159 348.433941
56 57 65 0.151056 0.222299 0.626645 178.994850 362.663343
56 57 65 0.661483 0.038140 0.300377 172.458302 352.263764
57 66 65 0.326564 0.152407 0.521029 192.808385 364.025295
57 66 65 0.640187 0.260034 0.099779 207.032479 356.822866
57 66 65 0.755464 0.155462 0.089075 201.874988 359.277763
57 66 65 0.792979 0.060831 0.146190 201.727110 355.049855
57 66 65 0.979820 0.019307 0.000873 205.667946 346.308030
57 66 65 0.900733 0.025114 0.074153 204.598900 352.313454
57 66 65 0.351497 0.006374 0.642129 186.064848 361.397868
57 66 65 0.779581 0.216540 0.003879 208.148802 354.070824
57 66 65 0.832884 0.142933 0.024183 206.815484 352.957039
57 66 65 0.116658 0.096548 0.786795 186.782964 367.757825
57 58 66 0.013686 0.096027 0.890287 210.403513 369.512044
57 58 66 0.786397 0.032218 0.181386 208.243305 352.356711
57 58 66 0.787558 0.088449 0.123994 210.227721 350.846197
57 58 66 0.540528 0.183121 0.276351 211.984171 352.232397
57 58 66 0.735436 0.033870 0.230694 209.593748 353.180577
57 58 66 0.978217 0.021296 0.000487 208.549924 348.759897
57 58 66 0.150502 0.274512 0.574986 218.294293 358.664951
57 58 66 0.334788 0.195772 0.469441 217.109086 360.530026
57 58 66 0.260132 0.608966 0.130902 232.437883 356.071260
57 58 66 0.367431 0.585520 0.047049 228.136817 349.120018
58 67 66 0.745604 0.096352 0.158044 237.914490 351.190588
58 67 66 0.684016 0.290462 0.025522 245.222805 363.767507
58 67 66 0.337657 0.319271 0.343072 233.116595 367.592395
58 67 66 0.444593 0.145234 0.410173 230.033623 361.425929
58 67 66 0.155484 0.804972 0.039544 245.660338 372.575204
58 67 66 0.209777 0.727358 0.062865 246.758695 368.556619
58 67 66 0.195139 0.247071 0.557790 226.812813 365.712397
58 67 66 0.762197 0.027684 0.210119 236.679659 358.601607
58 67 66 0.010702 0.542777 0.446521 229.801192 373.808127
58 67 66 0.834632 0.020436 0.144932 238.750332 355.244977
58 59 67 0.801658 0.031943 0.166399 246.899868 355.046130
58 59 67 0.688471 0.228516 0.083013 251.933197 356.542311
58 59 67 0.446957 0.018864 0.534180 246.875853 366.319906
58 59 67 0.823765 0.171752 0.004483 248.071804 352.945729
58 59 67 0.543973 0.433018 0.023009 259.267144 353.513361
58 59 67 0.094362 0.735569 0.170069 275.215209 357.915764
58 59 67 0.803098 0.183403 0.013499 249.948900 353.541626
58 59 67 0.700100 0.087211 0.212689 246.639498 354.427152
58 59 67 0.763786 0.187025 0.049189 252.506164 353.880206
58 59 67 0.799146 0.088329 0.112525 247.671084 354.962801
59 68 67 0.335575 0.096533 0.567892 263.712078 371.154654
59 68 67 0.769517 0.209196 0.021288 283.169947 361.663901
59 68 67 0.970993 0.002495 0.026512 282.501202 354.932709
59 68 67 0.295821 0.398484 0.305695 269.413988 365.935348
59 68 67 0.765185 0.014271 0.220544 273.420625 358.998041
59 68 67 0.284454 0.440829 0.274717 273.016302 369.872162
59 68 67 0.166244 0.290578 0.543178 258.407005 371.730837
59 68 67 0.434859 0.061689 0.503451 262.790917 362.797519
59 68 67 0.109334 0.004960 0.885706 248.747204 372.476430
59 68 67 0.558698 0.023489 0.417813 269.445371 363.991490
59 60 68 0.973796 0.016785 0.009419 280.918088 355.312047
59 60 68 0.538347 0.014527 0.447125 284.221458 359.712027
59 60 68 0.368781 0.510180 0.121039 302.373812 358.910026
59 60 68 0.132619 0.635743 0.231637 311.017771 359.050530
59 60 68 0.984799 0.000786 0.014415 282.631855 351.897852
59 60 68 0.688262 0.046964 0.264774 282.563029 360.819789
59 60 68 0.624567 0.032112 0.343321 285.362629 360.212217
59 60 68 0.490248 0.339216 0.170536 292.784946 360.885331
59 60 68 0.447787 0.201334 0.350880 289.981110 361.973757
59 60 68 0.394872 0.340970 0.264157 295.181632 359.269197
60 69 68 0.310688 0.362320 0.326992 309.036927 370.275619
60 69 68 0.914597 0.005318 0.080085 316.524503 360.993735
60 69 68 0.629813 0.141465 0.228722 311.027040 365.312886
60 69 68 0.362192 0.378882 0.258926 309.094916 368.332524
60 69 68 0.670505 0.098658 0.230837 311.989283 365.660668
60 69 68 0.181506 0.142001 0.676494 289.695862 375.282950
60 69 68 0.692382 0.118196 0.189422 311.348588 362.645568
60 69 68 0.962238 0.002910 0.034852 321.136702 357.146619
60 69 68 0.871659 0.086634 0.041707 317.142621 359.641545
60 69 68 0.095642 0.408983 0.495375 299.797942 379.540130
60 61 69 0.879777 0.013347 0.106876 325.332911 357.596730
60 61 69 0.625766 0.256461 0.117774 330.510264 361.742936
60 61 69 0.909157 0.018784 0.072059 323.077313 358.604977
60 61 69 0.256352 0.714416 0.029232 347.704267 356.647786
60 61 69 0.601695 0.246884 0.151422 332.967366 363.378651
60 61 69 0.066774 0.809408 0.123818 349.932754 359.695383
60 61 69 0.440163 0.524244 0.035593 344.680417 359.504582
60 61 69 0.868408 0.004223 0.127369 318.810083 357.293645
60 61 69 0.102449 0.581573 0.315978 344.751630 360.293637
60 61 69 0.222586 0.734715 0.042699 354.939136 357.319791
61 70 69 0.377909 0.062418 0.559673 335.626333 373.456962
61 70 69 0.844446 0.066380 0.089175 358.115205 361.115882
61 70 69 0.514498 0.316949 0.168553 351.323805 371.743930
61 70 69 0.427842 0.196445 0.375713 349.846833 375.556532
61 70 69 0.652011 0.071194 0.276795 347.801801 364.547280
61 70 69 0.487866 0.188233 0.323901 346.011968 369.851297
61 70 69 0.294823 0.630482 0.074696 355.775890 374.881387
61 70 69 0.415112 0.226914 0.357974 344.668182 367.980790
61 70 69 0.533554 0.296481 0.169964 354.702329 370.982075
61 70 69 0.654637 0.025846 0.319517 349.783476 367.764076
61 62 70 0.163335 0.347654 0.489011 373.177416 369.713448
61 62 70 0.460884 0.108659 0.430457 364.269426 368.550319
61 62 70 0.367851 0.463092 0.169057 381.165662 363.796032
61 62 70 0.773306 0.219048 0.007646 371.740121 359.000909
61 62 70 0.884450 0.072286 0.043263 365.834573 356.315497
61 62 70 0.348973 0.617206 0.033821 389.093509 361.160114
61 62 70 0.494852 0.436508 0.068641 378.304999 358.929654
61 62 70 0.584800 0.081213 0.333986 363.678645 365.642156
61 62 70 0.144997 0.126598 0.728405 363.563966 374.594295
61 62 70 0.264559 0.622991 0.112450 384.429206 361.018167
62 71 70 0.894473 0.047507 0.058020 401.604990 363.087170
62 71 70 0.046655 0.792298 0.161047 388.477791 383.201378
62 71 70 0.927946 0.015847 0.056206 405.151565 361.777368
62 71 70 0.504957 0.049805 0.445238 385.212253 368.915554
62 71 70 0.905946 0.072935 0.021119 402.520512 360.026578
62 71 70 0.135388 0.136712 0.727900 364.900993 378.950470
62 71 70 0.348889 0.541314 0.109797 396.206800 372.543546
62 71 70 0.195978 0.366848 0.437174 378.949111 381.031587
62 71 70 0.004098 0.897105 0.098797 392.883656 381.975956
62 71 70 0.255138 0.572115 0.172747 390.201993 377.493119
63 64 72 0.972913 0.000823 0.026264 106.694125 362.243640
63 64 72 0.951624 0.001906 0.046471 110.557839 365.292197
63 64 72 0.104723 0.684401 0.210876 129.173761 371.516446
63 64 72 0.964900 0.033238 0.001862 110.064506 362.091720
63 64 72 0.983576 0.012944 0.003480 108.493251 366.407769
63 64 72 0.478660 0.517795 0.003545 129.516184 364.465184
63 64 72 0.603437 0.057616 0.338947 117.480831 368.605446
63 64 72 0.630133 0.079600 0.290267 112.067043 367.278864
63 64 72 0.082963 0.416646 0.500391 126.093352 372.652392
63 64 72 0.256497 0.243011 0.500492 122.378066 372.791444
64 73 72 0.527314 0.377936 0.094750 140.303430 374.857917
64 73 72 0.093832 0.486068 0.420100 138.002124 379.189341
64 73 72 0.793277 0.182191 0.024532 145.509239 371.934389
64 73 72 0.172945 0.367534 0.459521 137.535530 376.279325
64 73 72 0.111336 0.702599 0.186065 148.811080 380.195151
64 73 72 0.476939 0.086330 0.436732 129.298681 373.322419
64 73 72 0.177327 0.102791 0.719882 125.353958 374.040604
64 73 72 0.931826 0.019403 0.048771 138.880399 369.404056
64 73 72 0.152406 0.232199 0.615394 127.609298 379.225915
64 73 72 0.212528 0.760215 0.027257 146.726132 375.085999
64 65 73 0.943741 0.054218 0.002041 141.611787 366.750991
64 65 73 0.058977 0.095102 0.845921 153.654306 378.661585
64 65 73 0.598384 0.319511 0.082105 152.881819 367.522048
64 65 73 0.365936 0.551963 0.082101 158.681081 362.378028
64 65 73 0.564303 0.060902 0.374796 148.515467 370.826208
64 65 73 0.394791 0.554331 0.050878 162.836755 369.742354
64 65 73 0.178006 0.339420 0.482573 160.891733 376.068452
64 65 73 0.610207 0.208039 0.181753 150.853326 365.586896
64 65 73 0.207049 0.745700 0.047251 165.587109 367.742952
64 65 73 0.042717 0.357478 0.599805 160.998499 373.518555
65 74 73 0.338994 0.646096 0.014910 181.275124 379.911228
65 74 73 0.840277 0.093501 0.066222 175.229251 370.174093
65 74 73 0.516943 0.093675 0.389382 167.682667 372.433411
65 74 73 0.065912 0.032443 0.901645 152.591947 379.307528
65 74 73 0.975431 0.008998 0.015571 175.561329 369.818607
65 74 73 0.690671 0.260631 0.048698 178.399857 373.317308
65 74 73 0.887851 0.047737 0.064412 173.866790 366.954653
65 74 73 0.289579 0.488085 0.222336 175.084643 379.236816
65 74 73 0.936096 0.043781 0.020123 172.642501 368.028994
65 74 73 0.324640 0.344953 0.330407 169.484859 374.823516
65 66 74 0.076816 0.531132 0.392051 196.422246 374.717050
65 66 74 0.704724 0.093433 0.201842 183.100088 373.011924
65 66 74 0.129402 0.275014 0.595585 186.148481 377.762800
65 66 74 0.803148 0.092259 0.104593 178.950954 370.753709
65 66 74 0.678431 0.005547 0.316022 179.681584 372.905061
65 66 74 0.954156 0.000224 0.045619 178.166894 369.029333
65 66 74 0.574214 0.398892 0.026895 189.971583 370.478253
65 66 74 0.698436 0.160297 0.141266 181.097426 372.585767
65 66 74 0.699828 0.118498 0.181674 177.758141 374.790457
65 66 74 0.286098 0.468418 0.245484 193.705297 373.934031
66 75 74 0.397782 0.446669 0.155549 210.936859 380.920175
66 75 74 0.864174 0.039142 0.096684 208.880328 374.195874
66 75 74 0.974671 0.006958 0.018371 208.710099 376.534972
66 75 74 0.109323 0.698013 0.192665 209.277367 385.676473
66 75 74 0.002374 0.289460 0.708166 189.307535 379.267714
66 75 74 0.894443 0.070596 0.034961 210.688423 371.388234
66 75 74 0.099445 0.485905 0.414650 200.419687 384.655402
66 75 74 0.354205 0.180441 0.465354 202.177161 379.912938
66 75 74 0.967034 0.012644 0.020322 207.966579 373.059317
66 75 74 0.117898 0.465463 0.416638 204.279288 381.873611
66 67 75 0.314154 0.216742 0.469104 219.426577 378.434530
66 67 75 0.826960 0.167036 0.006004 216.518687 373.194335
66 67 75 0.864987 0.042233 0.092780 210.252177 372.796356
66 67 75 0.845555 0.001022 0.153423 209.911807 371.741724
66 67 75 0.217897 0.573461 0.208642 234.055751 378.767756
66 67 75 0.511996 0.044378 0.443625 213.912606 378.220678
66 67 75 0.090380 0.274042 0.635578 221.348964 380.807361
66 67 75 0.083365 0.889324 0.027311 242.653683 372.553479
66 67 75 0.131730 0.532307 0.335963 231.385049 375.136165
66 67 75 0.832739 0.102213 0.065048 216.828048 373.183765
67 76 75 0.356594 0.124620 0.518786 227.087142 380.686554
67 76 75 0.148354 0.387097 0.464549 231.628174 383.829177
67 76 75 0.696496 0.079788 0.223716 238.069342 377.629138
67 76 75 0.095624 0.268552 0.635824 231.822636 384.338617
67 76 75 0.592314 0.358423 0.049263 246.279740 379.578845
67 76 75 0.215005 0.224854 0.560141 229.479532 383.743448
67 76 75 0.704336 0.244753 0.050911 246.896693 375.695386
67 76 75 0.142925 0.056136 0.800939 219.141618 384.632247
67 76 75 0.102403 0.822963 0.074634 245.814204 387.288428
67 76 75 0.809646 0.070461 0.119893 243.542597 376.446774
67 68 76 0.381493 0.500272 0.118235 263.666304 375.994780
67 68 76 0.395920 0.011755 0.592325 248.212354 381.180083
67 68 76 0.318974 0.481863 0.199163 263.993664 374.266443
67 68 76 0.347302 0.336775 0.315923 259.774193 380.766778
67 68 76 0.885888 0.051016 0.063096 248.062678 378.083748
67 68 76 0.863620 0.089322 0.047057 249.939641 374.457953
67 68 76 0.156104 0.651258 0.192638 269.666717 380.371938
67 68 76 0.964797 0.006157 0.029046 245.929530 373.539480
67 68 76 0.305996 0.174479 0.519525 251.196758 385.968360
67 68 76 0.022183 0.674135 0.303682 270.977855 377.552183
68 77 76 0.428505 0.056391 0.515104 264.606033 385.313390
68 77 76 0.609348 0.298536 0.092116 277.519583 378.539536
68 77 76 0.851931 0.141092 0.006977 284.714086 377.376626
68 77 76 0.440990 0.542902 0.016107 282.665034 385.734928
68 77 76 0.644998 0.070766 0.284236 268.895384 380.181327
68 77 76 0.005176 0.477643 0.517181 265.304807 388.640930
68 77 76 0.982317 0.016269 0.001414 283.995873 376.436040
68 77 76 0.640669 0.195745 0.163586 277.179133 382.121026
68 77 76 0.197804 0.635227 0.166969 276.362452 387.914011
68 77 76 0.802285 0.138442 0.059273 282.552336 377.458853
68 69 77 0.062502 0.458421 0.479077 296.886906 389.220058
68 69 77 0.787749 0.172790 0.039461 286.823620 378.700000
68 69 77 0.193024 0.675377 0.131599 305.572171 381.352175
68 69 77 0.475755 0.154814 0.369430 285.810995 381.946791
68 69 77 0.143848 0.400603 0.455549 295.687264 385.854673
68 69 77 0.125816 0.063336 0.810848 279.946913 388.707736
68 69 77 0.250675 0.465198 0.284127 300.353704 381.285528
68 69 77 0.637971 0.046819 0.315210 281.964855 383.749322
68 69 77 0.075344 0.649966 0.274690 301.335469 382.255782
68 69 77 0.602794 0.245460 0.151746 290.214521 380.907031
69 78 77 0.481410 0.170206 0.348385 301.192968 386.326503
69 78 77 0.348724 0.554984 0.096292 310.028319 386.216499
69 78 77 0.489235 0.048007 0.462758 297.967432 384.358080
69 78 77 0.451348 0.057818 0.490834 298.781958 386.641192
69 78 77 0.563054 0.001316 0.435631 303.792033 384.898757
69 78 77 0.785076 0.062786 0.152138 308.955420 379.862384
69 78 77 0.976239 0.000869 0.022892 315.290589 377.224067
69 78 77 0.095440 0.852004 0.052557 316.706548 389.583242
69 78 77 0.118776 0.596553 0.284671 304.720447 388.809028
69 78 77 0.202625 0.431439 0.365935 305.062119 388.421430
69 70 78 0.757096 0.011553 0.231350 317.552303 385.686576
69 70 78 0.621557 0.106777 0.271666 320.352501 387.088379
69 70 78 0.576372 0.074959 0.348670 318.906018 386.451142
69 70 78 0.367775 0.216279 0.415946 329.605879 390.670302
69 70 78 0.906424 0.091349 0.002228 321.177142 378.645749
69 70 78 0.368728 0.289208 0.342064 329.671962 386.470643
69 70 78 0.656046 0.241753 0.102201 326.910504 380.035479
69 70 78 0.533770 0.271485 0.194745 325.155435 383.549043
69 70 78 0.967235 0.005476 0.027289 317.294224 381.220571
69 70 78 0.046474 0.541097 0.412429 338.619348 388.428157
70 79 78 0.800733 0.069762 0.129506 351.042197 388.278485
70 79 78 0.636389 0.088430 0.275181 345.835941 388.392691
70 79 78 0.863892 0.118455 0.017654 354.322810 385.774552
70 79 78 0.677887 0.216842 0.105270 354.212239 385.079297
70 79 78 0.644456 0.164502 0.191042 347.815175 385.267623
70 79 78 0.827009 0.033839 0.139152 353.832654 383.558242
70 79 78 0.688045 0.224615 0.087340 353.796574 388.866083
70 79 78 0.110513 0.368642 0.520845 337.919467 392.271266
70 79 78 0.380440 0.228624 0.390935 340.515992 393.927268
70 79 78 0.960168 0.021137 0.018694 356.215167 380.143656
70 71 79 0.502771 0.322812 0.174416 366.446731 384.548757
70 71 79 0.216858 0.211232 0.571911 361.054907 390.099103
70 71 79 0.350052 0.501661 0.148287 370.162549 384.217334
70 71 79 0.203421 0.645634 0.150945 379.473331 385.553847
70 71 79 0.906495 0.076976 0.016530 360.195271 381.859146
70 71 79 0.856322 0.001103 0.142575 354.325645 384.297720
70 71 79 0.482144 0.465820 0.052037 373.218881 380.770922
70 71 79 0.716356 0.166591 0.117053 355.921459 382.885425
70 71 79 0.919605 0.015361 0.065035 357.182566 384.559941
70 71 79 0.044417 0.381373 0.574210 367.708963 388.816995
71 80 79 0.025619 0.568665 0.405716 374.374302 399.490481
71 80 79 0.068549 0.616920 0.314531 373.617632 399.562744
71 80 79 0.925418 0.059605 0.014978 391.101061 382.502123
71 80 79 0.952887 0.043370 0.003742 396.492713 383.752977
71 80 79 0.438422 0.537871 0.023707 393.894763 389.751932
71 80 79 0.564616 0.370336 0.065048 389.159865 392.670519
71 80 79 0.238344 0.547296 0.214360 380.248070 393.027718
71 80 79 0.308180 0.483341 0.208479 386.389117 393.340025
71 80 79 0.153277 0.248104 0.598619 367.049009 395.721062
71 80 79 0.538248 0.219566 0.242185 384.908948 389.607794
