0 1 9 0.791846 0.199052 0.009102 113.587664 153.419442
0 1 9 0.751251 0.022655 0.226093 101.148186 152.585637
0 1 9 0.794601 0.111262 0.094136 110.469349 150.992260
0 1 9 0.551213 0.221060 0.227727 112.126674 154.058601
0 1 9 0.740232 0.001298 0.258470 100.368858 154.444715
0 1 9 0.166806 0.669802 0.163392 127.141510 153.718809
0 1 9 0.225541 0.006643 0.767815 96.005320 165.334899
0 1 9 0.757708 0.240220 0.002072 114.174209 152.796579
0 1 9 0.535592 0.083254 0.381154 102.089426 156.665519
0 1 9 0.002303 0.503553 0.494145 116.969219 162.741071
1 10 9 0.506579 0.326196 0.167225 129.954526 159.217268
1 10 9 0.269567 0.072169 0.658264 113.081087 163.186742
1 10 9 0.775764 0.200446 0.023790 136.747320 156.448014
1 10 9 0.856998 0.121227 0.021775 133.532921 148.915751
1 10 9 0.071773 0.839977 0.088250 130.413159 168.305303
1 10 9 0.815062 0.029461 0.155476 132.968892 158.899125
1 10 9 0.863771 0.021160 0.115069 136.696715 153.345684
1 10 9 0.558675 0.060721 0.380603 124.456734 156.805583
1 10 9 0.505564 0.429418 0.065018 136.898849 158.853988
1 10 9 0.846569 0.077378 0.076052 136.127537 150.093277
1 2 10 0.087659 0.782653 0.129688 165.079142 152.698716
1 2 10 0.347550 0.305703 0.346748 145.032725 156.059292
1 2 10 0.457089 0.083496 0.459415 137.005267 162.779819
1 2 10 0.633446 0.264148 0.102406 145.635670 153.086998
1 2 10 0.816240 0.067435 0.116324 144.583795 153.199923
1 2 10 0.554828 0.377455 0.067717 151.447111 153.888960
1 2 10 0.372076 0.083117 0.544807 136.976998 160.152607
1 2 10 0.300854 0.314751 0.384395 144.724662 156.092326
1 2 10 0.680296 0.064939 0.254765 137.331417 155.672840
1 2 10 0.607580 0.313328 0.079092 152.246385 151.405778
2 11 10 0.803130 0.054600 0.142270 163.462519 150.718811
2 11 10 0.746870 0.166852 0.086277 170.530137 153.427500
2 11 10 0.692067 0.144384 0.163548 166.981711 154.902338
2 11 10 0.732673 0.126906 0.140421 164.977353 152.944346
2 11 10 0.010348 0.905879 0.083772 164.318407 168.242099
2 11 10 0.146020 0.475473 0.378507 156.169978 163.288420
2 11 10 0.969878 0.026797 0.003326 173.346682 154.173352
2 11 10 0.818322 0.144046 0.037632 175.239796 151.153256
2 11 10 0.311268 0.612611 0.076121 164.221190 162.381320
2 11 10 0.112944 0.597545 0.289511 161.429170 168.504679
2 3 11 0.545624 0.209506 0.244870 183.216207 150.122634
2 3 11 0.973682 0.024928 0.001390 176.007931 150.072112
2 3 11 0.495346 0.331933 0.172722 187.308543 151.778258
2 3 11 0.717331 0.169209 0.113460 181.147466 146.235182
2 3 11 0.577264 0.072865 0.349871 173.668979 156.310535
2 3 11 0.262412 0.254442 0.483146 180.539250 156.452965
2 3 11 0.298165 0.665236 0.036599 195.504381 145.596193
2 3 11 0.648604 0.225718 0.125678 182.608274 150.941053
2 3 11 0.257277 0.629329 0.113395 197.464209 151.550526
2 3 11 0.347062 0.152706 0.500233 177.834037 161.467036
3 12 11 0.128509 0.347829 0.523662 187.760911 164.171215
3 12 11 0.511884 0.013262 0.474854 191.933687 155.888750
3 12 11 0.564009 0.304566 0.131425 204.372041 158.950887
3 12 11 0.601787 0.375472 0.022741 211.299987 153.033500
3 12 11 0.764638 0.220671 0.014692 211.151259 149.829030
3 12 11 0.696311 0.297143 0.006546 212.038423 154.625008
3 12 11 0.498599 0.239767 0.261634 200.079553 158.360257
3 12 11 0.963410 0.006285 0.030305 208.900358 149.234791
3 12 11 0.273765 0.155103 0.571131 188.182497 159.783087
3 12 11 0.301436 0.275353 0.423211 195.635577 162.427847
3 4 12 0.272552 0.213591 0.513857 217.391213 152.313591
3 4 12 0.021590 0.456208 0.522202 228.507196 156.645181
3 4 12 0.815061 0.165355 0.019584 215.015405 144.496284
3 4 12 0.366380 0.623651 0.009969 231.951199 145.809099
3 4 12 0.036645 0.805406 0.157949 242.337145 147.357560
3 4 12 0.169707 0.610428 0.219865 232.948168 150.455856
3 4 12 0.811862 0.115950 0.072188 215.084151 146.507944
3 4 12 0.238586 0.200474 0.560940 214.252734 157.743028
3 4 12 0.615722 0.064359 0.319919 214.793538 152.826759
3 4 12 0.790241 0.130099 0.079660 214.976930 149.160221
4 13 12 0.607924 0.011276 0.380800 232.263749 153.128092
4 13 12 0.043065 0.401093 0.555842 222.863350 165.024974
4 13 12 0.381782 0.221631 0.396587 234.369849 159.298138
4 13 12 0.814991 0.179775 0.005234 244.639666 148.444866
4 13 12 0.355292 0.135777 0.508931 225.143526 161.169325
4 13 12 0.373939 0.090376 0.535686 228.378417 155.079358
4 13 12 0.890097 0.109822 0.000081 244.945594 147.226426
4 13 12 0.033667 0.280074 0.686259 219.202587 168.586609
4 13 12 0.612451 0.095467 0.292082 232.208184 155.704682
4 13 12 0.650318 0.132876 0.216807 236.551159 156.041865
4 5 13 0.648991 0.002376 0.348633 249.660602 151.718837
4 5 13 0.525261 0.417952 0.056786 263.272374 146.887102
4 5 13 0.501398 0.416198 0.082404 260.189578 147.540671
4 5 13 0.273138 0.554879 0.171983 268.275668 149.158307
4 5 13 0.761925 0.057429 0.180646 247.507075 149.222672
4 5 13 0.277408 0.653319 0.069273 267.739632 145.796768
4 5 13 0.204081 0.391695 0.404225 263.456223 155.667863
4 5 13 0.003995 0.233851 0.762154 255.828553 164.560166
4 5 13 0.306211 0.638253 0.055535 269.442809 146.669599
4 5 13 0.240309 0.585671 0.174020 266.582386 149.689008
5 14 13 0.156420 0.101187 0.742393 255.167926 165.228659
5 14 13 0.102246 0.538390 0.359364 272.198523 162.539359
5 14 13 0.922282 0.020855 0.056864 285.323363 143.091853
5 14 13 0.945292 0.045815 0.008893 286.507728 145.090722
5 14 13 0.451801 0.525027 0.023172 287.056414 153.646130
5 14 13 0.854168 0.047930 0.097901 280.741637 148.829710
5 14 13 0.214476 0.710310 0.075213 282.998537 162.027165
5 14 13 0.381796 0.082750 0.535455 268.459089 161.025645
5 14 13 0.998631 0.000856 0.000513 284.151262 145.084056
5 14 13 0.923775 0.071279 0.004946 281.119480 145.650683
5 6 14 0.075912 0.917852 0.006235 315.871845 145.814932
5 6 14 0.439435 0.500272 0.060293 303.799929 146.589688
5 6 14 0.697805 0.205527 0.096669 291.958565 145.096122
5 6 14 0.759492 0.184707 0.055801 288.771002 148.008985
5 6 14 0.946714 0.043180 0.010106 288.271232 145.403965
5 6 14 0.012619 0.660492 0.326889 312.535233 153.338899
5 6 14 0.916747 0.050540 0.032713 285.823091 142.220731
5 6 14 0.630769 0.362049 0.007181 295.230952 146.508148
5 6 14 0.511206 0.469184 0.019609 300.384673 144.796074
5 6 14 0.249025 0.386819 0.364157 299.633419 153.598687
6 15 14 0.570489 0.126869 0.302642 312.946999 153.048195
6 15 14 0.704186 0.160766 0.135048 317.461774 149.356074
6 15 14 0.950901 0.027377 0.021721 323.565000 144.024548
6 15 14 0.253838 0.322972 0.423190 305.668832 159.551327
6 15 14 0.168454 0.437029 0.394517 308.815546 161.278675
6 15 14 0.260275 0.166637 0.573088 303.957148 160.567652
6 15 14 0.288525 0.544530 0.166945 321.699680 163.239950
6 15 14 0.908777 0.019858 0.071366 320.096412 149.573311
6 15 14 0.530178 0.281490 0.188332 313.974378 155.562053
6 15 14 0.807682 0.191845 0.000472 323.478870 150.935698
6 7 15 0.144918 0.577379 0.277703 344.341007 150.037437
6 7 15 0.814924 0.084116 0.100960 326.985310 148.782973
6 7 15 0.264380 0.444909 0.290711 340.226661 154.315580
6 7 15 0.182457 0.253585 0.563958 333.909547 158.251754
6 7 15 0.535408 0.035897 0.428695 325.811888 154.174123
6 7 15 0.691333 0.258463 0.050204 328.586091 148.376684
6 7 15 0.231697 0.298751 0.469552 334.003152 153.903965
6 7 15 0.425962 0.199300 0.374738 329.159706 153.032222
6 7 15 0.949613 0.018317 0.032070 323.055105 146.524938
6 7 15 0.981534 0.001768 0.016698 322.762726 145.719649
7 16 15 0.606230 0.052941 0.340829 352.122901 158.686012
7 16 15 0.525743 0.410967 0.063290 363.679425 152.688938
7 16 15 0.163416 0.553649 0.282935 354.279694 166.340622
7 16 15 0.885046 0.009575 0.105379 358.623190 146.557823
7 16 15 0.026133 0.760766 0.213101 359.149152 169.526845
7 16 15 0.880415 0.095035 0.024551 356.749312 152.997491
7 16 15 0.514287 0.418452 0.067260 362.197241 157.197990
7 16 15 0.303602 0.253970 0.442428 346.555345 159.665621
7 16 15 0.133600 0.532141 0.334259 351.782397 165.743967
7 16 15 0.708091 0.152154 0.139755 357.524561 152.002129
7 8 16 0.966743 0.015949 0.017308 359.425626 147.480387
7 8 16 0.252834 0.573888 0.173278 384.199200 151.869467
7 8 16 0.500148 0.008156 0.491696 364.719601 151.572216
7 8 16 0.281570 0.529626 0.188803 381.147164 149.496403
7 8 16 0.915024 0.020534 0.064442 363.690036 147.033535
7 8 16 0.847286 0.083477 0.069237 362.834127 144.936940
7 8 16 0.883764 0.077788 0.038448 360.246600 144.379511
7 8 16 0.234618 0.595374 0.170008 384.434326 149.098371
7 8 16 0.786073 0.106890 0.107038 364.150591 151.407817
7 8 16 0.780185 0.111553 0.108262 366.902786 148.165604
8 17 16 0.705399 0.294113 0.000487 398.753969 149.528659
8 17 16 0.330897 0.637315 0.031788 402.362118 156.776919
8 17 16 0.923002 0.072652 0.004346 395.034786 151.030046
8 17 16 0.499305 0.229587 0.271109 393.408565 155.201646
8 17 16 0.942424 0.008519 0.049057 393.479749 147.056031
8 17 16 0.517612 0.195529 0.286859 392.207249 157.280851
8 17 16 0.972150 0.024486 0.003364 397.870673 141.863890
8 17 16 0.754768 0.227462 0.017769 397.853964 153.904361
8 17 16 0.977071 0.001325 0.021604 398.932041 147.839178
8 17 16 0.943148 0.048942 0.007910 400.176207 144.730737
9 10 18 0.096657 0.869504 0.033839 125.929681 167.742564
9 10 18 0.984045 0.005545 0.010410 92.536733 171.747540
9 10 18 0.482911 0.007962 0.509127 92.798203 183.594460
9 10 18 0.844313 0.085654 0.070033 96.467836 173.654888
9 10 18 0.995311 0.002487 0.002202 93.982164 172.021164
9 10 18 0.174434 0.750836 0.074730 123.218093 170.483773
9 10 18 0.368826 0.457452 0.173723 113.694107 174.884480
9 10 18 0.165071 0.759837 0.075092 121.221144 172.915826
9 10 18 0.418992 0.160244 0.420764 95.339816 182.263061
9 10 18 0.265906 0.698980 0.035114 117.103748 169.054199
10 19 18 0.260936 0.094374 0.644690 95.710742 191.383135
10 19 18 0.809986 0.005233 0.184781 121.643368 172.721895
10 19 18 0.239777 0.586368 0.173856 119.076119 195.118026
10 19 18 0.851535 0.120047 0.028418 126.101065 177.232299
10 19 18 0.278951 0.590227 0.130822 118.882990 192.417674
10 19 18 0.015210 0.228009 0.756782 93.086680 199.330574
10 19 18 0.469401 0.212347 0.318252 113.246501 186.367414
10 19 18 0.112221 0.116553 0.771226 96.818168 198.778346
10 19 18 0.934510 0.049771 0.015718 129.625652 171.121576
10 19 18 0.619501 0.147698 0.232801 122.326975 178.762052
10 11 19 0.596545 0.268572 0.134883 143.179775 176.566802
10 11 19 0.311823 0.546220 0.141957 147.802799 174.975735
10 11 19 0.537668 0.021821 0.440511 125.198353 183.408415
10 11 19 0.383034 0.511256 0.105711 151.326440 171.507747
10 11 19 0.380003 0.444134 0.175863 144.612957 173.039440
10 11 19 0.613317 0.042752 0.343931 127.092873 179.302475
10 11 19 0.081855 0.027210 0.890935 122.731495 199.873867
10 11 19 0.834621 0.073546 0.091833 132.716427 171.755917
10 11 19 0.896787 0.002938 0.100275 136.049199 172.685211
10 11 19 0.140436 0.520702 0.338862 148.678316 182.467910
11 20 19 0.557272 0.341796 0.100932 162.753212 177.060719
11 20 19 0.621245 0.242968 0.135788 162.336396 177.900846
11 20 19 0.775514 0.026129 0.198357 158.694124 173.765027
11 20 19 0.384693 0.479695 0.135612 161.698575 184.564802
11 20 19 0.467819 0.427781 0.104401 159.628760 186.795125
11 20 19 0.388872 0.551473 0.059655 162.048883 188.252219
11 20 19 0.515945 0.126480 0.357574 147.534068 184.131119
11 20 19 0.553699 0.057050 0.389251 148.084212 183.896308
11 20 19 0.784350 0.034862 0.180788 159.310416 171.622743
11 20 19 0.323139 0.253004 0.423857 149.482310 189.866681
11 12 20 0.493184 0.291577 0.215240 180.603923 178.176131
11 12 20 0.654136 0.174558 0.171306 176.889458 170.721683
11 12 20 0.855688 0.020463 0.123850 166.208496 173.362832
11 12 20 0.151005 0.141809 0.707186 172.306783 192.617453
11 12 20 0.965502 0.033946 0.000552 169.066975 166.822964
11 12 20 0.607963 0.251608 0.140428 180.071257 173.514366
11 12 20 0.206482 0.489260 0.304258 183.727940 176.932540
11 12 20 0.469301 0.149770 0.380929 176.670429 182.181744
11 12 20 0.193332 0.629896 0.176772 194.571473 171.903792
11 12 20 0.497188 0.119058 0.383754 172.282723 181.008128
12 21 20 0.301677 0.436903 0.261420 192.673899 187.103508
12 21 20 0.508375 0.186965 0.304659 195.107205 184.831045
12 21 20 0.005871 0.360993 0.633136 177.095929 202.210403
12 21 20 0.866578 0.032670 0.100751 202.057899 171.596680
12 21 20 0.197260 0.453540 0.349200 190.821052 196.646946
12 21 20 0.806184 0.058711 0.135105 201.995438 172.684896
12 21 20 0.134232 0.261376 0.604392 177.544027 191.702737
12 21 20 0.393107 0.192767 0.414126 188.141473 187.666113
12 21 20 0.701209 0.218235 0.080557 207.166939 175.124694
12 21 20 0.036304 0.830697 0.132999 195.910400 204.853601
12 13 21 0.839583 0.041760 0.118657 211.772825 166.902589
12 13 21 0.073218 0.077883 0.848899 205.315745 196.566939
12 13 21 0.361389 0.068468 0.570143 209.629387 184.051833
12 13 21 0.137374 0.104061 0.758565 207.057061 187.816415
12 13 21 0.585714 0.036899 0.377387 209.216686 179.805097
12 13 21 0.841658 0.131251 0.027091 214.102941 166.196696
12 13 21 0.153260 0.311904 0.534836 217.153602 184.954237
12 13 21 0.726117 0.170704 0.103179 212.566918 172.074737
12 13 21 0.698098 0.283132 0.018770 220.052952 167.692193
12 13 21 0.550538 0.350555 0.098908 219.140073 171.453558
13 22 21 0.296444 0.515089 0.188468 236.716196 191.909761
13 22 21 0.302099 0.189816 0.508085 221.702300 190.570754
13 22 21 0.761626 0.075017 0.163357 237.264100 174.631641
13 22 21 0.954281 0.017511 0.028208 242.327945 174.607748
13 22 21 0.194680 0.324875 0.480446 225.896400 194.639750
13 22 21 0.703410 0.110725 0.185865 233.064954 175.820646
13 22 21 0.195483 0.721855 0.082661 242.821510 193.640430
13 22 21 0.201393 0.652325 0.146283 239.555986 196.836132
13 22 21 0.349767 0.439546 0.210687 237.725970 187.306847
13 22 21 0.052820 0.170843 0.776337 213.140990 199.326552
13 14 22 0.897139 0.059782 0.043079 249.819717 168.699326
13 14 22 0.716573 0.177488 0.105939 254.341039 173.848733
13 14 22 0.553571 0.361389 0.085040 264.637350 169.215351
13 14 22 0.384360 0.239973 0.375667 251.663760 177.459141
13 14 22 0.821723 0.079592 0.098685 249.756954 168.682134
13 14 22 0.582384 0.221459 0.196157 251.749084 172.826150
13 14 22 0.129903 0.523389 0.346708 267.820107 176.269923
13 14 22 0.703891 0.164508 0.131601 253.363047 175.273791
13 14 22 0.204092 0.695409 0.100499 275.950619 172.715030
13 14 22 0.880573 0.011487 0.107941 251.022649 172.472197
14 23 22 0.156964 0.347213 0.495823 266.557681 197.982360
14 23 22 0.026512 0.218131 0.755357 254.875500 201.958000
14 23 22 0.952281 0.013233 0.034486 285.729134 167.569007
14 23 22 0.429997 0.523539 0.046464 289.193520 187.247111
14 23 22 0.824236 0.017661 0.158103 280.524454 173.450259
14 23 22 0.123024 0.433687 0.443289 270.627228 195.807918
14 23 22 0.338413 0.333742 0.327845 273.107290 189.685268
14 23 22 0.540225 0.442274 0.017501 285.281488 179.859231
14 23 22 0.161877 0.550878 0.287245 276.107419 196.547623
14 23 22 0.686684 0.305885 0.007431 288.611814 178.626253
14 15 23 0.165145 0.602605 0.232250 311.174040 172.518401
14 15 23 0.441482 0.100861 0.457657 292.906511 182.511825
14 15 23 0.624428 0.338942 0.036630 300.257896 168.057895
14 15 23 0.999014 0.000460 0.000526 288.555387 171.385626
14 15 23 0.561081 0.406526 0.032394 304.414711 167.261944
14 15 23 0.665801 0.065281 0.268919 288.099073 177.625172
14 15 23 0.848791 0.022829 0.128381 290.520580 172.929687
14 15 23 0.304320 0.503052 0.192628 307.473028 176.594725
14 15 23 0.422170 0.438044 0.139786 302.906304 170.624616
14 15 23 0.237587 0.420083 0.342330 304.611504 180.361673
15 24 23 0.708018 0.024831 0.267152 320.828231 176.417765
15 24 23 0.003374 0.034500 0.962126 289.265823 200.784103
15 24 23 0.680969 0.086753 0.232278 316.533507 174.920614
15 24 23 0.600994 0.155088 0.243918 318.984491 179.117662
15 24 23 0.511244 0.127838 0.360918 313.433110 183.242908
15 24 23 0.914913 0.024323 0.060764 324.423049 169.857254
15 24 23 0.953854 0.011873 0.034273 326.685911 168.741625
15 24 23 0.946480 0.008333 0.045187 331.118237 166.122820
15 24 23 0.842806 0.156721 0.000473 327.736101 176.918940
15 24 23 0.309948 0.594644 0.095409 320.738617 191.066227
15 16 24 0.917461 0.004445 0.078094 326.123596 166.669078
15 16 24 0.354077 0.607694 0.038229 356.378459 168.847465
15 16 24 0.084402 0.381760 0.533838 343.606017 183.363718
15 16 24 0.558629 0.076010 0.365361 330.935693 179.086040
15 16 24 0.736950 0.231837 0.031214 335.899769 168.777039
15 16 24 0.447215 0.310154 0.242631 338.603644 179.248508
15 16 24 0.259522 0.218206 0.522272 337.983421 182.918512
15 16 24 0.686147 0.008533 0.305320 325.220417 177.218301
15 16 24 0.976471 0.011592 0.011937 326.034324 168.417317
15 16 24 0.264427 0.119746 0.615827 329.772173 185.991414
16 25 24 0.332577 0.208321 0.459102 350.540640 185.984461
16 25 24 0.349583 0.019997 0.630420 341.228018 190.002143
16 25 24 0.367200 0.414440 0.218360 357.137581 185.893434
16 25 24 0.104668 0.299051 0.596281 345.340606 195.462959
16 25 24 0.605111 0.002326 0.392563 352.190475 181.004188
16 25 24 0.305060 0.167176 0.527764 350.000013 190.240579
16 25 24 0.080399 0.655032 0.264568 359.917444 200.321892
16 25 24 0.109550 0.183647 0.706802 341.857870 197.869917
16 25 24 0.269634 0.259162 0.471204 348.364611 191.962011
16 25 24 0.099224 0.048029 0.852746 332.902394 197.011294
16 17 25 0.181754 0.058298 0.759948 369.712317 190.847097
16 17 25 0.460282 0.301195 0.238523 377.787707 175.406941
16 17 25 0.527882 0.142621 0.329497 375.974913 173.598451
16 17 25 0.740568 0.185004 0.074429 373.391465 167.838985
16 17 25 0.089895 0.197181 0.712924 374.369302 190.822227
16 17 25 0.078133 0.612560 0.309307 390.846565 178.433113
16 17 25 0.497643 0.000149 0.502208 369.249132 185.291153
16 17 25 0.002740 0.053900 0.943360 372.562985 198.465144
16 17 25 0.666040 0.034800 0.299160 371.733561 178.198735
16 17 25 0.912533 0.073775 0.013692 372.104025 168.234117
17 26 25 0.380762 0.055265 0.563973 387.210417 184.904886
17 26 25 0.959422 0.018565 0.022013 406.399349 170.167068
17 26 25 0.756220 0.192278 0.051502 403.885803 175.038090
17 26 25 0.854510 0.139792 0.005698 407.750608 172.133729
17 26 25 0.516340 0.478423 0.005237 409.370771 181.951745
17 26 25 0.123568 0.560774 0.315658 401.418637 193.764745
17 26 25 0.050710 0.473250 0.476039 394.931355 201.140131
17 26 25 0.221905 0.185946 0.592149 384.523300 192.188730
17 26 25 0.662185 0.202657 0.135158 401.676400 175.384991
17 26 25 0.282938 0.366591 0.350471 398.588474 189.225666
18 19 27 0.996723 0.001890 0.001387 82.060966 201.671232
18 19 27 0.018337 0.419549 0.562115 94.011726 223.700922
18 19 27 0.578647 0.215984 0.205369 88.782182 212.878750
18 19 27 0.266863 0.568096 0.165042 106.463217 205.636180
18 19 27 0.558422 0.334715 0.106863 93.243392 206.199281
18 19 27 0.987064 0.012788 0.000148 81.962732 200.380527
18 19 27 0.927082 0.049429 0.023489 86.542851 205.078794
18 19 27 0.134388 0.727340 0.138272 110.089848 205.163055
18 19 27 0.247641 0.566859 0.185500 104.038238 209.672854
18 19 27 0.360491 0.452154 0.187355 98.454980 207.569739
19 28 27 0.401281 0.584794 0.013925 118.268023 224.774470
19 28 27 0.920990 0.069845 0.009165 121.058917 201.004836
19 28 27 0.776829 0.142834 0.080337 116.644884 210.812216
19 28 27 0.806946 0.014440 0.178614 111.114424 210.695136
19 28 27 0.292337 0.464487 0.243176 106.635234 231.224578
19 28 27 0.224373 0.611868 0.163759 113.688867 232.357523
19 28 27 0.966564 0.016461 0.016975 120.411641 203.672951
19 28 27 0.124821 0.433060 0.442119 101.517815 235.296047
19 28 27 0.018392 0.573925 0.407683 101.217763 241.479382
19 28 27 0.522645 0.204053 0.273302 105.968333 222.010555
19 20 28 0.871208 0.060156 0.068637 123.886171 201.317015
19 20 28 0.816681 0.074803 0.108516 125.409942 203.979221
19 20 28 0.128399 0.574822 0.296778 143.373907 212.886749
19 20 28 0.416594 0.360571 0.222835 135.162963 209.369262
19 20 28 0.266835 0.581053 0.152112 150.285606 210.136314
19 20 28 0.659683 0.105262 0.235055 125.123268 210.603384
19 20 28 0.109514 0.621730 0.268756 141.601074 214.272236
19 20 28 0.492265 0.360828 0.146906 133.864281 207.390854
19 20 28 0.519568 0.298532 0.181900 132.054383 208.325964
19 20 28 0.507647 0.085373 0.406980 125.367105 220.036295
20 29 28 0.055676 0.610642 0.333682 146.975494 238.580425
20 29 28 0.568972 0.165174 0.265854 153.227746 217.006582
20 29 28 0.626012 0.285758 0.088230 158.329149 215.764656
20 29 28 0.052567 0.299388 0.648045 131.051499 234.809324
20 29 28 0.349436 0.052170 0.598394 135.792971 229.151503
20 29 28 0.447600 0.428776 0.123624 156.200972 225.296780
20 29 28 0.131706 0.139503 0.728791 130.037438 235.273116
20 29 28 0.727654 0.051239 0.221107 149.363837 213.024369
20 29 28 0.629806 0.234531 0.135664 156.440022 216.957909
20 29 28 0.567960 0.092146 0.339895 148.408365 217.777311
20 21 29 0.643633 0.238114 0.118253 175.186725 210.094339
20 21 29 0.309721 0.108540 0.581740 163.528489 226.818361
20 21 29 0.585936 0.154765 0.259299 169.873403 211.033019
20 21 29 0.649490 0.026814 0.323697 162.917968 214.870918
20 21 29 0.227787 0.055550 0.716662 161.480976 229.653370
20 21 29 0.245703 0.535230 0.219068 180.067637 205.456847
20 21 29 0.540462 0.362796 0.096742 175.229247 204.067945
20 21 29 0.061097 0.623819 0.315083 188.923290 213.030438
20 21 29 0.840100 0.000455 0.159445 165.172808 210.366434
20 21 29 0.911421 0.061107 0.027472 162.247730 198.110126
21 30 29 0.938593 0.022424 0.038984 201.474922 202.950966
21 30 29 0.964841 0.025403 0.009756 201.612233 202.406859
21 30 29 0.079807 0.055823 0.864370 165.752506 235.669103
21 30 29 0.641161 0.048586 0.310254 186.910863 217.451864
21 30 29 0.628590 0.294412 0.076998 197.487011 215.554639
21 30 29 0.615278 0.059052 0.325671 190.263115 213.893524
21 30 29 0.743397 0.134440 0.122163 194.071558 215.525766
21 30 29 0.706108 0.276440 0.017452 199.705107 211.585901
21 30 29 0.674431 0.251987 0.073582 199.787220 217.834301
21 30 29 0.102081 0.440682 0.457237 185.122647 238.099200
21 22 30 0.184482 0.673773 0.141744 227.921702 205.221825
21 22 30 0.974324 0.021517 0.004159 203.048606 204.882083
21 22 30 0.793776 0.138487 0.067737 206.065101 201.712717
21 22 30 0.024935 0.921260 0.053806 239.467147 201.368231
21 22 30 0.899190 0.069369 0.031441 202.149734 205.583491
21 22 30 0.233097 0.130146 0.636758 208.163795 224.759435
21 22 30 0.235088 0.390528 0.374385 219.644489 216.294927
21 22 30 0.803145 0.190219 0.006636 209.367238 200.280826
21 22 30 0.000095 0.462262 0.537643 223.755801 223.056902
21 22 30 0.555329 0.042273 0.402398 204.081346 217.062864
22 31 30 0.837846 0.010445 0.151709 235.476103 208.193921
22 31 30 0.799788 0.044674 0.155538 236.684328 210.277396
22 31 30 0.206509 0.486926 0.306565 229.354593 229.107657
22 31 30 0.319926 0.455715 0.224359 235.911384 228.528203
22 31 30 0.300634 0.471347 0.228019 232.445417 229.977301
22 31 30 0.073079 0.353946 0.572975 215.914985 240.452124
22 31 30 0.882741 0.005857 0.111402 236.596208 202.236896
22 31 30 0.545234 0.223833 0.230933 236.752454 221.871756
22 31 30 0.356401 0.183598 0.460001 224.005279 227.707170
22 31 30 0.149701 0.821423 0.028875 244.900147 234.371078
22 23 31 0.857567 0.006693 0.135740 244.110578 205.446716
22 23 31 0.217191 0.346286 0.436523 257.266363 214.992581
22 23 31 0.968655 0.010158 0.021188 242.080808 198.963687
22 23 31 0.674726 0.231768 0.093506 253.194101 202.302584
22 23 31 0.247462 0.600341 0.152196 271.732637 208.317741
22 23 31 0.035068 0.364112 0.600820 261.707286 224.040215
22 23 31 0.986659 0.011419 0.001922 246.444078 195.695678
22 23 31 0.570433 0.022485 0.407082 242.780719 217.093546
22 23 31 0.689727 0.048309 0.261964 247.940547 209.985869
22 23 31 0.153741 0.817648 0.028610 278.562423 205.511022
23 32 31 0.131470 0.174783 0.693747 257.653155 236.427154
23 32 31 0.895931 0.003481 0.100588 281.833501 203.531512
23 32 31 0.708723 0.144487 0.146790 284.478205 208.664754
23 32 31 0.104619 0.404613 0.490768 264.755095 238.368127
23 32 31 0.568483 0.422397 0.009120 288.708820 217.796101
23 32 31 0.847936 0.147431 0.004633 285.504936 204.651171
23 32 31 0.925783 0.030613 0.043603 287.289020 204.641403
23 32 31 0.020439 0.492325 0.487235 267.608453 238.677752
23 32 31 0.710541 0.110536 0.178923 282.804307 211.356218
23 32 31 0.853769 0.071149 0.075082 285.404370 205.101909
23 24 32 0.148257 0.372713 0.479030 301.798666 219.049610
23 24 32 0.971042 0.002325 0.026633 289.135662 202.555144
23 24 32 0.949026 0.009785 0.041190 286.197858 202.319271
23 24 32 0.405672 0.334466 0.259862 300.436134 211.396255
23 24 32 0.789169 0.194995 0.015836 296.386564 206.825193
23 24 32 0.633732 0.305864 0.060403 300.443386 205.397381
23 24 32 0.770417 0.052646 0.176937 289.319563 208.498274
23 24 32 0.450669 0.147085 0.402246 288.751666 214.488993
23 24 32 0.804753 0.066760 0.128487 289.001665 206.030945
23 24 32 0.332568 0.660527 0.006905 317.616639 199.877266
24 33 32 0.086371 0.704334 0.209296 323.390134 236.903752
24 33 32 0.856493 0.045369 0.098138 320.615082 204.938126
24 33 32 0.267656 0.323017 0.409327 310.702280 233.015345
24 33 32 0.897431 0.009234 0.093335 325.950552 204.008370
24 33 32 0.356800 0.488651 0.154550 319.411985 224.582216
24 33 32 0.294719 0.091243 0.614038 305.425680 229.262831
24 33 32 0.503489 0.214248 0.282263 316.508481 221.157138
24 33 32 0.245990 0.616139 0.137871 322.497819 230.045236
24 33 32 0.455821 0.464023 0.080156 323.595682 221.627147
24 33 32 0.964865 0.013490 0.021644 324.107813 198.952272
24 25 33 0.245567 0.343876 0.410557 344.166582 217.911140
24 25 33 0.086675 0.312214 0.601112 340.401972 224.951192
24 25 33 0.269657 0.649295 0.081047 353.843983 200.374465
24 25 33 0.403512 0.578555 0.017933 352.690705 200.302489
24 25 33 0.541593 0.360717 0.097690 341.963623 204.337741
24 25 33 0.534262 0.037342 0.428396 332.355599 215.908155
24 25 33 0.747120 0.164433 0.088448 334.722322 203.862734
24 25 33 0.001196 0.542552 0.456252 353.275803 216.795281
24 25 33 0.664712 0.216610 0.118678 337.920307 203.862842
24 25 33 0.099970 0.565345 0.334684 352.492567 214.022112
25 34 33 0.133215 0.621390 0.245396 362.695574 232.025775
25 34 33 0.709208 0.185118 0.105674 364.209406 211.777907
25 34 33 0.107482 0.850384 0.042133 369.352313 238.338187
25 34 33 0.974212 0.018406 0.007382 369.841947 198.875147
25 34 33 0.235800 0.374019 0.390181 357.072979 229.622587
25 34 33 0.555523 0.183174 0.261303 358.545128 216.451394
25 34 33 0.367148 0.278995 0.353857 358.367992 224.915109
25 34 33 0.185407 0.162150 0.652443 346.040997 230.488352
25 34 33 0.179944 0.087042 0.733014 343.307260 228.801606
25 34 33 0.478541 0.286798 0.234660 362.329871 222.949408
25 26 34 0.736701 0.122307 0.140992 378.821612 205.656152
25 26 34 0.956077 0.043846 0.000077 370.542676 203.849067
25 26 34 0.890778 0.041197 0.068026 371.680063 204.514202
25 26 34 0.373679 0.378312 0.248009 388.353175 207.126653
25 26 34 0.566277 0.082322 0.351401 375.291483 212.605712
25 26 34 0.564384 0.226499 0.209116 382.150422 210.859809
25 26 34 0.836172 0.140699 0.023128 377.739402 203.372533
25 26 34 0.349067 0.372847 0.278086 387.260193 203.783730
25 26 34 0.474174 0.384470 0.141356 386.255705 202.332521
25 26 34 0.562142 0.232842 0.205016 379.593851 209.451425
26 35 34 0.090573 0.073189 0.836238 379.726363 238.939652
26 35 34 0.584900 0.304145 0.110955 414.708282 212.665642
26 35 34 0.733360 0.076588 0.190051 409.765388 207.818172
26 35 34 0.328189 0.534062 0.137749 409.522397 227.472851
26 35 34 0.588506 0.280133 0.131361 409.953695 215.894316
26 35 34 0.059413 0.007312 0.933275 375.108251 241.350387
26 35 34 0.949699 0.037083 0.013218 416.440088 201.792407
26 35 34 0.930732 0.001219 0.068050 411.158623 203.428652
26 35 34 0.576144 0.404564 0.019292 412.044064 214.781041
26 35 34 0.861367 0.012541 0.126092 413.425105 206.577976
27 28 36 0.058279 0.348122 0.593600 94.512306 267.891580
27 28 36 0.265085 0.600641 0.134274 103.596040 244.783275
27 28 36 0.327877 0.547938 0.124185 102.988381 246.694658
27 28 36 0.828953 0.161049 0.009998 83.054248 240.299680
27 28 36 0.457786 0.001286 0.540928 78.134358 265.313727
27 28 36 0.073009 0.345157 0.581834 94.375680 266.940644
27 28 36 0.753509 0.195774 0.050717 86.825549 244.077765
27 28 36 0.629681 0.323660 0.046660 92.793288 243.106843
27 28 36 0.671749 0.194600 0.133651 85.740640 250.486339
27 28 36 0.588533 0.050639 0.360828 77.640775 259.619046
28 37 36 0.963417 0.015725 0.020859 117.231145 246.636968
28 37 36 0.066597 0.521363 0.412039 107.227564 282.021567
28 37 36 0.068108 0.358758 0.573135 100.143072 280.566332
28 37 36 0.374841 0.414852 0.210306 109.941982 269.256387
28 37 36 0.480009 0.149464 0.370527 103.791515 266.832567
28 37 36 0.128619 0.671743 0.199638 110.243438 277.409164
28 37 36 0.903317 0.087029 0.009654 120.341138 245.620774
28 37 36 0.232079 0.250511 0.517410 99.791342 272.840825
28 37 36 0.097716 0.165672 0.736612 88.496519 276.842857
28 37 36 0.108142 0.106394 0.785465 86.807595 277.509960
28 29 37 0.255530 0.657549 0.086921 144.772242 243.352849
28 29 37 0.352536 0.161400 0.486065 129.300712 260.080320
28 29 37 0.548983 0.400737 0.050280 135.200445 244.703485
28 29 37 0.048501 0.775137 0.176362 149.553968 246.195387
28 29 37 0.990355 0.000459 0.009186 121.263573 246.484669
28 29 37 0.257387 0.472632 0.269980 140.230154 250.409094
28 29 37 0.123645 0.434435 0.441920 135.540625 259.520109
28 29 37 0.890674 0.088252 0.021074 124.399088 242.357969
28 29 37 0.380247 0.430488 0.189265 139.202328 256.295135
28 29 37 0.238848 0.749538 0.011614 148.682166 243.747203
29 38 37 0.134227 0.597014 0.268759 146.259460 278.525494
29 38 37 0.119280 0.696251 0.184469 151.667530 277.512842
29 38 37 0.992278 0.003136 0.004586 159.390777 238.963785
29 38 37 0.385817 0.469492 0.144690 153.240003 271.909184
29 38 37 0.358906 0.129654 0.511439 138.790189 267.281127
29 38 37 0.031624 0.056568 0.911808 125.950827 282.693001
29 38 37 0.377099 0.485629 0.137272 157.228521 264.445804
29 38 37 0.886698 0.026398 0.086904 154.419203 243.002012
29 38 37 0.511978 0.002190 0.485832 141.200987 264.578010
29 38 37 0.724285 0.083923 0.191792 156.057554 250.269239
29 30 38 0.012863 0.769041 0.218096 191.259654 250.244396
29 30 38 0.173607 0.546145 0.280248 180.688050 256.465563
29 30 38 0.762207 0.127523 0.110271 160.837852 248.430748
29 30 38 0.573281 0.006812 0.419907 160.780789 260.757862
29 30 38 0.709100 0.204346 0.086554 168.651378 244.877852
29 30 38 0.702735 0.199407 0.097858 167.170510 244.760559
29 30 38 0.773419 0.033546 0.193034 165.365844 248.528199
29 30 38 0.866312 0.017667 0.116021 159.952276 247.151285
29 30 38 0.790994 0.145024 0.063981 166.532770 243.027287
29 30 38 0.723544 0.259703 0.016753 173.741685 242.646332
30 39 38 0.231247 0.246919 0.521834 175.623599 273.193269
30 39 38 0.466568 0.293813 0.239619 188.246446 265.003156
30 39 38 0.729577 0.268704 0.001720 202.575780 254.851642
30 39 38 0.109317 0.145847 0.744836 170.163971 276.045662
30 39 38 0.048217 0.289495 0.662288 172.591190 282.760426
30 39 38 0.924821 0.038121 0.037059 198.223122 244.728748
30 39 38 0.931507 0.051986 0.016506 198.463236 243.935202
30 39 38 0.423035 0.476386 0.100579 197.338751 265.064243
30 39 38 0.557911 0.000138 0.441951 183.545513 259.111107
30 39 38 0.985895 0.009369 0.004736 200.670494 240.721589
30 31 39 0.506841 0.315938 0.177221 219.006617 249.903473
30 31 39 0.645703 0.179039 0.175258 207.502357 250.137841
30 31 39 0.006305 0.063307 0.930388 205.914076 280.107729
30 31 39 0.669474 0.201352 0.129174 211.290593 244.812979
30 31 39 0.404234 0.468259 0.127507 221.429917 249.594088
30 31 39 0.983051 0.015763 0.001186 202.092363 242.447639
30 31 39 0.193802 0.803734 0.002463 233.607713 237.992290
30 31 39 0.852005 0.078907 0.069088 207.606428 245.188470
30 31 39 0.892950 0.026478 0.080572 202.076818 244.725082
30 31 39 0.205730 0.035328 0.758942 208.144139 276.161412
31 40 39 0.932215 0.005229 0.062556 241.424159 240.214324
31 40 39 0.084561 0.199962 0.715478 215.352764 282.662781
31 40 39 0.231653 0.110789 0.657558 213.605898 274.096191
31 40 39 0.060949 0.112835 0.826215 205.982860 280.749288
31 40 39 0.757669 0.106540 0.135792 237.191894 252.124387
31 40 39 0.166243 0.050606 0.783151 210.730569 274.432874
31 40 39 0.969980 0.004062 0.025958 240.633761 244.331967
31 40 39 0.514990 0.415927 0.069084 238.607354 261.446987
31 40 39 0.876949 0.042380 0.080670 241.353251 244.718146
31 40 39 0.223133 0.697873 0.078994 241.189494 275.221237
31 32 40 0.199071 0.479197 0.321732 263.679423 257.403078
31 32 40 0.279135 0.216254 0.504611 250.848902 261.485249
31 32 40 0.271449 0.005544 0.723007 243.313528 269.097217
31 32 40 0.468097 0.043843 0.488060 246.101125 260.819299
31 32 40 0.663048 0.047985 0.288966 245.952640 255.026747
31 32 40 0.615695 0.194116 0.190189 250.762889 251.028335
31 32 40 0.778347 0.111190 0.110463 253.077484 243.288993
31 32 40 0.126010 0.743260 0.130730 276.803480 246.704034
31 32 40 0.067249 0.561409 0.371342 268.294452 255.065250
31 32 40 0.308586 0.196236 0.495178 254.389378 262.813785
32 41 40 0.304649 0.638413 0.056938 280.737516 268.281838
32 41 40 0.193973 0.663697 0.142330 282.264580 274.399610
32 41 40 0.904695 0.083984 0.011320 282.709055 244.185306
32 41 40 0.480233 0.187731 0.332037 273.644417 261.996094
32 41 40 0.337510 0.596666 0.065823 282.969654 271.535699
32 41 40 0.028214 0.012953 0.958833 243.880722 284.844442
32 41 40 0.274285 0.172155 0.553560 263.080528 273.294790
32 41 40 0.080459 0.289887 0.629654 257.433574 279.335393
32 41 40 0.945345 0.040700 0.013955 284.954800 242.724127
32 41 40 0.994600 0.001423 0.003977 286.716252 242.841885
32 33 41 0.771091 0.102710 0.126199 293.133606 244.431228
32 33 41 0.285295 0.651544 0.063161 317.204683 245.998601
32 33 41 0.970241 0.023978 0.005781 287.711713 240.703829
32 33 41 0.885542 0.102161 0.012298 288.412794 239.092908
32 33 41 0.633694 0.164110 0.202195 293.736447 248.351972
32 33 41 0.708944 0.267823 0.023233 295.283641 243.293877
32 33 41 0.642123 0.042062 0.315815 285.633879 253.216102
32 33 41 0.796692 0.148450 0.054858 292.606180 241.999170
32 33 41 0.119829 0.555388 0.324783 312.189816 254.210227
32 33 41 0.682241 0.146477 0.171282 291.573480 246.634985
33 42 41 0.809371 0.083943 0.106687 324.752106 248.574236
33 42 41 0.438752 0.221722 0.339526 314.721307 262.919381
33 42 41 0.499465 0.243098 0.257437 315.028871 260.951824
33 42 41 0.323587 0.046702 0.629711 302.886280 270.156820
33 42 41 0.933891 0.030614 0.035495 330.901399 240.993677
33 42 41 0.973276 0.024369 0.002355 327.193204 244.536415
33 42 41 0.764634 0.162114 0.073252 322.303292 249.212735
33 42 41 0.353253 0.260942 0.385804 315.439130 266.259376
33 42 41 0.759629 0.203150 0.037221 325.904730 244.993478
33 42 41 0.877984 0.008633 0.113383 326.240314 240.695763
33 34 42 0.648317 0.110168 0.241515 336.241807 244.980041
33 34 42 0.118495 0.605495 0.276010 356.948137 250.516762
33 34 42 0.148639 0.078506 0.772855 331.329212 271.766091
33 34 42 0.648989 0.330510 0.020501 343.328980 241.304614
33 34 42 0.680985 0.152632 0.166382 337.529507 244.388533
33 34 42 0.370732 0.611796 0.017472 355.211655 241.877449
33 34 42 0.154465 0.446713 0.398822 346.668533 260.217075
33 34 42 0.582203 0.042273 0.375525 332.629846 255.079282
33 34 42 0.954617 0.014988 0.030395 329.873406 242.315423
33 34 42 0.055899 0.580795 0.363306 355.024513 256.815990
34 43 42 0.646067 0.038085 0.315849 360.363364 251.889459
34 43 42 0.813304 0.128279 0.058417 371.366129 247.403944
34 43 42 0.436546 0.073412 0.490042 354.620121 264.637605
34 43 42 0.817295 0.076633 0.106072 369.242457 248.568203
34 43 42 0.523986 0.144017 0.331997 359.263641 262.842545
34 43 42 0.350017 0.512643 0.137340 368.912997 267.391080
34 43 42 0.802496 0.045775 0.151729 368.433754 250.803603
34 43 42 0.213717 0.157759 0.628524 342.121160 273.872242
34 43 42 0.590183 0.245933 0.163884 367.433324 257.290644
34 43 42 0.193920 0.244153 0.561927 348.054300 276.652873
34 35 43 0.534748 0.163197 0.302055 381.419113 251.078757
34 35 43 0.164325 0.651206 0.184469 404.347740 248.208679
34 35 43 0.279077 0.068090 0.652834 375.240580 267.569786
34 35 43 0.337445 0.211128 0.451428 383.346347 258.834966
34 35 43 0.655391 0.273389 0.071220 385.741710 240.298922
34 35 43 0.255176 0.005726 0.739097 372.882293 271.931581
34 35 43 0.827312 0.068827 0.103861 376.721680 241.910544
34 35 43 0.630575 0.222670 0.146755 380.129766 249.501992
34 35 43 0.112825 0.545806 0.341369 395.883931 251.878835
34 35 43 0.889100 0.032228 0.078673 376.444284 246.251056
35 44 43 0.659167 0.167607 0.173226 407.585385 253.544794
35 44 43 0.083385 0.222110 0.694505 384.988189 278.811207
35 44 43 0.566325 0.117958 0.315716 398.668730 258.428307
35 44 43 0.388287 0.084212 0.527501 393.540593 268.184461
35 44 43 0.857654 0.138452 0.003894 415.408069 245.484617
35 44 43 0.378835 0.533019 0.088146 413.774435 270.305704
35 44 43 0.623332 0.016938 0.359730 402.551678 258.717711
35 44 43 0.631514 0.163630 0.204855 408.845907 256.634239
35 44 43 0.244464 0.015511 0.740024 387.606228 272.717394
35 44 43 0.472715 0.269420 0.257866 406.985548 260.377014
36 37 45 0.371699 0.438676 0.189625 99.676356 286.987263
36 37 45 0.410178 0.483032 0.106790 96.784965 286.407429
36 37 45 0.781906 0.040229 0.177865 83.418295 288.614640
36 37 45 0.340997 0.564001 0.095003 101.170259 281.853692
36 37 45 0.701018 0.173254 0.125729 87.127124 285.912059
36 37 45 0.131898 0.700759 0.167343 109.846874 290.692908
36 37 45 0.977201 0.017891 0.004909 80.411258 281.466157
36 37 45 0.106045 0.124568 0.769387 89.710069 307.565985
36 37 45 0.082683 0.851525 0.065792 114.695266 282.038119
36 37 45 0.424696 0.047040 0.528263 85.447476 303.429116
37 46 45 0.715730 0.009378 0.274892 110.899494 294.712408
37 46 45 0.580072 0.178610 0.241317 113.858242 297.801656
37 46 45 0.923048 0.024701 0.052251 118.142587 283.763872
37 46 45 0.809098 0.141658 0.049245 120.277247 288.972912
37 46 45 0.088029 0.869117 0.042854 124.510971 312.148337
37 46 45 0.793203 0.056521 0.150275 119.216739 287.083921
37 46 45 0.410806 0.448401 0.140794 115.480469 305.834582
37 46 45 0.227181 0.675176 0.097643 119.790204 309.948189
37 46 45 0.048332 0.221494 0.730174 97.145073 315.617136
37 46 45 0.749886 0.174340 0.075775 124.717173 291.496162
37 38 46 0.253080 0.612801 0.134119 143.050779 288.133325
37 38 46 0.486195 0.249618 0.264187 130.934603 292.867628
37 38 46 0.709505 0.024400 0.266096 121.782391 291.731718
37 38 46 0.077749 0.161759 0.760493 132.382101 313.412230
37 38 46 0.769875 0.090936 0.139189 124.805871 289.232435
37 38 46 0.461982 0.003761 0.534258 121.083690 301.170645
37 38 46 0.124765 0.013019 0.862216 120.344752 315.395377
37 38 46 0.723720 0.061504 0.214776 122.937214 293.618372
37 38 46 0.728832 0.252225 0.018943 132.776070 282.327033
37 38 46 0.881750 0.089325 0.028925 125.961469 282.116497
38 47 46 0.471078 0.050961 0.477961 145.088552 304.083949
38 47 46 0.581170 0.233039 0.185791 153.060578 297.206613
38 47 46 0.774623 0.052048 0.173329 152.999727 293.134537
38 47 46 0.563034 0.295048 0.141919 158.422401 299.547837
38 47 46 0.412624 0.037336 0.550040 141.132524 301.158682
38 47 46 0.391243 0.146362 0.462396 145.624671 306.827769
38 47 46 0.399209 0.018526 0.582266 137.943036 307.020354
38 47 46 0.332014 0.540642 0.127344 159.362194 310.884964
38 47 46 0.773037 0.197446 0.029517 156.385281 291.748469
38 47 46 0.602997 0.345590 0.051412 158.932747 294.532998
38 39 47 0.328308 0.497771 0.173921 180.521791 287.941125
38 39 47 0.247908 0.121362 0.630730 167.106462 305.850421
38 39 47 0.695222 0.151485 0.153293 167.981758 288.113168
38 39 47 0.872716 0.127253 0.000032 166.023636 285.648992
38 39 47 0.875878 0.027450 0.096673 163.785891 287.474905
38 39 47 0.805244 0.179896 0.014860 168.583548 281.433675
38 39 47 0.372947 0.007387 0.619666 162.098082 305.350476
38 39 47 0.358796 0.573506 0.067698 183.488370 281.943391
38 39 47 0.970504 0.022069 0.007427 162.613218 283.091614
38 39 47 0.825458 0.062401 0.112141 160.938296 287.896810
39 48 47 0.780735 0.180007 0.039258 196.925896 294.138608
39 48 47 0.669861 0.070798 0.259341 192.849952 294.815250
39 48 47 0.563911 0.119412 0.316677 191.440982 299.778670
39 48 47 0.604834 0.141977 0.253189 192.487437 298.690612
39 48 47 0.052197 0.796849 0.150954 197.303564 319.774364
39 48 47 0.279719 0.611651 0.108630 198.755880 309.711147
39 48 47 0.144045 0.058248 0.797707 176.091223 318.513975
39 48 47 0.106417 0.694150 0.199433 195.523587 319.718804
39 48 47 0.377193 0.453061 0.169746 196.306458 309.915900
39 48 47 0.678736 0.045017 0.276246 194.195685 297.322773
39 40 48 0.023335 0.504288 0.472376 219.544528 302.716065
39 40 48 0.461245 0.276266 0.262489 211.798150 294.479241
39 40 48 0.228258 0.450810 0.320932 219.922100 297.064267
39 40 48 0.951248 0.008735 0.040018 201.696275 286.123616
39 40 48 0.626040 0.067017 0.306943 208.923292 291.695383
39 40 48 0.538650 0.360717 0.100634 217.315185 287.411253
39 40 48 0.848849 0.125005 0.026146 207.837585 287.610136
39 40 48 0.013179 0.533177 0.453645 223.203436 299.162966
39 40 48 0.363939 0.290651 0.345410 215.496293 297.331723
39 40 48 0.469885 0.005431 0.524683 205.014443 300.481787
40 49 48 0.408440 0.066455 0.525105 220.804455 303.632777
40 49 48 0.922035 0.035289 0.042676 238.737570 286.929762
40 49 48 0.856699 0.062478 0.080823 233.568197 291.752445
40 49 48 0.843266 0.109293 0.047441 240.393535 286.873359
40 49 48 0.995300 0.002355 0.002345 242.033714 286.055059
40 49 48 0.266302 0.437617 0.296081 229.391286 310.878952
40 49 48 0.565833 0.211424 0.222743 236.626009 299.845333
40 49 48 0.643024 0.335515 0.021461 241.283202 297.643180
40 49 48 0.620222 0.342790 0.036988 240.498106 299.051724
40 49 48 0.142594 0.161731 0.695675 215.700787 314.394944
40 41 49 0.635865 0.317944 0.046191 258.328175 285.616340
40 41 49 0.739607 0.087583 0.172810 244.671737 291.057246
40 41 49 0.723132 0.009856 0.267012 242.358657 293.413311
40 41 49 0.744534 0.058847 0.196619 243.443507 294.927552
40 41 49 0.353639 0.532753 0.113609 266.891293 286.124345
40 41 49 0.920192 0.020566 0.059242 245.334501 284.184318
40 41 49 0.629880 0.010865 0.359255 243.061410 295.845907
40 41 49 0.660559 0.178825 0.160616 254.134280 292.717194
40 41 49 0.707875 0.193445 0.098680 246.907022 284.808689
40 41 49 0.849054 0.061603 0.089343 243.793856 284.658078
41 50 49 0.139538 0.374164 0.486298 264.183786 314.356540
41 50 49 0.176337 0.668764 0.154899 279.426104 312.648713
41 50 49 0.985349 0.010215 0.004435 286.241886 287.097545
41 50 49 0.676199 0.209046 0.114755 281.471596 293.225514
41 50 49 0.559170 0.015170 0.425659 268.859878 301.702939
41 50 49 0.419488 0.408792 0.171719 276.232157 304.157699
41 50 49 0.140852 0.783670 0.075478 282.136332 312.818154
41 50 49 0.026246 0.371415 0.602339 259.363875 320.494458
41 50 49 0.530212 0.322545 0.147243 281.305581 304.020858
41 50 49 0.244580 0.186194 0.569226 262.723093 311.756324
41 42 50 0.536590 0.159799 0.303611 293.625275 294.121941
41 42 50 0.775249 0.130017 0.094734 292.147733 286.101687
41 42 50 0.899530 0.093091 0.007379 290.331738 279.739849
41 42 50 0.684254 0.062758 0.252988 290.472168 291.927045
41 42 50 0.414165 0.506436 0.079398 311.215669 289.239006
41 42 50 0.279070 0.191183 0.529747 294.465614 305.501834
41 42 50 0.015920 0.914817 0.069263 322.033689 284.409866
41 42 50 0.831415 0.023701 0.144884 288.624687 289.795560
41 42 50 0.293067 0.179937 0.526997 293.544654 299.994834
41 42 50 0.017818 0.030169 0.952013 287.290046 319.285877
42 51 50 0.824191 0.147570 0.028239 331.834588 285.945580
42 51 50 0.756268 0.177343 0.066389 327.776116 292.724492
42 51 50 0.081799 0.482295 0.435906 310.197519 315.540898
42 51 50 0.633078 0.145589 0.221334 319.338490 299.659159
42 51 50 0.205667 0.585621 0.208711 317.284507 316.275893
42 51 50 0.040680 0.821410 0.137910 323.207187 318.348879
42 51 50 0.841223 0.099355 0.059423 326.250659 288.181090
42 51 50 0.506551 0.116376 0.377073 314.714524 301.970371
42 51 50 0.465994 0.239520 0.294486 314.387766 305.598690
42 51 50 0.411043 0.255539 0.333418 315.500674 305.373211
42 43 51 0.270144 0.452228 0.277628 347.458838 295.758308
42 43 51 0.819351 0.008404 0.172246 327.124582 290.157637
42 43 51 0.358609 0.364992 0.276399 344.683668 294.801719
42 43 51 0.847840 0.067642 0.084518 335.767352 286.748660
42 43 51 0.868932 0.061344 0.069724 332.444016 285.564547
42 43 51 0.805144 0.035118 0.159738 327.446051 290.360900
42 43 51 0.965477 0.000712 0.033811 328.575701 285.638463
42 43 51 0.505787 0.314142 0.180070 338.763656 289.972357
42 43 51 0.917793 0.073167 0.009040 333.557766 282.072752
42 43 51 0.296911 0.315581 0.387508 344.566350 298.941700
43 52 51 0.891445 0.027943 0.080611 366.236759 285.270952
43 52 51 0.429472 0.297752 0.272776 359.415356 302.293384
43 52 51 0.634518 0.347562 0.017920 369.769388 297.031673
43 52 51 0.470381 0.216140 0.313479 357.318733 303.307016
43 52 51 0.857478 0.083023 0.059499 369.663404 295.911095
43 52 51 0.312513 0.045448 0.642038 344.715950 309.693067
43 52 51 0.986959 0.011694 0.001347 373.316876 282.842342
43 52 51 0.895445 0.010396 0.094159 367.690576 286.139427
43 52 51 0.328874 0.158096 0.513030 349.432325 306.668240
43 52 51 0.178195 0.655520 0.166285 363.218592 312.756737
43 44 52 0.922702 0.034511 0.042786 373.983795 287.389739
43 44 52 0.353195 0.239507 0.407298 382.534231 301.524311
43 44 52 0.767083 0.072084 0.160833 377.028467 289.140937
43 44 52 0.379827 0.305206 0.314967 382.938387 297.414540
43 44 52 0.852927 0.136036 0.011037 378.537713 281.775345
43 44 52 0.376762 0.008867 0.614371 372.653327 308.965936
43 44 52 0.127546 0.517579 0.354875 390.772182 297.318110
43 44 52 0.872068 0.037860 0.090072 373.123912 286.016502
43 44 52 0.675823 0.067552 0.256624 372.993605 290.181050
43 44 52 0.254388 0.238213 0.507400 383.087904 299.859775
44 53 52 0.091858 0.666980 0.241162 401.337481 317.897507
44 53 52 0.327073 0.377205 0.295722 398.833929 309.283433
44 53 52 0.889532 0.108024 0.002444 416.798907 291.042707
44 53 52 0.347739 0.566368 0.085893 410.569559 310.006724
44 53 52 0.787497 0.134585 0.077918 411.972893 288.272737
44 53 52 0.052714 0.790737 0.156549 403.335114 318.855615
44 53 52 0.974999 0.011578 0.013423 413.269084 281.178302
44 53 52 0.712062 0.284466 0.003472 415.470974 293.444740
44 53 52 0.169513 0.223621 0.606866 387.590936 316.124931
44 53 52 0.347121 0.301038 0.351840 398.727684 309.982901
45 46 54 0.816718 0.099237 0.084045 94.571943 316.920915
45 46 54 0.727892 0.263936 0.008172 95.048326 318.016615
45 46 54 0.586668 0.266393 0.146939 96.531673 321.596030
45 46 54 0.483382 0.305860 0.210759 102.130184 325.234903
45 46 54 0.320014 0.133938 0.546047 96.317023 334.011925
45 46 54 0.504316 0.218232 0.277453 96.255115 328.212783
45 46 54 0.565019 0.140652 0.294330 96.895909 326.069935
45 46 54 0.070229 0.471999 0.457773 107.321397 329.915212
45 46 54 0.606379 0.359680 0.033941 103.046878 319.342638
45 46 54 0.640369 0.051044 0.308587 90.201081 326.982825
46 55 54 0.050811 0.233493 0.715696 105.922081 347.389069
46 55 54 0.517655 0.083143 0.399203 112.682082 332.852338
46 55 54 0.339780 0.537374 0.122847 126.783556 335.519486
46 55 54 0.568957 0.059365 0.371678 111.749583 333.296024
46 55 54 0.031646 0.396090 0.572264 115.600919 343.994275
46 55 54 0.331447 0.407405 0.261148 120.877880 338.818210
46 55 54 0.143498 0.701910 0.154592 127.277556 346.084426
46 55 54 0.599755 0.339974 0.060272 123.375260 328.025202
46 55 54 0.315152 0.223196 0.461651 112.821978 336.115821
46 55 54 0.495552 0.208158 0.296290 119.073000 333.608238
46 47 55 0.589603 0.071816 0.338581 130.158893 333.498019
46 47 55 0.846936 0.129769 0.023295 129.677430 321.522072
46 47 55 0.440517 0.340129 0.219354 139.589178 325.926934
46 47 55 0.684943 0.299308 0.015749 135.383062 319.300621
46 47 55 0.107995 0.503139 0.388866 146.877687 333.410706
46 47 55 0.156716 0.042503 0.800781 132.678356 345.143906
46 47 55 0.642189 0.097099 0.260712 136.308345 327.299961
46 47 55 0.332652 0.375436 0.291912 143.674332 327.492824
46 47 55 0.850459 0.074486 0.075055 123.352746 321.657032
46 47 55 0.850406 0.113144 0.036451 132.352379 320.728458
47 56 55 0.483570 0.350432 0.165998 161.877756 335.274324
47 56 55 0.296855 0.509889 0.193256 163.329789 339.579100
47 56 55 0.398812 0.054814 0.546373 150.060101 340.092931
47 56 55 0.762155 0.006744 0.231101 158.523380 330.730523
47 56 55 0.550026 0.243446 0.206528 158.627315 332.152016
47 56 55 0.225570 0.305516 0.468914 149.356672 339.967211
47 56 55 0.909037 0.039024 0.051939 164.331012 317.555507
47 56 55 0.918561 0.064119 0.017320 164.517634 321.900884
47 56 55 0.903205 0.063678 0.033116 166.352027 323.927567
47 56 55 0.954484 0.013845 0.031671 167.795459 323.935997
47 48 56 0.348787 0.323032 0.328181 178.288259 329.855103
47 48 56 0.298984 0.207276 0.493740 174.962640 333.599378
47 48 56 0.361405 0.193123 0.445473 175.640762 338.535065
47 48 56 0.118950 0.365416 0.515634 184.325629 336.697266
47 48 56 0.751658 0.091702 0.156641 168.079384 323.385236
47 48 56 0.023864 0.831267 0.144868 195.017381 324.348963
47 48 56 0.191330 0.581820 0.226849 192.433902 329.958076
47 48 56 0.335984 0.366349 0.297667 180.292270 328.016916
47 48 56 0.960130 0.009096 0.030774 164.555960 318.588416
47 48 56 0.725506 0.218475 0.056019 174.894028 324.790280
48 57 56 0.812561 0.129432 0.058006 198.221550 330.002988
48 57 56 0.487277 0.016518 0.496205 185.735351 336.660233
48 57 56 0.451757 0.437716 0.110526 206.239117 334.678964
48 57 56 0.067708 0.148027 0.784265 181.213950 349.743651
48 57 56 0.170475 0.715385 0.114141 203.657390 344.536010
48 57 56 0.281251 0.080380 0.638369 187.382152 339.126268
48 57 56 0.234780 0.707666 0.057555 199.996052 341.720307
48 57 56 0.069562 0.155974 0.774464 177.169690 346.229159
48 57 56 0.873825 0.068842 0.057332 196.681476 327.740471
48 57 56 0.455907 0.322693 0.221400 199.078706 336.983153
48 49 57 0.734549 0.132410 0.133041 208.849685 326.174279
48 49 57 0.701574 0.074898 0.223528 207.740917 327.345004
48 49 57 0.842822 0.086454 0.070724 207.162913 322.331502
48 49 57 0.808290 0.106577 0.085133 205.834457 324.282135
48 49 57 0.016620 0.324249 0.659132 221.483372 340.769288
48 49 57 0.150317 0.838388 0.011295 239.039251 322.083433
48 49 57 0.789403 0.075866 0.134731 205.021046 325.849998
48 49 57 0.999985 0.000004 0.000011 202.521128 320.311451
48 49 57 0.168480 0.213356 0.618164 215.964506 336.773764
48 49 57 0.423510 0.210519 0.365971 216.056091 332.373191
49 58 57 0.479535 0.244218 0.276246 237.849371 336.616583
49 58 57 0.091919 0.691915 0.216165 236.144244 347.008113
49 58 57 0.891880 0.005294 0.102825 237.273189 326.263613
49 58 57 0.663327 0.173029 0.163644 240.380551 329.869706
49 58 57 0.542349 0.411224 0.046428 242.218146 331.345443
49 58 57 0.018462 0.383449 0.598089 221.256932 349.469537
49 58 57 0.337770 0.494835 0.167394 235.785947 338.614518
49 58 57 0.522759 0.453867 0.023375 251.942012 337.704422
49 58 57 0.412883 0.383585 0.203533 239.854021 338.921018
49 58 57 0.636792 0.017920 0.345288 230.725827 332.135488
49 50 58 0.466318 0.310851 0.222831 256.158079 326.110365
49 50 58 0.738190 0.094366 0.167444 248.035703 324.471319
49 50 58 0.511309 0.189844 0.298847 251.701624 332.186622
49 50 58 0.215541 0.304789 0.479669 255.067549 332.949785
49 50 58 0.030058 0.527806 0.442136 267.404513 335.370490
49 50 58 0.097727 0.181877 0.720395 253.999079 342.557331
49 50 58 0.494860 0.142616 0.362524 251.918686 333.439194
49 50 58 0.042185 0.702145 0.255670 272.052343 329.329484
49 50 58 0.389479 0.244036 0.366485 255.670145 332.062201
49 50 58 0.561805 0.009019 0.429176 244.131203 332.806684
50 59 58 0.180128 0.140469 0.679403 259.986682 342.038553
50 59 58 0.386171 0.344850 0.268978 274.670137 340.659433
50 59 58 0.261944 0.297878 0.440178 270.120647 342.613703
50 59 58 0.006184 0.127371 0.866444 249.195027 347.757622
50 59 58 0.466013 0.531017 0.002969 283.558315 336.706506
50 59 58 0.339115 0.035548 0.625337 259.800441 336.446930
50 59 58 0.679049 0.006394 0.314557 273.112784 329.627186
50 59 58 0.926031 0.071807 0.002162 283.443426 322.559426
50 59 58 0.774116 0.059439 0.166445 278.199749 327.088125
50 59 58 0.709855 0.174436 0.115709 282.294863 330.500691
50 51 59 0.808728 0.190949 0.000324 290.354096 318.078171
50 51 59 0.851599 0.110448 0.037953 288.251204 322.219909
50 51 59 0.435147 0.171572 0.393282 295.967505 331.176287
50 51 59 0.522877 0.445864 0.031259 302.333324 322.432018
50 51 59 0.967585 0.001992 0.030423 285.083737 320.625771
50 51 59 0.160892 0.244268 0.594840 292.962770 339.148440
50 51 59 0.951648 0.025774 0.022578 287.379970 319.081174
50 51 59 0.755560 0.117992 0.126448 290.665752 325.507867
50 51 59 0.543972 0.395262 0.060766 301.960362 321.179548
50 51 59 0.676140 0.166943 0.156916 293.609291 325.400463
51 60 59 0.587584 0.139078 0.273338 314.355795 336.046694
51 60 59 0.402213 0.496832 0.100955 321.527169 338.611220
51 60 59 0.430052 0.379556 0.190392 315.796776 335.895566
51 60 59 0.741064 0.086189 0.172747 320.347543 328.144149
51 60 59 0.323694 0.371944 0.304361 311.891985 344.962162
51 60 59 0.977897 0.005036 0.017067 325.059056 321.830910
51 60 59 0.278720 0.598218 0.123063 320.257231 342.380857
51 60 59 0.527021 0.110908 0.362071 312.143047 337.038841
51 60 59 0.149746 0.814026 0.036228 316.561052 347.207788
51 60 59 0.159767 0.801947 0.038287 321.007538 343.816083
51 52 60 0.859051 0.061336 0.079613 331.114620 323.869941
51 52 60 0.592396 0.155460 0.252143 333.704836 330.659075
51 52 60 0.478635 0.363164 0.158201 343.346209 324.445458
51 52 60 0.220903 0.666323 0.112775 354.664002 325.978119
51 52 60 0.591847 0.094653 0.313500 329.227649 327.941269
51 52 60 0.267482 0.390667 0.341850 341.490830 332.314687
51 52 60 0.072392 0.744158 0.183450 355.663763 325.585027
51 52 60 0.156111 0.086234 0.757655 327.532505 343.188603
51 52 60 0.601644 0.390042 0.008314 344.092978 319.753184
51 52 60 0.617230 0.113923 0.268847 330.710836 327.414909
52 61 60 0.389359 0.108144 0.502497 350.097711 339.958269
52 61 60 0.187570 0.353408 0.459022 341.679413 344.954327
52 61 60 0.899744 0.038011 0.062245 365.562966 325.471587
52 61 60 0.373543 0.202596 0.423861 350.600189 341.575714
52 61 60 0.250388 0.179552 0.570060 340.617439 344.690689
52 61 60 0.851247 0.115765 0.032988 366.138929 328.182938
52 61 60 0.562889 0.274018 0.163093 361.257009 335.021244
52 61 60 0.692723 0.081200 0.226077 361.652280 330.907774
52 61 60 0.360802 0.457582 0.181616 357.108690 344.576067
52 61 60 0.935519 0.014126 0.050355 363.577898 327.679367
52 53 61 0.853742 0.008797 0.137461 363.364870 324.535380
52 53 61 0.673691 0.159490 0.166819 376.166998 325.875539
52 53 61 0.920822 0.001306 0.077872 370.993576 325.746835
52 53 61 0.156719 0.570999 0.272281 391.958048 331.453922
52 53 61 0.234055 0.666223 0.099722 395.267829 326.759039
52 53 61 0.489607 0.418541 0.091852 385.799582 326.177626
52 53 61 0.459374 0.476336 0.064291 388.900716 322.181730
52 53 61 0.214304 0.059732 0.725964 363.944193 345.054759
52 53 61 0.547487 0.208749 0.243764 374.850889 330.367959
52 53 61 0.216817 0.330765 0.452418 383.117889 335.171943
53 62 61 0.219213 0.164192 0.616596 379.898269 344.721717
53 62 61 0.017641 0.430767 0.551591 380.497142 353.986842
53 62 61 0.360600 0.577816 0.061584 406.681363 337.755982
53 62 61 0.008660 0.279850 0.711490 375.808283 350.302064
53 62 61 0.310360 0.526845 0.162794 398.392721 343.434232
53 62 61 0.605604 0.220825 0.173571 400.040511 331.886701
53 62 61 0.226816 0.090411 0.682773 379.555573 346.832004
53 62 61 0.029492 0.078404 0.892105 366.070144 351.110594
53 62 61 0.296690 0.250266 0.453044 389.755786 343.135742
53 62 61 0.450506 0.136356 0.413138 386.546903 340.607467
54 55 63 0.712278 0.171194 0.116528 103.095140 349.611042
54 55 63 0.535844 0.030186 0.433970 107.217750 354.521115
54 55 63 0.560537 0.431048 0.008415 111.069019 347.397345
54 55 63 0.990883 0.005304 0.003813 97.933134 350.506800
54 55 63 0.250624 0.264550 0.484826 112.708755 358.441991
54 55 63 0.061696 0.862915 0.075389 127.947224 349.464772
54 55 63 0.751531 0.206470 0.041999 104.833405 348.818590
54 55 63 0.430512 0.396201 0.173287 112.842049 351.250229
54 55 63 0.756538 0.021112 0.222350 101.545017 351.598352
54 55 63 0.027198 0.761251 0.211552 126.787589 351.869396
55 64 63 0.139072 0.297085 0.563843 121.444911 362.213056
55 64 63 0.587171 0.144596 0.268233 126.862346 351.052666
55 64 63 0.634407 0.171506 0.194087 128.153135 352.048497
55 64 63 0.234597 0.439652 0.325751 128.686934 364.397369
55 64 63 0.184038 0.376232 0.439729 121.599230 362.236259
55 64 63 0.777190 0.221702 0.001108 134.784953 349.835120
55 64 63 0.483323 0.390583 0.126094 133.092351 352.629693
55 64 63 0.036664 0.109381 0.853955 118.868887 362.764992
55 64 63 0.122909 0.229174 0.647917 119.366941 362.025201
55 64 63 0.270165 0.433002 0.296833 128.438938 360.395458
55 56 64 0.277794 0.529621 0.192585 156.458069 354.508354
55 56 64 0.370925 0.141237 0.487838 144.071804 355.393374
55 56 64 0.224373 0.762515 0.013111 162.155139 350.313135
55 56 64 0.470484 0.467002 0.062514 148.909526 349.571541
55 56 64 0.530779 0.230154 0.239067 145.966036 353.310769
55 56 64 0.030221 0.474669 0.495109 154.360751 355.516358
55 56 64 0.100843 0.813435 0.085721 167.358927 351.492782
55 56 64 0.926336 0.001149 0.072515 132.635292 350.761074
55 56 64 0.913136 0.056674 0.030190 137.598059 349.550668
55 56 64 0.269700 0.615756 0.114544 154.958511 349.072021
56 65 64 0.023918 0.277815 0.698267 154.422577 368.797969
56 65 64 0.528421 0.172621 0.298958 160.602568 354.809681
56 65 64 0.757320 0.079974 0.162706 167.362039 355.419947
56 65 64 0.971386 0.027273 0.001341 171.517281 347.378395
56 65 64 0.900639 0.029610 0.069751 172.632061 349.605893
56 65 64 0.222538 0.256226 0.521236 160.078439 366.240204
56 65 64 0.490043 0.285470 0.224487 165.440363 360.229369
56 65 64 0.583774 0.382355 0.033871 176.015053 356.722209
56 65 64 0.380689 0.302168 0.317143 167.383512 358.436983
56 65 64 0.272144 0.273680 0.454176 157.203507 361.764212
56 57 65 0.310793 0.651030 0.038176 195.678514 349.195568
56 57 65 0.153365 0.680400 0.166235 195.691097 352.099196
56 57 65 0.644555 0.212474 0.142970 182.314449 350.086156
56 57 65 0.299603 0.195344 0.505054 180.833075 361.135346
56 57 65 0.179556 0.226020 0.594423 182.624226 361.799202
56 57 65 0.014276 0.605525 0.380200 194.676641 357.252600
56 57 65 0.852264 0.071028 0.076708 176.464375 348.622756
56 57 65 0.976022 0.022265 0.001712 172.721861 348.756808
56 57 65 0.072496 0.347017 0.580487 188.893949 355.319870
56 57 65 0.646815 0.054122 0.299063 172.670601 352.915079
57 66 65 0.211615 0.346382 0.442003 194.992473 361.159699
57 66 65 0.266286 0.139407 0.594307 193.128738 363.799549
57 66 65 0.757876 0.007214 0.234910 197.370279 352.937637
57 66 65 0.178037 0.264250 0.557713 194.079102 360.896669
57 66 65 0.175248 0.111892 0.712859 180.991774 364.612702
57 66 65 0.186376 0.456282 0.357342 201.907712 364.610379
57 66 65 0.627546 0.064079 0.308375 197.206709 353.371064
57 66 65 0.503634 0.029740 0.466626 195.339299 353.427098
57 66 65 0.483856 0.013037 0.503106 193.610803 355.153495
57 66 65 0.817204 0.081396 0.101400 210.817729 351.856707
57 58 66 0.537971 0.319672 0.142357 222.193496 352.573553
57 58 66 0.869959 0.105250 0.024791 210.936672 352.367599
57 58 66 0.411416 0.238686 0.349897 218.647619 354.718949
57 58 66 0.515761 0.468542 0.015698 226.537995 351.664195
57 58 66 0.509456 0.447460 0.043085 224.436397 351.053729
57 58 66 0.417529 0.371004 0.211467 224.387865 356.495232
57 58 66 0.743780 0.123784 0.132437 210.479505 352.361351
57 58 66 0.193041 0.274238 0.532720 220.720701 356.798183
57 58 66 0.249026 0.085064 0.665910 212.323844 363.375941
57 58 66 0.178461 0.167669 0.653870 214.959114 361.829664
58 67 66 0.687278 0.169422 0.143301 240.303921 359.541810
58 67 66 0.291026 0.224638 0.484336 229.712133 365.963259
58 67 66 0.627325 0.366789 0.005886 245.655432 354.346769
58 67 66 0.975758 0.007774 0.016468 246.792647 348.275414
58 67 66 0.584129 0.127549 0.288322 239.131596 357.958559
58 67 66 0.760452 0.221216 0.018332 244.694017 353.332360
58 67 66 0.260636 0.625795 0.113569 240.747694 365.123144
58 67 66 0.333874 0.383826 0.282301 235.082609 361.265560
58 67 66 0.321897 0.629967 0.048136 243.209312 363.475178
58 67 66 0.030671 0.723657 0.245672 241.424602 369.976388
58 59 67 0.472866 0.166693 0.360441 251.414977 362.293411
58 59 67 0.375826 0.583463 0.040711 265.627722 351.879400
58 59 67 0.348035 0.605386 0.046580 269.293421 347.607486
58 59 67 0.437090 0.451048 0.111862 261.230849 351.520355
58 59 67 0.670148 0.088388 0.241465 248.268100 352.349049
58 59 67 0.694234 0.278446 0.027320 256.348058 351.780267
58 59 67 0.306937 0.201733 0.491330 253.738583 358.105323
58 59 67 0.952269 0.005199 0.042533 249.547763 350.323830
58 59 67 0.619333 0.303745 0.076923 257.743075 348.586495
58 59 67 0.250248 0.319086 0.430666 258.900824 355.904168
59 68 67 0.107957 0.652548 0.239494 276.313332 366.493716
59 68 67 0.516450 0.238651 0.244899 274.613319 361.869641
59 68 67 0.669649 0.099105 0.231246 275.039893 353.062127
59 68 67 0.241064 0.455476 0.303460 272.544167 366.204401
59 68 67 0.586459 0.291825 0.121717 278.679003 359.548451
59 68 67 0.827216 0.025387 0.147397 280.111111 356.175127
59 68 67 0.879236 0.102909 0.017855 280.861409 350.682950
59 68 67 0.951697 0.047150 0.001154 283.746841 350.492957
59 68 67 0.678969 0.238652 0.082379 280.804612 353.233624
59 68 67 0.309632 0.297828 0.392540 269.414981 365.193806
59 60 68 0.073224 0.586954 0.339821 306.808916 360.943981
59 60 68 0.873206 0.031865 0.094929 283.646448 348.001504
59 60 68 0.899281 0.008334 0.092385 287.562955 351.507030
59 60 68 0.451741 0.330042 0.218216 293.051872 355.594647
59 60 68 0.580572 0.020520 0.398908 284.158535 358.040468
59 60 68 0.010792 0.269548 0.719659 292.837616 364.553520
59 60 68 0.968193 0.024284 0.007524 287.436536 347.076425
59 60 68 0.843344 0.088066 0.068590 288.855462 350.800264
59 60 68 0.103172 0.307750 0.589077 296.170008 362.221047
59 60 68 0.471257 0.019369 0.509374 282.204056 356.813336
60 69 68 0.430825 0.054717 0.514458 305.153511 360.155348
60 69 68 0.263351 0.573273 0.163376 314.022577 369.212976
60 69 68 0.706196 0.014686 0.279118 313.721755 356.493535
60 69 68 0.354843 0.612106 0.033051 317.498669 361.136647
60 69 68 0.266520 0.597287 0.136193 313.568758 363.960681
60 69 68 0.991259 0.002237 0.006503 323.616126 349.491960
60 69 68 0.460898 0.505385 0.033717 321.169700 362.373593
60 69 68 0.910127 0.063068 0.026805 318.493837 354.073727
60 69 68 0.867710 0.007803 0.124487 316.792352 352.289143
60 69 68 0.100724 0.067328 0.831947 289.517743 368.277975
60 61 69 0.768259 0.161993 0.069748 328.540362 354.482944
60 61 69 0.178571 0.372460 0.448969 334.998251 355.292156
60 61 69 0.851374 0.048246 0.100381 324.971484 350.809037
60 61 69 0.508410 0.249402 0.242187 330.866747 355.948520
60 61 69 0.690511 0.208071 0.101417 329.802274 351.244539
60 61 69 0.493344 0.200401 0.306254 328.268173 358.499725
60 61 69 0.967710 0.013507 0.018783 323.631347 350.483661
60 61 69 0.346737 0.011289 0.641974 323.151980 365.324755
60 61 69 0.107605 0.320185 0.572209 328.329948 365.992595
60 61 69 0.452682 0.219537 0.327781 329.574519 359.584075
61 70 69 0.646066 0.334072 0.019862 359.873465 357.149633
61 70 69 0.288935 0.554171 0.156894 349.684489 369.061823
61 70 69 0.976033 0.009631 0.014336 361.181377 350.703982
61 70 69 0.427564 0.134307 0.438130 341.979096 363.401705
61 70 69 0.222427 0.064166 0.713407 328.490528 365.700144
61 70 69 0.596581 0.147956 0.255462 349.620394 358.652040
61 70 69 0.850212 0.019716 0.130071 356.912154 358.372189
61 70 69 0.914159 0.024019 0.061821 358.778247 351.559350
61 70 69 0.664879 0.040536 0.294585 348.945644 357.711955
61 70 69 0.776238 0.063163 0.160599 354.186678 356.933037
61 62 70 0.885563 0.114133 0.000304 368.554657 351.082752
61 62 70 0.983224 0.006518 0.010258 364.119660 354.508023
61 62 70 0.430867 0.370301 0.198832 374.291864 357.248908
61 62 70 0.522530 0.122758 0.354712 362.297833 356.822258
61 62 70 0.052751 0.487609 0.459640 375.875027 361.142184
61 62 70 0.121955 0.536466 0.341579 381.025587 356.340500
61 62 70 0.422433 0.122209 0.455358 362.211120 362.895893
61 62 70 0.788779 0.019382 0.191839 364.189208 356.460408
61 62 70 0.401833 0.313023 0.285144 369.530367 357.535029
61 62 70 0.496215 0.296977 0.206808 373.438310 350.621957
62 71 70 0.803950 0.116875 0.079175 397.838101 355.655712
62 71 70 0.879790 0.087172 0.033039 400.266698 354.223915
62 71 70 0.152434 0.409483 0.438082 377.224626 368.280602
62 71 70 0.148023 0.271056 0.580921 370.313962 366.853952
62 71 70 0.577325 0.006767 0.415908 381.332138 357.730494
62 71 70 0.038944 0.401832 0.559224 370.904390 371.152381
62 71 70 0.549027 0.245200 0.205773 390.850557 358.914126
62 71 70 0.441120 0.292915 0.265966 389.251679 363.851437
62 71 70 0.951308 0.009009 0.039683 402.350702 350.136068
62 71 70 0.443447 0.084872 0.471682 377.526070 361.005965
63 64 72 0.537551 0.212628 0.249822 118.669935 368.112947
63 64 72 0.545915 0.427609 0.026476 126.305458 367.453709
63 64 72 0.929377 0.038665 0.031958 113.199946 366.893317
63 64 72 0.740068 0.248473 0.011460 115.750225 366.350474
63 64 72 0.884575 0.029934 0.085491 113.196263 367.596588
63 64 72 0.665934 0.314820 0.019246 119.980058 365.554096
63 64 72 0.308913 0.053869 0.637218 118.919895 372.218845
63 64 72 0.985809 0.003375 0.010816 104.378150 366.396306
63 64 72 0.574361 0.369380 0.056258 121.794927 369.286219
63 64 72 0.442471 0.017414 0.540116 116.320413 374.016099
64 73 72 0.054835 0.015491 0.929673 124.467325 379.459152
64 73 72 0.909990 0.027488 0.062522 142.106666 368.294387
64 73 72 0.180273 0.584686 0.235041 141.809472 374.787279
64 73 72 0.295696 0.541142 0.163161 141.463189 374.987564
64 73 72 0.832421 0.108497 0.059082 145.534940 368.507700
64 73 72 0.872868 0.010270 0.116862 141.100107 370.709149
64 73 72 0.372345 0.161157 0.466498 133.354383 372.220727
64 73 72 0.775798 0.094068 0.130134 141.018813 369.020732
64 73 72 0.769344 0.046914 0.183742 137.712642 370.965942
64 73 72 0.451780 0.081250 0.466969 132.105424 375.159147
64 65 73 0.485789 0.101331 0.412881 149.092788 371.707514
64 65 73 0.264114 0.138182 0.597704 151.938912 372.932076
64 65 73 0.875672 0.108224 0.016104 147.400369 366.590902
64 65 73 0.983950 0.006123 0.009928 144.425445 370.162681
64 65 73 0.577463 0.125241 0.297297 149.237305 372.035201
64 65 73 0.020137 0.107495 0.872368 153.202056 379.963914
64 65 73 0.633227 0.267978 0.098796 151.541792 367.595391
64 65 73 0.705639 0.274868 0.019493 149.575644 364.422359
64 65 73 0.219717 0.326251 0.454032 155.341486 373.339016
64 65 73 0.933837 0.036455 0.029708 144.512284 368.662167
65 74 73 0.290630 0.209466 0.499904 169.811322 374.827624
65 74 73 0.510944 0.187893 0.301163 174.052395 374.097358
65 74 73 0.548870 0.175282 0.275848 170.492969 373.805836
65 74 73 0.975045 0.003552 0.021403 177.847840 366.038813
65 74 73 0.015785 0.576232 0.407982 171.399927 379.543960
65 74 73 0.578340 0.086206 0.335454 171.007236 370.088452
65 74 73 0.716259 0.135789 0.147952 174.679554 373.952858
65 74 73 0.222225 0.701839 0.075936 178.089533 378.902347
65 74 73 0.336272 0.321253 0.342474 169.406739 377.293262
65 74 73 0.546870 0.144970 0.308160 170.837397 368.360487
65 66 74 0.473288 0.104518 0.422194 182.788495 370.380048
65 66 74 0.041918 0.007123 0.950959 185.036498 377.420714
65 66 74 0.125555 0.475164 0.399281 198.083694 373.400944
65 66 74 0.440051 0.193770 0.366180 188.312530 373.384934
65 66 74 0.556024 0.283524 0.160452 186.241272 367.384086
65 66 74 0.149371 0.760951 0.089679 206.191767 369.231825
65 66 74 0.972960 0.019346 0.007694 183.032200 368.720044
65 66 74 0.518448 0.377247 0.104305 189.462404 369.295330
65 66 74 0.249722 0.019329 0.730950 179.870994 373.965754
65 66 74 0.078142 0.703743 0.218115 207.251503 369.320733
66 75 74 0.361317 0.221359 0.417324 201.844618 374.016505
66 75 74 0.990177 0.006109 0.003713 215.106427 367.650484
66 75 74 0.895713 0.064034 0.040252 211.993508 368.207995
66 75 74 0.814912 0.151351 0.033737 212.407073 370.594099
66 75 74 0.038519 0.534014 0.427467 199.872208 379.142636
66 75 74 0.103415 0.649695 0.246890 209.392452 381.105408
66 75 74 0.727328 0.036943 0.235729 208.293546 370.321292
66 75 74 0.297821 0.595507 0.106671 213.271218 374.591272
66 75 74 0.861700 0.133002 0.005297 211.593997 365.979016
66 75 74 0.987614 0.006826 0.005560 213.998024 367.021066
66 67 75 0.912638 0.003637 0.083725 213.943032 367.737220
66 67 75 0.165625 0.374743 0.459632 227.597915 376.489711
66 67 75 0.552723 0.044945 0.402332 217.835220 370.365678
66 67 75 0.852683 0.023963 0.123354 214.657623 369.603132
66 67 75 0.488652 0.083836 0.427512 219.505672 373.370710
66 67 75 0.203814 0.393131 0.403055 226.347049 373.457708
66 67 75 0.544182 0.443150 0.012668 228.978125 369.358826
66 67 75 0.497532 0.241201 0.261267 223.702596 372.175005
66 67 75 0.554455 0.269923 0.175622 223.134031 369.626422
66 67 75 0.544375 0.164048 0.291577 219.504860 369.085166
67 76 75 0.248780 0.637669 0.113551 249.436128 374.860402
67 76 75 0.976153 0.006770 0.017078 249.372212 370.219903
67 76 75 0.971223 0.015736 0.013042 244.330119 369.155195
67 76 75 0.842106 0.093650 0.064243 247.429981 367.514696
67 76 75 0.924114 0.075186 0.000701 247.618885 371.658845
67 76 75 0.400640 0.573472 0.025888 249.920006 371.547008
67 76 75 0.084368 0.336265 0.579367 232.109807 377.490157
67 76 75 0.477042 0.023181 0.499778 234.680994 370.358735
67 76 75 0.985038 0.010450 0.004512 247.528739 368.015519
67 76 75 0.345117 0.270833 0.384050 235.149364 374.157531
67 68 76 0.158554 0.401132 0.440313 263.844238 374.097383
67 68 76 0.021190 0.025731 0.953079 248.802680 379.552853
67 68 76 0.192545 0.535217 0.272237 268.631271 369.142797
67 68 76 0.869872 0.110165 0.019963 250.625105 370.918409
67 68 76 0.902732 0.008254 0.089013 249.323946 370.102073
67 68 76 0.811510 0.163114 0.025375 253.859868 366.077943
67 68 76 0.292135 0.557868 0.149997 268.162416 371.707622
67 68 76 0.106247 0.335829 0.557924 261.128346 371.983429
67 68 76 0.472001 0.034502 0.493497 250.115333 372.342881
67 68 76 0.160896 0.829874 0.009230 273.064113 367.704266
68 77 76 0.423829 0.502720 0.073450 277.297371 376.657877
68 77 76 0.652782 0.273401 0.073818 282.737472 372.898983
68 77 76 0.689729 0.277656 0.032614 278.835747 372.586879
68 77 76 0.730694 0.045878 0.223427 273.746956 372.644324
68 77 76 0.741002 0.008436 0.250562 275.527138 373.216756
68 77 76 0.212016 0.531082 0.256902 275.448718 374.069046
68 77 76 0.549027 0.297517 0.153456 278.209793 373.005147
68 77 76 0.015368 0.188583 0.796049 258.968934 377.639150
68 77 76 0.644798 0.287929 0.067274 280.384863 373.214912
68 77 76 0.191279 0.438885 0.369836 268.965434 378.144007
68 69 77 0.035080 0.582562 0.382358 300.113876 371.692016
68 69 77 0.511159 0.188624 0.300217 290.344277 372.144669
68 69 77 0.589381 0.342111 0.068509 298.011800 367.608311
68 69 77 0.446515 0.419804 0.133681 299.732364 371.496819
68 69 77 0.584986 0.266131 0.148883 294.429202 370.368991
68 69 77 0.389432 0.130564 0.480004 286.650375 374.568318
68 69 77 0.665905 0.043516 0.290580 287.510811 373.266434
68 69 77 0.849650 0.040994 0.109356 285.586822 369.510515
68 69 77 0.823685 0.174189 0.002126 289.592215 370.541066
68 69 77 0.606774 0.034635 0.358591 282.760824 373.337662
69 78 77 0.054312 0.555510 0.390178 305.868936 382.841047
69 78 77 0.053344 0.710689 0.235967 309.241959 382.175177
69 78 77 0.759472 0.199322 0.041207 317.181608 369.706816
69 78 77 0.828226 0.061280 0.110494 317.311505 371.988707
69 78 77 0.741972 0.227432 0.030597 315.480289 376.105753
69 78 77 0.342804 0.300278 0.356918 304.109855 378.611649
69 78 77 0.352121 0.298890 0.348989 305.444303 376.250487
69 78 77 0.082877 0.873574 0.043549 316.013860 381.673419
69 78 77 0.192751 0.460826 0.346423 304.661985 380.281544
69 78 77 0.311487 0.443907 0.244605 305.906294 376.659588
69 70 78 0.961608 0.005122 0.033271 315.562026 371.861903
69 70 78 0.528978 0.249881 0.221140 328.253314 368.331925
69 70 78 0.711640 0.205468 0.082892 326.119857 367.619280
69 70 78 0.613543 0.329875 0.056582 329.439744 370.089654
69 70 78 0.461728 0.476847 0.061425 338.533299 369.681045
69 70 78 0.993980 0.005989 0.000031 314.585030 368.228886
69 70 78 0.579195 0.123404 0.297401 324.108206 370.874904
69 70 78 0.556631 0.277048 0.166322 329.343014 370.210958
69 70 78 0.248628 0.316012 0.435360 331.033510 372.057696
69 70 78 0.657876 0.165488 0.176636 324.551392 371.756274
70 79 78 0.006988 0.846956 0.146056 342.719551 381.453388
70 79 78 0.812247 0.097604 0.090149 351.108383 375.696495
70 79 78 0.109547 0.003401 0.887052 325.463740 378.503487
70 79 78 0.883790 0.018694 0.097516 349.798898 378.727493
70 79 78 0.026761 0.844954 0.128285 346.017854 381.853162
70 79 78 0.851281 0.042070 0.106649 350.658477 369.411320
70 79 78 0.194749 0.495460 0.309791 339.883629 383.140043
70 79 78 0.166303 0.292140 0.541557 333.245562 378.340578
70 79 78 0.348358 0.161787 0.489855 335.287131 376.026349
70 79 78 0.686011 0.158794 0.155195 348.523480 375.463726
70 71 79 0.503414 0.027466 0.469119 354.944716 375.859670
70 71 79 0.069928 0.360180 0.569892 368.261135 379.531284
70 71 79 0.858768 0.109820 0.031412 358.146882 371.053781
70 71 79 0.603802 0.113501 0.282697 356.321688 376.245072
70 71 79 0.730657 0.113180 0.156163 359.525608 376.820884
70 71 79 0.679419 0.098532 0.222049 358.455252 375.129598
70 71 79 0.790899 0.061900 0.147201 355.606996 370.890467
70 71 79 0.872488 0.044663 0.082848 355.881153 369.319448
70 71 79 0.247411 0.592605 0.159985 375.936408 376.149874
70 71 79 0.379120 0.041721 0.579159 350.349924 376.088609
71 80 79 0.486764 0.033102 0.480134 370.503477 375.093143
71 80 79 0.616776 0.000703 0.382522 376.157614 375.043857
71 80 79 0.327867 0.654949 0.017184 383.785085 380.416496
71 80 79 0.432074 0.399349 0.168576 383.540720 377.723374
71 80 79 0.064700 0.643631 0.291669 372.971088 382.192794
71 80 79 0.123186 0.398584 0.478230 368.519949 382.840163
71 80 79 0.673116 0.107437 0.219447 384.509031 371.921230
71 80 79 0.350643 0.024264 0.625093 363.296589 382.710622
71 80 79 0.057463 0.682791 0.259746 373.929422 382.814557
71 80 79 0.974632 0.003173 0.022196 394.152345 367.920262
