0 1 9 0.767297 0.199784 0.032919 67.773191 120.121446
0 1 9 0.948601 0.050874 0.000525 61.223586 116.749944
0 1 9 0.527634 0.079879 0.392487 64.946967 135.888384
0 1 9 0.563010 0.059159 0.377830 64.304847 136.373805
0 1 9 0.239397 0.283824 0.476779 72.423322 137.261357
0 1 9 0.457645 0.233016 0.309339 70.109487 132.654371
0 1 9 0.467749 0.025330 0.506921 60.757341 140.619290
0 1 9 0.463497 0.039205 0.497297 61.557184 142.721337
0 1 9 0.126560 0.822764 0.050676 93.913595 121.834857
0 1 9 0.229243 0.465483 0.305274 85.096620 137.915999
1 10 9 0.337174 0.413671 0.249155 92.641389 150.078652
1 10 9 0.288994 0.709620 0.001386 106.146804 151.292293
1 10 9 0.873409 0.004371 0.122220 98.592784 124.844889
1 10 9 0.253284 0.331793 0.414923 86.376586 154.173683
1 10 9 0.459646 0.305293 0.235061 97.240788 144.545971
1 10 9 0.232775 0.168381 0.598844 77.937129 153.021184
1 10 9 0.083481 0.006834 0.909685 64.195614 162.810055
1 10 9 0.093871 0.737700 0.168428 97.655265 160.969123
1 10 9 0.165393 0.600975 0.233631 99.298634 156.333276
1 10 9 0.084136 0.027563 0.888301 67.504231 161.610556
1 2 10 0.372118 0.265129 0.362753 118.983184 135.623858
1 2 10 0.198080 0.790015 0.011905 140.185541 120.032929
1 2 10 0.293287 0.473905 0.232808 128.175745 128.318365
1 2 10 0.204520 0.311402 0.484078 119.474802 139.443057
1 2 10 0.415918 0.273048 0.311034 116.467334 130.768486
1 2 10 0.216049 0.743030 0.040921 138.705499 117.711578
1 2 10 0.360336 0.021018 0.618646 106.518377 148.165851
1 2 10 0.847757 0.072290 0.079953 111.577620 121.748646
1 2 10 0.805363 0.099916 0.094721 108.347965 121.639900
1 2 10 0.948589 0.018658 0.032753 104.480942 120.857153
2 11 10 0.335396 0.144340 0.520264 130.452947 149.577678
2 11 10 0.535835 0.189388 0.274777 138.455960 140.491466
2 11 10 0.663658 0.168535 0.167807 141.813228 133.077101
2 11 10 0.709782 0.279741 0.010477 150.377803 131.148525
2 11 10 0.182137 0.207694 0.610170 121.616860 156.099101
2 11 10 0.024838 0.656425 0.318737 134.305086 161.357208
2 11 10 0.464327 0.053483 0.482189 126.221839 144.695733
2 11 10 0.190832 0.076320 0.732848 118.814048 153.476604
2 11 10 0.361859 0.458424 0.179716 141.632052 145.940556
2 11 10 0.092499 0.539691 0.367809 134.803048 154.343753
2 3 11 0.212831 0.717295 0.069874 184.566730 120.841220
2 3 11 0.584493 0.150818 0.264690 152.421895 126.575393
2 3 11 0.585200 0.045152 0.369649 152.357252 134.869706
2 3 11 0.533002 0.409600 0.057399 166.129834 119.311061
2 3 11 0.191427 0.200196 0.608377 160.880509 146.301778
2 3 11 0.985213 0.012719 0.002068 150.333496 119.193481
2 3 11 0.143154 0.148266 0.708580 157.713221 151.187495
2 3 11 0.655368 0.064157 0.280476 153.268055 132.379906
2 3 11 0.494489 0.052892 0.452620 154.230883 141.597841
2 3 11 0.000648 0.487435 0.511917 169.777559 141.484643
3 12 11 0.080253 0.876798 0.042949 192.161361 158.196995
3 12 11 0.825369 0.066418 0.108213 191.851832 122.364660
3 12 11 0.333134 0.013243 0.653623 164.188308 145.177591
3 12 11 0.014316 0.007814 0.977869 151.025400 158.948622
3 12 11 0.767790 0.150319 0.081891 192.808538 129.720454
3 12 11 0.952653 0.042016 0.005331 194.048733 116.107865
3 12 11 0.792651 0.007675 0.199674 186.798517 123.005299
3 12 11 0.677782 0.059502 0.262716 185.440003 131.407846
3 12 11 0.285389 0.281610 0.433001 176.935462 149.105390
3 12 11 0.146123 0.555427 0.298450 183.455555 156.043212
3 4 12 0.272548 0.592873 0.134579 221.113684 120.829077
3 4 12 0.469973 0.043099 0.486928 197.595571 137.200212
3 4 12 0.671651 0.017760 0.310589 195.855018 130.841793
3 4 12 0.291587 0.070061 0.638352 202.123964 143.438256
3 4 12 0.399936 0.306019 0.294045 206.600982 133.386015
3 4 12 0.526167 0.123550 0.350283 202.377607 135.960048
3 4 12 0.351944 0.532495 0.115562 217.915929 121.100839
3 4 12 0.287446 0.337581 0.374973 210.069455 131.815889
3 4 12 0.413321 0.200105 0.386574 204.473366 134.964729
3 4 12 0.575287 0.052623 0.372090 199.963476 136.399047
4 13 12 0.493515 0.421567 0.084918 235.416962 139.946728
4 13 12 0.718447 0.009985 0.271568 231.848490 131.633751
4 13 12 0.190831 0.807819 0.001351 241.396989 155.642473
4 13 12 0.675820 0.004904 0.319276 226.961732 130.468738
4 13 12 0.413603 0.355929 0.230468 230.276156 144.872063
4 13 12 0.938722 0.011098 0.050181 234.787702 120.854044
4 13 12 0.263960 0.272046 0.463994 220.027218 152.143262
4 13 12 0.306683 0.414805 0.278512 228.723110 150.520338
4 13 12 0.254644 0.488277 0.257079 229.689589 150.880776
4 13 12 0.251104 0.564088 0.184808 232.306246 152.271006
4 5 13 0.569328 0.170820 0.259852 250.259997 128.325759
4 5 13 0.327715 0.478204 0.194081 260.093298 125.001911
4 5 13 0.889728 0.074439 0.035832 243.856343 115.262747
4 5 13 0.261214 0.202287 0.536500 253.082776 145.749210
4 5 13 0.542916 0.146120 0.310964 244.191387 130.318799
4 5 13 0.438491 0.216440 0.345069 249.387719 135.245547
4 5 13 0.684723 0.196063 0.119214 250.189402 124.107757
4 5 13 0.494003 0.193927 0.312070 247.800784 131.885667
4 5 13 0.887994 0.075704 0.036302 243.868953 118.834862
4 5 13 0.126268 0.121564 0.752168 247.157217 150.766657
5 14 13 0.083986 0.569595 0.346419 270.426632 156.032769
5 14 13 0.872965 0.091761 0.035274 284.404591 123.175166
5 14 13 0.716527 0.104836 0.178638 278.278519 130.373694
5 14 13 0.956277 0.034642 0.009081 287.389666 120.709412
5 14 13 0.383662 0.319380 0.296958 275.817540 145.107383
5 14 13 0.481841 0.225769 0.292390 271.846467 143.086872
5 14 13 0.432060 0.298008 0.269933 277.571950 144.542351
5 14 13 0.150243 0.370470 0.479287 264.568050 153.723280
5 14 13 0.250371 0.121305 0.628324 259.059819 150.431801
5 14 13 0.360224 0.331139 0.308637 275.422452 147.075792
5 6 14 0.566691 0.105902 0.327408 291.822125 131.181612
5 6 14 0.610235 0.129734 0.260031 295.203805 125.738759
5 6 14 0.990544 0.009053 0.000403 287.087127 113.798763
5 6 14 0.074167 0.149263 0.776570 296.779949 150.902913
5 6 14 0.444278 0.327091 0.228631 300.302594 127.193229
5 6 14 0.316460 0.139723 0.543817 293.043030 139.521867
5 6 14 0.202109 0.344551 0.453341 302.288810 137.680515
5 6 14 0.164421 0.808937 0.026642 323.297978 120.619289
5 6 14 0.125446 0.135905 0.738649 296.076881 149.626792
5 6 14 0.537024 0.308445 0.154530 301.606722 124.248838
6 15 14 0.501650 0.200923 0.297427 316.368006 137.303884
6 15 14 0.052139 0.895417 0.052443 335.085958 158.320214
6 15 14 0.674200 0.062917 0.262883 321.766721 136.449314
6 15 14 0.156495 0.158267 0.685238 304.296111 151.313582
6 15 14 0.941604 0.014240 0.044156 328.731819 119.017510
6 15 14 0.338634 0.053996 0.607369 306.680335 149.606927
6 15 14 0.358099 0.201769 0.440132 308.895248 148.562269
6 15 14 0.870904 0.052775 0.076321 330.960562 124.778536
6 15 14 0.435594 0.360460 0.203946 322.253897 143.886025
6 15 14 0.043280 0.866048 0.090673 328.112188 163.248881
6 7 15 0.406993 0.062072 0.530935 333.376599 144.665960
6 7 15 0.615979 0.217725 0.166295 340.444763 128.256839
6 7 15 0.050100 0.626366 0.323534 362.734853 134.343112
6 7 15 0.056004 0.252727 0.691269 342.992012 148.536611
6 7 15 0.750900 0.137763 0.111337 339.592057 126.543343
6 7 15 0.283687 0.550380 0.165932 358.983286 128.248922
6 7 15 0.461820 0.406062 0.132117 349.364842 125.896382
6 7 15 0.497846 0.360811 0.141344 345.768686 125.447039
6 7 15 0.914112 0.013908 0.071980 332.467616 120.192370
6 7 15 0.934668 0.012111 0.053221 333.772086 115.042381
7 16 15 0.289641 0.627412 0.082947 376.771589 148.371500
7 16 15 0.042782 0.674085 0.283133 366.275952 160.702974
7 16 15 0.413511 0.394186 0.192303 364.061845 146.611021
7 16 15 0.867063 0.087373 0.045564 370.628220 127.130173
7 16 15 0.629574 0.236512 0.133914 373.158265 135.883246
7 16 15 0.105703 0.126805 0.767493 339.930052 157.117996
7 16 15 0.665711 0.276918 0.057370 376.326561 139.417912
7 16 15 0.756771 0.218128 0.025101 374.557277 131.437290
7 16 15 0.748996 0.214903 0.036101 375.679080 129.971345
7 16 15 0.976114 0.006624 0.017262 375.762638 124.009366
7 8 16 0.732501 0.000512 0.266987 377.720932 134.300153
7 8 16 0.090547 0.388613 0.520840 395.592687 139.649303
7 8 16 0.624006 0.259210 0.116784 387.205155 129.722387
7 8 16 0.497230 0.244330 0.258440 387.422947 131.303344
7 8 16 0.886452 0.043897 0.069651 376.591767 125.386015
7 8 16 0.991692 0.004280 0.004029 376.224597 121.158169
7 8 16 0.018293 0.468259 0.513448 397.574789 142.450063
7 8 16 0.779026 0.186107 0.034868 382.115440 120.750922
7 8 16 0.238186 0.408835 0.352979 394.880538 135.488882
7 8 16 0.146192 0.394808 0.459000 396.151954 142.156770
8 17 16 0.561955 0.328999 0.109046 415.825829 136.857643
8 17 16 0.144786 0.767325 0.087889 419.546364 157.607118
8 17 16 0.820367 0.092414 0.087219 416.346782 127.397511
8 17 16 0.480034 0.403526 0.116439 413.717312 139.101458
8 17 16 0.180920 0.500398 0.318682 408.427680 153.922475
8 17 16 0.645771 0.207281 0.146947 409.798880 135.226829
8 17 16 0.115855 0.799963 0.084182 417.691609 155.250299
8 17 16 0.568766 0.074781 0.356452 404.777023 138.785772
8 17 16 0.097969 0.866523 0.035507 422.027891 160.387394
8 17 16 0.777409 0.199794 0.022797 419.693869 127.136996
9 10 18 0.903683 0.022965 0.073352 62.795606 166.449363
9 10 18 0.144139 0.231915 0.623946 77.027836 194.449316
9 10 18 0.322431 0.257418 0.420150 78.512315 182.333550
9 10 18 0.755125 0.041523 0.203352 62.985498 172.171577
9 10 18 0.193371 0.715818 0.090811 91.854992 165.606333
9 10 18 0.550840 0.090482 0.358678 74.506888 182.779338
9 10 18 0.627847 0.314530 0.057623 76.733679 166.528071
9 10 18 0.390878 0.101641 0.507481 71.451220 187.904562
9 10 18 0.759095 0.205318 0.035587 71.935835 162.826285
9 10 18 0.677595 0.015386 0.307019 65.177756 182.543365
10 19 18 0.584045 0.272874 0.143081 102.709310 181.590964
10 19 18 0.432044 0.075351 0.492605 86.683103 193.305772
10 19 18 0.248144 0.343495 0.408361 94.802483 200.637031
10 19 18 0.515760 0.190554 0.293686 100.622367 187.110621
10 19 18 0.432751 0.246258 0.320991 98.150682 188.862212
10 19 18 0.285223 0.524161 0.190616 96.046107 195.485666
10 19 18 0.473497 0.016483 0.510020 86.073517 192.510644
10 19 18 0.484542 0.442443 0.073016 105.480138 191.574885
10 19 18 0.686789 0.239888 0.073323 105.533515 175.364570
10 19 18 0.287695 0.179746 0.532559 85.993717 198.889651
10 11 19 0.762256 0.009324 0.228419 107.848834 174.405153
10 11 19 0.449855 0.102548 0.447597 112.462449 185.561996
10 11 19 0.859592 0.033777 0.106631 106.846189 167.902366
10 11 19 0.213370 0.287166 0.499463 122.685322 186.631830
10 11 19 0.870143 0.058337 0.071521 114.551358 167.232923
10 11 19 0.182248 0.181299 0.636452 117.579262 192.661065
10 11 19 0.276823 0.319359 0.403818 123.025383 181.162184
10 11 19 0.655480 0.274407 0.070113 121.002941 163.861000
10 11 19 0.489247 0.471757 0.038996 126.977357 162.019401
10 11 19 0.280767 0.536647 0.182585 129.641253 174.389443
11 20 19 0.519682 0.042546 0.437772 129.979295 186.073030
11 20 19 0.266403 0.694847 0.038751 149.513797 199.855299
11 20 19 0.770803 0.008918 0.220279 144.555774 169.725919
11 20 19 0.309355 0.017204 0.673441 122.768372 195.159755
11 20 19 0.145940 0.321162 0.532898 129.448414 206.350445
11 20 19 0.447206 0.112992 0.439802 131.482150 187.477042
11 20 19 0.954907 0.024197 0.020896 148.320262 164.607014
11 20 19 0.050956 0.600540 0.348504 138.670210 206.025223
11 20 19 0.408450 0.522093 0.069457 151.759015 195.154670
11 20 19 0.410181 0.352170 0.237649 138.231576 191.262417
11 12 20 0.565205 0.336987 0.097808 168.468052 168.657677
11 12 20 0.559984 0.435782 0.004234 173.434959 162.832999
11 12 20 0.048259 0.291506 0.660235 166.924486 192.089149
11 12 20 0.066252 0.917563 0.016186 195.832247 160.203357
11 12 20 0.147763 0.757405 0.094832 190.557664 165.384601
11 12 20 0.719811 0.004135 0.276054 148.756444 173.109517
11 12 20 0.791388 0.012014 0.196598 152.145570 171.279398
11 12 20 0.597729 0.376675 0.025596 171.856555 160.548676
11 12 20 0.783450 0.011677 0.204873 150.344192 170.101252
11 12 20 0.622837 0.281007 0.096155 162.592069 163.575853
12 21 20 0.492947 0.251880 0.255173 184.883412 187.610764
12 21 20 0.049566 0.905944 0.044490 191.763630 205.777973
12 21 20 0.507479 0.301512 0.191008 188.983246 186.038610
12 21 20 0.938604 0.057360 0.004036 196.225038 167.553241
12 21 20 0.060727 0.364973 0.574299 173.651092 209.826292
12 21 20 0.011207 0.948114 0.040679 195.418006 209.495445
12 21 20 0.692903 0.109010 0.198087 187.652099 172.410763
12 21 20 0.308195 0.334436 0.357369 182.697024 195.560612
12 21 20 0.497628 0.047434 0.454938 177.629019 186.571893
12 21 20 0.851815 0.025285 0.122900 190.571347 170.053006
12 13 21 0.651265 0.318881 0.029854 211.626800 166.303571
12 13 21 0.364328 0.211193 0.424478 203.677398 179.357326
12 13 21 0.715226 0.093214 0.191560 201.854468 174.047235
12 13 21 0.325179 0.069775 0.605046 196.651743 189.171869
12 13 21 0.652549 0.015073 0.332378 196.613190 177.479647
12 13 21 0.397790 0.105026 0.497184 202.758572 184.690810
12 13 21 0.177345 0.818241 0.004414 231.746106 166.462558
12 13 21 0.482749 0.100660 0.416592 204.335524 184.837496
12 13 21 0.970808 0.010913 0.018279 196.681528 164.660323
12 13 21 0.875643 0.008700 0.115657 198.979965 166.611846
13 22 21 0.841098 0.155045 0.003857 242.569830 169.622757
13 22 21 0.819705 0.140102 0.040193 236.935402 171.363738
13 22 21 0.074234 0.491343 0.434424 221.924057 208.847244
13 22 21 0.308701 0.338520 0.352779 224.087754 195.945918
13 22 21 0.851142 0.005655 0.143203 233.503130 167.725072
13 22 21 0.139443 0.078631 0.781926 206.671125 201.622779
13 22 21 0.447105 0.210723 0.342172 227.180246 188.414946
13 22 21 0.803345 0.124365 0.072290 236.994568 173.037584
13 22 21 0.049123 0.389818 0.561059 217.537475 206.858898
13 22 21 0.148622 0.044287 0.807092 204.513128 204.335093
13 14 22 0.086793 0.744745 0.168462 276.249259 164.592443
13 14 22 0.758611 0.124129 0.117260 245.016817 170.999643
13 14 22 0.792931 0.156101 0.050967 252.842387 166.939905
13 14 22 0.762748 0.029327 0.207925 240.205855 174.143027
13 14 22 0.493949 0.305123 0.200928 255.056034 172.859564
13 14 22 0.437477 0.451556 0.110968 265.548245 170.957663
13 14 22 0.298295 0.131937 0.569768 246.459953 187.101586
13 14 22 0.947877 0.043179 0.008944 241.171933 165.612101
13 14 22 0.881885 0.089460 0.028655 248.775665 163.629332
13 14 22 0.823912 0.131534 0.044554 248.225237 165.025291
14 23 22 0.041043 0.609428 0.349529 271.493634 205.601781
14 23 22 0.544950 0.406309 0.048741 288.116978 184.948363
14 23 22 0.646528 0.014664 0.338809 272.451460 174.849684
14 23 22 0.521748 0.339868 0.138384 280.913346 185.010989
14 23 22 0.402590 0.512289 0.085122 282.238680 192.431567
14 23 22 0.047944 0.603370 0.348685 271.945004 206.401638
14 23 22 0.299477 0.061969 0.638554 260.635450 194.059764
14 23 22 0.614942 0.286128 0.098930 286.622440 178.376942
14 23 22 0.473808 0.360749 0.165443 279.931708 186.531817
14 23 22 0.967948 0.006529 0.025523 290.085267 160.847762
14 15 23 0.080366 0.630088 0.289546 319.796570 175.527794
14 15 23 0.426978 0.060975 0.512047 290.417212 189.072258
14 15 23 0.813641 0.103028 0.083331 292.920574 165.728795
14 15 23 0.770891 0.121013 0.108095 295.433536 166.072392
14 15 23 0.474159 0.014227 0.511613 289.798054 187.427825
14 15 23 0.609748 0.121190 0.269062 293.806054 174.123019
14 15 23 0.008559 0.238040 0.753401 297.118498 199.218573
14 15 23 0.723648 0.188998 0.087353 298.054399 164.028390
14 15 23 0.117751 0.290063 0.592186 301.427774 190.604201
14 15 23 0.856138 0.069207 0.074655 292.138839 161.938102
15 24 23 0.485565 0.246409 0.268027 323.623393 187.436194
15 24 23 0.402648 0.452566 0.144786 326.769883 192.504983
15 24 23 0.384908 0.251536 0.363556 319.252481 193.232362
15 24 23 0.596328 0.229093 0.174579 324.230969 178.978630
15 24 23 0.153463 0.074772 0.771765 300.709209 201.951231
15 24 23 0.748578 0.125854 0.125568 328.112669 178.029246
15 24 23 0.875145 0.122306 0.002549 331.890941 170.491529
15 24 23 0.990145 0.004393 0.005462 335.529420 167.217535
15 24 23 0.453909 0.424066 0.122024 326.297169 187.639253
15 24 23 0.421561 0.485751 0.092688 327.958590 193.541272
15 16 24 0.007964 0.384229 0.607806 354.502189 190.741406
15 16 24 0.855516 0.045384 0.099100 336.471277 166.103511
15 16 24 0.497375 0.353326 0.149299 349.670936 167.231617
15 16 24 0.894392 0.008447 0.097161 333.748650 166.626762
15 16 24 0.625205 0.186168 0.188628 342.169180 171.084970
15 16 24 0.324083 0.199338 0.476579 342.514623 182.308153
15 16 24 0.769449 0.149772 0.080779 338.082300 169.097742
15 16 24 0.202751 0.123355 0.673893 336.895300 193.391766
15 16 24 0.449098 0.257394 0.293509 343.457399 178.800425
15 16 24 0.841657 0.065478 0.092866 338.307561 166.862091
16 25 24 0.118061 0.756087 0.125852 373.505380 205.643333
16 25 24 0.641156 0.007395 0.351449 365.451150 181.933364
16 25 24 0.946415 0.014693 0.038892 376.051494 164.152602
16 25 24 0.337760 0.096848 0.565392 353.556189 194.323039
16 25 24 0.007269 0.391621 0.601110 350.353264 209.423425
16 25 24 0.443486 0.450562 0.105951 375.424692 190.426114
16 25 24 0.100006 0.110172 0.789822 341.344982 201.301267
16 25 24 0.597498 0.053270 0.349233 364.223483 182.024151
16 25 24 0.279235 0.686107 0.034658 373.222462 196.575117
16 25 24 0.087346 0.703206 0.209448 369.485051 205.416752
16 17 25 0.390384 0.140293 0.469323 384.769244 180.928789
16 17 25 0.157066 0.686526 0.156408 409.721875 170.449383
16 17 25 0.822955 0.037930 0.139115 381.623627 168.475948
16 17 25 0.527878 0.052653 0.419469 384.472128 181.573465
16 17 25 0.687450 0.276875 0.035675 389.659899 161.982854
16 17 25 0.081074 0.825498 0.093428 417.946645 166.799408
16 17 25 0.061427 0.514978 0.423594 405.363758 179.230509
16 17 25 0.003555 0.878487 0.117959 419.657915 170.857637
16 17 25 0.481074 0.308189 0.210737 390.762840 173.250687
16 17 25 0.990406 0.000177 0.009417 382.452512 163.472285
17 26 25 0.870727 0.008187 0.121086 420.381461 169.780189
17 26 25 0.898599 0.047246 0.054156 419.156240 166.676586
17 26 25 0.245523 0.388397 0.366080 403.897401 195.839375
17 26 25 0.495694 0.066603 0.437703 401.228562 183.893896
17 26 25 0.180819 0.328011 0.491170 404.247429 197.718928
17 26 25 0.112752 0.188617 0.698631 390.035411 201.549788
17 26 25 0.944522 0.052793 0.002685 422.493841 165.969981
17 26 25 0.879692 0.041139 0.079168 419.445538 168.914968
17 26 25 0.139601 0.652116 0.208283 414.371198 204.242858
17 26 25 0.409873 0.105724 0.484403 401.847948 191.423814
18 19 27 0.359937 0.300172 0.339891 86.438638 225.569393
18 19 27 0.725590 0.213212 0.061198 75.369483 214.476032
18 19 27 0.039581 0.808304 0.152115 103.596269 216.215009
18 19 27 0.581626 0.416434 0.001940 85.549123 212.857118
18 19 27 0.077730 0.550604 0.371666 92.933097 226.831662
18 19 27 0.064569 0.056756 0.878675 77.701330 246.652150
18 19 27 0.954977 0.004649 0.040375 72.130944 213.195832
18 19 27 0.338137 0.396358 0.265506 89.092236 219.338475
18 19 27 0.991139 0.007497 0.001365 68.912650 208.985874
18 19 27 0.547500 0.227373 0.225127 82.244833 220.783100
19 28 27 0.883377 0.106534 0.010089 108.588340 215.700245
19 28 27 0.989714 0.009793 0.000493 109.502422 208.375820
19 28 27 0.167935 0.608579 0.223486 106.591767 247.243975
19 28 27 0.098942 0.258089 0.642970 94.143089 242.035351
19 28 27 0.157216 0.210106 0.632678 91.178200 245.476889
19 28 27 0.803302 0.102104 0.094594 106.486443 221.415797
19 28 27 0.768541 0.028140 0.203319 102.775246 222.270333
19 28 27 0.022372 0.939660 0.037967 116.111558 252.289153
19 28 27 0.298423 0.550675 0.150902 111.404503 238.437396
19 28 27 0.039994 0.942304 0.017701 115.105543 248.665833
19 20 28 0.158376 0.498663 0.342961 137.192593 225.935255
19 20 28 0.019732 0.300852 0.679416 127.785284 237.770794
19 20 28 0.743866 0.181223 0.074911 116.621142 211.485850
19 20 28 0.055665 0.464405 0.479930 133.801637 228.848242
19 20 28 0.719673 0.276563 0.003764 123.399947 216.250866
19 20 28 0.203267 0.231656 0.565077 128.730266 232.191920
19 20 28 0.302691 0.624771 0.072539 134.507783 214.510011
19 20 28 0.928250 0.004374 0.067376 109.945271 215.457485
19 20 28 0.545852 0.249940 0.204208 121.540013 218.659520
19 20 28 0.064108 0.583925 0.351966 142.313366 225.163447
20 29 28 0.259680 0.570625 0.169695 149.744807 238.973852
20 29 28 0.443538 0.426981 0.129482 150.740372 229.736359
20 29 28 0.576062 0.262523 0.161416 149.315782 229.295223
20 29 28 0.214576 0.708140 0.077283 154.699398 243.818310
20 29 28 0.955699 0.037060 0.007241 152.555499 212.644549
20 29 28 0.541445 0.442297 0.016258 155.816234 227.195050
20 29 28 0.788641 0.191383 0.019975 154.210229 218.725652
20 29 28 0.224591 0.267040 0.508369 137.291498 241.350336
20 29 28 0.059213 0.651501 0.289287 145.692585 250.258861
20 29 28 0.972950 0.013367 0.013683 149.698912 210.328540
20 21 29 0.894926 0.010683 0.094391 153.345354 212.465049
20 21 29 0.841650 0.084076 0.074274 156.845897 215.314377
20 21 29 0.021753 0.762739 0.215508 187.874649 217.752295
20 21 29 0.904809 0.090890 0.004301 161.894820 212.188715
20 21 29 0.153750 0.182922 0.663328 165.846200 238.596955
20 21 29 0.608043 0.329249 0.062709 167.416028 212.340595
20 21 29 0.098636 0.649509 0.251855 181.601491 221.677612
20 21 29 0.864970 0.014261 0.120769 152.410093 216.799963
20 21 29 0.178145 0.489197 0.332658 175.365259 223.222716
20 21 29 0.944254 0.005487 0.050259 152.788526 214.214726
21 30 29 0.294277 0.049868 0.655855 170.402848 242.485409
21 30 29 0.479443 0.252501 0.268056 188.970194 234.180303
21 30 29 0.289333 0.239436 0.471231 178.645587 238.821762
21 30 29 0.313621 0.164986 0.521393 175.827728 238.360127
21 30 29 0.037275 0.075886 0.886839 166.199448 249.645531
21 30 29 0.074334 0.114572 0.811095 165.599300 249.368964
21 30 29 0.687572 0.275143 0.037285 193.622440 217.816207
21 30 29 0.410808 0.220903 0.368289 182.367612 233.249058
21 30 29 0.234480 0.428448 0.337071 184.493720 243.995697
21 30 29 0.655875 0.033404 0.310722 184.107268 219.736581
21 22 30 0.075834 0.163883 0.760283 207.936908 242.469086
21 22 30 0.972655 0.025715 0.001630 197.813474 208.536462
21 22 30 0.539953 0.362687 0.097360 212.083641 213.264803
21 22 30 0.208799 0.714749 0.076452 227.017689 212.296046
21 22 30 0.101449 0.392673 0.505879 216.499635 230.303975
21 22 30 0.405502 0.380916 0.213582 210.918527 216.449265
21 22 30 0.715405 0.203264 0.081330 205.495019 213.961090
21 22 30 0.807195 0.121728 0.071077 202.242449 212.712224
21 22 30 0.680309 0.100058 0.219633 204.194908 218.947527
21 22 30 0.066086 0.180810 0.753103 203.837905 237.355748
22 31 30 0.766776 0.002383 0.230841 230.076794 220.511898
22 31 30 0.234345 0.240015 0.525640 222.028947 240.722334
22 31 30 0.219055 0.452306 0.328639 230.415552 245.660992
22 31 30 0.831743 0.167757 0.000499 242.103027 214.514703
22 31 30 0.498640 0.151587 0.349773 225.752646 232.066562
22 31 30 0.178559 0.405201 0.416240 229.637856 244.509765
22 31 30 0.032204 0.509570 0.458227 223.663493 249.650649
22 31 30 0.358080 0.240731 0.401189 224.032497 239.448699
22 31 30 0.751105 0.123203 0.125692 230.826976 220.026930
22 31 30 0.035462 0.880317 0.084221 239.636464 252.210187
22 23 31 0.510165 0.374692 0.115143 259.504180 212.499036
22 23 31 0.295515 0.538378 0.166107 268.433783 217.965351
22 23 31 0.779991 0.187612 0.032397 250.096609 211.752298
22 23 31 0.105734 0.588235 0.306031 272.080128 225.187547
22 23 31 0.840077 0.056308 0.103615 244.672711 212.002649
22 23 31 0.615674 0.365887 0.018439 259.347721 209.769677
22 23 31 0.662761 0.294775 0.042464 253.895357 213.780217
22 23 31 0.632194 0.046065 0.321740 243.500462 223.634884
22 23 31 0.105608 0.745762 0.148630 273.683110 212.860537
22 23 31 0.897577 0.086016 0.016407 247.074371 208.291614
23 32 31 0.077720 0.915303 0.006976 282.502479 245.632851
23 32 31 0.167234 0.505651 0.327115 273.300414 245.530209
23 32 31 0.320826 0.360188 0.318986 273.073745 238.413339
23 32 31 0.561402 0.197497 0.241101 276.367962 228.646602
23 32 31 0.380599 0.151219 0.468182 265.562399 235.421915
23 32 31 0.082032 0.148005 0.769963 250.829829 251.111159
23 32 31 0.482569 0.274743 0.242687 277.755492 232.633638
23 32 31 0.274016 0.613432 0.112552 284.774549 238.956398
23 32 31 0.951488 0.020337 0.028175 285.317154 211.892945
23 32 31 0.668451 0.243623 0.087926 285.674478 224.704952
23 24 32 0.283914 0.441597 0.274488 307.820963 224.388953
23 24 32 0.658912 0.018244 0.322844 288.290793 226.712627
23 24 32 0.837186 0.036464 0.126350 290.821621 216.393614
23 24 32 0.657571 0.209437 0.132993 296.352530 216.158411
23 24 32 0.707769 0.032847 0.259384 286.553841 217.695803
23 24 32 0.173980 0.274766 0.551253 296.082524 232.828148
23 24 32 0.597829 0.318978 0.083193 302.270302 212.445575
23 24 32 0.708356 0.158396 0.133248 292.847688 213.713599
23 24 32 0.854122 0.006408 0.139471 289.391961 214.837567
23 24 32 0.968734 0.011734 0.019531 288.795037 213.201641
24 33 32 0.101114 0.890443 0.008443 330.051573 246.315066
24 33 32 0.312927 0.183079 0.503994 308.877896 236.066939
24 33 32 0.212401 0.751248 0.036351 327.109097 244.788505
24 33 32 0.619501 0.069845 0.310653 320.049405 225.535971
24 33 32 0.203104 0.030890 0.766006 296.016751 244.672580
24 33 32 0.657417 0.149531 0.193052 324.436949 226.519490
24 33 32 0.525550 0.393228 0.081222 324.738393 230.696698
24 33 32 0.756028 0.141118 0.102854 328.805335 219.069896
24 33 32 0.224460 0.575565 0.199975 318.050707 242.732601
24 33 32 0.451318 0.331738 0.216945 321.147471 231.363299
24 25 33 0.428759 0.437063 0.134178 351.943609 213.841845
24 25 33 0.734182 0.264414 0.001404 342.721575 205.963376
24 25 33 0.739225 0.046592 0.214183 332.125931 216.712097
24 25 33 0.266677 0.235334 0.497989 341.053100 229.766039
24 25 33 0.901739 0.024596 0.073665 335.021182 211.985859
24 25 33 0.709293 0.095617 0.195090 336.289930 218.003827
24 25 33 0.334904 0.462266 0.202830 350.778481 219.293556
24 25 33 0.601940 0.167055 0.231006 341.623367 220.677536
24 25 33 0.726137 0.158150 0.115713 338.802030 215.027489
24 25 33 0.024988 0.932127 0.042885 373.015209 208.869999
25 34 33 0.983373 0.016192 0.000435 375.840969 207.558022
25 34 33 0.283814 0.121929 0.594257 344.347154 237.396508
25 34 33 0.967989 0.011846 0.020165 372.986894 210.896513
25 34 33 0.217375 0.115887 0.666737 344.711087 240.882192
25 34 33 0.460796 0.520218 0.018986 375.020171 228.828309
25 34 33 0.255626 0.400111 0.344263 358.620102 239.910711
25 34 33 0.569737 0.136261 0.294003 366.134350 229.391459
25 34 33 0.501595 0.264966 0.233439 364.758041 235.130753
25 34 33 0.144853 0.472380 0.382767 353.409564 249.296659
25 34 33 0.925776 0.063781 0.010442 371.982314 214.006372
25 26 34 0.960511 0.021789 0.017700 373.992247 210.855750
25 26 34 0.811363 0.184391 0.004246 384.225436 209.363932
25 26 34 0.086019 0.284016 0.629965 387.408733 233.887094
25 26 34 0.383380 0.429994 0.186627 396.033134 219.094136
25 26 34 0.451573 0.119174 0.429254 379.599696 229.022869
25 26 34 0.811322 0.090038 0.098640 377.669212 212.241556
25 26 34 0.164521 0.557622 0.277856 399.850030 220.627923
25 26 34 0.702667 0.184450 0.112883 383.112677 213.095677
25 26 34 0.683588 0.279462 0.036950 386.771805 206.658756
25 26 34 0.871545 0.010744 0.117711 378.068302 216.879312
26 35 34 0.163309 0.392657 0.444034 400.587209 243.060604
26 35 34 0.072025 0.128496 0.799479 384.474711 249.044308
26 35 34 0.836455 0.087677 0.075868 419.450708 213.932249
26 35 34 0.031002 0.678079 0.290918 408.289696 251.893129
26 35 34 0.715153 0.258974 0.025873 422.993683 221.647188
26 35 34 0.000744 0.007109 0.992147 370.963088 256.485043
26 35 34 0.546421 0.259746 0.193832 410.960934 230.589917
26 35 34 0.391189 0.468620 0.140190 415.987998 235.611923
26 35 34 0.356400 0.029624 0.613975 394.203819 238.731080
26 35 34 0.882471 0.099738 0.017790 421.979948 214.544739
27 28 36 0.231757 0.051012 0.717231 90.274238 273.215537
27 28 36 0.481419 0.175040 0.343542 90.869972 263.060927
27 28 36 0.000103 0.019625 0.980272 92.707884 280.149148
27 28 36 0.157806 0.602431 0.239763 104.296664 260.352344
27 28 36 0.161473 0.643950 0.194577 108.983767 254.767279
27 28 36 0.816210 0.063679 0.120112 85.607909 253.901387
27 28 36 0.466859 0.052316 0.480825 88.484765 266.654472
27 28 36 0.397995 0.577057 0.024948 102.964425 253.576940
27 28 36 0.119699 0.016651 0.863650 91.350172 275.115674
27 28 36 0.199419 0.548982 0.251599 102.865738 259.025778
28 37 36 0.428786 0.494491 0.076723 120.583073 268.600288
28 37 36 0.907205 0.054002 0.038793 121.468034 254.294295
28 37 36 0.286523 0.276686 0.436791 107.175049 269.478084
28 37 36 0.538457 0.154673 0.306869 113.501735 263.199441
28 37 36 0.614993 0.272440 0.112567 118.267057 263.474185
28 37 36 0.927588 0.041065 0.031347 119.889397 254.428639
28 37 36 0.386091 0.366760 0.247149 113.944428 270.419575
28 37 36 0.448324 0.541381 0.010296 125.607613 268.475665
28 37 36 0.251138 0.737065 0.011797 128.198282 273.028591
28 37 36 0.449569 0.305529 0.244902 114.311655 271.817406
28 29 37 0.666405 0.012676 0.320919 121.800304 257.396228
28 29 37 0.013510 0.627835 0.358655 148.621355 261.309344
28 29 37 0.479997 0.189202 0.330801 130.216222 258.949320
28 29 37 0.531302 0.218863 0.249835 129.201660 261.049456
28 29 37 0.636370 0.322545 0.041085 130.857190 255.688923
28 29 37 0.932289 0.036111 0.031600 118.639828 253.343664
28 29 37 0.717425 0.137977 0.144598 124.544130 254.121326
28 29 37 0.919541 0.050695 0.029764 122.536775 249.577881
28 29 37 0.831624 0.084525 0.083851 122.856167 253.644700
28 29 37 0.707086 0.035235 0.257679 123.706235 260.097347
29 38 37 0.473264 0.138401 0.388335 148.136022 268.315786
29 38 37 0.885583 0.011867 0.102550 153.555663 254.662927
29 38 37 0.795929 0.008723 0.195348 154.479298 258.524509
29 38 37 0.693979 0.153562 0.152459 156.718610 261.190849
29 38 37 0.977800 0.014534 0.007666 158.482217 249.736698
29 38 37 0.385380 0.503250 0.111371 161.120679 270.674755
29 38 37 0.579291 0.279319 0.141389 156.049228 268.753152
29 38 37 0.373806 0.236392 0.389802 149.591244 269.105665
29 38 37 0.220621 0.677860 0.101519 159.870761 278.229660
29 38 37 0.599493 0.034334 0.366172 147.971723 260.346152
29 30 38 0.200729 0.070644 0.728627 170.719739 275.419414
29 30 38 0.786432 0.020077 0.193491 162.196345 257.868316
29 30 38 0.481093 0.479385 0.039522 177.809364 252.745867
29 30 38 0.303835 0.068538 0.627627 164.071509 271.479800
29 30 38 0.869124 0.113560 0.017317 161.396874 255.250829
29 30 38 0.767188 0.041571 0.191241 161.837760 255.641210
29 30 38 0.219398 0.533944 0.246657 179.757637 262.195523
29 30 38 0.120347 0.433069 0.446584 176.984271 264.642244
29 30 38 0.860847 0.036813 0.102340 161.066210 255.210566
29 30 38 0.317347 0.092663 0.589989 164.079371 274.102350
30 39 38 0.112029 0.265832 0.622139 180.258863 277.368367
30 39 38 0.666137 0.216022 0.117842 196.052785 263.008915
30 39 38 0.521005 0.457084 0.021912 202.034239 268.392068
30 39 38 0.008596 0.164675 0.826729 174.647269 284.955141
30 39 38 0.522202 0.384670 0.093128 201.527235 268.204946
30 39 38 0.251919 0.378551 0.369530 189.937721 278.418033
30 39 38 0.381875 0.019677 0.598447 179.720998 270.103789
30 39 38 0.268732 0.137862 0.593406 180.406070 274.082787
30 39 38 0.971314 0.018618 0.010068 200.842620 254.044270
30 39 38 0.904432 0.004162 0.091405 198.027907 256.781004
30 31 39 0.046424 0.313712 0.639864 216.126652 273.287286
30 31 39 0.535804 0.063570 0.400626 205.639936 265.451790
30 31 39 0.016642 0.545382 0.437976 223.782081 264.328078
30 31 39 0.390765 0.040038 0.569197 205.092546 271.661691
30 31 39 0.704423 0.067235 0.228342 208.178218 260.445230
30 31 39 0.921520 0.027543 0.050937 202.781402 252.928459
30 31 39 0.378441 0.267209 0.354350 212.580001 263.462379
30 31 39 0.536454 0.255863 0.207683 209.876120 260.030366
30 31 39 0.404045 0.109281 0.486673 205.577743 268.171823
30 31 39 0.530346 0.293934 0.175720 213.734489 256.984233
31 40 39 0.342498 0.593761 0.063742 242.501970 273.398390
31 40 39 0.751572 0.155019 0.093408 242.596183 258.918134
31 40 39 0.797683 0.140356 0.061961 240.982066 259.493936
31 40 39 0.834126 0.148777 0.017098 240.008465 256.654985
31 40 39 0.577788 0.182292 0.239920 234.417370 269.154218
31 40 39 0.268170 0.604898 0.126932 241.562145 277.396502
31 40 39 0.515503 0.235857 0.248640 234.118328 269.190974
31 40 39 0.562572 0.018508 0.418921 224.945852 268.456111
31 40 39 0.781673 0.155570 0.062757 241.353249 261.023680
31 40 39 0.244019 0.025707 0.730274 215.191961 276.803077
31 32 40 0.642742 0.224794 0.132464 252.196693 256.747752
31 32 40 0.639034 0.060114 0.300853 243.217702 266.643958
31 32 40 0.675967 0.198630 0.125403 250.114166 255.662049
31 32 40 0.722698 0.231029 0.046272 252.123169 255.383500
31 32 40 0.862127 0.000672 0.137201 243.543207 255.858675
31 32 40 0.636087 0.118586 0.245327 248.854329 261.972588
31 32 40 0.726898 0.003442 0.269659 242.185954 259.739277
31 32 40 0.297866 0.332101 0.370032 256.821252 266.890751
31 32 40 0.495128 0.179191 0.325682 250.756213 265.177967
31 32 40 0.200917 0.767092 0.031990 276.525485 258.499296
32 41 40 0.850128 0.041347 0.108524 276.071694 257.237054
32 41 40 0.999538 0.000437 0.000025 284.795729 252.018071
32 41 40 0.186261 0.543648 0.270092 270.160481 277.380003
32 41 40 0.488430 0.400826 0.110744 280.506769 272.804027
32 41 40 0.951295 0.028752 0.019953 283.636072 256.041313
32 41 40 0.868154 0.129127 0.002718 282.308250 252.498512
32 41 40 0.949313 0.043495 0.007193 284.742306 256.596144
32 41 40 0.724271 0.229430 0.046299 282.258749 264.904835
32 41 40 0.202710 0.174614 0.622676 254.247564 283.495040
32 41 40 0.018554 0.854704 0.126742 278.063579 286.412937
32 33 41 0.798485 0.098386 0.103129 291.156960 251.958090
32 33 41 0.680725 0.207901 0.111375 293.564174 253.721016
32 33 41 0.360929 0.296215 0.342856 296.933340 264.042723
32 33 41 0.284956 0.170990 0.544054 292.578863 271.885259
32 33 41 0.826357 0.112150 0.061493 289.877718 252.558097
32 33 41 0.262555 0.506022 0.231423 312.759455 258.948933
32 33 41 0.938448 0.036805 0.024747 287.555758 251.508027
32 33 41 0.900529 0.093889 0.005582 289.212177 252.020210
32 33 41 0.802770 0.103416 0.093814 287.206967 254.779778
32 33 41 0.276852 0.356610 0.366538 299.369515 263.809792
33 42 41 0.321231 0.631272 0.047497 320.491487 275.435301
33 42 41 0.957608 0.012737 0.029655 328.944039 253.683612
33 42 41 0.863856 0.083363 0.052782 323.312949 257.509873
33 42 41 0.150223 0.520130 0.329647 312.728219 280.151537
33 42 41 0.409728 0.564407 0.025865 327.421042 274.891863
33 42 41 0.954082 0.004667 0.041251 327.148006 254.815809
33 42 41 0.765593 0.075520 0.158887 322.562607 261.267183
33 42 41 0.294312 0.494592 0.211096 317.438560 273.859778
33 42 41 0.067103 0.721678 0.211219 314.398492 286.584963
33 42 41 0.684725 0.016412 0.298863 316.245835 263.370987
33 34 42 0.962555 0.025974 0.011471 334.046568 254.841040
33 34 42 0.080091 0.331887 0.588022 342.437311 273.374774
33 34 42 0.268903 0.545957 0.185140 352.841112 258.419133
33 34 42 0.021390 0.170799 0.807812 333.335189 282.967738
33 34 42 0.466123 0.312727 0.221150 340.383214 258.892741
33 34 42 0.361691 0.201553 0.436756 337.196620 271.301907
33 34 42 0.683394 0.173213 0.143392 335.602566 259.088300
33 34 42 0.122855 0.854596 0.022549 369.383553 253.674660
33 34 42 0.403286 0.025624 0.571089 327.623606 275.255043
33 34 42 0.937480 0.018061 0.044459 329.608364 251.599643
34 43 42 0.181356 0.510717 0.307927 355.839601 280.904823
34 43 42 0.703621 0.045380 0.250999 362.971955 263.977261
34 43 42 0.903465 0.017260 0.079275 368.293634 256.924936
34 43 42 0.045463 0.325308 0.629229 342.320675 287.287527
34 43 42 0.256027 0.457018 0.286956 359.179966 281.894628
34 43 42 0.899129 0.007051 0.093820 369.837405 257.664245
34 43 42 0.134859 0.606678 0.258463 359.180580 284.719563
34 43 42 0.679735 0.185567 0.134698 366.624496 261.552731
34 43 42 0.593651 0.278822 0.127527 365.693748 267.123903
34 43 42 0.882975 0.108427 0.008598 372.469919 255.157171
34 35 43 0.507273 0.408916 0.083810 390.704712 253.835587
34 35 43 0.863075 0.085627 0.051298 376.946723 254.564113
34 35 43 0.155386 0.578624 0.265990 398.347991 263.997655
34 35 43 0.120398 0.861145 0.018457 413.355525 254.417404
34 35 43 0.260087 0.117229 0.622684 370.826618 276.161553
34 35 43 0.408843 0.477381 0.113776 394.303345 257.381248
34 35 43 0.442909 0.443368 0.113723 390.644388 256.821239
34 35 43 0.314370 0.110345 0.575285 374.330409 275.535502
34 35 43 0.374093 0.014146 0.611761 372.894716 275.954207
34 35 43 0.028746 0.410778 0.560476 389.890425 274.852187
35 44 43 0.966690 0.031510 0.001800 416.835651 254.090198
35 44 43 0.511467 0.371329 0.117203 409.809439 268.861786
35 44 43 0.412419 0.067256 0.520324 392.190530 270.418356
35 44 43 0.762605 0.148449 0.088946 417.076331 258.214279
35 44 43 0.318552 0.188484 0.492964 392.670463 278.536414
35 44 43 0.257009 0.102420 0.640571 383.255199 276.764760
35 44 43 0.387341 0.600421 0.012238 417.105663 273.125889
35 44 43 0.031133 0.477547 0.491320 392.050491 288.295028
35 44 43 0.127667 0.531490 0.340843 395.685970 284.187340
35 44 43 0.500322 0.063702 0.435975 397.899143 271.441393
36 37 45 0.700415 0.000442 0.299143 97.298852 288.330488
36 37 45 0.204903 0.438939 0.356158 110.531720 290.971408
36 37 45 0.465567 0.497974 0.036459 108.240104 277.589563
36 37 45 0.831967 0.078486 0.089547 97.618877 283.011914
36 37 45 0.923602 0.049581 0.026817 92.410149 279.749188
36 37 45 0.919703 0.077934 0.002363 97.405530 281.058344
36 37 45 0.930297 0.033309 0.036393 92.908035 283.721380
36 37 45 0.691135 0.136169 0.172696 100.760707 283.861262
36 37 45 0.764119 0.052613 0.183269 96.158067 286.198144
36 37 45 0.421154 0.111897 0.466949 103.042922 292.031264
37 46 45 0.041648 0.491906 0.466447 122.252782 307.802620
37 46 45 0.377485 0.450316 0.172199 128.400726 297.532513
37 46 45 0.905268 0.058780 0.035952 125.926034 280.865665
37 46 45 0.464336 0.335121 0.200543 125.940490 296.215979
37 46 45 0.963905 0.000763 0.035331 126.129995 282.007208
37 46 45 0.671633 0.191792 0.136575 129.090970 289.644414
37 46 45 0.871720 0.040002 0.088278 126.125579 285.287760
37 46 45 0.668534 0.214782 0.116684 125.178794 287.172776
37 46 45 0.930101 0.056661 0.013238 129.636517 282.530231
37 46 45 0.641082 0.117792 0.241126 122.296162 287.272220
37 38 46 0.320012 0.236520 0.443467 139.569253 292.685184
37 38 46 0.023423 0.639383 0.337194 154.363746 292.215130
37 38 46 0.361717 0.321248 0.317035 145.295900 287.360997
37 38 46 0.969459 0.026868 0.003672 129.197895 283.491910
37 38 46 0.028297 0.636438 0.335265 156.402783 289.925873
37 38 46 0.037995 0.392645 0.569360 148.023824 298.378814
37 38 46 0.937033 0.004070 0.058897 129.472138 281.288305
37 38 46 0.175350 0.796571 0.028079 155.221971 286.928690
37 38 46 0.480498 0.206077 0.313425 137.634150 285.992373
37 38 46 0.691759 0.101216 0.207025 132.524850 288.852332
38 47 46 0.873823 0.115705 0.010472 167.107909 286.648256
38 47 46 0.091793 0.235325 0.672881 148.738398 305.753096
38 47 46 0.769912 0.186949 0.043139 161.826682 287.745828
38 47 46 0.523780 0.232614 0.243606 159.209230 296.009018
38 47 46 0.794915 0.070776 0.134309 164.054982 290.305342
38 47 46 0.037601 0.034742 0.927657 144.254182 309.851389
38 47 46 0.668921 0.262801 0.068278 165.362301 292.043354
38 47 46 0.213775 0.270872 0.515353 156.837610 299.755581
38 47 46 0.172777 0.225509 0.601714 152.902454 303.172590
38 47 46 0.285911 0.610004 0.104085 170.245910 299.859696
38 39 47 0.596344 0.069344 0.334311 170.419248 292.188623
38 39 47 0.154246 0.664188 0.181565 192.322841 290.906775
38 39 47 0.269281 0.578904 0.151816 192.315508 286.944534
38 39 47 0.968082 0.029337 0.002581 169.480104 284.507619
38 39 47 0.864308 0.042640 0.093052 170.695104 285.210668
38 39 47 0.703521 0.031416 0.265062 168.759847 290.245553
38 39 47 0.339266 0.244681 0.416053 178.856797 293.029140
38 39 47 0.629635 0.331329 0.039036 180.594847 285.642731
38 39 47 0.061962 0.586796 0.351243 189.398104 291.176285
38 39 47 0.508608 0.354450 0.136942 178.215824 289.306954
39 48 47 0.815491 0.040593 0.143916 201.019024 286.705353
39 48 47 0.778130 0.177532 0.044338 203.858000 288.700542
39 48 47 0.562055 0.265849 0.172096 201.066630 292.994510
39 48 47 0.996330 0.000149 0.003521 206.520601 285.553216
39 48 47 0.910982 0.071283 0.017735 204.917792 288.779788
39 48 47 0.028478 0.571665 0.399857 198.603315 309.750964
39 48 47 0.046938 0.414697 0.538365 188.696446 304.981963
39 48 47 0.956642 0.019186 0.024172 205.873262 284.757323
39 48 47 0.495025 0.285341 0.219634 201.907589 296.311403
39 48 47 0.860708 0.094769 0.044523 203.154923 290.340720
39 40 48 0.256543 0.522825 0.220632 227.407585 294.779870
39 40 48 0.202351 0.320425 0.477224 215.774028 296.630334
39 40 48 0.451114 0.336225 0.212661 219.574862 289.842346
39 40 48 0.754387 0.070653 0.174961 207.198100 292.256830
39 40 48 0.234313 0.228580 0.537107 213.974013 302.481172
39 40 48 0.771125 0.003172 0.225702 203.420356 291.062848
39 40 48 0.597128 0.310643 0.092229 214.507915 288.035108
39 40 48 0.186214 0.697437 0.116349 230.647202 287.602425
39 40 48 0.716605 0.158908 0.124487 213.654078 287.865795
39 40 48 0.339447 0.295751 0.364802 215.836166 296.024064
40 49 48 0.586467 0.214973 0.198560 238.682182 300.237006
40 49 48 0.666967 0.322209 0.010824 244.112361 294.799112
40 49 48 0.708600 0.061636 0.229765 231.726309 290.805818
40 49 48 0.486600 0.069081 0.444319 224.249028 299.240798
40 49 48 0.529109 0.143539 0.327352 232.259772 300.524092
40 49 48 0.858542 0.010993 0.130465 239.728856 291.957901
40 49 48 0.739800 0.138660 0.121540 242.565344 293.608178
40 49 48 0.228545 0.262263 0.509192 224.687436 304.783446
40 49 48 0.173261 0.155528 0.671210 220.457016 305.913632
40 49 48 0.267028 0.702801 0.030171 245.897489 308.055066
40 41 49 0.932564 0.021182 0.046254 241.822650 284.701453
40 41 49 0.456408 0.162458 0.381134 251.806904 296.450999
40 41 49 0.149295 0.413755 0.436950 261.652177 302.127163
40 41 49 0.656072 0.208176 0.135752 253.875524 289.366215
40 41 49 0.795476 0.201234 0.003290 251.080073 284.621180
40 41 49 0.546110 0.044638 0.409252 243.409246 295.912632
40 41 49 0.766076 0.224141 0.009783 253.353051 283.985606
40 41 49 0.097154 0.862636 0.040210 278.233609 287.047338
40 41 49 0.569118 0.151436 0.279445 250.643464 294.395252
40 41 49 0.890348 0.085903 0.023749 246.901023 284.505885
41 50 49 0.597341 0.190686 0.211973 276.620269 300.663476
41 50 49 0.265978 0.389739 0.344283 271.725293 308.698106
41 50 49 0.429277 0.191653 0.379070 265.825007 302.785665
41 50 49 0.343453 0.524993 0.131554 280.850871 308.783953
41 50 49 0.353910 0.033088 0.613002 261.038432 303.505363
41 50 49 0.282189 0.588745 0.129066 275.811920 308.766942
41 50 49 0.967290 0.024924 0.007785 285.332517 295.329146
41 50 49 0.908621 0.023286 0.068094 285.465951 288.736578
41 50 49 0.544487 0.257181 0.198332 275.838952 297.106011
41 50 49 0.461064 0.153572 0.385364 270.416955 301.500858
41 42 50 0.872007 0.127646 0.000347 288.922524 286.797526
41 42 50 0.500520 0.298828 0.200652 298.712633 295.385116
41 42 50 0.294652 0.000970 0.704378 284.188212 304.287072
41 42 50 0.999958 0.000013 0.000029 285.837981 290.476255
41 42 50 0.404257 0.197242 0.398501 289.811394 297.769841
41 42 50 0.329516 0.446493 0.223991 302.331113 295.537189
41 42 50 0.050060 0.238033 0.711907 295.238266 310.024566
41 42 50 0.556689 0.154476 0.288835 290.969875 295.935876
41 42 50 0.210116 0.775889 0.013995 314.673427 286.524585
41 42 50 0.032434 0.873293 0.094273 320.250665 287.774413
42 51 50 0.726226 0.197525 0.076249 321.766263 294.721397
42 51 50 0.033052 0.114505 0.852443 287.603629 313.381087
42 51 50 0.405588 0.090852 0.503560 304.984495 305.574330
42 51 50 0.736466 0.235526 0.028008 328.124197 292.923784
42 51 50 0.341349 0.054234 0.604418 298.283336 305.025743
42 51 50 0.240900 0.393625 0.365476 310.372721 309.460714
42 51 50 0.687066 0.084732 0.228202 316.398424 298.362083
42 51 50 0.705928 0.194692 0.099380 319.132257 297.910514
42 51 50 0.670187 0.193002 0.136811 320.258770 297.741114
42 51 50 0.700131 0.169169 0.130699 316.364422 298.231472
42 43 51 0.713754 0.107201 0.179045 330.856204 290.775956
42 43 51 0.748506 0.121578 0.129916 331.384740 290.650368
42 43 51 0.997343 0.000478 0.002179 321.152965 289.952327
42 43 51 0.953838 0.007355 0.038807 327.254240 290.168981
42 43 51 0.880481 0.074979 0.044540 330.353407 290.282930
42 43 51 0.797455 0.187357 0.015187 333.845025 290.187615
42 43 51 0.862689 0.074689 0.062622 326.714503 291.694834
42 43 51 0.828905 0.016732 0.154363 328.225750 293.305058
42 43 51 0.757304 0.004848 0.237848 324.122709 297.604880
42 43 51 0.239816 0.428859 0.331325 343.524184 299.136429
43 52 51 0.658324 0.011341 0.330335 354.328386 298.920556
43 52 51 0.970822 0.017487 0.011691 368.668839 290.282770
43 52 51 0.741326 0.039207 0.219467 359.037401 300.376179
43 52 51 0.059834 0.325059 0.615108 339.110856 316.709260
43 52 51 0.557764 0.171634 0.270603 355.893761 305.045809
43 52 51 0.721158 0.184791 0.094051 364.326189 299.262675
43 52 51 0.266821 0.272951 0.460228 341.869599 307.634502
43 52 51 0.516137 0.316427 0.167436 358.261468 306.528935
43 52 51 0.364177 0.435062 0.200762 355.168504 311.224023
43 52 51 0.721454 0.249984 0.028562 364.574701 297.831040
43 44 52 0.508779 0.150574 0.340647 374.110743 298.570251
43 44 52 0.661178 0.237988 0.100833 379.304443 293.844185
43 44 52 0.421443 0.123051 0.455506 369.201615 302.024530
43 44 52 0.178137 0.005884 0.815979 365.079230 319.699146
43 44 52 0.154817 0.668932 0.176251 395.318553 294.524076
43 44 52 0.893413 0.062307 0.044281 376.333934 289.461732
43 44 52 0.654172 0.131792 0.214036 373.556201 292.810360
43 44 52 0.487095 0.164577 0.348328 374.259293 298.209277
43 44 52 0.230448 0.350701 0.418851 378.941768 300.531213
43 44 52 0.974653 0.019090 0.006258 370.580953 287.781830
44 53 52 0.700605 0.020901 0.278494 397.863654 298.456668
44 53 52 0.223095 0.215050 0.561854 375.864272 312.750887
44 53 52 0.848387 0.081563 0.070050 409.001244 294.702261
44 53 52 0.972301 0.023662 0.004036 412.434937 289.637111
44 53 52 0.744529 0.196590 0.058881 406.157697 298.165397
44 53 52 0.793340 0.020976 0.185685 403.446561 295.161096
44 53 52 0.877104 0.112270 0.010626 411.666109 294.884284
44 53 52 0.174272 0.141810 0.683918 377.650076 319.942148
44 53 52 0.156491 0.524901 0.318608 391.301778 315.401246
44 53 52 0.942403 0.034086 0.023511 411.269937 293.564088
45 46 54 0.485091 0.133508 0.381401 112.482900 312.131067
45 46 54 0.695924 0.289995 0.014081 115.864040 303.563145
45 46 54 0.497822 0.245616 0.256562 115.521606 312.175903
45 46 54 0.935747 0.016607 0.047646 104.057455 306.799323
45 46 54 0.109882 0.465951 0.424166 125.902162 312.967977
45 46 54 0.276536 0.662650 0.060814 131.224617 308.163153
45 46 54 0.728299 0.224510 0.047191 114.353573 303.612386
45 46 54 0.856500 0.009807 0.133692 108.155922 304.753890
45 46 54 0.554380 0.332932 0.112688 120.247094 308.647538
45 46 54 0.944658 0.014273 0.041068 105.641724 308.446815
46 55 54 0.158894 0.563139 0.277968 140.739345 321.811528
46 55 54 0.088804 0.791515 0.119681 145.294149 322.643332
46 55 54 0.750207 0.218180 0.031613 140.888276 312.174572
46 55 54 0.612709 0.297075 0.090216 143.225576 313.330254
46 55 54 0.444419 0.128893 0.426688 131.296313 316.595671
46 55 54 0.861698 0.093965 0.044337 140.869623 306.761047
46 55 54 0.784531 0.153627 0.061841 139.644022 310.634393
46 55 54 0.714390 0.188181 0.097429 140.240244 312.867600
46 55 54 0.607345 0.249490 0.143165 138.838273 314.030229
46 55 54 0.029538 0.080153 0.890309 119.438529 325.441977
46 47 55 0.852214 0.028734 0.119052 137.537185 306.884916
46 47 55 0.979734 0.004206 0.016060 141.364304 307.430685
46 47 55 0.052875 0.340247 0.606878 156.576634 321.223204
46 47 55 0.475594 0.354911 0.169494 152.274996 308.950646
46 47 55 0.205374 0.322121 0.472505 157.006719 311.908094
46 47 55 0.422278 0.213803 0.363920 153.989386 316.211446
46 47 55 0.766912 0.040848 0.192241 141.871008 310.129602
46 47 55 0.525179 0.361670 0.113151 156.312683 309.734292
46 47 55 0.679769 0.256406 0.063825 148.293969 310.844746
46 47 55 0.412083 0.437900 0.150017 155.053012 312.094762
47 56 55 0.172881 0.526521 0.300598 172.461900 322.806653
47 56 55 0.578493 0.299350 0.122158 173.693317 318.713666
47 56 55 0.325965 0.156555 0.517479 159.461062 320.949077
47 56 55 0.649830 0.225192 0.124978 173.761907 313.331364
47 56 55 0.791397 0.039466 0.169137 172.131194 312.223696
47 56 55 0.211189 0.569055 0.219756 176.722200 323.397558
47 56 55 0.993124 0.003011 0.003866 171.277387 308.599693
47 56 55 0.112875 0.578598 0.308527 174.127123 324.126167
47 56 55 0.717990 0.213410 0.068600 172.304909 315.505042
47 56 55 0.444281 0.032266 0.523454 158.491362 319.693917
47 48 56 0.254834 0.147243 0.597924 185.651256 318.058712
47 48 56 0.735938 0.164234 0.099828 182.767043 313.339189
47 48 56 0.628608 0.284139 0.087253 184.834391 310.930223
47 48 56 0.406094 0.173696 0.420210 183.359753 317.852628
47 48 56 0.209009 0.223081 0.567910 187.937598 318.106787
47 48 56 0.744166 0.193956 0.061877 181.056634 309.943769
47 48 56 0.406389 0.239011 0.354600 185.012542 316.599906
47 48 56 0.899689 0.012915 0.087396 172.770444 308.941044
47 48 56 0.983617 0.014851 0.001531 175.615240 311.150812
47 48 56 0.592094 0.406510 0.001395 188.806256 309.253099
48 57 56 0.779398 0.029165 0.191437 205.216040 314.760819
48 57 56 0.144805 0.773343 0.081852 210.348939 329.585362
48 57 56 0.451366 0.032382 0.516252 193.023864 321.911873
48 57 56 0.930787 0.062811 0.006402 208.162131 310.938216
48 57 56 0.808512 0.025215 0.166273 201.898383 313.011804
48 57 56 0.881901 0.103249 0.014850 211.304489 312.489089
48 57 56 0.090430 0.865838 0.043732 213.632409 328.185094
48 57 56 0.726918 0.168616 0.104466 201.843327 316.451104
48 57 56 0.050348 0.326000 0.623652 194.285500 329.155057
48 57 56 0.754165 0.101933 0.143902 201.167378 313.561437
48 49 57 0.200465 0.604852 0.194683 231.465931 313.493319
48 49 57 0.315977 0.360619 0.323404 223.217794 316.779128
48 49 57 0.411884 0.230399 0.357717 219.269094 322.387032
48 49 57 0.158710 0.504332 0.336958 230.113458 314.900816
48 49 57 0.843904 0.020678 0.135418 210.749639 312.983063
48 49 57 0.831581 0.150835 0.017584 216.912743 309.789361
48 49 57 0.124912 0.028739 0.846349 215.208983 328.737046
48 49 57 0.597631 0.085834 0.316535 218.951301 313.533080
48 49 57 0.139170 0.778966 0.081864 235.933076 312.338520
48 49 57 0.688913 0.256009 0.055078 216.748813 313.648399
49 58 57 0.689376 0.101424 0.209200 242.207530 320.008104
49 58 57 0.182900 0.537492 0.279607 236.446007 326.775232
49 58 57 0.619550 0.104659 0.275791 237.796983 319.100891
49 58 57 0.250670 0.053655 0.695675 224.512731 324.849112
49 58 57 0.635933 0.081553 0.282514 235.666146 320.113993
49 58 57 0.853408 0.039333 0.107259 243.381903 316.912003
49 58 57 0.397256 0.102517 0.500227 231.278071 326.068030
49 58 57 0.697126 0.032718 0.270156 235.532184 318.337003
49 58 57 0.532338 0.192775 0.274887 233.092313 320.475617
49 58 57 0.354435 0.638987 0.006577 247.076086 327.314642
49 50 58 0.891670 0.032445 0.075885 248.880881 316.041795
49 50 58 0.575340 0.043256 0.381404 245.337993 316.923191
49 50 58 0.790552 0.169964 0.039484 251.248007 312.847500
49 50 58 0.626132 0.047496 0.326372 250.997576 318.319351
49 50 58 0.236585 0.155350 0.608065 252.090126 324.602460
49 50 58 0.911828 0.021527 0.066645 242.232411 311.661054
49 50 58 0.259196 0.488435 0.252368 263.523739 320.418562
49 50 58 0.336115 0.584465 0.079421 265.249024 319.568483
49 50 58 0.412602 0.299186 0.288212 258.325016 321.941122
49 50 58 0.613219 0.315841 0.070941 256.358414 311.418334
50 59 58 0.096192 0.814046 0.089763 279.082936 331.581427
50 59 58 0.347704 0.347697 0.304599 274.276803 324.498752
50 59 58 0.623182 0.253918 0.122900 278.472394 323.917273
50 59 58 0.652428 0.256929 0.090643 281.855585 321.562969
50 59 58 0.060330 0.180719 0.758951 256.220039 332.688865
50 59 58 0.960846 0.000238 0.038916 283.001069 315.305017
50 59 58 0.626588 0.332090 0.041322 280.294780 324.659655
50 59 58 0.208010 0.229818 0.562172 262.159755 326.205319
50 59 58 0.553688 0.286358 0.159955 278.520239 322.815322
50 59 58 0.433955 0.366612 0.199434 277.046772 327.255152
50 51 59 0.067153 0.773453 0.159393 312.046996 321.138817
50 51 59 0.114461 0.719969 0.165570 310.539296 319.508881
50 51 59 0.734418 0.148561 0.117021 290.885027 318.811176
50 51 59 0.268831 0.203846 0.527323 289.632959 325.546996
50 51 59 0.194453 0.668337 0.137209 309.503457 319.337482
50 51 59 0.666755 0.177164 0.156081 292.098389 319.703886
50 51 59 0.752869 0.046673 0.200458 285.743942 319.761583
50 51 59 0.099993 0.312095 0.587912 298.487973 329.943231
50 51 59 0.528509 0.177695 0.293796 290.964562 321.897597
50 51 59 0.314529 0.664136 0.021335 312.321252 319.499670
51 60 59 0.824802 0.085505 0.089693 321.208276 323.655161
51 60 59 0.275603 0.054265 0.670132 296.358952 327.566956
51 60 59 0.678254 0.215913 0.105834 316.491491 325.109776
51 60 59 0.256984 0.319675 0.423341 302.039788 330.170088
51 60 59 0.608069 0.076997 0.314934 310.542654 325.205224
51 60 59 0.583056 0.214233 0.202712 311.666930 325.377249
51 60 59 0.593844 0.350771 0.055386 320.308175 328.453309
51 60 59 0.093420 0.881873 0.024707 318.408639 336.919374
51 60 59 0.020835 0.129959 0.849206 290.970665 334.430487
51 60 59 0.911210 0.050212 0.038578 324.606310 315.983595
51 52 60 0.692035 0.024624 0.283341 321.260424 323.286329
51 52 60 0.589104 0.102899 0.307998 329.061059 327.226992
51 52 60 0.479599 0.136509 0.383892 325.654285 325.813495
51 52 60 0.279378 0.287899 0.432723 330.205120 327.667754
51 52 60 0.588527 0.406762 0.004710 336.209485 319.425477
51 52 60 0.334561 0.160374 0.505065 327.990353 331.642966
51 52 60 0.832735 0.141488 0.025778 329.768650 320.315278
51 52 60 0.162501 0.543753 0.293746 342.275101 327.083546
51 52 60 0.229409 0.196724 0.573867 329.987165 329.151221
51 52 60 0.402511 0.335675 0.261815 333.749880 324.677491
52 61 60 0.985488 0.011163 0.003349 360.945219 321.137863
52 61 60 0.592559 0.057231 0.350211 343.162637 326.020899
52 61 60 0.333896 0.156490 0.509614 337.227050 332.997479
52 61 60 0.319057 0.384146 0.296797 346.162311 335.856807
52 61 60 0.105013 0.790950 0.104037 351.387957 340.458135
52 61 60 0.104115 0.392518 0.503367 341.150804 337.981618
52 61 60 0.295151 0.206770 0.498079 337.416795 333.756450
52 61 60 0.143800 0.455115 0.401086 339.845154 333.773701
52 61 60 0.745601 0.159268 0.095130 359.274944 326.901379
52 61 60 0.119311 0.391014 0.489675 339.600131 336.077661
52 53 61 0.272657 0.451578 0.275765 377.748274 323.812733
52 53 61 0.726549 0.044028 0.229424 359.300925 324.248840
52 53 61 0.043673 0.741977 0.214349 389.512286 327.931363
52 53 61 0.673248 0.301846 0.024906 377.673944 319.220373
52 53 61 0.834784 0.027391 0.137824 363.482723 322.520068
52 53 61 0.990610 0.005541 0.003849 361.308719 322.996585
52 53 61 0.187178 0.323643 0.489178 373.898536 330.513050
52 53 61 0.760035 0.017846 0.222119 362.150925 324.812772
52 53 61 0.128828 0.529625 0.341548 377.907359 330.597324
52 53 61 0.239716 0.165954 0.594330 366.481603 332.519770
53 62 61 0.321869 0.560652 0.117479 395.725709 335.490348
53 62 61 0.367539 0.195414 0.437046 378.142150 335.531996
53 62 61 0.741992 0.102632 0.155376 393.298048 328.380246
53 62 61 0.343765 0.477761 0.178474 387.153001 333.810749
53 62 61 0.363855 0.316796 0.319350 387.085732 335.752536
53 62 61 0.051038 0.185458 0.763504 367.130286 342.730878
53 62 61 0.314721 0.322220 0.363059 383.898347 338.576416
53 62 61 0.821739 0.044728 0.133532 394.905726 326.095635
53 62 61 0.307194 0.674258 0.018547 399.279955 336.772173
53 62 61 0.811976 0.051675 0.136349 392.685542 323.857159
54 55 63 0.539070 0.453577 0.007353 128.677312 326.100951
54 55 63 0.940390 0.005275 0.054335 118.435510 328.197332
54 55 63 0.732784 0.047731 0.219486 123.233398 329.089001
54 55 63 0.493546 0.044556 0.461898 124.051422 336.563644
54 55 63 0.425923 0.079476 0.494601 119.527292 336.318178
54 55 63 0.139730 0.465496 0.394773 133.899559 332.161255
54 55 63 0.281983 0.226388 0.491629 128.237999 334.937584
54 55 63 0.189459 0.565987 0.244554 134.099822 329.065709
54 55 63 0.234218 0.169345 0.596437 127.947329 338.263876
54 55 63 0.153387 0.528011 0.318602 133.777134 332.326479
55 64 63 0.690593 0.132330 0.177077 143.160244 330.058285
55 64 63 0.635015 0.244404 0.120581 147.179176 333.262254
55 64 63 0.787960 0.171255 0.040785 150.495317 329.113931
55 64 63 0.747404 0.142585 0.110011 144.124433 331.748678
55 64 63 0.479689 0.243835 0.276477 141.981031 336.702635
55 64 63 0.179821 0.104482 0.715697 134.115565 342.245200
55 64 63 0.793419 0.017594 0.188986 144.893790 330.533182
55 64 63 0.662625 0.071373 0.266001 143.611087 332.959477
55 64 63 0.519261 0.338613 0.142126 147.180448 336.328985
55 64 63 0.702149 0.097504 0.200347 145.661051 331.916205
55 56 64 0.075796 0.033578 0.890625 156.343694 342.844600
55 56 64 0.353181 0.016644 0.630175 152.479454 340.639905
55 56 64 0.432734 0.512651 0.054615 164.757113 329.107331
55 56 64 0.881471 0.046417 0.072113 151.152911 329.194514
55 56 64 0.314565 0.643939 0.041496 167.358397 330.988997
55 56 64 0.197520 0.365706 0.436774 164.264296 336.213667
55 56 64 0.188643 0.375464 0.435893 164.040624 331.339855
55 56 64 0.602824 0.371999 0.025177 161.271042 325.508094
55 56 64 0.143366 0.673613 0.183021 175.182678 331.410603
55 56 64 0.705647 0.276097 0.018256 157.783793 327.783042
56 65 64 0.456726 0.085074 0.458201 171.644533 336.608506
56 65 64 0.052181 0.495263 0.452556 173.953892 342.848388
56 65 64 0.848479 0.089607 0.061913 181.915455 331.895546
56 65 64 0.136041 0.394043 0.469916 172.733976 345.090042
56 65 64 0.167882 0.397230 0.434889 177.222679 344.903584
56 65 64 0.964653 0.003400 0.031947 182.503882 329.558233
56 65 64 0.382893 0.089177 0.527931 171.462534 338.074534
56 65 64 0.801352 0.039810 0.158838 179.256207 333.054819
56 65 64 0.623581 0.118774 0.257645 175.330746 332.050233
56 65 64 0.740596 0.048379 0.211025 181.653439 334.111264
56 57 65 0.503778 0.269704 0.226518 190.187202 331.396434
56 57 65 0.160757 0.726264 0.112979 207.381225 327.337815
56 57 65 0.980043 0.007654 0.012303 182.974025 330.137745
56 57 65 0.129912 0.662650 0.207438 206.218949 334.063223
56 57 65 0.624163 0.082719 0.293118 187.073617 335.789048
56 57 65 0.168981 0.779524 0.051494 204.953690 327.761460
56 57 65 0.434595 0.551138 0.014266 200.597167 329.732012
56 57 65 0.919134 0.069434 0.011432 185.781931 330.254569
56 57 65 0.305442 0.462292 0.232266 201.384662 336.469260
56 57 65 0.238061 0.305436 0.456502 197.634791 338.569642
57 66 65 0.494541 0.183778 0.321681 205.385098 337.133511
57 66 65 0.047568 0.806792 0.145640 215.064489 343.192848
57 66 65 0.059523 0.673187 0.267290 208.398403 345.662424
57 66 65 0.944673 0.046955 0.008372 216.197255 331.490590
57 66 65 0.775168 0.087848 0.136984 212.040871 334.460081
57 66 65 0.447679 0.430883 0.121438 212.860272 337.933287
57 66 65 0.036904 0.189479 0.773617 194.605756 346.137840
57 66 65 0.081027 0.141374 0.777599 195.766984 345.176485
57 66 65 0.963960 0.033978 0.002062 215.997685 329.875112
57 66 65 0.501931 0.273166 0.224903 207.627151 333.521184
57 58 66 0.150364 0.687251 0.162385 238.264351 330.530964
57 58 66 0.721374 0.138492 0.140134 220.549531 331.830008
57 58 66 0.447384 0.029649 0.522968 219.831077 337.696116
57 58 66 0.868223 0.103782 0.027995 217.134949 328.112178
57 58 66 0.482097 0.167069 0.350834 222.032158 336.831360
57 58 66 0.130973 0.233938 0.635089 227.464757 343.921042
57 58 66 0.398070 0.066204 0.535726 220.275246 340.115712
57 58 66 0.819230 0.105263 0.075507 223.816409 331.226885
57 58 66 0.063229 0.680284 0.256488 239.716702 337.646524
57 58 66 0.639688 0.198106 0.162205 224.283859 333.629520
58 67 66 0.163574 0.260813 0.575613 233.171261 342.623692
58 67 66 0.002595 0.701967 0.295438 244.903862 350.822128
58 67 66 0.838371 0.017516 0.144113 243.290329 333.124786
58 67 66 0.458512 0.250342 0.291146 240.316928 339.157138
58 67 66 0.455878 0.059133 0.484989 230.865440 342.107079
58 67 66 0.593499 0.074139 0.332362 239.587436 337.515969
58 67 66 0.070434 0.811044 0.118522 245.422298 348.834720
58 67 66 0.402548 0.150385 0.447068 237.342769 342.850035
58 67 66 0.339110 0.345671 0.315219 239.453127 341.137815
58 67 66 0.733166 0.188135 0.078698 246.125181 335.203347
58 59 67 0.497989 0.208011 0.293999 253.343184 337.450931
58 59 67 0.013658 0.166900 0.819442 257.225063 345.773731
58 59 67 0.397495 0.390835 0.211670 261.946330 337.992678
58 59 67 0.775628 0.043796 0.180576 253.283127 333.678872
58 59 67 0.084678 0.777882 0.137440 277.761426 335.572611
58 59 67 0.142709 0.855185 0.002106 279.331651 334.387170
58 59 67 0.254935 0.002548 0.742517 249.901745 345.104902
58 59 67 0.677382 0.317549 0.005069 261.426799 333.282802
58 59 67 0.293950 0.259522 0.446528 257.267031 341.116337
58 59 67 0.403971 0.050761 0.545268 252.865285 338.751373
59 68 67 0.484617 0.312833 0.202551 276.705322 346.857978
59 68 67 0.836742 0.072214 0.091043 278.224629 338.605420
59 68 67 0.385031 0.125568 0.489401 269.509624 345.941381
59 68 67 0.742532 0.095743 0.161725 276.251658 341.978733
59 68 67 0.704304 0.110656 0.185039 277.150185 341.261135
59 68 67 0.152911 0.611394 0.235695 276.545898 350.043708
59 68 67 0.429688 0.030362 0.539950 267.244962 344.309991
59 68 67 0.516530 0.229520 0.253949 275.725243 345.014649
59 68 67 0.456458 0.506895 0.036647 281.292200 346.603008
59 68 67 0.896037 0.008089 0.095875 283.384450 338.648115
59 60 68 0.851315 0.104350 0.044335 285.361525 330.057277
59 60 68 0.402010 0.396957 0.201033 299.616479 339.264871
59 60 68 0.043821 0.768611 0.187569 308.508277 340.435255
59 60 68 0.744524 0.002475 0.253001 288.025537 337.879745
59 60 68 0.820807 0.042053 0.137139 285.520872 340.089365
59 60 68 0.274881 0.601446 0.123673 305.444780 340.873227
59 60 68 0.722941 0.221361 0.055698 291.271292 333.845635
59 60 68 0.130047 0.441988 0.427965 296.750124 341.144182
59 60 68 0.899276 0.029500 0.071224 286.576301 337.162548
59 60 68 0.551740 0.429713 0.018547 297.406986 340.581753
60 69 68 0.954334 0.016376 0.029290 319.726398 340.723713
60 69 68 0.085712 0.237476 0.676812 291.173450 355.290840
60 69 68 0.854591 0.099600 0.045809 318.138596 337.471626
60 69 68 0.096983 0.851426 0.051591 313.671854 356.363890
60 69 68 0.672103 0.001279 0.326618 306.868307 343.318982
60 69 68 0.429188 0.289921 0.280891 307.669985 346.287213
60 69 68 0.046051 0.485229 0.468719 299.102210 351.125182
60 69 68 0.075605 0.328119 0.596276 295.481087 353.578299
60 69 68 0.747143 0.234189 0.018668 315.424148 341.802479
60 69 68 0.440355 0.390329 0.169316 313.792127 349.797115
60 61 69 0.093534 0.625202 0.281263 341.601425 345.230303
60 61 69 0.988588 0.008622 0.002790 318.795912 339.305363
60 61 69 0.592890 0.009827 0.397283 319.699679 343.560916
60 61 69 0.393698 0.306950 0.299352 327.540817 342.521642
60 61 69 0.188343 0.232114 0.579543 324.339225 350.813255
60 61 69 0.141324 0.748551 0.110125 344.159007 342.002058
60 61 69 0.073345 0.555794 0.370861 336.584105 348.677095
60 61 69 0.196184 0.680201 0.123615 346.523381 342.611849
60 61 69 0.960065 0.038777 0.001158 320.024737 339.271474
60 61 69 0.623775 0.226101 0.150124 328.146323 342.231734
61 70 69 0.318697 0.325324 0.355980 341.814811 354.776037
61 70 69 0.712491 0.107894 0.179616 346.193839 348.604046
61 70 69 0.505604 0.218178 0.276217 341.211006 351.822047
61 70 69 0.289506 0.622771 0.087722 347.901059 352.311062
61 70 69 0.633969 0.204139 0.161892 348.983727 344.615120
61 70 69 0.059163 0.190429 0.750408 323.447776 356.681171
61 70 69 0.252045 0.521637 0.226318 344.106610 353.222706
61 70 69 0.536932 0.049312 0.413756 335.435271 349.000872
61 70 69 0.148481 0.197497 0.654022 329.185643 352.083724
61 70 69 0.362885 0.333737 0.303378 342.235041 350.498316
61 62 70 0.850500 0.079030 0.070470 358.611318 341.064477
61 62 70 0.117962 0.659444 0.222594 378.256675 344.912463
61 62 70 0.734954 0.190516 0.074530 359.020128 345.004110
61 62 70 0.380224 0.368869 0.250907 369.951216 344.686129
61 62 70 0.761172 0.217033 0.021795 361.514488 338.970548
61 62 70 0.142818 0.062207 0.794975 356.225141 354.153964
61 62 70 0.622128 0.089380 0.288492 359.952912 347.233038
61 62 70 0.463763 0.387907 0.148330 370.748851 340.633359
61 62 70 0.942593 0.051186 0.006221 357.857169 339.439489
61 62 70 0.130973 0.419836 0.449191 372.546110 352.175820
62 71 70 0.899247 0.099646 0.001107 394.469576 343.169779
62 71 70 0.039072 0.697192 0.263736 375.881677 359.635191
62 71 70 0.286153 0.506963 0.206885 379.107787 355.589809
62 71 70 0.914613 0.080698 0.004689 392.848571 344.774557
62 71 70 0.090416 0.700758 0.208826 381.073789 357.906527
62 71 70 0.856669 0.133322 0.010010 394.128037 349.160329
62 71 70 0.065746 0.355823 0.578432 365.855104 358.220364
62 71 70 0.277118 0.158874 0.564008 367.233846 355.704067
62 71 70 0.528987 0.399814 0.071199 389.792974 350.815271
62 71 70 0.583435 0.127235 0.289330 378.926797 352.882210
63 64 72 0.814036 0.052188 0.133776 126.266265 346.619045
63 64 72 0.732338 0.154843 0.112819 132.191744 343.416090
63 64 72 0.155139 0.113689 0.731173 132.744913 355.424257
63 64 72 0.660789 0.071335 0.267876 126.189568 347.412268
63 64 72 0.172208 0.648170 0.179622 146.499713 345.849693
63 64 72 0.574849 0.044368 0.380784 128.432843 351.170610
63 64 72 0.123739 0.608866 0.267395 146.679309 346.049865
63 64 72 0.838624 0.103019 0.058357 128.392107 344.539773
63 64 72 0.407999 0.347084 0.244917 138.919892 348.203317
63 64 72 0.433168 0.025014 0.541818 123.783477 351.171325
64 73 72 0.705171 0.099938 0.194891 155.011859 348.640209
64 73 72 0.456494 0.163648 0.379858 146.727137 354.272133
64 73 72 0.284222 0.269592 0.446186 145.260050 359.468582
64 73 72 0.444079 0.000191 0.555730 147.225294 353.125324
64 73 72 0.029912 0.839639 0.130448 161.296588 359.763654
64 73 72 0.498467 0.403048 0.098485 158.769024 353.722241
64 73 72 0.974439 0.009168 0.016393 156.169673 347.751752
64 73 72 0.409549 0.117328 0.473124 145.684550 354.577966
64 73 72 0.956217 0.033180 0.010603 158.817795 349.488494
64 73 72 0.134105 0.630079 0.235816 154.488916 360.033133
64 65 73 0.182579 0.159106 0.658315 169.301684 353.683834
64 65 73 0.402121 0.257812 0.340066 168.170567 352.625029
64 65 73 0.059764 0.058471 0.881765 162.414940 358.897908
64 65 73 0.237723 0.245040 0.517237 168.982351 355.377854
64 65 73 0.592053 0.183181 0.224765 165.123402 352.000203
64 65 73 0.843762 0.152401 0.003836 161.091893 345.983530
64 65 73 0.680101 0.253754 0.066145 161.045505 344.885568
64 65 73 0.269346 0.288199 0.442455 168.279112 346.996218
64 65 73 0.101934 0.554156 0.343910 176.881012 351.391858
64 65 73 0.395836 0.318383 0.285781 168.447486 350.477009
65 74 73 0.157973 0.828092 0.013935 187.800560 359.245322
65 74 73 0.813178 0.126004 0.060818 184.816995 346.092582
65 74 73 0.212979 0.694601 0.092419 189.774220 357.900700
65 74 73 0.919429 0.015470 0.065102 185.264162 346.501076
65 74 73 0.827944 0.023907 0.148149 184.599467 350.593119
65 74 73 0.013382 0.527916 0.458701 181.879167 363.997502
65 74 73 0.179675 0.704469 0.115856 187.760755 359.091359
65 74 73 0.220319 0.170075 0.609606 177.761484 359.537600
65 74 73 0.935439 0.056621 0.007939 187.081233 342.480459
65 74 73 0.042350 0.161985 0.795664 170.941063 359.979393
65 66 74 0.052948 0.943059 0.003993 217.981535 347.039544
65 66 74 0.897752 0.053565 0.048683 189.517017 344.686118
65 66 74 0.444528 0.226084 0.329388 196.811187 351.056837
65 66 74 0.300061 0.000689 0.699250 189.334345 356.065007
65 66 74 0.930801 0.008003 0.061196 190.270990 343.332660
65 66 74 0.429113 0.553132 0.017755 206.244310 346.617458
65 66 74 0.289955 0.114313 0.595732 192.212159 353.243931
65 66 74 0.815524 0.178754 0.005722 189.474439 345.325575
65 66 74 0.458672 0.177910 0.363418 195.070167 352.813045
65 66 74 0.962349 0.022781 0.014870 188.471936 346.123252
66 75 74 0.222008 0.710207 0.067786 223.402058 357.609158
66 75 74 0.106462 0.037539 0.856000 196.374725 362.046661
66 75 74 0.908686 0.006324 0.084990 216.084126 345.430950
66 75 74 0.440304 0.406712 0.152984 215.723426 356.222527
66 75 74 0.727855 0.142685 0.129460 216.319904 348.647995
66 75 74 0.037658 0.391112 0.571230 207.279580 359.673280
66 75 74 0.513609 0.134161 0.352230 211.263885 354.557131
66 75 74 0.109273 0.072527 0.818201 195.579163 362.949347
66 75 74 0.676942 0.189995 0.133063 218.932080 348.195628
66 75 74 0.469741 0.076384 0.453875 204.835349 352.679207
66 67 75 0.495877 0.108629 0.395494 225.393070 354.225900
66 67 75 0.408237 0.050813 0.540950 222.370295 355.769791
66 67 75 0.952730 0.033452 0.013818 221.196425 349.180260
66 67 75 0.368579 0.600278 0.031143 237.975734 349.729777
66 67 75 0.704258 0.252556 0.043186 227.750189 348.115057
66 67 75 0.472890 0.335385 0.191725 230.177534 353.780548
66 67 75 0.404106 0.580288 0.015606 235.628000 349.148470
66 67 75 0.979474 0.011845 0.008680 219.800625 349.914712
66 67 75 0.615759 0.238684 0.145557 228.377079 350.944225
66 67 75 0.896590 0.060147 0.043263 225.450487 349.732857
67 76 75 0.214932 0.615661 0.169407 250.237884 363.365286
67 76 75 0.248815 0.091824 0.659361 234.490509 358.119425
67 76 75 0.399207 0.361236 0.239557 246.384448 359.370136
67 76 75 0.436471 0.090149 0.473380 239.082427 353.658148
67 76 75 0.870681 0.041877 0.087441 248.401909 350.733277
67 76 75 0.604669 0.157649 0.237681 247.071974 357.035057
67 76 75 0.488309 0.207248 0.304443 243.233861 355.365778
67 76 75 0.458124 0.137459 0.404416 238.378153 356.615155
67 76 75 0.650528 0.120256 0.229216 245.923819 350.811793
67 76 75 0.553617 0.286787 0.159595 245.912885 358.569319
67 68 76 0.960494 0.021810 0.017696 253.454768 352.258947
67 68 76 0.206071 0.755640 0.038289 273.866216 355.006496
67 68 76 0.905804 0.036733 0.057463 251.491483 352.265355
67 68 76 0.411084 0.289175 0.299741 264.469955 353.674465
67 68 76 0.166651 0.193907 0.639442 260.061571 360.241786
67 68 76 0.962226 0.017313 0.020461 255.469459 353.432899
67 68 76 0.307494 0.336862 0.355644 261.742290 358.674513
67 68 76 0.527364 0.305470 0.167166 258.817460 353.320299
67 68 76 0.161995 0.467302 0.370702 268.514018 356.016286
67 68 76 0.755804 0.227660 0.016537 259.705848 352.268708
68 77 76 0.739803 0.220127 0.040071 281.481985 359.257007
68 77 76 0.482351 0.315990 0.201659 276.458345 356.928180
68 77 76 0.759883 0.111808 0.128309 282.322809 355.550521
68 77 76 0.078473 0.048961 0.872565 256.937778 363.831987
68 77 76 0.279918 0.677493 0.042588 280.244646 364.890820
68 77 76 0.342078 0.328401 0.329521 270.605496 360.094961
68 77 76 0.398998 0.548966 0.052037 279.789804 357.884900
68 77 76 0.040596 0.520586 0.438817 271.108994 360.852912
68 77 76 0.500825 0.397370 0.101804 279.176944 359.698486
68 77 76 0.670753 0.197025 0.132222 276.490060 356.909740
68 69 77 0.160707 0.747201 0.092092 308.764808 352.495297
68 69 77 0.270958 0.090253 0.638789 283.714166 360.058105
68 69 77 0.907356 0.091474 0.001170 287.785480 349.692981
68 69 77 0.192037 0.547253 0.260709 303.547768 355.689962
68 69 77 0.015115 0.311276 0.673609 290.964407 363.566497
68 69 77 0.520713 0.270546 0.208741 289.601733 357.007487
68 69 77 0.674426 0.121038 0.204536 285.246368 356.988618
68 69 77 0.454691 0.402866 0.142442 295.430983 358.678734
68 69 77 0.104679 0.260807 0.634514 289.072452 363.810007
68 69 77 0.945190 0.048768 0.006042 285.978776 352.705608
69 78 77 0.304834 0.144362 0.550804 300.197966 363.125602
69 78 77 0.220306 0.711378 0.068316 313.473565 365.277316
69 78 77 0.208795 0.675841 0.115364 312.339599 365.904457
69 78 77 0.576704 0.123275 0.300021 301.988250 362.281743
69 78 77 0.559281 0.008127 0.432592 304.549397 357.029515
69 78 77 0.893509 0.084202 0.022289 313.894671 358.539463
69 78 77 0.750204 0.021076 0.228721 303.391457 359.169364
69 78 77 0.278947 0.650619 0.070434 311.754423 368.842080
69 78 77 0.803022 0.000900 0.196078 308.065571 359.791965
69 78 77 0.723158 0.155962 0.120880 306.266194 358.322167
69 70 78 0.194671 0.604588 0.200741 339.184644 363.667044
69 70 78 0.210086 0.765106 0.024808 340.966674 360.424186
69 70 78 0.466721 0.153706 0.379573 321.289638 362.908408
69 70 78 0.641951 0.102184 0.255865 319.494392 359.953474
69 70 78 0.893124 0.096559 0.010317 321.977405 357.844657
69 70 78 0.634500 0.130270 0.235230 318.660602 357.625796
69 70 78 0.427823 0.035422 0.536755 317.236943 362.983260
69 70 78 0.829599 0.035628 0.134773 320.389871 357.075144
69 70 78 0.383120 0.512139 0.104740 331.566594 357.988665
69 70 78 0.029226 0.774504 0.196271 340.883549 357.246685
70 79 78 0.726582 0.103433 0.169985 344.665476 361.405512
70 79 78 0.073531 0.366267 0.560202 333.043220 366.691354
70 79 78 0.344549 0.149139 0.506312 336.625703 366.935977
70 79 78 0.416140 0.537261 0.046599 346.312510 367.865131
70 79 78 0.922464 0.038505 0.039031 351.480885 364.275540
70 79 78 0.405279 0.280567 0.314154 337.709853 367.457076
70 79 78 0.181963 0.306973 0.511063 329.664776 366.922355
70 79 78 0.698732 0.232983 0.068285 344.600876 361.770097
70 79 78 0.872350 0.025125 0.102526 347.499102 358.328867
70 79 78 0.749687 0.215567 0.034746 348.828388 362.289274
70 71 79 0.916151 0.059624 0.024224 350.344492 360.214529
70 71 79 0.072451 0.495193 0.432356 367.175358 367.389850
70 71 79 0.665281 0.097881 0.236838 352.644799 364.016748
70 71 79 0.060543 0.291828 0.647629 362.131825 368.853610
70 71 79 0.171238 0.146062 0.682700 355.511312 370.939048
70 71 79 0.910449 0.043639 0.045912 350.472557 359.247737
70 71 79 0.351711 0.105253 0.543036 350.907162 366.396395
70 71 79 0.087014 0.175396 0.737589 354.649500 368.903284
70 71 79 0.314818 0.130417 0.554765 349.856655 366.580309
70 71 79 0.574347 0.004216 0.421437 351.109090 365.841958
71 80 79 0.703282 0.115057 0.181662 382.853616 367.881865
71 80 79 0.760636 0.139168 0.100195 384.153841 366.425522
71 80 79 0.183706 0.213902 0.602392 360.396938 374.312099
71 80 79 0.328974 0.375925 0.295101 373.758535 372.334806
71 80 79 0.924899 0.006055 0.069046 387.548473 367.969231
71 80 79 0.526884 0.121336 0.351779 371.296918 371.291547
71 80 79 0.239154 0.305917 0.454929 365.954060 376.311011
71 80 79 0.475087 0.340961 0.183952 380.491062 369.917189
71 80 79 0.041492 0.679008 0.279500 372.021002 375.356313
71 80 79 0.017994 0.132237 0.849769 351.404172 376.931768
