0 1 9 0.346470 0.055625 0.597905 59.051046 148.680035
0 1 9 0.171966 0.586360 0.241674 84.166946 130.836972
0 1 9 0.057042 0.658769 0.284189 87.718225 133.968248
0 1 9 0.041321 0.546097 0.412582 83.516661 142.546969
0 1 9 0.367409 0.150556 0.482035 64.342864 142.111735
0 1 9 0.314667 0.627338 0.057995 83.185132 122.690143
0 1 9 0.186911 0.424207 0.388882 77.821130 138.344450
0 1 9 0.221194 0.453343 0.325463 73.813503 136.531241
0 1 9 0.139596 0.184390 0.676014 67.649926 150.236045
0 1 9 0.628260 0.295910 0.075830 70.078889 120.220421
1 10 9 0.813564 0.000055 0.186381 93.356737 130.610386
1 10 9 0.996802 0.003123 0.000075 100.310956 124.503228
1 10 9 0.343012 0.201975 0.455013 80.177987 149.527385
1 10 9 0.886959 0.052108 0.060934 98.201313 123.292460
1 10 9 0.226183 0.771373 0.002444 105.136541 157.803992
1 10 9 0.130696 0.632892 0.236412 94.627808 158.538185
1 10 9 0.214953 0.450686 0.334362 90.216573 154.673638
1 10 9 0.029405 0.453806 0.516789 82.811978 165.318528
1 10 9 0.196239 0.022394 0.781366 69.288522 157.626775
1 10 9 0.554966 0.036949 0.408085 87.594003 143.685532
1 2 10 0.569229 0.322889 0.107882 116.450561 129.968569
1 2 10 0.479063 0.304369 0.216568 114.853077 129.236824
1 2 10 0.629910 0.317358 0.052732 119.419074 123.674769
1 2 10 0.072565 0.432832 0.494603 122.355455 145.028329
1 2 10 0.141859 0.181555 0.676585 113.387899 153.875013
1 2 10 0.566133 0.309793 0.124075 115.372593 128.844340
1 2 10 0.180506 0.162736 0.656757 111.867663 149.419222
1 2 10 0.065845 0.626173 0.307982 133.452625 133.068314
1 2 10 0.049888 0.857457 0.092655 143.128405 125.151037
1 2 10 0.223780 0.374125 0.402095 119.462718 137.961461
2 11 10 0.329042 0.044694 0.626264 124.009280 152.894329
2 11 10 0.331970 0.364510 0.303520 137.332166 150.614117
2 11 10 0.219382 0.556597 0.224021 140.421037 155.771294
2 11 10 0.001890 0.560607 0.437503 127.857872 165.218924
2 11 10 0.338313 0.182235 0.479451 124.967375 153.203569
2 11 10 0.703952 0.135863 0.160185 141.404738 131.705844
2 11 10 0.312886 0.020811 0.666303 121.377602 154.763706
2 11 10 0.009983 0.393324 0.596693 116.822565 162.881112
2 11 10 0.055486 0.805662 0.138853 144.737665 166.189550
2 11 10 0.285802 0.477365 0.236832 138.207885 157.307031
2 3 11 0.227709 0.268195 0.504096 158.280261 141.443906
2 3 11 0.973299 0.006002 0.020698 147.252972 123.329958
2 3 11 0.372154 0.615963 0.011884 174.344233 121.252530
2 3 11 0.845937 0.009147 0.144915 144.849826 126.656787
2 3 11 0.511171 0.178210 0.310619 160.748685 132.878474
2 3 11 0.513794 0.434690 0.051515 164.751135 123.275745
2 3 11 0.895570 0.029673 0.074757 146.237447 124.010716
2 3 11 0.062402 0.619006 0.318593 175.608220 133.694170
2 3 11 0.709015 0.076427 0.214558 152.186552 129.159006
2 3 11 0.414510 0.405693 0.179797 166.980882 125.608384
3 12 11 0.746995 0.082650 0.170355 186.096153 128.342528
3 12 11 0.434423 0.520048 0.045529 194.751036 145.119011
3 12 11 0.807229 0.016513 0.176258 183.613389 124.702961
3 12 11 0.478294 0.391659 0.130047 187.641201 146.479284
3 12 11 0.645602 0.092369 0.262029 176.092842 136.115633
3 12 11 0.149294 0.317944 0.532761 167.447959 160.158183
3 12 11 0.074976 0.850326 0.074698 191.894796 162.389160
3 12 11 0.465025 0.473791 0.061184 190.956117 144.899719
3 12 11 0.660396 0.086324 0.253281 178.062260 134.396022
3 12 11 0.963226 0.003608 0.033166 193.938666 120.656306
3 4 12 0.415179 0.258759 0.326061 206.118071 134.609959
3 4 12 0.489446 0.158439 0.352115 196.890621 135.600046
3 4 12 0.604009 0.056773 0.339219 194.324933 133.617326
3 4 12 0.858923 0.086401 0.054676 198.703515 122.066250
3 4 12 0.164586 0.648031 0.187382 223.543068 132.108677
3 4 12 0.214484 0.134626 0.650890 200.651278 148.916327
3 4 12 0.173925 0.692327 0.133748 228.126075 125.682106
3 4 12 0.528496 0.278224 0.193280 207.290297 126.844574
3 4 12 0.276144 0.516706 0.207150 216.976795 129.710503
3 4 12 0.362427 0.363101 0.274472 208.276377 134.264597
4 13 12 0.577847 0.116032 0.306121 222.430601 135.716050
4 13 12 0.906800 0.074588 0.018612 238.347723 129.177611
4 13 12 0.846346 0.043809 0.109845 234.066219 129.011441
4 13 12 0.890851 0.045938 0.063211 237.642003 121.016193
4 13 12 0.131160 0.653020 0.215820 232.176426 160.822267
4 13 12 0.015424 0.532456 0.452121 222.316997 164.251275
4 13 12 0.471704 0.332475 0.195821 228.047878 143.840441
4 13 12 0.508831 0.461752 0.029417 240.181840 143.496059
4 13 12 0.624304 0.068224 0.307471 226.991497 135.100181
4 13 12 0.409937 0.085759 0.504304 221.216010 146.189026
4 5 13 0.193499 0.529156 0.277345 264.361610 134.638118
4 5 13 0.338279 0.226118 0.435603 249.091165 142.669631
4 5 13 0.937491 0.045904 0.016605 240.323625 120.100336
4 5 13 0.214520 0.540331 0.245149 264.154738 131.808441
4 5 13 0.630251 0.255611 0.114138 251.293789 128.457672
4 5 13 0.848812 0.052509 0.098679 239.451164 127.393553
4 5 13 0.589318 0.120443 0.290239 241.925487 133.806167
4 5 13 0.584321 0.083359 0.332320 243.313590 136.502582
4 5 13 0.540338 0.236519 0.223143 252.027600 130.740798
4 5 13 0.469089 0.294741 0.236169 250.138849 133.528332
5 14 13 0.878813 0.111624 0.009563 287.199793 126.961586
5 14 13 0.071076 0.259347 0.669577 254.884342 165.030108
5 14 13 0.762246 0.011294 0.226460 272.823480 129.846810
5 14 13 0.779381 0.008742 0.211877 276.072199 132.324005
5 14 13 0.018076 0.232422 0.749502 251.965244 165.432445
5 14 13 0.623253 0.009987 0.366760 267.903604 133.428566
5 14 13 0.074390 0.664434 0.261176 274.956679 158.681426
5 14 13 0.117550 0.555305 0.327145 274.716179 161.742135
5 14 13 0.051714 0.297013 0.651273 255.691583 163.635595
5 14 13 0.488558 0.127773 0.383670 268.445381 145.343797
5 6 14 0.673648 0.150104 0.176248 292.623198 128.804892
5 6 14 0.596872 0.047573 0.355555 291.677101 134.856188
5 6 14 0.513542 0.168262 0.318196 293.321409 133.540301
5 6 14 0.710626 0.049135 0.240239 290.535733 129.815568
5 6 14 0.163243 0.412665 0.424092 304.782514 141.512525
5 6 14 0.048484 0.368809 0.582707 307.019956 143.403076
5 6 14 0.574476 0.316076 0.109448 302.244449 127.597245
5 6 14 0.914636 0.004706 0.080658 290.072451 125.661144
5 6 14 0.265406 0.396736 0.337858 306.068647 137.918031
5 6 14 0.538764 0.078348 0.382888 295.499927 135.787275
6 15 14 0.352367 0.131603 0.516029 311.219368 150.723353
6 15 14 0.200478 0.216331 0.583191 312.398998 156.521257
6 15 14 0.147760 0.204408 0.647832 304.969641 158.444917
6 15 14 0.333531 0.324642 0.341827 317.540067 150.371521
6 15 14 0.066093 0.930777 0.003131 334.301592 158.551688
6 15 14 0.385748 0.583024 0.031228 331.784419 152.084506
6 15 14 0.091688 0.567835 0.340478 315.677275 160.555183
6 15 14 0.781164 0.033023 0.185813 323.428316 132.091664
6 15 14 0.769804 0.015786 0.214409 321.181984 132.109655
6 15 14 0.011533 0.756308 0.232159 326.442557 164.091384
6 7 15 0.710957 0.108319 0.180724 334.641382 131.918260
6 7 15 0.358621 0.189899 0.451480 339.544780 144.146539
6 7 15 0.514729 0.067208 0.418064 336.869230 136.909344
6 7 15 0.667738 0.242706 0.089556 345.308705 127.567186
6 7 15 0.905921 0.091779 0.002300 333.574825 124.113075
6 7 15 0.759403 0.208114 0.032483 341.832143 126.531361
6 7 15 0.321998 0.424149 0.253853 350.545199 135.441047
6 7 15 0.003450 0.141313 0.855237 337.467411 159.620123
6 7 15 0.716225 0.153362 0.130414 337.647302 126.694188
6 7 15 0.158017 0.757452 0.084531 368.047032 129.642931
7 16 15 0.968356 0.018957 0.012687 377.293292 128.529223
7 16 15 0.325781 0.498422 0.175798 372.141988 154.957722
7 16 15 0.366530 0.498884 0.134585 372.639213 148.886630
7 16 15 0.196785 0.564221 0.238994 369.123022 158.362675
7 16 15 0.451172 0.271074 0.277755 366.628383 147.664471
7 16 15 0.559155 0.039296 0.401550 357.561222 143.853482
7 16 15 0.991393 0.000699 0.007908 373.546509 125.469936
7 16 15 0.925679 0.014671 0.059650 372.903332 127.204086
7 16 15 0.433009 0.105288 0.461703 359.140916 146.715529
7 16 15 0.545351 0.060812 0.393836 364.308263 143.723426
7 8 16 0.522650 0.135892 0.341458 381.643525 137.695263
7 8 16 0.808916 0.071064 0.120020 381.918903 132.356420
7 8 16 0.058150 0.922100 0.019750 415.098630 124.765591
7 8 16 0.061958 0.154528 0.783514 387.792599 157.978245
7 8 16 0.455307 0.453362 0.091330 394.319934 125.015961
7 8 16 0.573467 0.244578 0.181955 388.056128 134.513797
7 8 16 0.836956 0.010214 0.152830 376.648095 130.501479
7 8 16 0.238016 0.046737 0.715247 384.646117 152.798078
7 8 16 0.684731 0.280374 0.034895 389.498042 128.548706
7 8 16 0.810226 0.082487 0.107287 380.460151 127.141242
8 17 16 0.373873 0.076703 0.549424 394.225730 151.019934
8 17 16 0.735392 0.238019 0.026589 417.652742 137.420813
8 17 16 0.965075 0.024240 0.010685 413.826896 124.774007
8 17 16 0.543610 0.198199 0.258190 411.154358 145.601319
8 17 16 0.360596 0.038521 0.600883 393.392745 149.459965
8 17 16 0.901312 0.047476 0.051213 416.858394 128.194674
8 17 16 0.409497 0.019202 0.571301 398.414253 148.668242
8 17 16 0.487880 0.070950 0.441170 405.062447 145.058129
8 17 16 0.992680 0.003706 0.003614 417.579383 123.794129
8 17 16 0.678640 0.254037 0.067323 417.457511 139.696240
9 10 18 0.459379 0.488953 0.051668 81.409026 169.546438
9 10 18 0.460689 0.402178 0.137133 75.854007 172.745702
9 10 18 0.896896 0.011863 0.091241 59.580866 170.345727
9 10 18 0.009217 0.624280 0.366504 91.576380 183.649212
9 10 18 0.855511 0.005141 0.139348 56.009960 172.290388
9 10 18 0.298761 0.028931 0.672309 66.473332 198.306059
9 10 18 0.597194 0.257315 0.145491 74.459751 173.740697
9 10 18 0.052291 0.214738 0.732970 74.636745 203.719486
9 10 18 0.441155 0.512864 0.045981 85.105418 167.446475
9 10 18 0.838211 0.099818 0.061971 62.618152 170.143713
10 19 18 0.844565 0.078741 0.076693 103.569095 174.109215
10 19 18 0.213738 0.107945 0.678317 76.280341 203.096358
10 19 18 0.097575 0.658646 0.243779 92.500682 208.133752
10 19 18 0.468741 0.472104 0.059155 100.105036 189.045533
10 19 18 0.786487 0.026666 0.186847 96.642395 177.202236
10 19 18 0.561730 0.006259 0.432011 87.375090 187.477776
10 19 18 0.788841 0.182211 0.028948 103.383543 177.235167
10 19 18 0.211627 0.590694 0.197678 99.000106 206.228810
10 19 18 0.044738 0.709866 0.245396 94.053167 210.082817
10 19 18 0.349867 0.065480 0.584653 82.892303 193.013895
10 11 19 0.654847 0.017243 0.327910 103.663826 181.789104
10 11 19 0.880562 0.091725 0.027713 106.659698 168.890819
10 11 19 0.014557 0.703086 0.282357 136.212892 180.419537
10 11 19 0.703892 0.164827 0.131281 111.318144 174.764770
10 11 19 0.427047 0.261224 0.311730 117.569772 181.108401
10 11 19 0.098637 0.489899 0.411464 127.383634 183.845498
10 11 19 0.830166 0.125218 0.044616 110.424046 168.709799
10 11 19 0.607680 0.380871 0.011449 121.110646 166.851759
10 11 19 0.672424 0.246858 0.080718 118.635338 169.322814
10 11 19 0.635946 0.069068 0.294986 109.281578 179.528026
11 20 19 0.506571 0.056556 0.436872 130.920602 191.389713
11 20 19 0.876162 0.076401 0.047437 148.144704 167.861541
11 20 19 0.283061 0.180239 0.536700 125.906407 199.050793
11 20 19 0.848030 0.029670 0.122300 146.869148 172.612407
11 20 19 0.887143 0.026741 0.086116 145.297769 172.087885
11 20 19 0.227307 0.141711 0.630982 125.242470 206.199488
11 20 19 0.555569 0.209747 0.234684 139.940707 188.156862
11 20 19 0.711344 0.078964 0.209692 138.114096 179.680253
11 20 19 0.873332 0.027795 0.098872 145.827206 170.257965
11 20 19 0.900483 0.027631 0.071886 144.555683 171.078544
11 12 20 0.136645 0.379248 0.484107 170.107625 189.323819
11 12 20 0.231901 0.322926 0.445173 165.954048 189.654061
11 12 20 0.572676 0.401899 0.025425 170.324639 167.162786
11 12 20 0.824897 0.117849 0.057254 155.607287 168.556661
11 12 20 0.784105 0.170053 0.045841 159.139143 169.214002
11 12 20 0.589430 0.095579 0.314991 151.762167 179.645433
11 12 20 0.830647 0.136051 0.033302 156.351044 170.950854
11 12 20 0.006782 0.458074 0.535144 174.776630 192.123243
11 12 20 0.670210 0.236606 0.093184 160.495786 169.868700
11 12 20 0.331436 0.365551 0.303013 167.231273 183.739291
12 21 20 0.331843 0.606170 0.061987 194.880399 194.053910
12 21 20 0.370385 0.264903 0.364711 179.980560 195.004226
12 21 20 0.894288 0.058274 0.047439 195.801573 170.485447
12 21 20 0.633979 0.068264 0.297757 182.022788 181.056769
12 21 20 0.319371 0.330654 0.349976 181.038364 196.470156
12 21 20 0.961363 0.035450 0.003186 194.211076 170.562451
12 21 20 0.606428 0.141432 0.252140 183.561152 186.900048
12 21 20 0.935315 0.024926 0.039759 197.363155 169.118490
12 21 20 0.872893 0.098756 0.028351 193.999673 169.711055
12 21 20 0.446486 0.268621 0.284893 182.534689 191.856488
12 13 21 0.725074 0.086378 0.188548 200.241988 173.961696
12 13 21 0.790652 0.020191 0.189157 194.960459 174.632760
12 13 21 0.073437 0.077914 0.848649 198.012118 207.763964
12 13 21 0.209597 0.097311 0.693092 199.679889 197.927642
12 13 21 0.098707 0.399551 0.501741 212.163157 188.975244
12 13 21 0.105875 0.533010 0.361115 218.739975 181.014788
12 13 21 0.107587 0.591026 0.301388 219.480741 182.807952
12 13 21 0.280816 0.536763 0.182422 216.600503 174.061737
12 13 21 0.714045 0.032331 0.253624 195.934506 178.311199
12 13 21 0.444014 0.243608 0.312378 205.593179 182.148158
13 22 21 0.913085 0.042903 0.044011 238.952978 171.465067
13 22 21 0.522363 0.323183 0.154454 233.543034 190.205078
13 22 21 0.436438 0.169228 0.394334 221.570097 192.725866
13 22 21 0.104326 0.452099 0.443575 217.893031 209.086897
13 22 21 0.436679 0.346043 0.217278 230.001207 189.982787
13 22 21 0.410826 0.178206 0.410968 222.901834 198.054345
13 22 21 0.767836 0.063825 0.168339 230.258862 174.787398
13 22 21 0.737736 0.133332 0.128932 229.742935 179.412601
13 22 21 0.005843 0.341210 0.652947 208.453704 211.785406
13 22 21 0.342236 0.380845 0.276920 226.868447 194.794538
13 14 22 0.732952 0.042773 0.224275 242.752596 175.233734
13 14 22 0.999591 0.000227 0.000183 238.829482 166.423257
13 14 22 0.822876 0.159362 0.017761 251.207364 167.278691
13 14 22 0.115872 0.604802 0.279326 269.897551 177.712320
13 14 22 0.829628 0.107443 0.062929 242.262128 171.562733
13 14 22 0.551244 0.125017 0.323740 243.318286 179.290963
13 14 22 0.389752 0.009879 0.600368 241.667978 193.157026
13 14 22 0.699013 0.011258 0.289729 242.213980 180.429106
13 14 22 0.007370 0.874870 0.117760 284.016651 169.596568
13 14 22 0.983532 0.003540 0.012928 239.849033 168.346112
14 23 22 0.225660 0.127297 0.647043 254.507767 200.842549
14 23 22 0.148637 0.310772 0.540592 263.008401 209.562962
14 23 22 0.071439 0.626946 0.301615 271.041748 208.427247
14 23 22 0.978863 0.007329 0.013808 289.538746 167.131862
14 23 22 0.642815 0.297853 0.059333 284.695503 184.775134
14 23 22 0.299577 0.396442 0.303981 272.979596 201.436951
14 23 22 0.320632 0.064423 0.614946 254.466501 197.392293
14 23 22 0.333378 0.505954 0.160668 280.106680 198.365272
14 23 22 0.370335 0.389681 0.239984 275.402787 195.240372
14 23 22 0.279229 0.709637 0.011134 287.924697 200.423282
14 15 23 0.725965 0.077511 0.196524 291.886547 173.752527
14 15 23 0.205660 0.708975 0.085365 320.892337 168.804508
14 15 23 0.504272 0.151230 0.344498 292.096749 182.203459
14 15 23 0.199356 0.462084 0.338559 309.068898 181.812421
14 15 23 0.269433 0.589178 0.141389 315.175808 174.957013
14 15 23 0.008808 0.961135 0.030058 329.782401 167.824069
14 15 23 0.469906 0.233184 0.296910 298.203656 182.603287
14 15 23 0.876816 0.091138 0.032046 292.496262 163.582567
14 15 23 0.619317 0.012095 0.368588 289.997431 182.953479
14 15 23 0.272007 0.205517 0.522475 293.255576 190.155054
15 24 23 0.241977 0.155254 0.602769 306.455610 198.504848
15 24 23 0.077012 0.280774 0.642214 300.818234 207.708123
15 24 23 0.324202 0.455121 0.220677 322.354931 199.392140
15 24 23 0.847984 0.109260 0.042755 334.630332 173.104361
15 24 23 0.331641 0.586287 0.082072 328.030158 201.230296
15 24 23 0.865116 0.072558 0.062325 333.319781 174.037245
15 24 23 0.998594 0.000129 0.001277 333.203649 169.815124
15 24 23 0.419474 0.122974 0.457552 311.791633 191.608440
15 24 23 0.760697 0.140477 0.098826 327.079579 178.852189
15 24 23 0.046946 0.682019 0.271035 320.442557 215.185164
15 16 24 0.217922 0.411304 0.370774 347.892513 179.961281
15 16 24 0.991737 0.006800 0.001463 331.197363 168.271971
15 16 24 0.898378 0.074423 0.027199 338.085851 168.780729
15 16 24 0.722537 0.010991 0.266472 332.227691 182.624322
15 16 24 0.865367 0.106690 0.027942 337.600140 169.513664
15 16 24 0.852105 0.024125 0.123770 334.023430 176.495076
15 16 24 0.185043 0.484603 0.330354 353.419437 183.897887
15 16 24 0.911018 0.043001 0.045981 336.054164 170.963194
15 16 24 0.007389 0.906116 0.086495 376.059718 173.337853
15 16 24 0.423886 0.123374 0.452740 338.838460 189.275688
16 25 24 0.983791 0.004674 0.011536 382.388546 169.875577
16 25 24 0.390273 0.298996 0.310730 365.415863 197.263738
16 25 24 0.307352 0.617585 0.075063 374.156355 195.822688
16 25 24 0.374673 0.282703 0.342624 359.406483 195.446545
16 25 24 0.092934 0.888022 0.019044 374.430441 205.188354
16 25 24 0.427252 0.189996 0.382753 361.718142 191.479862
16 25 24 0.762811 0.099855 0.137333 375.857877 176.726560
16 25 24 0.256425 0.502617 0.240958 369.241686 198.128304
16 25 24 0.299273 0.281610 0.419117 358.820346 196.179814
16 25 24 0.119030 0.110111 0.770859 343.899877 204.827298
16 17 25 0.081881 0.857037 0.061082 419.672792 169.289547
16 17 25 0.745348 0.106530 0.148123 386.877713 174.460542
16 17 25 0.525765 0.066846 0.407389 381.509859 184.319970
16 17 25 0.162093 0.084582 0.753324 382.363464 200.276679
16 17 25 0.060429 0.000942 0.938629 377.133663 208.875968
16 17 25 0.617986 0.334145 0.047868 396.547040 171.178908
16 17 25 0.230782 0.435560 0.333658 397.213618 181.707480
16 17 25 0.638190 0.051709 0.310101 381.008763 179.143682
16 17 25 0.039859 0.593899 0.366242 401.863470 183.171441
16 17 25 0.780520 0.032113 0.187367 377.751832 170.875367
17 26 25 0.849831 0.086089 0.064080 420.111870 169.158301
17 26 25 0.200476 0.213878 0.585647 393.084933 204.743235
17 26 25 0.821540 0.129581 0.048878 423.551432 177.336060
17 26 25 0.859294 0.032316 0.108390 420.533104 169.967645
17 26 25 0.068974 0.471754 0.459273 403.447103 204.701880
17 26 25 0.566012 0.089530 0.344458 410.574457 185.286772
17 26 25 0.385826 0.449662 0.164512 416.159636 193.539971
17 26 25 0.050276 0.201164 0.748560 387.645867 207.926895
17 26 25 0.843420 0.100522 0.056059 419.003523 174.907339
17 26 25 0.732349 0.001928 0.265723 410.738140 177.725541
18 19 27 0.430543 0.083607 0.485851 77.180843 231.468768
18 19 27 0.274660 0.174082 0.551258 79.252791 236.461780
18 19 27 0.351636 0.325921 0.322443 84.804274 223.457853
18 19 27 0.727585 0.254787 0.017628 79.230665 209.061042
18 19 27 0.102859 0.870070 0.027070 102.513635 219.974778
18 19 27 0.592842 0.063359 0.343799 71.883041 229.001156
18 19 27 0.884124 0.105779 0.010097 69.781367 214.217610
18 19 27 0.143301 0.085401 0.771298 75.790225 242.722897
18 19 27 0.522003 0.037769 0.440228 75.618226 229.220896
18 19 27 0.952497 0.016647 0.030856 64.054552 212.236507
19 28 27 0.767330 0.181755 0.050916 107.159860 221.280342
19 28 27 0.322336 0.257743 0.419920 94.963705 239.603352
19 28 27 0.114073 0.562042 0.323885 101.531756 246.292286
19 28 27 0.245719 0.671676 0.082605 111.306064 241.667488
19 28 27 0.312447 0.376503 0.311050 102.600345 241.029547
19 28 27 0.442562 0.353250 0.204188 103.368113 235.763608
19 28 27 0.771285 0.196044 0.032671 106.811106 222.040343
19 28 27 0.762392 0.072131 0.165478 100.760436 224.657267
19 28 27 0.436502 0.225339 0.338159 98.828123 234.626179
19 28 27 0.585355 0.292058 0.122588 107.464994 230.674716
19 20 28 0.899482 0.068638 0.031880 111.660941 214.047568
19 20 28 0.344318 0.312426 0.343256 123.260292 226.339845
19 20 28 0.666876 0.024631 0.308493 112.408560 229.205930
19 20 28 0.230514 0.737898 0.031589 142.493012 214.965980
19 20 28 0.720389 0.014132 0.265480 109.009858 225.980660
19 20 28 0.326182 0.510864 0.162954 131.957017 221.065018
19 20 28 0.523582 0.366976 0.109442 126.171381 218.196921
19 20 28 0.749911 0.156003 0.094086 113.585638 218.686329
19 20 28 0.567206 0.222075 0.210720 117.095382 224.785411
19 20 28 0.369728 0.442312 0.187960 129.214217 223.713278
20 29 28 0.225486 0.328646 0.445868 137.617029 242.348402
20 29 28 0.222551 0.137592 0.639857 129.436559 245.702776
20 29 28 0.957059 0.036748 0.006193 153.034683 214.902638
20 29 28 0.056397 0.427941 0.515663 137.936839 253.792855
20 29 28 0.375089 0.098472 0.526439 135.435062 240.378926
20 29 28 0.938085 0.000681 0.061234 150.370948 216.433034
20 29 28 0.070913 0.416313 0.512774 139.324411 250.657243
20 29 28 0.323030 0.257201 0.419769 136.954269 238.472372
20 29 28 0.341367 0.043647 0.614985 131.334227 237.681446
20 29 28 0.379538 0.214892 0.405570 142.559979 238.471031
20 21 29 0.653973 0.118642 0.227385 156.299702 219.759631
20 21 29 0.004671 0.030084 0.965246 157.983028 250.077543
20 21 29 0.424298 0.004892 0.570810 154.501465 235.803762
20 21 29 0.689303 0.022844 0.287853 151.808548 222.736627
20 21 29 0.700593 0.234243 0.065164 163.743142 214.345165
20 21 29 0.271386 0.630570 0.098045 179.656740 215.684004
20 21 29 0.131645 0.424648 0.443708 174.735541 230.455404
20 21 29 0.748608 0.135806 0.115586 158.658319 216.274748
20 21 29 0.437816 0.026927 0.535257 158.156691 236.232216
20 21 29 0.715016 0.000715 0.284269 154.981137 225.632142
21 30 29 0.513039 0.178181 0.308780 185.200521 236.904866
21 30 29 0.902350 0.041262 0.056388 189.584509 213.760659
21 30 29 0.064184 0.712228 0.223587 188.841982 252.818854
21 30 29 0.328475 0.383678 0.287848 188.937358 241.009672
21 30 29 0.865158 0.004000 0.130841 184.754767 219.284099
21 30 29 0.809611 0.151581 0.038808 187.737564 219.689457
21 30 29 0.644464 0.344958 0.010578 197.789968 224.721848
21 30 29 0.770276 0.176814 0.052911 192.671964 220.721423
21 30 29 0.211631 0.641515 0.146854 190.576821 245.494282
21 30 29 0.281167 0.568302 0.150531 189.870854 241.668390
21 22 30 0.984429 0.006314 0.009257 194.602003 213.105974
21 22 30 0.958472 0.007488 0.034040 196.578252 215.413389
21 22 30 0.787244 0.031215 0.181542 196.651349 216.921809
21 22 30 0.849821 0.113747 0.036431 197.373526 214.628606
21 22 30 0.819847 0.100541 0.079612 199.259905 216.404251
21 22 30 0.718163 0.180539 0.101298 201.902195 218.286280
21 22 30 0.912204 0.004644 0.083152 194.038705 219.150097
21 22 30 0.025381 0.482172 0.492448 218.190961 237.179428
21 22 30 0.824842 0.096010 0.079148 196.339926 214.106317
21 22 30 0.455808 0.087573 0.456619 202.820072 230.959365
22 31 30 0.883183 0.070650 0.046167 237.321412 215.336438
22 31 30 0.259519 0.293608 0.446873 220.933090 243.463895
22 31 30 0.769226 0.189281 0.041492 236.716915 222.989719
22 31 30 0.285412 0.702879 0.011709 242.806177 242.456116
22 31 30 0.389655 0.510225 0.100120 239.479108 239.007001
22 31 30 0.173426 0.619479 0.207095 231.507382 250.933856
22 31 30 0.703534 0.260974 0.035491 237.876534 226.497630
22 31 30 0.315735 0.377112 0.307153 228.622239 243.711071
22 31 30 0.079872 0.831016 0.089112 235.401777 249.358957
22 31 30 0.647500 0.048169 0.304330 231.525397 228.854946
22 23 31 0.158090 0.498690 0.343220 265.433478 223.951743
22 23 31 0.761174 0.006984 0.231841 238.822592 223.854837
22 23 31 0.016939 0.534616 0.448444 262.321510 229.751630
22 23 31 0.249199 0.681535 0.069266 271.662311 214.751598
22 23 31 0.342914 0.409725 0.247361 257.638696 222.624929
22 23 31 0.343903 0.298134 0.357963 255.165656 227.664567
22 23 31 0.977009 0.009102 0.013889 240.804351 213.862874
22 23 31 0.095158 0.493531 0.411311 263.247603 231.479854
22 23 31 0.351048 0.187075 0.461877 253.093876 234.539498
22 23 31 0.737489 0.026534 0.235977 240.091894 223.876816
23 32 31 0.386120 0.086904 0.526977 262.063824 241.840039
23 32 31 0.720783 0.106443 0.172774 275.612750 220.650564
23 32 31 0.885004 0.054730 0.060266 281.716336 218.207796
23 32 31 0.917881 0.064348 0.017772 284.301761 217.639756
23 32 31 0.621036 0.105292 0.273671 275.394032 230.716213
23 32 31 0.512560 0.027954 0.459485 268.191465 236.857516
23 32 31 0.562509 0.364767 0.072724 280.775844 232.945395
23 32 31 0.220460 0.010725 0.768815 251.556801 249.152264
23 32 31 0.090105 0.002743 0.907152 245.642499 250.618591
23 32 31 0.493036 0.329669 0.177295 281.472658 236.471590
23 24 32 0.439697 0.278316 0.281987 299.525788 224.749894
23 24 32 0.544321 0.278788 0.176891 301.033161 221.310803
23 24 32 0.633878 0.128919 0.237203 292.955665 219.699515
23 24 32 0.077828 0.535178 0.386993 308.962550 232.347449
23 24 32 0.594904 0.039304 0.365793 285.914782 229.176546
23 24 32 0.191336 0.279169 0.529495 296.945051 233.746966
23 24 32 0.905627 0.068421 0.025952 293.470994 213.237976
23 24 32 0.368839 0.077583 0.553578 289.420440 237.052493
23 24 32 0.096617 0.574895 0.328489 312.356236 228.279617
23 24 32 0.002579 0.631239 0.366182 316.790311 229.133836
24 33 32 0.053290 0.860503 0.086207 329.397109 251.857050
24 33 32 0.135074 0.200194 0.664732 298.516047 250.979401
24 33 32 0.955956 0.004859 0.039185 331.383769 216.124002
24 33 32 0.354461 0.448298 0.197242 322.128595 244.644348
24 33 32 0.510045 0.269046 0.220908 320.201621 236.637515
24 33 32 0.271573 0.150145 0.578283 301.524873 249.174501
24 33 32 0.579077 0.304546 0.116376 325.864644 230.861733
24 33 32 0.834546 0.021464 0.143990 327.770595 220.928614
24 33 32 0.619229 0.267164 0.113607 326.151529 230.935549
24 33 32 0.070754 0.510426 0.418820 311.776609 256.265794
24 25 33 0.186179 0.421378 0.392444 352.054288 230.291300
24 25 33 0.183607 0.083051 0.733342 336.785094 244.002664
24 25 33 0.018937 0.734152 0.246911 365.818324 224.752589
24 25 33 0.866861 0.022954 0.110185 332.608649 216.358915
24 25 33 0.924344 0.074411 0.001245 339.572117 210.586458
24 25 33 0.894837 0.018455 0.086708 333.749330 215.737507
24 25 33 0.072549 0.184555 0.742896 341.945583 240.978508
24 25 33 0.261312 0.227691 0.510997 343.409854 233.333427
24 25 33 0.153442 0.531412 0.315145 353.296145 226.020274
24 25 33 0.572038 0.109620 0.318342 332.849000 228.251679
25 34 33 0.773075 0.064616 0.162309 368.944527 222.582445
25 34 33 0.555823 0.148396 0.295781 363.001637 231.561068
25 34 33 0.081843 0.060978 0.857179 335.378074 250.424835
25 34 33 0.305202 0.141050 0.553748 353.253688 242.621898
25 34 33 0.804068 0.123648 0.072284 372.404535 217.500530
25 34 33 0.389284 0.180320 0.430396 355.325656 239.323100
25 34 33 0.996187 0.002610 0.001203 374.975418 209.925651
25 34 33 0.330785 0.381709 0.287505 365.638823 240.125047
25 34 33 0.448265 0.133793 0.417943 357.105571 235.042403
25 34 33 0.182314 0.190051 0.627634 345.898301 249.197399
25 26 34 0.351401 0.096895 0.551704 383.002705 235.462660
25 26 34 0.025663 0.284679 0.689659 389.138151 242.805173
25 26 34 0.127417 0.002615 0.869969 375.133649 252.770678
25 26 34 0.019502 0.917355 0.063143 422.814429 213.018554
25 26 34 0.594686 0.371627 0.033687 395.584575 211.225598
25 26 34 0.638537 0.017230 0.344233 378.524103 227.605775
25 26 34 0.410342 0.489065 0.100593 401.717811 214.022288
25 26 34 0.684577 0.224972 0.090452 387.808840 214.929141
25 26 34 0.970494 0.021693 0.007812 380.566152 212.492782
25 26 34 0.811327 0.006977 0.181696 379.859825 221.106849
26 35 34 0.253391 0.070350 0.676260 390.837954 245.623071
26 35 34 0.523629 0.275930 0.200441 414.087602 232.211052
26 35 34 0.188367 0.523063 0.288570 407.018608 251.169567
26 35 34 0.578986 0.059695 0.361319 409.824573 230.183740
26 35 34 0.853982 0.106574 0.039444 421.276181 219.412113
26 35 34 0.365333 0.364663 0.270004 409.437084 242.793524
26 35 34 0.269605 0.064174 0.666221 393.916654 241.735036
26 35 34 0.038410 0.720169 0.241421 407.367435 254.528116
26 35 34 0.537700 0.451403 0.010896 422.757048 234.773153
26 35 34 0.548722 0.364141 0.087137 423.478391 232.134483
27 28 36 0.669654 0.224384 0.105962 88.630615 253.984406
27 28 36 0.625093 0.038011 0.336896 83.561635 260.111162
27 28 36 0.572608 0.145840 0.281552 86.849700 263.767382
27 28 36 0.013627 0.260284 0.726090 99.756835 271.436041
27 28 36 0.836210 0.124719 0.039071 82.991003 253.392236
27 28 36 0.920250 0.051868 0.027883 82.829018 253.177976
27 28 36 0.037668 0.083961 0.878372 97.241180 278.351656
27 28 36 0.733356 0.234595 0.032049 86.486067 251.896695
27 28 36 0.364991 0.090458 0.544552 88.090975 265.759996
27 28 36 0.225397 0.663198 0.111405 105.924925 255.202428
28 37 36 0.474993 0.319939 0.205067 113.040739 270.289266
28 37 36 0.124909 0.517695 0.357396 113.850157 278.049540
28 37 36 0.177199 0.743435 0.079366 125.601273 277.229295
28 37 36 0.586058 0.237896 0.176046 116.391066 265.497831
28 37 36 0.938930 0.025774 0.035297 117.429285 255.473859
28 37 36 0.168136 0.064952 0.766912 99.228435 276.408521
28 37 36 0.530622 0.277127 0.192251 115.681765 264.356798
28 37 36 0.742334 0.085337 0.172328 114.440459 262.055610
28 37 36 0.224372 0.499622 0.276006 117.030402 274.803678
28 37 36 0.204260 0.714665 0.081075 122.352170 275.520226
28 29 37 0.484659 0.505310 0.010031 141.032501 253.968747
28 29 37 0.521996 0.433807 0.044197 136.785512 255.053503
28 29 37 0.934936 0.054451 0.010613 119.560288 254.920202
28 29 37 0.512925 0.002178 0.484897 120.652153 270.468533
28 29 37 0.498530 0.472243 0.029226 136.378364 256.413810
28 29 37 0.242612 0.435889 0.321500 139.348571 265.699176
28 29 37 0.973709 0.004390 0.021901 116.055278 253.146690
28 29 37 0.942722 0.009875 0.047403 118.833881 258.092387
28 29 37 0.268491 0.699799 0.031710 149.142449 260.140922
28 29 37 0.555075 0.009852 0.435073 122.451104 264.879214
29 38 37 0.266846 0.638235 0.094919 159.999073 275.755235
29 38 37 0.957209 0.011559 0.031232 154.839502 253.734269
29 38 37 0.488239 0.031494 0.480267 143.653719 269.099130
29 38 37 0.760634 0.226233 0.013133 155.889538 261.776776
29 38 37 0.633078 0.334464 0.032458 160.714919 262.887087
29 38 37 0.782485 0.052730 0.164785 155.745436 256.398137
29 38 37 0.963062 0.008965 0.027973 158.888957 255.017515
29 38 37 0.919935 0.005264 0.074802 157.395349 255.156441
29 38 37 0.578794 0.406158 0.015047 160.149964 268.179332
29 38 37 0.396664 0.316002 0.287334 155.469270 276.588345
29 30 38 0.293065 0.169069 0.537866 168.983377 272.516326
29 30 38 0.707641 0.289454 0.002905 171.569883 253.227091
29 30 38 0.337450 0.547565 0.114985 181.875422 262.983000
29 30 38 0.668419 0.224775 0.106806 165.786744 257.821814
29 30 38 0.968708 0.005234 0.026058 154.239608 255.617521
29 30 38 0.983267 0.009193 0.007540 158.544913 250.858308
29 30 38 0.305148 0.148602 0.546249 168.472288 269.406449
29 30 38 0.605881 0.076458 0.317661 164.007880 262.812517
29 30 38 0.432316 0.446560 0.121124 176.297304 257.469177
29 30 38 0.307604 0.574338 0.118059 177.898129 258.422836
30 39 38 0.950204 0.027102 0.022694 196.039440 253.928080
30 39 38 0.674151 0.194498 0.131350 199.828722 266.527529
30 39 38 0.443708 0.402702 0.153589 193.775272 274.045157
30 39 38 0.606524 0.202756 0.190719 192.355498 268.103506
30 39 38 0.147880 0.174283 0.677837 176.492301 278.551239
30 39 38 0.530191 0.134508 0.335300 185.422183 272.151963
30 39 38 0.081611 0.799290 0.119100 199.364002 282.240851
30 39 38 0.139554 0.029173 0.831272 173.622858 282.514658
30 39 38 0.210339 0.007985 0.781676 169.343103 279.591951
30 39 38 0.359779 0.638138 0.002083 205.980677 272.938790
30 31 39 0.508091 0.178650 0.313259 208.552031 266.111758
30 31 39 0.381605 0.101785 0.516610 203.609983 271.251108
30 31 39 0.380355 0.211794 0.407851 208.964642 267.876146
30 31 39 0.454664 0.247625 0.297711 209.476703 263.422277
30 31 39 0.683622 0.078347 0.238031 203.761079 264.702249
30 31 39 0.662644 0.049217 0.288139 203.105417 265.793385
30 31 39 0.973220 0.007720 0.019060 200.823869 256.669902
30 31 39 0.644270 0.243952 0.111777 210.727942 259.158957
30 31 39 0.217157 0.778309 0.004534 232.085413 253.668562
30 31 39 0.870630 0.046675 0.082695 200.614615 257.896502
31 40 39 0.631893 0.298670 0.069436 241.469872 268.430227
31 40 39 0.764924 0.212187 0.022889 239.265570 262.402403
31 40 39 0.779582 0.013715 0.206703 230.753387 264.615933
31 40 39 0.010342 0.097922 0.891735 208.941222 286.910418
31 40 39 0.734962 0.052513 0.212525 235.760669 262.063087
31 40 39 0.897830 0.101996 0.000174 243.906205 256.117591
31 40 39 0.494015 0.405505 0.100480 237.222800 271.479430
31 40 39 0.096792 0.144832 0.758376 216.860459 285.609805
31 40 39 0.748569 0.247740 0.003690 243.343666 266.393404
31 40 39 0.631374 0.035122 0.333504 226.159905 266.197312
31 32 40 0.352119 0.606949 0.040932 268.852287 256.486544
31 32 40 0.711623 0.218075 0.070302 252.093762 258.752299
31 32 40 0.599931 0.335046 0.065022 255.470091 259.346329
31 32 40 0.806376 0.088316 0.105308 245.249985 259.587571
31 32 40 0.897567 0.052484 0.049949 240.548379 257.775440
31 32 40 0.721577 0.017795 0.260628 240.818825 267.986855
31 32 40 0.232258 0.711365 0.056377 271.319478 258.104881
31 32 40 0.802993 0.123164 0.073843 248.109407 258.005164
31 32 40 0.372671 0.369598 0.257731 256.948654 267.375063
31 32 40 0.826100 0.133758 0.040141 245.393115 258.268295
32 41 40 0.321465 0.456380 0.222155 273.488204 281.332193
32 41 40 0.777340 0.082991 0.139669 279.490258 263.204976
32 41 40 0.795234 0.112464 0.092302 282.078262 262.415880
32 41 40 0.680125 0.317098 0.002777 282.570848 266.287023
32 41 40 0.595934 0.328904 0.075162 282.372077 271.721409
32 41 40 0.215075 0.176342 0.608583 260.898164 282.362672
32 41 40 0.556934 0.013248 0.429818 267.278577 269.998967
32 41 40 0.355569 0.227804 0.416627 268.846489 276.646702
32 41 40 0.502505 0.480235 0.017259 284.191415 275.992089
32 41 40 0.884449 0.056784 0.058767 282.338436 260.614254
32 33 41 0.246550 0.175415 0.578035 291.160384 277.480569
32 33 41 0.244955 0.541528 0.213517 308.055975 264.381916
32 33 41 0.030775 0.089454 0.879771 287.081737 287.447480
32 33 41 0.393810 0.134346 0.471843 287.719751 271.817476
32 33 41 0.797440 0.021297 0.181263 286.742280 260.613960
32 33 41 0.416203 0.532508 0.051289 309.569528 259.723818
32 33 41 0.342403 0.220961 0.436635 297.175804 272.451354
32 33 41 0.641762 0.260814 0.097424 299.593608 261.839004
32 33 41 0.103923 0.450028 0.446050 303.271038 270.090731
32 33 41 0.123184 0.401412 0.475404 305.050131 269.043603
33 42 41 0.986093 0.010515 0.003391 332.466630 253.068116
33 42 41 0.851986 0.130089 0.017925 326.556100 259.986783
33 42 41 0.543489 0.321265 0.135246 318.319691 270.602394
33 42 41 0.120595 0.500741 0.378664 312.066266 287.117067
33 42 41 0.983955 0.008818 0.007226 329.886294 253.943637
33 42 41 0.444917 0.250499 0.304584 314.708409 277.322261
33 42 41 0.527786 0.210239 0.261975 315.573380 270.262813
33 42 41 0.516035 0.060022 0.423944 310.434507 272.185266
33 42 41 0.460801 0.469885 0.069314 325.188774 272.916220
33 42 41 0.401949 0.253536 0.344515 312.752974 275.879924
33 34 42 0.512593 0.112931 0.374476 333.615642 268.264749
33 34 42 0.394576 0.232942 0.372482 338.236940 271.666838
33 34 42 0.611619 0.174680 0.213701 338.003130 260.314152
33 34 42 0.452921 0.201368 0.345711 339.083708 268.846981
33 34 42 0.501396 0.382815 0.115789 348.542132 258.729366
33 34 42 0.462573 0.462624 0.074803 351.931443 256.470532
33 34 42 0.917772 0.003684 0.078544 329.260362 263.758972
33 34 42 0.953696 0.015392 0.030912 330.293030 256.269803
33 34 42 0.130532 0.554948 0.314520 354.485114 266.614251
33 34 42 0.660889 0.229472 0.109640 339.699010 258.561128
34 43 42 0.427281 0.477142 0.095578 362.399235 277.770974
34 43 42 0.296832 0.131501 0.571666 348.268251 283.225874
34 43 42 0.165716 0.641424 0.192860 362.196954 288.632687
34 43 42 0.482772 0.343795 0.173433 366.701451 275.112450
34 43 42 0.610616 0.152277 0.237107 358.680441 270.758676
34 43 42 0.807520 0.155518 0.036962 375.211790 265.266825
34 43 42 0.094495 0.750853 0.154653 363.795017 288.158572
34 43 42 0.058989 0.311866 0.629145 341.547089 290.801459
34 43 42 0.276023 0.156949 0.567028 346.646851 281.827144
34 43 42 0.912307 0.000446 0.087247 371.910415 264.220945
34 35 43 0.693930 0.271437 0.034632 386.392291 258.763089
34 35 43 0.477930 0.446171 0.075900 394.703399 264.472950
34 35 43 0.132576 0.598229 0.269195 398.451757 267.490425
34 35 43 0.770577 0.022728 0.206696 372.996379 265.223573
34 35 43 0.470993 0.428873 0.100134 389.555552 262.791744
34 35 43 0.408795 0.406071 0.185135 393.141008 262.483013
34 35 43 0.354342 0.291524 0.354134 381.157214 268.752490
34 35 43 0.944530 0.041091 0.014379 376.311352 258.291882
34 35 43 0.786567 0.015957 0.197476 378.223386 263.062927
34 35 43 0.709721 0.004646 0.285633 372.734847 264.030135
35 44 43 0.953981 0.034260 0.011760 421.703391 255.374792
35 44 43 0.797412 0.077111 0.125477 411.308876 262.189185
35 44 43 0.009909 0.950503 0.039588 415.486670 292.702249
35 44 43 0.765674 0.199227 0.035099 412.029525 265.921426
35 44 43 0.019444 0.968347 0.012209 414.918156 293.886663
35 44 43 0.347797 0.462834 0.189369 405.307109 280.237475
35 44 43 0.053031 0.381843 0.565126 387.583464 289.461354
35 44 43 0.716754 0.171918 0.111327 411.846832 267.646234
35 44 43 0.122666 0.131740 0.745594 380.641014 287.892433
35 44 43 0.624367 0.162723 0.212910 408.700427 269.203951
36 37 45 0.864907 0.081835 0.053258 96.543872 278.477450
36 37 45 0.959502 0.001736 0.038761 95.261650 282.872351
36 37 45 0.755006 0.091033 0.153960 96.867487 285.195381
36 37 45 0.545753 0.031514 0.422733 101.810822 294.677260
36 37 45 0.146966 0.412304 0.440730 114.663703 295.010138
36 37 45 0.511694 0.215931 0.272375 105.995853 284.836770
36 37 45 0.057664 0.263926 0.678410 108.287361 295.464889
36 37 45 0.157513 0.024322 0.818165 99.044354 296.207690
36 37 45 0.433089 0.103962 0.462949 103.988086 289.275750
36 37 45 0.002640 0.054047 0.943313 107.195072 301.423552
37 46 45 0.867228 0.034009 0.098763 128.905870 284.724446
37 46 45 0.504567 0.240178 0.255255 121.919064 291.043038
37 46 45 0.522112 0.144779 0.333109 120.612819 294.191315
37 46 45 0.686517 0.122820 0.190663 122.608136 283.588607
37 46 45 0.354709 0.271899 0.373391 123.476545 297.110392
37 46 45 0.956925 0.005005 0.038070 126.249807 285.683560
37 46 45 0.439852 0.354780 0.205368 125.927428 295.510000
37 46 45 0.744259 0.023391 0.232349 120.598818 286.667722
37 46 45 0.937657 0.042701 0.019642 129.501691 282.030924
37 46 45 0.420403 0.166482 0.413115 124.363310 294.468041
37 38 46 0.047036 0.373695 0.579269 150.350859 294.930091
37 38 46 0.947229 0.031149 0.021622 129.723774 283.686637
37 38 46 0.126767 0.561811 0.311422 153.952360 291.017862
37 38 46 0.753517 0.060090 0.186393 135.391746 283.598203
37 38 46 0.236536 0.260615 0.502849 141.649653 292.839041
37 38 46 0.237837 0.274110 0.488053 143.785188 297.083932
37 38 46 0.647695 0.093034 0.259271 133.764604 285.290838
37 38 46 0.650409 0.164916 0.184675 139.427133 284.923480
37 38 46 0.709590 0.243985 0.046425 139.750958 285.221517
37 38 46 0.393815 0.431570 0.174615 143.950218 292.979402
38 47 46 0.569812 0.243291 0.186897 164.555613 295.510156
38 47 46 0.098485 0.609305 0.292209 162.363224 303.889444
38 47 46 0.681884 0.013085 0.305031 157.081655 290.335940
38 47 46 0.463273 0.225679 0.311048 160.794396 295.663943
38 47 46 0.534757 0.279223 0.186020 160.928517 298.430879
38 47 46 0.707143 0.286535 0.006321 165.890092 293.379251
38 47 46 0.961969 0.006813 0.031218 160.396900 282.752031
38 47 46 0.811784 0.162216 0.026000 167.730626 286.168927
38 47 46 0.425957 0.561282 0.012760 171.606162 298.162997
38 47 46 0.735165 0.180885 0.083950 164.254399 293.147106
38 39 47 0.044405 0.142004 0.813591 178.786899 305.305392
38 39 47 0.149049 0.845552 0.005398 196.005292 287.277694
38 39 47 0.310371 0.534787 0.154841 184.615917 291.326556
38 39 47 0.062378 0.137413 0.800208 175.233334 303.800153
38 39 47 0.576355 0.354466 0.069179 180.603919 288.189612
38 39 47 0.722911 0.024658 0.252431 169.858055 291.414367
38 39 47 0.790871 0.136819 0.072309 171.366920 290.764132
38 39 47 0.662034 0.131631 0.206335 172.796588 289.145020
38 39 47 0.793442 0.011113 0.195445 171.180726 286.484369
38 39 47 0.459097 0.192421 0.348482 174.992692 293.348190
39 48 47 0.583236 0.411314 0.005451 203.292500 297.695844
39 48 47 0.216041 0.432955 0.351004 194.921293 304.744179
39 48 47 0.118818 0.797002 0.084180 201.838547 308.543782
39 48 47 0.539244 0.141815 0.318941 195.865839 299.508521
39 48 47 0.304087 0.674545 0.021368 202.208329 303.720078
39 48 47 0.309519 0.543511 0.146970 201.696697 301.953134
39 48 47 0.889598 0.090358 0.020045 203.660822 287.750255
39 48 47 0.048446 0.694960 0.256594 202.657136 305.531840
39 48 47 0.489602 0.335930 0.174468 198.611717 300.717005
39 48 47 0.657507 0.144739 0.197755 199.013096 297.951320
39 40 48 0.822461 0.033723 0.143816 205.438100 290.357182
39 40 48 0.091891 0.405459 0.502650 220.215955 300.638262
39 40 48 0.604961 0.183129 0.211909 210.820937 293.755959
39 40 48 0.520734 0.176851 0.302415 214.791262 294.002564
39 40 48 0.423695 0.438589 0.137716 222.848900 292.640812
39 40 48 0.100491 0.213384 0.686125 209.690140 303.369707
39 40 48 0.648813 0.162065 0.189122 213.055402 293.197444
39 40 48 0.854152 0.085801 0.060046 208.482658 288.895548
39 40 48 0.680627 0.009504 0.309869 205.885580 293.488133
39 40 48 0.656734 0.156001 0.187265 211.051398 291.414036
40 49 48 0.753591 0.227124 0.019285 241.828715 291.671071
40 49 48 0.147366 0.501616 0.351018 229.503382 307.613745
40 49 48 0.500964 0.335167 0.163870 238.202025 301.508234
40 49 48 0.476721 0.203142 0.320137 231.766095 298.120603
40 49 48 0.790736 0.122400 0.086864 241.126899 293.989970
40 49 48 0.296147 0.455934 0.247918 231.060790 305.635374
40 49 48 0.177578 0.496067 0.326354 231.303467 310.137569
40 49 48 0.864845 0.059375 0.075780 237.406554 293.997493
40 49 48 0.743984 0.173744 0.082272 239.667659 300.077407
40 49 48 0.230790 0.707171 0.062040 248.178211 305.515541
40 41 49 0.493514 0.120929 0.385557 248.500696 294.811706
40 41 49 0.408338 0.507675 0.083987 261.963112 289.420882
40 41 49 0.089420 0.062304 0.848276 247.835772 310.784501
40 41 49 0.447926 0.471017 0.081057 266.253498 293.202717
40 41 49 0.247758 0.332426 0.419816 257.074260 303.555151
40 41 49 0.321705 0.071468 0.606826 244.596522 305.810506
40 41 49 0.778094 0.188674 0.033232 249.479125 295.174740
40 41 49 0.002902 0.520164 0.476934 264.252790 299.665286
40 41 49 0.131742 0.448406 0.419853 264.573517 300.042150
40 41 49 0.712199 0.249055 0.038746 252.706258 289.708633
41 50 49 0.452615 0.405227 0.142158 279.627117 303.655924
41 50 49 0.998228 0.000367 0.001405 282.890018 290.573115
41 50 49 0.201672 0.779619 0.018709 282.056748 312.190687
41 50 49 0.160537 0.317103 0.522361 265.311910 309.917179
41 50 49 0.003532 0.343196 0.653272 257.610403 310.309660
41 50 49 0.347630 0.430454 0.221916 274.733758 304.795573
41 50 49 0.135046 0.050828 0.814127 250.808430 307.797013
41 50 49 0.069756 0.790628 0.139616 277.766063 313.030959
41 50 49 0.546475 0.160627 0.292899 274.623057 302.011147
41 50 49 0.229757 0.567304 0.202939 275.275319 311.556043
41 42 50 0.148579 0.386555 0.464866 300.825482 300.215260
41 42 50 0.699777 0.138156 0.162067 289.246593 297.899166
41 42 50 0.389677 0.023349 0.586973 287.476097 301.975009
41 42 50 0.455722 0.525306 0.018972 303.528586 292.428559
41 42 50 0.214496 0.215889 0.569615 292.395701 303.994725
41 42 50 0.974613 0.017647 0.007741 280.736768 290.732778
41 42 50 0.734507 0.026649 0.238844 287.123126 296.378915
41 42 50 0.104350 0.337971 0.557679 300.195249 302.610903
41 42 50 0.090043 0.871763 0.038194 321.278461 290.629313
41 42 50 0.848400 0.104011 0.047589 290.640907 291.095392
42 51 50 0.110682 0.321707 0.567611 300.164043 313.070524
42 51 50 0.961158 0.037988 0.000855 326.660480 292.946532
42 51 50 0.164320 0.619554 0.216126 312.905109 310.750910
42 51 50 0.431665 0.099547 0.468788 305.371672 307.047471
42 51 50 0.900567 0.003184 0.096249 318.552089 294.811365
42 51 50 0.745429 0.055098 0.199473 316.551982 298.583924
42 51 50 0.052324 0.609866 0.337810 308.110435 317.586091
42 51 50 0.270277 0.392082 0.337640 312.528344 308.214967
42 51 50 0.952582 0.025909 0.021510 327.083680 292.468820
42 51 50 0.803123 0.183830 0.013047 326.921624 300.020003
42 43 51 0.509851 0.281582 0.208567 335.554203 297.525522
42 43 51 0.159078 0.022665 0.818258 321.378801 315.990836
42 43 51 0.347458 0.074571 0.577971 327.505473 306.993290
42 43 51 0.908208 0.067550 0.024241 332.176584 292.933914
42 43 51 0.277010 0.671128 0.051861 356.010306 296.739338
42 43 51 0.546450 0.170541 0.283009 331.216510 300.347454
42 43 51 0.608577 0.203785 0.187639 333.078099 294.808455
42 43 51 0.052422 0.154085 0.793492 330.243815 310.523340
42 43 51 0.398670 0.419337 0.181993 342.398041 296.403088
42 43 51 0.986950 0.009640 0.003410 324.928429 295.612102
43 52 51 0.368429 0.382701 0.248871 354.217693 311.338899
43 52 51 0.938004 0.038673 0.023323 367.539938 293.811059
43 52 51 0.575537 0.026076 0.398388 348.920781 304.708103
43 52 51 0.383245 0.368457 0.248298 356.193390 309.249653
43 52 51 0.355587 0.218454 0.425959 345.296082 308.335801
43 52 51 0.686507 0.042575 0.270918 358.348107 300.778701
43 52 51 0.268435 0.044611 0.686954 337.044178 311.212992
43 52 51 0.224826 0.133607 0.641566 341.031139 315.110228
43 52 51 0.913196 0.035798 0.051006 366.955386 295.142667
43 52 51 0.151096 0.561936 0.286968 354.218051 319.012259
43 44 52 0.717032 0.072369 0.210599 372.302910 296.092461
43 44 52 0.480327 0.274713 0.244960 378.767369 301.382267
43 44 52 0.786526 0.077569 0.135905 372.499076 301.564150
43 44 52 0.800841 0.196607 0.002552 376.968921 293.745452
43 44 52 0.095685 0.316403 0.587912 376.786736 309.792154
43 44 52 0.970484 0.028667 0.000849 373.235507 291.884559
43 44 52 0.770676 0.218399 0.010925 377.959475 293.286631
43 44 52 0.675987 0.116047 0.207966 376.377075 301.263218
43 44 52 0.332052 0.589619 0.078328 398.455651 298.462799
43 44 52 0.466711 0.235615 0.297674 377.534967 301.496597
44 53 52 0.112626 0.219104 0.668270 375.186321 319.946329
44 53 52 0.393889 0.026192 0.579919 382.933982 315.647861
44 53 52 0.265953 0.630087 0.103960 404.072582 316.539000
44 53 52 0.092141 0.678486 0.229373 394.385930 322.230402
44 53 52 0.203417 0.648517 0.148066 399.918352 320.292662
44 53 52 0.982183 0.009067 0.008750 413.400924 297.018576
44 53 52 0.521229 0.297057 0.181714 403.525887 310.645015
44 53 52 0.736541 0.184616 0.078844 404.612882 298.497385
44 53 52 0.617518 0.012338 0.370145 394.859437 304.872772
44 53 52 0.171170 0.057092 0.771738 368.728625 318.206916
45 46 54 0.252155 0.559000 0.188845 127.080083 308.881881
45 46 54 0.184337 0.134882 0.680781 116.812040 315.526494
45 46 54 0.685327 0.025398 0.289274 108.968993 305.428450
45 46 54 0.027038 0.964909 0.008053 138.409658 302.684202
45 46 54 0.888978 0.062724 0.048299 109.802577 302.258795
45 46 54 0.174058 0.415270 0.410671 125.035282 311.255464
45 46 54 0.924910 0.052725 0.022365 105.987899 303.467610
45 46 54 0.395964 0.346748 0.257288 125.679329 306.332722
45 46 54 0.083462 0.743195 0.173343 134.623153 305.379262
45 46 54 0.398717 0.199873 0.401410 118.194149 306.866562
46 55 54 0.222591 0.118150 0.659259 126.385510 315.745952
46 55 54 0.210387 0.432672 0.356941 134.442842 323.439879
46 55 54 0.714369 0.082141 0.203490 136.085511 306.517663
46 55 54 0.479367 0.471534 0.049098 142.812500 314.057999
46 55 54 0.489894 0.182179 0.327926 131.758099 311.720512
46 55 54 0.193846 0.598353 0.207801 139.592717 318.154943
46 55 54 0.050578 0.131403 0.818019 127.445913 318.999718
46 55 54 0.406639 0.131021 0.462340 128.908009 312.708894
46 55 54 0.030603 0.123146 0.846251 122.195368 320.298787
46 55 54 0.759591 0.239098 0.001311 141.636504 310.672108
46 47 55 0.792062 0.185713 0.022224 149.283247 300.517281
46 47 55 0.197188 0.308688 0.494124 155.530418 310.707873
46 47 55 0.810561 0.165237 0.024202 146.437660 307.732968
46 47 55 0.110220 0.005929 0.883852 145.862256 317.827565
46 47 55 0.579194 0.335601 0.085205 153.218625 304.754883
46 47 55 0.832394 0.157246 0.010361 144.175452 303.702418
46 47 55 0.297947 0.475805 0.226248 154.966579 312.438378
46 47 55 0.991685 0.000645 0.007670 140.677918 302.332762
46 47 55 0.213738 0.754439 0.031824 166.577600 304.875318
46 47 55 0.470425 0.435351 0.094224 153.152731 306.171834
47 56 55 0.566780 0.313589 0.119631 176.657358 313.691700
47 56 55 0.327637 0.484191 0.188172 176.030530 317.976849
47 56 55 0.132401 0.189427 0.678172 155.202410 323.230166
47 56 55 0.541254 0.165977 0.292769 168.585110 315.261208
47 56 55 0.157234 0.506572 0.336194 173.009221 318.690212
47 56 55 0.013164 0.280809 0.706027 161.644701 320.707133
47 56 55 0.712695 0.196483 0.090822 174.529512 313.679755
47 56 55 0.476507 0.110789 0.412704 168.027738 316.526533
47 56 55 0.235140 0.417167 0.347693 164.453701 318.496438
47 56 55 0.930232 0.002145 0.067623 173.379037 305.992023
47 48 56 0.433928 0.539068 0.027004 195.359390 314.718487
47 48 56 0.820612 0.077266 0.102122 180.940325 307.039082
47 48 56 0.053693 0.045534 0.900773 184.737909 323.281213
47 48 56 0.824721 0.096629 0.078650 179.828257 310.012905
47 48 56 0.969781 0.002045 0.028174 176.688382 302.667515
47 48 56 0.583523 0.259519 0.156959 186.124696 306.942842
47 48 56 0.179186 0.513734 0.307081 192.789912 318.563573
47 48 56 0.723295 0.018509 0.258196 178.222967 314.605007
47 48 56 0.801022 0.010247 0.188732 174.067482 306.473113
47 48 56 0.095176 0.754190 0.150634 201.342557 311.765700
48 57 56 0.041786 0.753673 0.204541 209.946343 324.018310
48 57 56 0.511479 0.275955 0.212565 205.842042 321.425996
48 57 56 0.612986 0.031100 0.355914 197.994865 318.885608
48 57 56 0.554912 0.331399 0.113689 207.490420 320.328877
48 57 56 0.767564 0.048869 0.183567 203.513922 313.750098
48 57 56 0.543540 0.321694 0.134766 206.703925 316.800702
48 57 56 0.697520 0.022233 0.280247 200.921134 314.304426
48 57 56 0.350430 0.041303 0.608267 193.115832 321.370046
48 57 56 0.757407 0.023722 0.218871 204.405046 310.171876
48 57 56 0.775443 0.070810 0.153747 202.430109 317.545840
48 49 57 0.593565 0.363102 0.043333 220.613896 313.234362
48 49 57 0.916147 0.015536 0.068317 209.380523 308.508784
48 49 57 0.513468 0.007891 0.478641 209.555239 316.792210
48 49 57 0.815223 0.002161 0.182616 211.915478 317.500154
48 49 57 0.776791 0.064163 0.159047 212.014295 313.991009
48 49 57 0.603620 0.235473 0.160907 216.092856 312.411967
48 49 57 0.605345 0.025156 0.369499 211.988933 315.448651
48 49 57 0.115013 0.699476 0.185511 233.984689 314.775838
48 49 57 0.747210 0.061658 0.191132 215.348242 313.085062
48 49 57 0.713543 0.008626 0.277831 211.031794 317.708028
49 58 57 0.674206 0.303241 0.022553 245.674538 315.887661
49 58 57 0.754420 0.022512 0.223068 236.598694 315.491206
49 58 57 0.342350 0.171963 0.485688 232.022455 322.394447
49 58 57 0.874257 0.077143 0.048600 241.831224 310.771177
49 58 57 0.175331 0.409186 0.415482 234.246561 326.321229
49 58 57 0.744764 0.031346 0.223890 236.523489 315.852000
49 58 57 0.830433 0.063889 0.105678 242.872934 318.039787
49 58 57 0.621551 0.039270 0.339179 234.799952 317.077047
49 58 57 0.207316 0.202652 0.590032 228.004046 325.528471
49 58 57 0.875567 0.037836 0.086596 243.431180 313.226005
49 50 58 0.062816 0.343869 0.593315 260.524145 321.987851
49 50 58 0.094051 0.434993 0.470955 263.419919 324.591827
49 50 58 0.528236 0.334603 0.137161 260.219754 314.977578
49 50 58 0.895516 0.016612 0.087872 245.703489 312.374407
49 50 58 0.448628 0.421833 0.129538 258.659300 318.170983
49 50 58 0.906079 0.069197 0.024724 249.632381 312.066395
49 50 58 0.839284 0.080911 0.079805 249.776742 314.188612
49 50 58 0.148372 0.072663 0.778965 251.032247 326.094169
49 50 58 0.163354 0.807598 0.029049 275.227770 313.363438
49 50 58 0.856858 0.052654 0.090488 249.414731 313.836886
50 59 58 0.533368 0.263616 0.203016 279.403877 320.343138
50 59 58 0.596934 0.238303 0.164763 279.932834 321.474841
50 59 58 0.189351 0.497249 0.313400 276.939110 327.263586
50 59 58 0.646185 0.218714 0.135101 283.357012 321.590965
50 59 58 0.587730 0.311155 0.101114 279.805164 322.391905
50 59 58 0.925681 0.040845 0.033473 282.133102 313.273866
50 59 58 0.129901 0.681629 0.188470 273.508347 327.512163
50 59 58 0.566057 0.207444 0.226499 274.137685 320.796370
50 59 58 0.619279 0.293259 0.087462 282.366814 320.611753
50 59 58 0.125114 0.368930 0.505957 264.777909 332.436487
50 51 59 0.042355 0.604099 0.353546 303.670561 319.605158
50 51 59 0.493345 0.169708 0.336947 285.714947 322.733669
50 51 59 0.436551 0.558726 0.004723 308.101511 316.216027
50 51 59 0.235144 0.324909 0.439947 296.554259 324.849308
50 51 59 0.980117 0.002871 0.017012 281.232653 312.890944
50 51 59 0.759119 0.032639 0.208242 286.325625 318.545857
50 51 59 0.230332 0.485575 0.284093 301.051124 324.894317
50 51 59 0.276370 0.557619 0.166010 303.958246 319.522800
50 51 59 0.297448 0.236344 0.466208 294.625559 325.311858
50 51 59 0.525564 0.062080 0.412356 286.634033 321.776327
51 60 59 0.136626 0.596460 0.266914 309.558238 333.005624
51 60 59 0.322476 0.414331 0.263193 307.917875 331.780709
51 60 59 0.445172 0.404089 0.150739 318.673287 328.874579
51 60 59 0.075111 0.814878 0.110011 313.228740 333.114761
51 60 59 0.862821 0.000464 0.136715 310.889175 321.497202
51 60 59 0.035826 0.585515 0.378658 305.143648 332.951702
51 60 59 0.161480 0.569528 0.268991 308.437788 334.025138
51 60 59 0.846292 0.105142 0.048565 319.099059 318.829909
51 60 59 0.088484 0.547534 0.363982 309.503650 331.915838
51 60 59 0.503844 0.199457 0.296698 309.286685 329.568912
51 52 60 0.241779 0.618361 0.139859 345.875528 323.730449
51 52 60 0.434470 0.368190 0.197340 335.446694 323.369949
51 52 60 0.824871 0.169685 0.005444 329.644268 319.699074
51 52 60 0.990146 0.005742 0.004112 321.489229 322.523853
51 52 60 0.399247 0.534233 0.066519 339.498167 319.709761
51 52 60 0.341697 0.043899 0.614404 321.473185 333.658882
51 52 60 0.517168 0.168432 0.314400 328.666085 325.491088
51 52 60 0.713913 0.203232 0.082855 330.358628 325.877476
51 52 60 0.950675 0.038063 0.011261 325.434848 322.063646
51 52 60 0.751121 0.070809 0.178069 325.460105 321.372462
52 61 60 0.631417 0.230020 0.138563 354.024406 329.237851
52 61 60 0.994305 0.000077 0.005618 361.331022 320.750293
52 61 60 0.970965 0.024966 0.004069 361.299742 321.133698
52 61 60 0.426846 0.502473 0.070681 352.298667 330.797439
52 61 60 0.171559 0.462984 0.365457 340.519631 339.061028
52 61 60 0.042306 0.559686 0.398008 340.904380 339.705678
52 61 60 0.946998 0.018867 0.034135 358.101709 321.375625
52 61 60 0.070137 0.805838 0.124025 351.290518 336.382981
52 61 60 0.027651 0.299293 0.673055 330.016627 336.006852
52 61 60 0.321541 0.513692 0.164767 352.700797 332.434983
52 53 61 0.894358 0.064912 0.040729 365.297190 321.253060
52 53 61 0.440049 0.433297 0.126654 374.861687 326.867357
52 53 61 0.637572 0.329513 0.032915 378.895054 324.334941
52 53 61 0.697723 0.227426 0.074852 371.351079 321.795930
52 53 61 0.169483 0.550958 0.279558 383.005063 329.749707
52 53 61 0.318623 0.124667 0.556710 363.358164 334.330599
52 53 61 0.132316 0.242877 0.624807 369.079093 334.160549
52 53 61 0.993234 0.003486 0.003280 360.562759 322.576175
52 53 61 0.465276 0.281101 0.253623 369.805663 323.658360
52 53 61 0.032773 0.801337 0.165890 395.235930 326.738395
53 62 61 0.935872 0.056406 0.007722 404.371260 325.856863
53 62 61 0.969273 0.005678 0.025049 403.093434 326.775251
53 62 61 0.773788 0.039070 0.187142 394.058609 329.617574
53 62 61 0.606001 0.090817 0.303182 386.032218 331.772982
53 62 61 0.799467 0.095084 0.105449 397.407296 326.385642
53 62 61 0.116616 0.638910 0.244473 384.173996 340.228589
53 62 61 0.223127 0.726401 0.050472 394.669292 339.686694
53 62 61 0.629315 0.012650 0.358035 387.279774 332.818643
53 62 61 0.250891 0.467773 0.281336 386.353690 336.047743
53 62 61 0.854403 0.091798 0.053799 396.258222 324.546265
54 55 63 0.160359 0.501611 0.338030 135.140384 325.346352
54 55 63 0.150964 0.602089 0.246947 138.876293 329.141012
54 55 63 0.824375 0.161149 0.014476 124.965609 319.767067
54 55 63 0.051987 0.227231 0.720782 132.844524 337.094952
54 55 63 0.604241 0.129138 0.266621 122.124876 325.107373
54 55 63 0.312855 0.062587 0.624558 123.847084 329.631407
54 55 63 0.940619 0.030034 0.029347 118.286372 319.746329
54 55 63 0.110420 0.667325 0.222255 141.645341 321.150067
54 55 63 0.271678 0.558169 0.170153 136.356022 325.465276
54 55 63 0.087805 0.473344 0.438851 134.041429 330.342593
55 64 63 0.914414 0.036191 0.049395 147.915650 322.088259
55 64 63 0.309340 0.497851 0.192809 147.368940 329.829178
55 64 63 0.111528 0.095802 0.792670 132.572600 335.144354
55 64 63 0.092117 0.815952 0.091931 153.406644 336.251987
55 64 63 0.971568 0.010375 0.018057 148.805416 321.612813
55 64 63 0.555998 0.206834 0.237168 148.889903 329.123412
55 64 63 0.392010 0.239237 0.368753 144.602891 328.226203
55 64 63 0.175193 0.096100 0.728707 131.502505 336.517238
55 64 63 0.504091 0.336463 0.159446 150.426429 327.172147
55 64 63 0.010472 0.499196 0.490331 146.758087 338.172983
55 56 64 0.011449 0.260758 0.727793 164.387810 335.974248
55 56 64 0.842397 0.017268 0.140334 151.820727 324.423398
55 56 64 0.512454 0.063078 0.424468 155.573397 327.831498
55 56 64 0.170879 0.067633 0.761488 157.939987 335.451443
55 56 64 0.394755 0.282113 0.323133 161.070227 327.039740
55 56 64 0.157495 0.764586 0.077919 175.257624 324.188184
55 56 64 0.795977 0.034159 0.169863 151.752019 322.688182
55 56 64 0.987888 0.003950 0.008163 151.535604 320.839667
55 56 64 0.305556 0.686410 0.008034 172.009443 325.698390
55 56 64 0.637062 0.190848 0.172090 159.605110 325.988966
56 65 64 0.117867 0.154362 0.727771 163.422527 338.690013
56 65 64 0.119410 0.578434 0.302156 180.991249 333.673844
56 65 64 0.140060 0.131119 0.728821 167.778295 335.503127
56 65 64 0.090617 0.232586 0.676797 169.627010 338.213658
56 65 64 0.913743 0.052408 0.033849 185.750603 329.331306
56 65 64 0.887509 0.016962 0.095529 179.664526 324.772184
56 65 64 0.833491 0.143335 0.023174 181.615880 324.338831
56 65 64 0.046334 0.559889 0.393777 174.569554 337.112441
56 65 64 0.673294 0.281649 0.045056 185.360604 329.415498
56 65 64 0.375876 0.216538 0.407586 171.485596 331.163573
56 57 65 0.821073 0.008083 0.170844 184.474369 325.558350
56 57 65 0.440521 0.545662 0.013817 202.180150 326.130904
56 57 65 0.204478 0.057997 0.737525 190.429306 339.701785
56 57 65 0.151013 0.403991 0.444996 198.083757 331.207073
56 57 65 0.618549 0.238139 0.143312 193.407389 326.498288
56 57 65 0.488521 0.129077 0.382403 187.619902 328.628281
56 57 65 0.849763 0.106319 0.043918 187.544074 329.317763
56 57 65 0.730440 0.208003 0.061557 192.824295 328.398047
56 57 65 0.260425 0.326959 0.412616 194.762233 327.570348
56 57 65 0.082677 0.737757 0.179566 208.829371 328.544974
57 66 65 0.878140 0.096468 0.025392 218.753763 326.120287
57 66 65 0.763990 0.195234 0.040776 217.512766 327.485918
57 66 65 0.983298 0.013253 0.003449 213.409637 325.471199
57 66 65 0.545694 0.047177 0.407129 208.724571 332.750589
57 66 65 0.415800 0.566248 0.017952 215.513589 338.061487
57 66 65 0.204838 0.207572 0.587590 199.695414 334.905406
57 66 65 0.596222 0.266093 0.137685 215.397916 331.424760
57 66 65 0.286756 0.700188 0.013056 218.835668 335.205087
57 66 65 0.648046 0.059309 0.292645 207.007885 329.856399
57 66 65 0.197656 0.335510 0.466834 208.138859 338.026320
57 58 66 0.498865 0.310598 0.190537 224.329756 330.960221
57 58 66 0.178641 0.007099 0.814260 221.046076 334.406537
57 58 66 0.231159 0.241646 0.527195 226.887597 331.078072
57 58 66 0.547826 0.161252 0.290921 222.559663 330.525310
57 58 66 0.055520 0.296613 0.647867 228.151182 337.255561
57 58 66 0.672507 0.211781 0.115712 225.546769 331.646916
57 58 66 0.974525 0.007808 0.017667 217.465372 327.053267
57 58 66 0.102503 0.814328 0.083169 244.323092 330.982941
57 58 66 0.191231 0.394048 0.414720 232.713812 333.081809
57 58 66 0.803766 0.153769 0.042465 220.495962 328.087727
58 67 66 0.477414 0.426341 0.096245 251.415183 336.696435
58 67 66 0.548983 0.262977 0.188041 244.800626 336.244896
58 67 66 0.841538 0.041436 0.117026 244.166745 330.812902
58 67 66 0.755407 0.078397 0.166196 244.177140 333.761601
58 67 66 0.340955 0.076450 0.582594 232.777248 338.156825
58 67 66 0.923001 0.025543 0.051456 245.740780 331.060564
58 67 66 0.014489 0.652437 0.333074 241.112592 341.820857
58 67 66 0.253534 0.668720 0.077746 253.172262 342.389740
58 67 66 0.313688 0.467640 0.218672 245.963532 338.385883
58 67 66 0.957646 0.041112 0.001241 252.261662 330.738056
58 59 67 0.810791 0.167555 0.021653 253.896805 329.800029
58 59 67 0.775279 0.093824 0.130897 249.859522 332.475733
58 59 67 0.907828 0.023142 0.069030 248.478476 331.268846
58 59 67 0.503792 0.185534 0.310674 255.834176 334.102528
58 59 67 0.354803 0.481810 0.163388 266.226924 335.981359
58 59 67 0.122728 0.045988 0.831285 251.775876 344.248602
58 59 67 0.689962 0.127923 0.182116 256.389623 333.140061
58 59 67 0.453478 0.458618 0.087905 264.590511 335.297896
58 59 67 0.674899 0.262253 0.062849 260.524837 331.919314
58 59 67 0.289300 0.353434 0.357266 262.000325 334.153116
59 68 67 0.926496 0.033106 0.040398 281.654024 335.120223
59 68 67 0.223147 0.421656 0.355197 273.095812 347.284166
59 68 67 0.799967 0.093469 0.106564 279.042768 333.325958
59 68 67 0.534873 0.094963 0.370164 273.007628 339.782674
59 68 67 0.730680 0.002632 0.266687 273.871913 339.344670
59 68 67 0.029558 0.843420 0.127022 278.616729 346.022474
59 68 67 0.211307 0.445303 0.343390 274.819138 341.408110
59 68 67 0.608722 0.163544 0.227734 272.464773 340.016733
59 68 67 0.240831 0.314063 0.445107 268.143041 342.685910
59 68 67 0.733504 0.142485 0.124011 278.598625 334.375715
59 60 68 0.384343 0.454131 0.161526 298.314467 337.416252
59 60 68 0.021831 0.790339 0.187830 311.396795 342.761781
59 60 68 0.447252 0.166359 0.386390 287.854239 336.602487
59 60 68 0.709389 0.177582 0.113029 287.070233 330.687842
59 60 68 0.708372 0.005678 0.285951 283.106417 336.859202
59 60 68 0.961126 0.036658 0.002216 283.691030 333.227703
59 60 68 0.089699 0.586671 0.323631 305.239138 340.954459
59 60 68 0.887540 0.054448 0.058012 283.324528 333.799792
59 60 68 0.472366 0.255219 0.272414 292.167477 338.202202
59 60 68 0.008617 0.506732 0.484651 304.025893 340.957600
60 69 68 0.230412 0.052218 0.717370 292.049388 341.496335
60 69 68 0.949778 0.040960 0.009262 318.835351 339.407014
60 69 68 0.886167 0.010127 0.103706 315.079281 337.921972
60 69 68 0.168471 0.715181 0.116348 310.528798 350.406726
60 69 68 0.885251 0.037185 0.077564 314.499808 334.632221
60 69 68 0.052122 0.225624 0.722254 293.862165 348.954016
60 69 68 0.601272 0.158390 0.240338 309.589345 341.903416
60 69 68 0.969467 0.020355 0.010178 317.790942 338.172580
60 69 68 0.795083 0.027911 0.177006 313.176584 337.387457
60 69 68 0.356104 0.404041 0.239855 307.234635 345.745371
60 61 69 0.815190 0.060548 0.124261 319.993492 339.164407
60 61 69 0.566660 0.267623 0.165718 330.041860 340.996495
60 61 69 0.848182 0.072413 0.079405 321.039331 336.398709
60 61 69 0.462399 0.310957 0.226644 328.205858 341.483347
60 61 69 0.639387 0.124367 0.236245 320.928401 340.792020
60 61 69 0.589922 0.250120 0.159958 327.278761 341.785278
60 61 69 0.701274 0.148601 0.150125 321.153886 337.321987
60 61 69 0.557147 0.029474 0.413378 317.622858 341.515854
60 61 69 0.432516 0.226377 0.341108 325.144015 342.972113
60 61 69 0.141765 0.661807 0.196428 339.629390 341.521621
61 70 69 0.206456 0.383511 0.410033 335.168185 347.861434
61 70 69 0.172498 0.079903 0.747599 324.752070 348.909381
61 70 69 0.536382 0.389201 0.074418 352.427418 347.212324
61 70 69 0.185163 0.125559 0.689277 327.577535 349.093586
61 70 69 0.556928 0.417971 0.025101 351.686249 345.667529
61 70 69 0.484824 0.013898 0.501278 337.136979 343.738914
61 70 69 0.623936 0.010411 0.365653 338.244134 343.538138
61 70 69 0.522987 0.208369 0.268645 344.623459 347.386906
61 70 69 0.128375 0.676336 0.195289 345.182348 357.540921
61 70 69 0.386905 0.212454 0.400640 340.098188 347.037722
61 62 70 0.720824 0.209073 0.070103 363.923065 343.804745
61 62 70 0.323061 0.389873 0.287066 365.466739 344.189216
61 62 70 0.310283 0.471544 0.218173 376.225896 346.473172
61 62 70 0.621978 0.053870 0.324153 355.935374 346.973716
61 62 70 0.746901 0.247777 0.005322 367.722945 341.528371
61 62 70 0.202427 0.432604 0.364968 368.521438 346.853634
61 62 70 0.698108 0.144605 0.157287 360.984332 344.559102
61 62 70 0.188870 0.677251 0.133879 379.682496 345.010751
61 62 70 0.719863 0.088802 0.191335 352.395181 340.989924
61 62 70 0.975169 0.009814 0.015017 354.018588 342.067457
62 71 70 0.789749 0.007232 0.203019 384.903569 345.847309
62 71 70 0.990975 0.003640 0.005386 398.415259 340.031797
62 71 70 0.048902 0.132673 0.818425 357.154094 354.610968
62 71 70 0.541062 0.031366 0.427572 372.461570 350.346223
62 71 70 0.684967 0.033771 0.281262 383.374153 344.560838
62 71 70 0.260609 0.073579 0.665812 360.999987 351.966538
62 71 70 0.542265 0.053114 0.404620 373.474737 348.493650
62 71 70 0.569408 0.290547 0.140044 388.618746 350.230957
62 71 70 0.438545 0.001702 0.559753 370.959135 347.329510
62 71 70 0.108896 0.195816 0.695287 362.113102 352.457300
63 64 72 0.373202 0.537118 0.089680 147.687941 340.848217
63 64 72 0.774174 0.109041 0.116784 134.231854 336.771774
63 64 72 0.846324 0.015020 0.138657 133.009744 339.987736
63 64 72 0.498883 0.272431 0.228686 135.716870 338.160557
63 64 72 0.279308 0.130068 0.590625 136.413164 344.490221
63 64 72 0.838847 0.020411 0.140742 127.704008 339.623789
63 64 72 0.398413 0.121159 0.480428 137.660579 343.759784
63 64 72 0.479393 0.156437 0.364170 136.937240 344.019838
63 64 72 0.278503 0.480616 0.240882 143.413298 342.886752
63 64 72 0.147004 0.792209 0.060786 156.336722 340.127836
64 73 72 0.180978 0.581648 0.237374 159.138077 350.064431
64 73 72 0.034121 0.765069 0.200810 160.646416 353.431871
64 73 72 0.423732 0.055781 0.520487 147.869023 344.798520
64 73 72 0.435625 0.319012 0.245363 155.115757 345.998908
64 73 72 0.786518 0.034360 0.179122 155.235367 340.568183
64 73 72 0.616116 0.171752 0.212132 157.088397 345.043827
64 73 72 0.160508 0.383418 0.456074 149.784855 348.028420
64 73 72 0.137290 0.318697 0.544013 149.091371 348.324355
64 73 72 0.104080 0.413537 0.482383 153.144101 351.554062
64 73 72 0.176514 0.532946 0.290540 158.313631 349.635634
64 65 73 0.259850 0.693801 0.046350 183.184437 340.380852
64 65 73 0.314110 0.561942 0.123948 180.898185 340.316497
64 65 73 0.399142 0.045908 0.554950 165.357572 347.690653
64 65 73 0.199203 0.126797 0.674000 171.341157 345.060846
64 65 73 0.945806 0.020763 0.033431 156.569224 338.057438
64 65 73 0.331426 0.185908 0.482666 171.749496 345.645561
64 65 73 0.266145 0.206816 0.527038 168.419774 343.652639
64 65 73 0.487498 0.204074 0.308428 171.356113 340.899288
64 65 73 0.119745 0.233040 0.647215 171.849188 346.631405
64 65 73 0.920637 0.005920 0.073444 159.361350 338.275068
65 74 73 0.484170 0.091226 0.424604 178.651739 345.307612
65 74 73 0.567940 0.135877 0.296183 180.166716 346.185748
65 74 73 0.814273 0.048408 0.137319 184.605874 340.876297
65 74 73 0.796464 0.004963 0.198572 183.561193 340.646351
65 74 73 0.251094 0.706496 0.042410 194.078938 343.784250
65 74 73 0.752921 0.156709 0.090369 184.698034 343.231642
65 74 73 0.231017 0.639992 0.128991 191.273908 350.130492
65 74 73 0.866150 0.075499 0.058352 185.932746 338.762761
65 74 73 0.595399 0.284372 0.120229 188.556741 344.625445
65 74 73 0.395436 0.560975 0.043589 191.945640 347.932556
65 66 74 0.610094 0.143871 0.246034 194.224595 340.973937
65 66 74 0.812658 0.142558 0.044783 190.776483 340.087410
65 66 74 0.761587 0.053844 0.184569 194.219737 340.864205
65 66 74 0.703164 0.113122 0.183714 195.099530 340.154740
65 66 74 0.477556 0.014931 0.507513 194.310991 343.537722
65 66 74 0.126470 0.856780 0.016749 216.563804 341.391352
65 66 74 0.830224 0.149208 0.020568 197.054993 339.842040
65 66 74 0.977271 0.007227 0.015502 189.555988 340.346137
65 66 74 0.967177 0.004271 0.028551 188.382857 338.968301
65 66 74 0.642460 0.165866 0.191674 195.950025 341.070491
66 75 74 0.401773 0.227934 0.370293 210.337995 349.598563
66 75 74 0.272392 0.362699 0.364908 213.042144 348.642813
66 75 74 0.798040 0.020449 0.181511 219.465075 341.222009
66 75 74 0.566935 0.139244 0.293821 215.414523 345.103624
66 75 74 0.967237 0.032255 0.000508 221.202677 342.641522
66 75 74 0.119450 0.336020 0.544530 206.336491 349.916044
66 75 74 0.181873 0.671081 0.147047 219.486145 352.296137
66 75 74 0.027933 0.581121 0.390946 216.661891 351.170417
66 75 74 0.687184 0.226894 0.085922 222.239557 348.219263
66 75 74 0.763638 0.138631 0.097730 219.726579 345.300037
66 67 75 0.932275 0.049978 0.017747 220.719918 345.483917
66 67 75 0.995868 0.001734 0.002398 216.446011 340.445642
66 67 75 0.106444 0.814070 0.079485 250.151017 346.012324
66 67 75 0.955690 0.040810 0.003501 220.624683 341.445758
66 67 75 0.391117 0.207037 0.401845 231.283193 346.597984
66 67 75 0.910876 0.025684 0.063440 219.527502 338.917911
66 67 75 0.841850 0.007052 0.151098 220.384083 339.385912
66 67 75 0.468175 0.477102 0.054723 238.944001 341.506269
66 67 75 0.639788 0.353531 0.006681 230.736060 343.046764
66 67 75 0.379218 0.234347 0.386435 227.950176 347.244330
67 76 75 0.339982 0.177231 0.482787 243.018374 352.765812
67 76 75 0.651665 0.214455 0.133880 245.300817 347.186239
67 76 75 0.836469 0.010287 0.153245 249.425428 347.407464
67 76 75 0.434892 0.409878 0.155229 251.756647 350.054218
67 76 75 0.995938 0.000271 0.003791 253.774475 348.525292
67 76 75 0.839146 0.033676 0.127177 246.134430 345.276318
67 76 75 0.306783 0.479753 0.213464 248.118828 353.350710
67 76 75 0.131391 0.314622 0.553987 236.635549 353.089354
67 76 75 0.355545 0.169145 0.475310 241.816104 348.774625
67 76 75 0.092601 0.013778 0.893621 229.063284 355.517849
67 68 76 0.747888 0.133580 0.118533 255.874679 342.140947
67 68 76 0.159366 0.646501 0.194132 273.446775 350.906897
67 68 76 0.829757 0.070752 0.099491 253.561266 347.154838
67 68 76 0.733278 0.232552 0.034170 257.781931 346.274685
67 68 76 0.096134 0.739101 0.164765 277.015758 349.483648
67 68 76 0.355974 0.042659 0.601368 253.282988 353.322558
67 68 76 0.637049 0.112086 0.250865 258.289901 348.914166
67 68 76 0.277433 0.007667 0.714900 255.254069 351.164063
67 68 76 0.581879 0.198384 0.219737 260.308164 349.792362
67 68 76 0.853805 0.051887 0.094308 253.498614 344.792659
68 77 76 0.346107 0.326456 0.327437 276.474429 352.287198
68 77 76 0.003499 0.625134 0.371367 275.258643 356.541467
68 77 76 0.229899 0.193082 0.577020 268.768309 354.848672
68 77 76 0.279281 0.319753 0.400966 271.560644 354.224623
68 77 76 0.850027 0.037192 0.112781 278.211129 349.287956
68 77 76 0.988496 0.008796 0.002708 283.465774 346.930152
68 77 76 0.169652 0.425328 0.405020 271.957563 356.748515
68 77 76 0.042132 0.327382 0.630485 261.040916 360.360873
68 77 76 0.770275 0.151724 0.078002 281.721660 350.957731
68 77 76 0.174807 0.647939 0.177254 277.204802 356.088563
68 69 77 0.457241 0.352313 0.190446 292.732426 352.576605
68 69 77 0.726026 0.089248 0.184726 284.725300 351.200947
68 69 77 0.898150 0.055916 0.045934 284.540956 348.308076
68 69 77 0.908069 0.003875 0.088055 282.064653 348.778246
68 69 77 0.048199 0.903570 0.048231 311.400627 352.928686
68 69 77 0.512022 0.293503 0.194475 292.218661 349.330963
68 69 77 0.833350 0.116577 0.050073 286.077847 346.906672
68 69 77 0.905743 0.054375 0.039882 283.440907 344.051524
68 69 77 0.539302 0.275906 0.184793 291.407095 349.979950
68 69 77 0.860161 0.085864 0.053975 287.768031 346.891336
69 78 77 0.397359 0.497177 0.105464 313.410588 359.657133
69 78 77 0.206486 0.287341 0.506173 302.096004 358.713974
69 78 77 0.032997 0.478580 0.488423 300.202660 358.480833
69 78 77 0.898709 0.036332 0.064960 317.372467 354.143254
69 78 77 0.540478 0.003800 0.455721 297.779109 356.410287
69 78 77 0.321020 0.614269 0.064711 313.031664 363.752244
69 78 77 0.304648 0.262358 0.432994 300.744387 358.843094
69 78 77 0.094175 0.119083 0.786742 291.033980 354.509824
69 78 77 0.187310 0.459037 0.353653 304.388533 358.529252
69 78 77 0.811606 0.084640 0.103753 309.788111 351.395282
69 70 78 0.445214 0.218747 0.336039 323.591725 355.877557
69 70 78 0.941723 0.009428 0.048849 316.136824 348.135096
69 70 78 0.443988 0.193572 0.362440 324.134745 356.613597
69 70 78 0.236121 0.592630 0.171249 336.800340 353.440565
69 70 78 0.411918 0.506334 0.081749 335.907692 353.113281
69 70 78 0.780202 0.032334 0.187464 316.393184 353.887296
69 70 78 0.588740 0.313646 0.097614 328.918327 352.422983
69 70 78 0.847809 0.069271 0.082919 319.025813 354.569059
69 70 78 0.480699 0.013149 0.506152 317.445126 355.496469
69 70 78 0.216331 0.363709 0.419960 327.774929 356.271408
70 79 78 0.034148 0.774066 0.191786 342.100390 366.923991
70 79 78 0.368042 0.071371 0.560587 327.598388 359.361252
70 79 78 0.157820 0.556013 0.286167 339.861737 366.768662
70 79 78 0.486451 0.510620 0.002929 345.996560 357.276193
70 79 78 0.008934 0.193685 0.797381 324.847695 361.812561
70 79 78 0.527428 0.302177 0.170395 340.118230 356.943231
70 79 78 0.641729 0.164549 0.193722 344.063314 358.107021
70 79 78 0.695317 0.193756 0.110927 348.207185 356.967319
70 79 78 0.756661 0.100651 0.142689 345.683303 356.109162
70 79 78 0.124155 0.011004 0.864841 316.177965 362.202839
70 71 79 0.248977 0.516673 0.234350 369.412916 363.952165
70 71 79 0.690412 0.122106 0.187482 355.891458 355.211598
70 71 79 0.790349 0.021839 0.187812 348.955759 359.106645
70 71 79 0.493575 0.453265 0.053160 367.790281 358.517792
70 71 79 0.106185 0.460803 0.433012 368.139730 362.186121
70 71 79 0.001419 0.628912 0.369669 370.383282 361.355064
70 71 79 0.387876 0.152847 0.459277 352.721286 357.780844
70 71 79 0.678781 0.089764 0.231455 352.207396 357.791764
70 71 79 0.445719 0.107702 0.446579 353.127022 362.036405
70 71 79 0.316927 0.134505 0.548568 352.106547 361.858882
71 80 79 0.501167 0.240262 0.258571 374.514341 367.115315
71 80 79 0.165529 0.146706 0.687764 357.807191 364.860992
71 80 79 0.797012 0.017779 0.185209 379.546435 360.867466
71 80 79 0.942031 0.011947 0.046022 385.002380 362.510285
71 80 79 0.802052 0.181608 0.016340 378.568721 364.867222
71 80 79 0.115257 0.513461 0.371282 370.268317 369.461639
71 80 79 0.686940 0.000554 0.312506 375.338538 359.304573
71 80 79 0.278298 0.019227 0.702474 357.831236 369.661531
71 80 79 0.024125 0.085045 0.890829 353.346332 368.548385
71 80 79 0.973975 0.017546 0.008479 384.648533 361.153134
