0 1 9 0.742569 0.244756 0.012675 102.878473 123.284509
0 1 9 0.567288 0.239609 0.193103 103.032041 132.531118
0 1 9 0.775774 0.090251 0.133975 97.130764 133.452329
0 1 9 0.547130 0.395830 0.057040 113.464704 129.357965
0 1 9 0.695622 0.208842 0.095536 102.709206 130.220467
0 1 9 0.369198 0.352578 0.278224 104.736880 135.135716
0 1 9 0.287064 0.387113 0.325823 109.918699 138.448919
0 1 9 0.893748 0.090716 0.015536 99.386658 125.750284
0 1 9 0.354490 0.360285 0.285225 112.120644 136.757759
0 1 9 0.950103 0.025568 0.024329 94.944864 126.991780
1 10 9 0.274624 0.333318 0.392059 119.551354 152.675921
1 10 9 0.490461 0.330438 0.179101 123.201440 147.061587
1 10 9 0.356455 0.523504 0.120041 125.182387 151.978973
1 10 9 0.009205 0.956499 0.034295 134.185502 157.659803
1 10 9 0.539249 0.347201 0.113550 126.689530 144.241838
1 10 9 0.011733 0.083284 0.904984 95.706700 161.132986
1 10 9 0.089823 0.830137 0.080040 128.349594 155.583159
1 10 9 0.693609 0.060206 0.246186 123.307586 133.896793
1 10 9 0.767752 0.119328 0.112920 123.278016 131.421699
1 10 9 0.140333 0.157591 0.702076 111.367798 155.576993
1 2 10 0.725697 0.042959 0.231343 136.598774 135.148272
1 2 10 0.335460 0.467127 0.197412 149.928204 129.540404
1 2 10 0.491633 0.369394 0.138973 145.091586 128.453406
1 2 10 0.362517 0.637204 0.000279 154.616011 123.931869
1 2 10 0.289023 0.024004 0.686973 133.056240 153.018890
1 2 10 0.464409 0.528701 0.006890 154.672973 128.239880
1 2 10 0.852036 0.029511 0.118453 130.379121 131.931237
1 2 10 0.584096 0.132463 0.283441 134.025369 134.748576
1 2 10 0.844005 0.093627 0.062368 135.526186 129.120696
1 2 10 0.168871 0.588451 0.242678 156.382776 132.896083
2 11 10 0.436963 0.060623 0.502414 148.764828 146.254737
2 11 10 0.351238 0.269835 0.378926 154.783141 152.650357
2 11 10 0.133176 0.840819 0.026005 167.256221 158.649779
2 11 10 0.609347 0.295897 0.094756 161.838603 137.213816
2 11 10 0.398490 0.230568 0.370943 158.911750 144.149076
2 11 10 0.331595 0.152419 0.515986 152.343385 152.306336
2 11 10 0.944815 0.040857 0.014329 170.822177 128.093491
2 11 10 0.961367 0.001516 0.037117 165.263854 126.684730
2 11 10 0.247354 0.541712 0.210935 162.670478 151.081312
2 11 10 0.848796 0.095991 0.055213 164.311310 130.348673
2 3 11 0.085423 0.891490 0.023087 196.757629 126.440013
2 3 11 0.161339 0.767080 0.071582 197.620228 125.132701
2 3 11 0.586004 0.276608 0.137388 176.896778 128.658221
2 3 11 0.717736 0.241260 0.041005 176.454528 123.499696
2 3 11 0.080610 0.385906 0.533484 184.072950 145.313128
2 3 11 0.329693 0.596209 0.074097 188.060814 125.170648
2 3 11 0.224352 0.089177 0.686471 171.258365 147.028592
2 3 11 0.869874 0.042324 0.087802 169.058747 131.239003
2 3 11 0.163114 0.155095 0.681791 174.561850 147.906200
2 3 11 0.915011 0.001424 0.083565 167.980862 125.449474
3 12 11 0.343686 0.603445 0.052869 201.797361 148.254219
3 12 11 0.309950 0.274031 0.416020 193.506603 145.443234
3 12 11 0.659113 0.142915 0.197972 196.959769 136.860420
3 12 11 0.657011 0.049743 0.293246 193.405675 132.213227
3 12 11 0.572795 0.001960 0.425245 189.836886 143.199644
3 12 11 0.152218 0.357247 0.490535 186.845398 153.379167
3 12 11 0.926602 0.042643 0.030754 205.427585 126.049900
3 12 11 0.961519 0.011863 0.026618 204.450778 123.581276
3 12 11 0.446779 0.124142 0.429079 190.178916 143.771977
3 12 11 0.175105 0.099050 0.725845 178.583860 154.556818
3 4 12 0.307506 0.220757 0.471737 214.573497 137.009571
3 4 12 0.586790 0.047028 0.366183 207.256689 135.483581
3 4 12 0.725752 0.243624 0.030624 211.451780 121.389767
3 4 12 0.674760 0.016164 0.309076 204.621516 134.469190
3 4 12 0.952687 0.033986 0.013327 201.585108 122.482656
3 4 12 0.939721 0.024448 0.035831 203.985767 124.616587
3 4 12 0.737490 0.192628 0.069882 214.045398 123.032713
3 4 12 0.768643 0.151441 0.079916 209.148615 125.195411
3 4 12 0.512129 0.360279 0.127592 221.298846 127.955626
3 4 12 0.306464 0.264220 0.429315 215.728284 137.564705
4 13 12 0.629091 0.064172 0.306737 231.142704 138.584731
4 13 12 0.446712 0.051498 0.501790 228.569310 147.224924
4 13 12 0.536957 0.193163 0.269880 232.969165 141.208477
4 13 12 0.474381 0.032330 0.493288 228.306817 141.997295
4 13 12 0.231451 0.021868 0.746682 219.696758 149.492238
4 13 12 0.245157 0.534063 0.220780 236.323982 149.497075
4 13 12 0.007326 0.686191 0.306483 233.189882 159.593016
4 13 12 0.452636 0.225981 0.321383 229.997843 147.782754
4 13 12 0.959048 0.014504 0.026448 241.930256 124.191642
4 13 12 0.010786 0.112644 0.876570 209.684216 158.489692
4 5 13 0.684785 0.193752 0.121463 249.304827 128.962709
4 5 13 0.961984 0.005422 0.032594 242.001635 125.897973
4 5 13 0.178651 0.164665 0.656684 253.012345 149.490844
4 5 13 0.249409 0.735233 0.015358 274.166909 121.531890
4 5 13 0.511629 0.003707 0.484664 241.798288 138.068940
4 5 13 0.560892 0.183776 0.255332 253.310337 130.108900
4 5 13 0.271351 0.037218 0.691431 246.936760 147.778133
4 5 13 0.774588 0.165280 0.060132 251.963922 125.367585
4 5 13 0.246026 0.406549 0.347425 260.686285 135.814286
4 5 13 0.389353 0.443521 0.167126 259.004572 130.146271
5 14 13 0.176846 0.698113 0.125042 283.327268 152.073519
5 14 13 0.373316 0.292013 0.334671 269.740333 146.582224
5 14 13 0.951911 0.002984 0.045104 281.344109 118.904909
5 14 13 0.948471 0.022986 0.028543 283.443853 125.751328
5 14 13 0.859739 0.068639 0.071622 276.953246 126.549687
5 14 13 0.278340 0.215275 0.506385 261.709310 146.017874
5 14 13 0.552793 0.192199 0.255007 275.566397 139.607005
5 14 13 0.952106 0.043727 0.004167 279.305030 121.088780
5 14 13 0.931280 0.012838 0.055882 280.913350 125.013667
5 14 13 0.175376 0.010276 0.814348 250.795847 157.992078
5 6 14 0.947619 0.049701 0.002680 282.817819 122.079841
5 6 14 0.450321 0.053077 0.496601 288.676756 141.164695
5 6 14 0.695391 0.008658 0.295951 283.769430 132.577421
5 6 14 0.312498 0.558604 0.128899 302.010124 128.503783
5 6 14 0.187424 0.753936 0.058640 313.206236 121.984469
5 6 14 0.702004 0.062292 0.235704 289.350910 130.670534
5 6 14 0.786248 0.033419 0.180332 285.737009 131.490181
5 6 14 0.039586 0.254372 0.706041 295.084258 143.776324
5 6 14 0.899134 0.091168 0.009698 282.908077 122.656470
5 6 14 0.117003 0.863846 0.019151 316.153895 123.230837
6 15 14 0.921112 0.074728 0.004160 319.566102 123.364268
6 15 14 0.173054 0.389266 0.437679 303.693428 152.593596
6 15 14 0.491861 0.427190 0.080950 316.312076 139.794351
6 15 14 0.018223 0.769552 0.212225 317.304637 161.899355
6 15 14 0.545127 0.168431 0.286442 308.852376 140.289660
6 15 14 0.932982 0.060444 0.006574 319.870654 124.793603
6 15 14 0.564560 0.201628 0.233812 314.195449 135.635068
6 15 14 0.575358 0.071180 0.353462 309.358487 136.334188
6 15 14 0.932620 0.008233 0.059147 322.784036 124.438624
6 15 14 0.701343 0.113136 0.185521 317.767144 131.450606
6 7 15 0.590738 0.154907 0.254355 329.548242 128.530415
6 7 15 0.600249 0.366622 0.033129 335.716464 123.412031
6 7 15 0.023702 0.194824 0.781473 330.678461 152.136422
6 7 15 0.058638 0.282469 0.658894 335.138939 149.245349
6 7 15 0.102525 0.460329 0.437145 341.230475 138.875844
6 7 15 0.459712 0.434871 0.105417 341.478507 120.333941
6 7 15 0.997286 0.001059 0.001655 322.001196 118.434282
6 7 15 0.866998 0.120957 0.012046 328.228016 119.592077
6 7 15 0.740301 0.034775 0.224924 327.497138 126.594964
6 7 15 0.406095 0.540583 0.053323 344.958887 122.570790
7 16 15 0.782364 0.074421 0.143215 352.998137 133.532800
7 16 15 0.216398 0.018593 0.765009 330.804876 152.514188
7 16 15 0.986608 0.006625 0.006767 362.227674 121.633006
7 16 15 0.254193 0.113223 0.632584 342.434299 147.201100
7 16 15 0.422494 0.311450 0.266056 352.478128 143.183917
7 16 15 0.846994 0.106928 0.046078 361.498620 124.809926
7 16 15 0.653049 0.112786 0.234165 355.205715 134.144018
7 16 15 0.683240 0.235495 0.081265 358.493932 133.836379
7 16 15 0.981433 0.001887 0.016679 360.012542 117.096526
7 16 15 0.823633 0.085319 0.091048 361.603192 123.393016
7 8 16 0.602486 0.335486 0.062028 376.656040 120.194682
7 8 16 0.924639 0.046260 0.029102 365.750983 117.721673
7 8 16 0.396066 0.524576 0.079358 381.362062 120.347777
7 8 16 0.216213 0.107020 0.676767 364.848172 144.002760
7 8 16 0.461252 0.442809 0.095939 380.386474 122.628803
7 8 16 0.934258 0.037755 0.027988 366.010698 121.527232
7 8 16 0.349329 0.207303 0.443368 372.362939 135.030706
7 8 16 0.321483 0.538725 0.139792 385.286632 123.020593
7 8 16 0.931897 0.030536 0.037567 363.624913 119.811141
7 8 16 0.613665 0.151064 0.235271 369.634450 127.157676
8 17 16 0.917387 0.048072 0.034540 402.461793 118.283934
8 17 16 0.981668 0.011226 0.007106 397.446976 116.682684
8 17 16 0.350511 0.482902 0.166587 393.249606 142.720295
8 17 16 0.030761 0.740019 0.229221 393.056833 159.062208
8 17 16 0.003990 0.994153 0.001858 399.161309 156.699727
8 17 16 0.940430 0.030978 0.028592 399.224056 121.001433
8 17 16 0.065459 0.599456 0.335086 384.538871 151.805064
8 17 16 0.641125 0.182037 0.176838 393.235652 131.341345
8 17 16 0.510215 0.090698 0.399087 385.642451 136.663980
8 17 16 0.278401 0.350403 0.371196 384.554874 146.526142
9 10 18 0.770704 0.091264 0.138032 97.507705 165.908623
9 10 18 0.732568 0.018084 0.249348 96.537519 170.886519
9 10 18 0.566127 0.047783 0.386090 97.604461 174.535627
9 10 18 0.120254 0.558232 0.321513 117.223617 176.919055
9 10 18 0.586416 0.143252 0.270332 101.995246 175.139521
9 10 18 0.372463 0.405749 0.221788 108.486507 174.518024
9 10 18 0.732174 0.085577 0.182249 98.427419 171.030350
9 10 18 0.148100 0.060161 0.791739 96.391090 193.007216
9 10 18 0.002498 0.363785 0.633717 109.470042 187.858544
9 10 18 0.076219 0.342863 0.580919 111.332778 181.624733
10 19 18 0.856028 0.096724 0.047248 129.573793 170.794976
10 19 18 0.882801 0.031903 0.085296 131.191110 167.535584
10 19 18 0.918183 0.053127 0.028690 127.972763 166.438315
10 19 18 0.845362 0.043817 0.110822 132.224684 166.722096
10 19 18 0.824592 0.155372 0.020036 131.486562 167.115011
10 19 18 0.908888 0.046790 0.044322 129.983319 165.777066
10 19 18 0.723139 0.272779 0.004082 132.404980 175.614644
10 19 18 0.407501 0.535609 0.056890 127.246814 182.990236
10 19 18 0.200463 0.662395 0.137142 130.206545 195.130216
10 19 18 0.568491 0.222436 0.209073 127.149572 181.156109
10 11 19 0.312374 0.203156 0.484470 141.539957 182.280387
10 11 19 0.827889 0.133105 0.039006 138.967039 163.047738
10 11 19 0.331068 0.590205 0.078727 153.246571 165.169352
10 11 19 0.940241 0.036143 0.023616 136.627382 163.847357
10 11 19 0.396852 0.323903 0.279245 144.498433 171.863034
10 11 19 0.939115 0.001239 0.059646 134.659561 164.922519
10 11 19 0.286670 0.269510 0.443821 140.812432 177.925802
10 11 19 0.390352 0.058385 0.551263 133.766498 187.457521
10 11 19 0.968367 0.023350 0.008283 134.773805 165.277118
10 11 19 0.142273 0.273152 0.584575 139.021817 186.858862
11 20 19 0.423539 0.145130 0.431331 151.255656 181.605284
11 20 19 0.843234 0.156483 0.000283 172.956202 169.359494
11 20 19 0.624621 0.173437 0.201942 158.137879 175.141504
11 20 19 0.872225 0.078227 0.049548 167.734951 167.653948
11 20 19 0.403927 0.585535 0.010538 167.987173 180.720531
11 20 19 0.349160 0.014558 0.636281 142.098157 189.551432
11 20 19 0.544112 0.378544 0.077345 165.147959 180.204895
11 20 19 0.978974 0.020024 0.001002 167.149151 167.529187
11 20 19 0.108482 0.571473 0.320044 157.291786 196.501299
11 20 19 0.802877 0.170388 0.026735 171.963775 165.432066
11 12 20 0.593975 0.158893 0.247132 177.814918 171.228789
11 12 20 0.417285 0.273129 0.309585 182.717866 175.230770
11 12 20 0.694880 0.149966 0.155154 176.522204 162.386385
11 12 20 0.412447 0.105476 0.482077 171.976720 183.026459
11 12 20 0.905703 0.014882 0.079415 171.279621 163.133849
11 12 20 0.841128 0.154416 0.004456 176.832534 164.947138
11 12 20 0.332916 0.593249 0.073834 188.589583 165.408841
11 12 20 0.753529 0.219590 0.026881 177.301984 161.429174
11 12 20 0.029583 0.553269 0.417148 190.188512 179.331510
11 12 20 0.432134 0.566020 0.001847 194.750996 162.855437
12 21 20 0.214113 0.308706 0.477181 192.200279 190.778899
12 21 20 0.181208 0.636944 0.181847 201.450403 190.515228
12 21 20 0.997262 0.000065 0.002673 205.570255 159.232282
12 21 20 0.728475 0.188474 0.083051 202.730369 172.862355
12 21 20 0.837648 0.095733 0.066619 207.638841 169.213622
12 21 20 0.187268 0.533123 0.279609 196.481693 195.214998
12 21 20 0.588904 0.018017 0.393079 193.729636 180.585337
12 21 20 0.058575 0.546911 0.394514 192.150553 196.709307
12 21 20 0.441706 0.128978 0.429315 193.288669 184.464004
12 21 20 0.167543 0.309791 0.522666 185.701640 192.926558
12 13 21 0.954899 0.001292 0.043809 208.009837 161.704402
12 13 21 0.309574 0.651579 0.038847 227.729107 160.857856
12 13 21 0.872177 0.077544 0.050279 209.406299 162.250062
12 13 21 0.307853 0.478177 0.213971 222.972665 170.757769
12 13 21 0.788156 0.120602 0.091242 213.158131 167.039464
12 13 21 0.374235 0.506223 0.119541 226.716423 166.020427
12 13 21 0.968518 0.001074 0.030408 210.210774 161.402587
12 13 21 0.284595 0.070271 0.645134 208.125555 188.803817
12 13 21 0.378313 0.285234 0.336453 217.286808 173.373902
12 13 21 0.671176 0.175616 0.153208 216.091939 164.833005
13 22 21 0.734177 0.180849 0.084974 237.272582 167.474338
13 22 21 0.386905 0.392811 0.220284 234.310315 184.771207
13 22 21 0.516384 0.420410 0.063206 239.360739 179.565805
13 22 21 0.922125 0.015000 0.062875 242.924419 163.555945
13 22 21 0.490676 0.074503 0.434821 227.342744 182.572914
13 22 21 0.071850 0.481731 0.446419 230.165593 197.257388
13 22 21 0.126955 0.380295 0.492750 222.945282 192.684611
13 22 21 0.801188 0.125629 0.073183 238.759484 171.770538
13 22 21 0.646134 0.162934 0.190931 237.230898 172.331495
13 22 21 0.734874 0.081346 0.183780 236.686462 170.193375
13 14 22 0.273485 0.414882 0.311633 261.993435 170.975640
13 14 22 0.020056 0.773766 0.206178 278.395662 167.277874
13 14 22 0.946074 0.030940 0.022986 247.450251 160.762515
13 14 22 0.703516 0.290347 0.006137 254.045765 157.967796
13 14 22 0.800309 0.108802 0.090889 248.926991 163.432766
13 14 22 0.417778 0.368828 0.213394 256.439552 166.609821
13 14 22 0.479157 0.284976 0.235867 256.838499 164.054096
13 14 22 0.760260 0.074135 0.165605 245.827493 168.261249
13 14 22 0.875097 0.058235 0.066668 245.663485 161.661258
13 14 22 0.523625 0.434193 0.042183 259.788894 159.419001
14 23 22 0.288091 0.168441 0.543468 265.367797 186.369370
14 23 22 0.552113 0.318113 0.129774 282.916144 176.982569
14 23 22 0.003756 0.706107 0.290137 272.683552 200.823290
14 23 22 0.308330 0.030953 0.660716 259.084057 187.484269
14 23 22 0.897747 0.040571 0.061681 281.799506 165.188061
14 23 22 0.448460 0.056249 0.495291 263.960217 182.514101
14 23 22 0.559752 0.204847 0.235401 273.905487 174.387228
14 23 22 0.906149 0.011600 0.082251 283.006080 161.882389
14 23 22 0.115966 0.730508 0.153527 277.827693 194.474084
14 23 22 0.888889 0.083980 0.027130 283.276516 158.258450
14 15 23 0.857380 0.111266 0.031353 290.150436 158.427279
14 15 23 0.914643 0.079642 0.005715 288.955440 156.783780
14 15 23 0.337825 0.251620 0.410555 295.121187 173.862476
14 15 23 0.879564 0.086222 0.034215 285.454807 162.306986
14 15 23 0.749501 0.185328 0.065172 292.136717 163.167579
14 15 23 0.926478 0.042018 0.031504 288.282846 163.013243
14 15 23 0.995571 0.000818 0.003611 286.325814 155.698309
14 15 23 0.620668 0.201002 0.178330 293.548787 167.731228
14 15 23 0.697896 0.016706 0.285397 283.645333 169.653666
14 15 23 0.818241 0.095001 0.086758 288.392142 160.728390
15 24 23 0.876149 0.060414 0.063436 323.022664 164.862649
15 24 23 0.669358 0.184594 0.146048 321.349906 174.402641
15 24 23 0.338312 0.372027 0.289661 311.247908 188.299707
15 24 23 0.440050 0.138024 0.421925 308.339553 180.216630
15 24 23 0.329292 0.027538 0.643171 298.293474 190.707371
15 24 23 0.207187 0.319504 0.473309 303.814878 191.839890
15 24 23 0.386558 0.211287 0.402156 310.850755 188.600957
15 24 23 0.054263 0.568311 0.377426 307.654738 198.064597
15 24 23 0.372393 0.546028 0.081579 319.871296 185.047575
15 24 23 0.933947 0.029175 0.036878 318.519822 160.899975
15 16 24 0.107693 0.062820 0.829487 323.391132 191.197996
15 16 24 0.277750 0.275376 0.446874 336.591593 177.708393
15 16 24 0.495330 0.444126 0.060544 342.407263 161.614680
15 16 24 0.458332 0.480226 0.061442 341.714271 161.963906
15 16 24 0.079721 0.057629 0.862649 325.737548 193.913301
15 16 24 0.215116 0.024412 0.760472 323.961971 185.950782
15 16 24 0.807727 0.104113 0.088160 328.682678 162.818268
15 16 24 0.247905 0.030396 0.721698 326.927404 185.306441
15 16 24 0.353736 0.517747 0.128517 343.100418 164.516679
15 16 24 0.525010 0.442029 0.032961 340.117826 157.890533
16 25 24 0.851967 0.014751 0.133282 356.479415 162.257548
16 25 24 0.663568 0.292333 0.044100 360.355098 168.826865
16 25 24 0.744363 0.029465 0.226172 355.712830 168.237347
16 25 24 0.534153 0.290382 0.175465 354.838651 176.786847
16 25 24 0.247043 0.338637 0.414320 346.019699 184.479960
16 25 24 0.984453 0.003279 0.012268 364.143804 155.096508
16 25 24 0.871705 0.118403 0.009892 367.243261 161.025564
16 25 24 0.727527 0.256266 0.016206 357.820174 165.075377
16 25 24 0.955513 0.025285 0.019202 363.917948 157.506897
16 25 24 0.731425 0.122281 0.146294 357.316617 165.008966
16 17 25 0.435045 0.130295 0.434660 370.607741 173.021333
16 17 25 0.697217 0.265483 0.037299 373.391337 158.733848
16 17 25 0.497185 0.330012 0.172803 374.499579 164.631862
16 17 25 0.138240 0.681847 0.179913 390.454573 161.547273
16 17 25 0.850836 0.066842 0.082322 366.202872 157.843659
16 17 25 0.162905 0.824259 0.012837 396.136233 161.612754
16 17 25 0.295230 0.248527 0.456243 371.521770 176.046472
16 17 25 0.898741 0.089788 0.011471 364.127931 156.650361
16 17 25 0.043780 0.149024 0.807197 370.962204 189.560622
16 17 25 0.538749 0.028283 0.432967 363.010491 174.284594
17 26 25 0.746084 0.169004 0.084913 396.091362 170.435298
17 26 25 0.564091 0.257528 0.178381 394.315812 179.250069
17 26 25 0.389705 0.385150 0.225145 392.238771 181.611585
17 26 25 0.265125 0.186540 0.548334 377.375424 183.357849
17 26 25 0.524580 0.358551 0.116869 398.917102 175.813650
17 26 25 0.887802 0.110203 0.001995 403.189899 164.340312
17 26 25 0.026849 0.448538 0.524613 384.096428 195.134292
17 26 25 0.965354 0.009205 0.025441 398.705875 157.334919
17 26 25 0.221988 0.360844 0.417169 387.782682 191.305313
17 26 25 0.696826 0.013808 0.289366 390.558074 166.862555
18 19 27 0.909739 0.053366 0.036895 97.882176 202.530526
18 19 27 0.249176 0.650885 0.099939 117.735056 206.688769
18 19 27 0.563032 0.354489 0.082479 107.937980 202.155918
18 19 27 0.892225 0.039018 0.068757 96.635914 204.549854
18 19 27 0.847408 0.107646 0.044946 103.126559 202.930948
18 19 27 0.549899 0.390983 0.059118 107.447287 206.426525
18 19 27 0.050301 0.804420 0.145279 126.497431 212.653059
18 19 27 0.627506 0.205857 0.166637 103.024542 210.295023
18 19 27 0.339753 0.572622 0.087625 114.791076 203.190169
18 19 27 0.734894 0.094009 0.171097 101.756613 208.079579
19 28 27 0.122460 0.106373 0.771167 103.722714 235.035801
19 28 27 0.561461 0.164349 0.274190 117.781367 219.575172
19 28 27 0.800964 0.153562 0.045474 128.508052 210.944289
19 28 27 0.518885 0.119142 0.361973 115.793366 222.983319
19 28 27 0.313356 0.217334 0.469310 111.621814 230.735435
19 28 27 0.169052 0.563392 0.267556 125.867434 232.799594
19 28 27 0.895745 0.029834 0.074422 129.973232 201.563100
19 28 27 0.058997 0.573640 0.367362 118.256908 240.960209
19 28 27 0.676198 0.021391 0.302411 117.706800 217.616350
19 28 27 0.183721 0.067549 0.748730 107.174150 234.443665
19 20 28 0.529275 0.210413 0.260312 136.697394 212.644007
19 20 28 0.325814 0.192368 0.481818 138.320224 215.696326
19 20 28 0.061165 0.660723 0.278113 156.111329 214.683743
19 20 28 0.536180 0.339115 0.124705 142.396893 208.696311
19 20 28 0.955141 0.044465 0.000394 131.757946 201.562763
19 20 28 0.790734 0.063877 0.145389 134.965225 203.653162
19 20 28 0.533069 0.420002 0.046929 150.163414 204.775746
19 20 28 0.443883 0.437389 0.118728 144.625021 206.208558
19 20 28 0.866580 0.059198 0.074222 131.590064 207.780935
19 20 28 0.014791 0.459961 0.525248 153.193093 222.284767
20 29 28 0.486845 0.128433 0.384722 153.648555 222.631624
20 29 28 0.613160 0.165706 0.221135 161.865618 217.458721
20 29 28 0.544555 0.125062 0.330383 159.174876 219.279445
20 29 28 0.135861 0.205670 0.658470 149.645344 234.394480
20 29 28 0.298465 0.506693 0.194843 162.370303 230.035749
20 29 28 0.775985 0.030401 0.193614 159.673660 213.869239
20 29 28 0.982237 0.017453 0.000310 170.159320 203.693788
20 29 28 0.865910 0.101072 0.033018 168.860314 210.797287
20 29 28 0.142770 0.644719 0.212510 163.110041 231.268891
20 29 28 0.578336 0.175333 0.246332 157.148350 220.079436
20 21 29 0.750695 0.151661 0.097644 177.399901 208.344608
20 21 29 0.625425 0.170858 0.203717 176.472297 211.151692
20 21 29 0.475513 0.413784 0.110702 184.091226 205.040665
20 21 29 0.739270 0.116377 0.144353 174.573815 206.188710
20 21 29 0.633833 0.286109 0.080058 177.929523 204.738847
20 21 29 0.369226 0.602327 0.028447 193.775979 200.639052
20 21 29 0.494265 0.186061 0.319674 177.122669 214.257705
20 21 29 0.613330 0.053725 0.332945 169.776124 212.365148
20 21 29 0.263143 0.136686 0.600171 172.233891 224.687913
20 21 29 0.454339 0.275302 0.270359 177.770488 211.631077
21 30 29 0.797216 0.132954 0.069829 203.678987 208.161111
21 30 29 0.700715 0.299228 0.000057 208.814479 208.767808
21 30 29 0.746594 0.132856 0.120550 200.297004 208.559745
21 30 29 0.075505 0.245961 0.678534 180.224651 234.257278
21 30 29 0.641294 0.145359 0.213347 198.458948 214.052024
21 30 29 0.873827 0.025428 0.100746 202.909335 206.132741
21 30 29 0.774513 0.111867 0.113620 202.542032 209.902254
21 30 29 0.472928 0.288798 0.238274 196.020118 223.360238
21 30 29 0.595410 0.130031 0.274558 195.694500 216.932398
21 30 29 0.258109 0.181660 0.560231 188.274089 227.604961
21 22 30 0.384800 0.409116 0.206084 223.535013 205.274352
21 22 30 0.651167 0.333890 0.014944 218.389353 198.491332
21 22 30 0.676548 0.265453 0.057998 213.563647 203.152849
21 22 30 0.853104 0.011755 0.135141 208.076074 201.711950
21 22 30 0.798726 0.130023 0.071251 212.676332 198.917224
21 22 30 0.503261 0.441984 0.054755 224.985494 198.332024
21 22 30 0.879281 0.104805 0.015914 210.098033 198.395722
21 22 30 0.336393 0.568796 0.094811 227.250660 199.624977
21 22 30 0.454304 0.446553 0.099143 224.109585 198.915472
21 22 30 0.638746 0.078164 0.283091 208.239848 209.086096
22 31 30 0.468327 0.138822 0.392851 230.643312 220.029840
22 31 30 0.783573 0.143216 0.073211 240.392140 202.205441
22 31 30 0.446303 0.530573 0.023125 244.762163 218.597059
22 31 30 0.125074 0.823279 0.051647 243.014449 232.120737
22 31 30 0.288421 0.133703 0.577876 227.147995 225.276251
22 31 30 0.596366 0.196983 0.206651 235.716798 215.609736
22 31 30 0.359641 0.274602 0.365757 229.212347 227.010121
22 31 30 0.740770 0.112270 0.146960 241.664850 210.790915
22 31 30 0.730350 0.157596 0.112053 242.949341 212.913851
22 31 30 0.812506 0.124404 0.063090 242.722562 211.787995
22 23 31 0.266045 0.468858 0.265097 263.772215 208.947545
22 23 31 0.625306 0.073126 0.301569 249.742981 209.556042
22 23 31 0.837400 0.131638 0.030963 251.160848 202.729031
22 23 31 0.826236 0.163005 0.010759 251.896843 199.256799
22 23 31 0.420201 0.366490 0.213309 259.873524 208.098788
22 23 31 0.662410 0.288428 0.049161 259.585769 201.973100
22 23 31 0.721251 0.189674 0.089075 250.235825 202.083506
22 23 31 0.425493 0.416973 0.157534 259.780531 202.191617
22 23 31 0.344914 0.548975 0.106111 267.774525 198.458273
22 23 31 0.156581 0.303573 0.539847 258.613982 218.585114
23 32 31 0.823742 0.133959 0.042299 280.288258 203.458221
23 32 31 0.355380 0.605602 0.039018 282.364424 222.487378
23 32 31 0.499409 0.105863 0.394728 268.211902 216.320289
23 32 31 0.286956 0.353085 0.359959 269.928147 224.817789
23 32 31 0.410101 0.008558 0.581341 261.568594 219.564877
23 32 31 0.026119 0.929391 0.044490 281.164586 241.380559
23 32 31 0.048469 0.437361 0.514170 263.478028 234.885111
23 32 31 0.349345 0.573430 0.077224 285.705414 226.158269
23 32 31 0.976573 0.014736 0.008691 285.682253 198.217483
23 32 31 0.781230 0.089222 0.129548 279.948238 207.379242
23 24 32 0.534066 0.282316 0.183618 296.194952 206.363144
23 24 32 0.205426 0.402907 0.391668 299.344532 217.003926
23 24 32 0.234834 0.062304 0.702862 284.904873 226.675446
23 24 32 0.094740 0.540012 0.365248 304.262856 211.260087
23 24 32 0.795799 0.052145 0.152055 287.917277 202.937771
23 24 32 0.668160 0.003388 0.328452 286.688883 212.529452
23 24 32 0.648712 0.091468 0.259820 288.089951 207.126772
23 24 32 0.704072 0.016781 0.279147 284.863130 212.178879
23 24 32 0.083951 0.034992 0.881057 285.357351 229.006105
23 24 32 0.146889 0.626388 0.226722 311.722913 204.405520
24 33 32 0.295917 0.698541 0.005542 321.882431 221.153713
24 33 32 0.378407 0.180029 0.441564 305.430581 220.072496
24 33 32 0.685203 0.222662 0.092135 317.706360 211.349412
24 33 32 0.744468 0.071126 0.184407 313.853688 203.838934
24 33 32 0.304731 0.481622 0.213648 311.512540 226.342746
24 33 32 0.787282 0.175559 0.037159 317.273103 206.595691
24 33 32 0.412741 0.509555 0.077704 319.030774 219.487917
24 33 32 0.852832 0.116208 0.030960 323.623260 204.714023
24 33 32 0.588556 0.269412 0.142032 316.790156 211.716233
24 33 32 0.917956 0.043209 0.038835 317.168373 202.598943
24 25 33 0.069944 0.475463 0.454593 345.159260 214.935096
24 25 33 0.969925 0.013577 0.016498 325.233423 199.928035
24 25 33 0.172853 0.427043 0.400104 340.152889 212.335192
24 25 33 0.796790 0.081531 0.121679 326.840140 202.153222
24 25 33 0.652740 0.154800 0.192460 329.925043 202.966035
24 25 33 0.084653 0.584948 0.330399 347.820379 209.073406
24 25 33 0.658635 0.092470 0.248895 326.343732 207.272429
24 25 33 0.398854 0.006915 0.594231 325.738066 219.662918
24 25 33 0.480832 0.356262 0.162906 333.753020 205.184707
24 25 33 0.297886 0.092130 0.609983 324.941516 222.522870
25 34 33 0.920790 0.065098 0.014111 361.427003 198.442356
25 34 33 0.426633 0.052625 0.520741 340.270996 220.938038
25 34 33 0.816342 0.096999 0.086659 358.618833 203.770341
25 34 33 0.604021 0.223369 0.172611 354.789228 210.884920
25 34 33 0.265239 0.148521 0.586240 338.926616 226.761031
25 34 33 0.852292 0.095265 0.052443 362.736354 200.206775
25 34 33 0.461240 0.013308 0.525452 339.239158 218.186356
25 34 33 0.621125 0.168590 0.210285 354.751811 209.497906
25 34 33 0.806508 0.126085 0.067407 358.444625 205.301388
25 34 33 0.012573 0.392339 0.595087 337.143685 234.703651
25 26 34 0.915763 0.083713 0.000524 361.856570 195.508176
25 26 34 0.603332 0.321989 0.074679 374.477661 201.239893
25 26 34 0.900056 0.063315 0.036629 366.338567 200.195921
25 26 34 0.597172 0.174148 0.228680 368.070315 207.941731
25 26 34 0.923928 0.054795 0.021277 367.054824 199.255931
25 26 34 0.788840 0.098432 0.112728 363.567355 203.469696
25 26 34 0.168594 0.024832 0.806574 361.243981 227.084258
25 26 34 0.863410 0.009508 0.127082 360.633111 200.443636
25 26 34 0.497567 0.322335 0.180098 371.696974 205.368679
25 26 34 0.748387 0.186538 0.065074 370.797793 201.944886
26 35 34 0.563235 0.244351 0.192414 396.897300 213.514699
26 35 34 0.837543 0.159583 0.002874 402.474475 199.662229
26 35 34 0.283160 0.015592 0.701247 374.928855 223.434402
26 35 34 0.939198 0.006864 0.053938 403.209691 195.831169
26 35 34 0.597978 0.000952 0.401070 392.192393 212.910790
26 35 34 0.449102 0.247296 0.303602 391.672023 212.686670
26 35 34 0.755896 0.124901 0.119204 399.847010 206.682566
26 35 34 0.249145 0.085182 0.665673 375.702032 227.451511
26 35 34 0.750357 0.025497 0.224146 391.857549 206.565369
26 35 34 0.275107 0.396437 0.328457 393.066146 221.940342
27 28 36 0.920183 0.002946 0.076871 94.052109 247.553131
27 28 36 0.234535 0.081596 0.683869 99.737619 270.161352
27 28 36 0.121306 0.169844 0.708850 101.309782 265.749256
27 28 36 0.174074 0.236274 0.589652 107.654079 263.707379
27 28 36 0.224728 0.598167 0.177106 117.444540 245.750178
27 28 36 0.271995 0.685880 0.042125 120.717556 243.906775
27 28 36 0.540954 0.177222 0.281824 102.870251 253.320355
27 28 36 0.085398 0.848027 0.066575 129.310830 242.381230
27 28 36 0.093871 0.619441 0.286688 119.402942 252.302612
27 28 36 0.593764 0.364124 0.042113 106.975585 243.665811
28 37 36 0.233066 0.367291 0.399642 121.583967 269.605032
28 37 36 0.408948 0.328983 0.262069 126.149565 257.152004
28 37 36 0.383333 0.130296 0.486371 117.959853 265.590005
28 37 36 0.165001 0.559054 0.275944 125.442635 268.561769
28 37 36 0.024243 0.760980 0.214777 125.807457 272.312790
28 37 36 0.593081 0.179242 0.227677 126.552794 255.489278
28 37 36 0.002278 0.238822 0.758900 108.852759 279.571196
28 37 36 0.840336 0.104739 0.054925 132.385515 247.287050
28 37 36 0.912887 0.062741 0.024372 129.216878 244.800675
28 37 36 0.514404 0.199853 0.285743 124.397637 256.289122
28 29 37 0.999635 0.000187 0.000178 127.400714 236.766254
28 29 37 0.243038 0.215136 0.541825 141.641056 262.581703
28 29 37 0.115380 0.373653 0.510967 144.772467 260.627709
28 29 37 0.369999 0.313748 0.316252 145.176536 252.819319
28 29 37 0.900801 0.048266 0.050933 135.540808 243.241787
28 29 37 0.766076 0.183410 0.050514 141.096699 242.530603
28 29 37 0.357992 0.194018 0.447990 140.807569 254.786167
28 29 37 0.228147 0.241024 0.530829 139.038664 259.445755
28 29 37 0.283700 0.605809 0.110491 156.181644 247.532131
28 29 37 0.935499 0.025153 0.039348 135.215570 243.260189
29 38 37 0.344419 0.331713 0.323868 157.587779 265.007175
29 38 37 0.116460 0.038961 0.844579 140.088874 268.862822
29 38 37 0.749129 0.144955 0.105916 169.549376 250.814843
29 38 37 0.857562 0.080843 0.061595 166.775653 245.109143
29 38 37 0.886983 0.101657 0.011360 170.669933 242.996723
29 38 37 0.845919 0.068864 0.085216 166.381808 246.054754
29 38 37 0.990914 0.001415 0.007671 170.051620 236.916854
29 38 37 0.613121 0.273420 0.113458 163.556596 254.063240
29 38 37 0.349785 0.153488 0.496727 152.415307 264.702816
29 38 37 0.962803 0.018259 0.018938 168.919899 239.972300
29 30 38 0.289773 0.191385 0.518841 178.183869 260.450169
29 30 38 0.301314 0.620870 0.077816 191.215764 243.117689
29 30 38 0.091372 0.224176 0.684452 179.895075 269.898634
29 30 38 0.167478 0.161088 0.671434 176.243313 265.332673
29 30 38 0.900622 0.015619 0.083759 172.258746 241.335789
29 30 38 0.523941 0.346455 0.129604 181.018369 245.987298
29 30 38 0.289292 0.690428 0.020281 198.507261 238.522667
29 30 38 0.910525 0.004184 0.085291 169.662159 241.568788
29 30 38 0.408391 0.462200 0.129409 189.690912 241.176585
29 30 38 0.736841 0.123890 0.139269 170.082837 244.916275
30 39 38 0.577002 0.114934 0.308063 191.249558 259.510450
30 39 38 0.299330 0.304873 0.395797 191.572257 265.950465
30 39 38 0.246016 0.610561 0.143423 199.856258 272.756626
30 39 38 0.180274 0.468042 0.351684 194.294749 270.506341
30 39 38 0.756461 0.072208 0.171331 203.634031 246.917256
30 39 38 0.030665 0.379408 0.589927 184.139330 274.969296
30 39 38 0.796423 0.043036 0.160541 205.659721 242.902599
30 39 38 0.070124 0.633192 0.296684 196.949356 273.345463
30 39 38 0.025861 0.958908 0.015231 208.671908 278.401055
30 39 38 0.958744 0.012376 0.028880 208.616316 242.708472
30 31 39 0.315282 0.624823 0.059894 231.294703 241.528488
30 31 39 0.699775 0.276850 0.023375 219.767621 239.796403
30 31 39 0.720722 0.090583 0.188695 210.145119 243.078715
30 31 39 0.684247 0.311454 0.004298 221.269926 238.487962
30 31 39 0.749514 0.198646 0.051840 215.596690 239.315001
30 31 39 0.250129 0.063977 0.685893 211.218222 264.690459
30 31 39 0.957904 0.033815 0.008280 207.966174 241.157350
30 31 39 0.328327 0.443135 0.228539 220.923333 251.567117
30 31 39 0.515740 0.144485 0.339774 215.325013 251.643224
30 31 39 0.470571 0.139754 0.389675 214.964548 252.219154
31 40 39 0.341340 0.513070 0.145590 239.640084 265.509310
31 40 39 0.877952 0.010346 0.111702 239.673410 242.992031
31 40 39 0.554022 0.041524 0.404454 226.706712 253.786844
31 40 39 0.026651 0.939482 0.033866 241.211250 277.368156
31 40 39 0.837376 0.080711 0.081913 244.540340 244.728408
31 40 39 0.883229 0.029453 0.087317 243.271304 242.854717
31 40 39 0.644074 0.259257 0.096669 242.094631 251.774140
31 40 39 0.923460 0.052463 0.024078 245.054340 241.960237
31 40 39 0.120735 0.500083 0.379183 232.401814 272.136251
31 40 39 0.636127 0.219559 0.144314 242.330535 248.686915
31 32 40 0.099500 0.011290 0.889210 243.589730 273.470248
31 32 40 0.503035 0.482073 0.014892 260.664308 239.635897
31 32 40 0.958156 0.013690 0.028154 247.151212 238.979075
31 32 40 0.551339 0.109758 0.338903 249.268608 252.721251
31 32 40 0.841975 0.015374 0.142651 246.648891 243.759272
31 32 40 0.773662 0.050354 0.175984 248.027477 249.215155
31 32 40 0.021953 0.684874 0.293173 271.237793 248.347248
31 32 40 0.125871 0.092293 0.781836 248.718268 269.972029
31 32 40 0.392982 0.606412 0.000606 269.143489 235.313296
31 32 40 0.164681 0.146117 0.689203 248.760712 263.749469
32 41 40 0.627196 0.090933 0.281871 273.495851 255.759309
32 41 40 0.265544 0.076980 0.657476 259.608427 268.214487
32 41 40 0.179890 0.092178 0.727932 255.443939 273.629955
32 41 40 0.136251 0.589247 0.274501 273.665490 271.601574
32 41 40 0.254165 0.056792 0.689043 254.337533 265.584009
32 41 40 0.331463 0.625638 0.042899 282.526292 263.050139
32 41 40 0.360656 0.507435 0.131909 278.118525 261.072905
32 41 40 0.043925 0.499543 0.456532 268.071154 273.683993
32 41 40 0.099460 0.368536 0.532004 263.394725 272.389340
32 41 40 0.021872 0.732678 0.245450 274.963866 271.638290
32 33 41 0.414894 0.388259 0.196846 299.904885 241.909630
32 33 41 0.381961 0.124605 0.493435 290.250992 252.272567
32 33 41 0.807168 0.054473 0.138359 287.457766 241.058708
32 33 41 0.565834 0.341645 0.092522 294.136860 242.036858
32 33 41 0.539385 0.321531 0.139084 295.959450 242.782502
32 33 41 0.761143 0.145006 0.093850 293.886788 240.331142
32 33 41 0.442917 0.360280 0.196803 298.638842 244.927957
32 33 41 0.423359 0.384014 0.192627 299.488393 244.883803
32 33 41 0.347589 0.073054 0.579356 283.228272 261.498490
32 33 41 0.367763 0.278429 0.353808 295.693037 252.798041
33 42 41 0.471279 0.280268 0.248453 313.114995 256.578856
33 42 41 0.311018 0.649362 0.039620 320.910660 262.232079
33 42 41 0.026487 0.648181 0.325332 311.271184 274.054866
33 42 41 0.436444 0.203156 0.360400 309.767959 259.326577
33 42 41 0.522978 0.381649 0.095373 321.767593 255.410170
33 42 41 0.132873 0.515569 0.351558 309.213462 271.728311
33 42 41 0.550637 0.067796 0.381567 307.464073 258.736593
33 42 41 0.581745 0.415743 0.002512 325.083065 254.327759
33 42 41 0.029216 0.616797 0.353987 309.300432 275.023436
33 42 41 0.793366 0.015753 0.190881 319.296566 241.077042
33 34 42 0.501360 0.316697 0.181943 337.501430 241.928456
33 34 42 0.395950 0.218435 0.385615 334.241832 249.149621
33 34 42 0.803488 0.147776 0.048736 329.878986 237.143861
33 34 42 0.149846 0.236496 0.613657 334.751470 258.262985
33 34 42 0.087460 0.273592 0.638948 333.210253 260.484270
33 34 42 0.548356 0.033117 0.418526 328.026761 249.421185
33 34 42 0.108536 0.196043 0.695421 326.824643 265.247566
33 34 42 0.885510 0.089061 0.025429 323.154058 234.984813
33 34 42 0.600393 0.386818 0.012790 337.391611 236.437068
33 34 42 0.496047 0.218391 0.285562 332.034535 245.668989
34 43 42 0.651312 0.216893 0.131795 358.334209 249.948156
34 43 42 0.408713 0.027408 0.563879 341.413116 258.347157
34 43 42 0.354669 0.518502 0.126829 361.275940 263.076823
34 43 42 0.620519 0.035322 0.344159 344.655422 248.607057
34 43 42 0.491312 0.217992 0.290696 352.682197 254.164930
34 43 42 0.818657 0.107382 0.073960 356.149504 245.066325
34 43 42 0.099065 0.655502 0.245433 352.001065 272.452675
34 43 42 0.834888 0.133407 0.031705 358.858070 245.615956
34 43 42 0.872353 0.118422 0.009225 362.907421 239.088712
34 43 42 0.659228 0.215588 0.125184 357.209084 249.383075
34 35 43 0.236874 0.375261 0.387864 376.507788 250.418693
34 35 43 0.884835 0.101367 0.013797 365.832959 237.914701
34 35 43 0.483794 0.250459 0.265747 373.837715 246.458241
34 35 43 0.935448 0.001635 0.062917 361.253724 235.428142
34 35 43 0.147084 0.425653 0.427263 380.774225 252.366050
34 35 43 0.836879 0.092260 0.070861 364.663543 241.211833
34 35 43 0.778866 0.089527 0.131607 368.567661 243.190328
34 35 43 0.729999 0.041666 0.228335 364.380166 243.490711
34 35 43 0.119690 0.845942 0.034368 399.085946 235.778067
34 35 43 0.015884 0.692356 0.291759 392.523288 243.943198
35 44 43 0.995542 0.001723 0.002734 400.509396 235.930901
35 44 43 0.531991 0.396839 0.071170 398.791948 254.539615
35 44 43 0.682267 0.253451 0.064282 397.945616 247.081916
35 44 43 0.966715 0.019792 0.013493 403.033517 239.090685
35 44 43 0.653955 0.185235 0.160810 391.517599 244.944348
35 44 43 0.489630 0.304850 0.205521 394.316284 256.030253
35 44 43 0.156110 0.542109 0.301781 395.455434 268.119314
35 44 43 0.529448 0.262601 0.207951 393.983835 249.165804
35 44 43 0.841851 0.153937 0.004212 402.443405 241.054852
35 44 43 0.341539 0.207716 0.450745 387.861948 256.868858
36 37 45 0.251470 0.704485 0.044045 123.172220 277.526989
36 37 45 0.450769 0.165657 0.383573 108.235314 290.240650
36 37 45 0.897224 0.092769 0.010007 99.218735 277.502339
36 37 45 0.626537 0.019124 0.354339 94.699776 291.206606
36 37 45 0.342198 0.628303 0.029499 121.017252 275.835389
36 37 45 0.960706 0.011323 0.027970 95.692452 275.236210
36 37 45 0.861406 0.104248 0.034347 98.612007 281.610849
36 37 45 0.303031 0.661891 0.035078 117.748746 279.606885
36 37 45 0.084375 0.442647 0.472978 115.192592 296.293244
36 37 45 0.317679 0.368380 0.313941 109.730923 291.299069
37 46 45 0.471751 0.069877 0.458372 116.759968 296.219877
37 46 45 0.050472 0.536688 0.412841 120.127303 312.727690
37 46 45 0.691971 0.135039 0.172990 127.085293 289.149833
37 46 45 0.122220 0.382586 0.495194 115.591973 313.047169
37 46 45 0.632001 0.283430 0.084569 131.612110 290.617498
37 46 45 0.950638 0.014776 0.034586 134.684197 277.867334
37 46 45 0.895092 0.051906 0.053002 133.927828 282.325171
37 46 45 0.010119 0.502415 0.487467 119.510976 313.102978
37 46 45 0.510581 0.309725 0.179694 129.016797 296.783423
37 46 45 0.862065 0.069327 0.068608 131.658184 280.034259
37 38 46 0.789124 0.120784 0.090092 137.246386 281.007276
37 38 46 0.135013 0.193041 0.671946 139.934387 301.355282
37 38 46 0.499004 0.026438 0.474558 137.140307 294.654490
37 38 46 0.094787 0.022021 0.883192 134.979677 312.938143
37 38 46 0.956459 0.038383 0.005158 133.631313 279.054020
37 38 46 0.501019 0.269637 0.229344 144.149449 283.273958
37 38 46 0.391025 0.176321 0.432653 141.155437 291.970908
37 38 46 0.837680 0.087889 0.074432 133.932664 282.436427
37 38 46 0.749360 0.056740 0.193900 132.509035 284.448200
37 38 46 0.857781 0.060740 0.081479 134.446353 279.811058
38 47 46 0.476017 0.467834 0.056149 168.215684 300.785034
38 47 46 0.469385 0.463286 0.067329 169.921782 297.998738
38 47 46 0.720172 0.200930 0.078898 167.089345 288.621012
38 47 46 0.093678 0.691789 0.214534 163.480323 310.602876
38 47 46 0.040064 0.111303 0.848633 139.436240 315.596873
38 47 46 0.774912 0.132915 0.092173 166.304720 284.507846
38 47 46 0.397605 0.384104 0.218291 165.129682 300.042936
38 47 46 0.312842 0.078229 0.608928 146.797373 304.394750
38 47 46 0.660971 0.313289 0.025741 167.307624 286.789200
38 47 46 0.478986 0.222095 0.298919 163.341537 297.113335
38 39 47 0.563243 0.193542 0.243215 177.118901 286.578838
38 39 47 0.069823 0.229987 0.700191 179.971786 303.393357
38 39 47 0.044645 0.692986 0.262369 198.070640 287.240541
38 39 47 0.118335 0.488837 0.392828 186.918495 292.062767
38 39 47 0.208918 0.383350 0.407732 185.913288 292.376322
38 39 47 0.576843 0.380922 0.042236 184.789758 281.049006
38 39 47 0.601171 0.084031 0.314797 174.896457 288.831302
38 39 47 0.371780 0.086901 0.541318 178.614004 297.057050
38 39 47 0.787400 0.019555 0.193045 174.295786 284.031327
38 39 47 0.350692 0.381307 0.268001 188.825445 281.549612
39 48 47 0.879482 0.009713 0.110805 203.780859 281.697163
39 48 47 0.279803 0.633241 0.086956 203.448471 303.961288
39 48 47 0.593920 0.353529 0.052551 203.021816 290.300320
39 48 47 0.733441 0.173511 0.093049 200.766116 286.332553
39 48 47 0.674110 0.006324 0.319565 197.052538 289.779011
39 48 47 0.032883 0.333839 0.633278 179.628468 311.530259
39 48 47 0.819272 0.002816 0.177912 201.291105 285.230456
39 48 47 0.966006 0.020040 0.013955 207.866452 278.631922
39 48 47 0.992571 0.002769 0.004660 206.737987 274.849967
39 48 47 0.272010 0.415621 0.312369 196.616283 303.402576
39 40 48 0.374573 0.564449 0.060977 230.456508 275.048026
39 40 48 0.660481 0.096098 0.243421 209.970378 287.352454
39 40 48 0.993226 0.004859 0.001916 211.121031 276.265309
39 40 48 0.083544 0.716272 0.200184 236.603140 281.005639
39 40 48 0.426484 0.518635 0.054881 221.354274 279.372708
39 40 48 0.721595 0.147540 0.130865 216.713684 283.969591
39 40 48 0.977845 0.018655 0.003500 207.741259 280.608535
39 40 48 0.132927 0.639671 0.227402 233.271671 289.305626
39 40 48 0.809319 0.176476 0.014206 216.374534 277.919353
39 40 48 0.784114 0.039021 0.176865 209.796249 284.142358
40 49 48 0.390187 0.258942 0.350871 234.455727 300.753509
40 49 48 0.065724 0.359807 0.574468 226.688399 315.397489
40 49 48 0.137061 0.387619 0.475320 226.089517 310.216011
40 49 48 0.404347 0.254785 0.340869 236.002053 300.963288
40 49 48 0.985013 0.011145 0.003843 243.845924 277.814268
40 49 48 0.077069 0.439309 0.483622 225.329013 310.163433
40 49 48 0.806959 0.094438 0.098604 243.571217 285.033209
40 49 48 0.184847 0.707893 0.107260 241.988423 307.259875
40 49 48 0.215233 0.639278 0.145489 237.623219 303.728008
40 49 48 0.556134 0.341085 0.102781 244.395415 293.831663
40 41 49 0.236988 0.434478 0.328534 262.684778 287.114346
40 41 49 0.259765 0.603712 0.136523 271.448354 277.632395
40 41 49 0.055477 0.499770 0.444753 264.266464 291.928928
40 41 49 0.023791 0.406523 0.569686 260.812068 299.108141
40 41 49 0.521604 0.334889 0.143507 260.309323 285.128804
40 41 49 0.480081 0.281693 0.238226 255.344394 281.975751
40 41 49 0.670875 0.026977 0.302148 246.373631 288.836457
40 41 49 0.632083 0.190712 0.177205 248.195354 279.320964
40 41 49 0.221035 0.738402 0.040562 275.486452 276.612840
40 41 49 0.593109 0.362682 0.044210 261.896197 278.229329
41 50 49 0.350132 0.256116 0.393752 271.751275 302.089807
41 50 49 0.758564 0.096076 0.145360 276.764615 284.535876
41 50 49 0.123438 0.402522 0.474040 262.591845 308.347618
41 50 49 0.121990 0.611734 0.266276 275.998384 309.545838
41 50 49 0.742253 0.074585 0.183162 277.429620 281.573081
41 50 49 0.628929 0.356498 0.014573 287.089742 289.241295
41 50 49 0.642119 0.151775 0.206106 278.248622 285.871653
41 50 49 0.058437 0.556676 0.384887 270.088410 308.194085
41 50 49 0.310703 0.062066 0.627231 261.263425 301.333045
41 50 49 0.367339 0.562312 0.070349 282.356228 301.802909
41 42 50 0.746416 0.104202 0.149382 289.536289 279.750738
41 42 50 0.051575 0.338496 0.609929 298.847715 297.827426
41 42 50 0.216875 0.465165 0.317960 303.433628 289.318082
41 42 50 0.302446 0.156884 0.540670 291.429080 296.678031
41 42 50 0.901023 0.088706 0.010272 288.478295 275.436131
41 42 50 0.599450 0.303074 0.097476 295.604360 280.696886
41 42 50 0.158886 0.124108 0.717006 288.791452 305.166357
41 42 50 0.592740 0.391516 0.015744 301.502609 277.932952
41 42 50 0.722231 0.010453 0.267317 287.188275 283.225871
41 42 50 0.828632 0.081030 0.090337 290.794806 276.808629
42 51 50 0.581636 0.375005 0.043360 321.522028 290.179347
42 51 50 0.252968 0.181348 0.565684 301.005128 304.871859
42 51 50 0.042235 0.581204 0.376561 311.886969 310.450222
42 51 50 0.788028 0.036699 0.175273 315.506821 282.346399
42 51 50 0.520075 0.440370 0.039555 321.583284 295.621547
42 51 50 0.101545 0.173570 0.724885 298.348554 305.907256
42 51 50 0.824049 0.035293 0.140658 315.603669 282.742669
42 51 50 0.109585 0.196133 0.694282 297.436383 309.552670
42 51 50 0.484174 0.446977 0.068849 322.863875 298.810883
42 51 50 0.208301 0.074789 0.716910 297.744913 305.343423
42 43 51 0.306666 0.237661 0.455673 335.799774 296.351998
42 43 51 0.366788 0.093306 0.539906 326.765663 295.575225
42 43 51 0.732040 0.254576 0.013385 334.983711 273.157109
42 43 51 0.653026 0.206637 0.140337 331.087444 282.928598
42 43 51 0.741829 0.182379 0.075792 331.202175 278.758988
42 43 51 0.034076 0.085380 0.880544 329.359869 311.105976
42 43 51 0.885915 0.064424 0.049661 324.986180 278.059778
42 43 51 0.056579 0.731024 0.212396 354.126415 282.921117
42 43 51 0.559972 0.332228 0.107800 338.760316 278.714770
42 43 51 0.657019 0.287021 0.055959 338.736979 276.758720
43 52 51 0.780063 0.064232 0.155706 355.895645 284.591246
43 52 51 0.714467 0.261650 0.023883 360.311996 289.107299
43 52 51 0.642866 0.171306 0.185829 356.627411 286.792068
43 52 51 0.677191 0.062718 0.260091 353.990535 284.413318
43 52 51 0.209401 0.254013 0.536586 342.819816 306.952091
43 52 51 0.499575 0.182778 0.317647 350.737968 294.783274
43 52 51 0.049467 0.921812 0.028721 363.430051 311.165313
43 52 51 0.202132 0.502344 0.295524 351.854697 305.977005
43 52 51 0.326305 0.306013 0.367683 353.127123 298.296508
43 52 51 0.718023 0.248201 0.033776 366.398734 281.247097
43 44 52 0.614488 0.074927 0.310585 366.487345 286.770240
43 44 52 0.955685 0.023848 0.020467 364.442287 271.860530
43 44 52 0.435320 0.111081 0.453599 368.442562 293.718884
43 44 52 0.164170 0.003618 0.832212 361.307111 306.038480
43 44 52 0.597861 0.309378 0.092761 374.899539 279.686736
43 44 52 0.426302 0.453973 0.119725 384.875756 278.613483
43 44 52 0.090055 0.403047 0.506899 382.939611 299.662479
43 44 52 0.457682 0.310683 0.231635 376.177960 284.129169
43 44 52 0.198777 0.788352 0.012871 396.322594 273.391170
43 44 52 0.916363 0.043018 0.040619 362.663001 275.330202
44 53 52 0.185821 0.328561 0.485618 385.907544 308.734050
44 53 52 0.669720 0.262547 0.067733 402.783760 285.396392
44 53 52 0.676157 0.157321 0.166522 397.578802 287.348912
44 53 52 0.519085 0.397859 0.083057 401.907333 292.556443
44 53 52 0.731999 0.064301 0.203700 397.819111 283.227151
44 53 52 0.222469 0.449426 0.328105 392.745116 308.202651
44 53 52 0.815195 0.011724 0.173081 396.114626 281.132893
44 53 52 0.587664 0.325908 0.086429 402.517484 291.247240
44 53 52 0.206068 0.144532 0.649401 378.551378 306.038024
44 53 52 0.001959 0.731828 0.266213 395.107424 312.370150
45 46 54 0.717218 0.263185 0.019597 104.081718 316.580180
45 46 54 0.727755 0.091219 0.181026 102.829416 324.064736
45 46 54 0.115994 0.214163 0.669843 105.029694 342.513105
45 46 54 0.983027 0.016272 0.000701 95.841060 315.951329
45 46 54 0.688513 0.212349 0.099138 103.330088 321.446829
45 46 54 0.279786 0.147754 0.572460 103.439142 338.095188
45 46 54 0.154021 0.718116 0.127863 122.170342 322.239113
45 46 54 0.957715 0.010955 0.031330 95.075329 314.318764
45 46 54 0.832128 0.084604 0.083267 99.678621 314.892857
45 46 54 0.117157 0.748640 0.134203 124.209049 320.706557
46 55 54 0.532980 0.025463 0.441557 121.902835 335.561427
46 55 54 0.799718 0.012006 0.188276 124.859811 322.231680
46 55 54 0.055016 0.856652 0.088332 128.533805 352.927764
46 55 54 0.971775 0.017692 0.010533 131.565910 318.967242
46 55 54 0.128278 0.281861 0.589861 109.459650 346.796676
46 55 54 0.887968 0.053706 0.058326 135.280522 319.570662
46 55 54 0.683259 0.101742 0.215000 131.379493 324.807819
46 55 54 0.205251 0.192417 0.602332 111.215091 346.113038
46 55 54 0.365869 0.206676 0.427455 118.971113 339.412807
46 55 54 0.957438 0.036344 0.006218 134.399143 313.825481
46 47 55 0.210725 0.454026 0.335249 150.951169 329.871548
46 47 55 0.487486 0.365738 0.146776 145.960703 320.298069
46 47 55 0.855369 0.062651 0.081981 135.414290 318.663068
46 47 55 0.638798 0.172101 0.189102 140.807533 320.385177
46 47 55 0.254220 0.648695 0.097086 158.415452 318.219597
46 47 55 0.794995 0.158522 0.046483 140.615142 316.867641
46 47 55 0.153066 0.802199 0.044735 161.639921 319.849444
46 47 55 0.850453 0.063631 0.085916 134.173737 316.387430
46 47 55 0.305444 0.659099 0.035457 161.254305 315.844493
46 47 55 0.192859 0.511085 0.296056 151.797160 329.265731
47 56 55 0.713746 0.077570 0.208683 162.297938 328.365362
47 56 55 0.376891 0.035474 0.587636 149.531839 338.992018
47 56 55 0.598537 0.014105 0.387358 155.019670 331.326026
47 56 55 0.016706 0.270944 0.712350 144.281703 355.372975
47 56 55 0.754793 0.070387 0.174820 164.389377 320.793632
47 56 55 0.965251 0.005120 0.029629 171.538228 317.130282
47 56 55 0.643974 0.246160 0.109866 166.575150 329.253297
47 56 55 0.723639 0.153527 0.122833 166.564893 325.674831
47 56 55 0.035168 0.326205 0.638626 147.137561 353.539435
47 56 55 0.947344 0.002480 0.050175 171.752872 318.902807
47 48 56 0.066171 0.482110 0.451719 194.272315 334.759671
47 48 56 0.068605 0.604171 0.327224 193.245447 326.045819
47 48 56 0.569542 0.241795 0.188663 180.067610 321.608202
47 48 56 0.096027 0.682354 0.221619 196.882942 324.441153
47 48 56 0.855847 0.016417 0.127736 174.708326 319.999731
47 48 56 0.362853 0.193349 0.443798 179.607484 328.296962
47 48 56 0.061479 0.542501 0.396019 190.678423 330.643553
47 48 56 0.923744 0.003843 0.072413 173.704812 320.066509
47 48 56 0.724767 0.021321 0.253912 172.164336 322.709725
47 48 56 0.963996 0.003616 0.032388 175.263840 310.879552
48 57 56 0.780152 0.030248 0.189600 195.216960 324.081044
48 57 56 0.722131 0.110177 0.167692 202.958920 325.430156
48 57 56 0.923437 0.017125 0.059438 203.368851 318.126758
48 57 56 0.619007 0.256899 0.124095 204.565981 332.092644
48 57 56 0.119736 0.634653 0.245610 197.165807 350.570868
48 57 56 0.768076 0.018451 0.213472 200.341222 324.373006
48 57 56 0.094375 0.063869 0.841756 176.869906 350.711709
48 57 56 0.248115 0.593953 0.157932 199.608157 342.749905
48 57 56 0.963203 0.026365 0.010432 204.727055 320.634296
48 57 56 0.472606 0.378662 0.148732 204.466166 338.874221
48 49 57 0.493592 0.118544 0.387864 210.091102 333.752389
48 49 57 0.517808 0.167739 0.314453 215.175705 328.084802
48 49 57 0.015284 0.181682 0.803034 213.446816 346.117982
48 49 57 0.046413 0.684332 0.269255 234.786780 325.234818
48 49 57 0.280187 0.409463 0.310351 223.093121 330.200567
48 49 57 0.125978 0.241010 0.633012 218.038127 339.943349
48 49 57 0.358309 0.311516 0.330175 219.297873 328.010243
48 49 57 0.789285 0.102755 0.107960 212.202262 321.196646
48 49 57 0.025110 0.485805 0.489086 226.517397 329.898816
48 49 57 0.587679 0.291455 0.120866 219.210780 320.678894
49 58 57 0.356329 0.468458 0.175213 240.274542 336.809615
49 58 57 0.715352 0.168510 0.116138 240.939191 325.990666
49 58 57 0.806118 0.130852 0.063031 243.338332 319.519364
49 58 57 0.073113 0.759689 0.167198 242.214662 349.404620
49 58 57 0.791000 0.061653 0.147347 237.380133 319.069286
49 58 57 0.664613 0.277298 0.058089 246.477133 328.103719
49 58 57 0.072232 0.525719 0.402049 231.836814 349.164454
49 58 57 0.941803 0.018743 0.039454 244.910457 317.826835
49 58 57 0.790483 0.184621 0.024896 244.364092 324.515668
49 58 57 0.736624 0.223586 0.039790 244.683313 320.859983
49 50 58 0.450984 0.168789 0.380227 252.316727 333.180050
49 50 58 0.300801 0.693132 0.006067 272.460771 314.438780
49 50 58 0.567596 0.232568 0.199836 254.864443 325.230196
49 50 58 0.717418 0.019595 0.262986 247.584168 323.884312
49 50 58 0.010872 0.139738 0.849390 248.575964 345.232231
49 50 58 0.636017 0.190929 0.173054 253.414675 321.676170
49 50 58 0.740871 0.097713 0.161416 249.699854 320.775274
49 50 58 0.461553 0.326614 0.211833 259.771410 324.287592
49 50 58 0.358543 0.069537 0.571920 251.252388 330.616235
49 50 58 0.524462 0.005685 0.469853 247.561754 331.173445
50 59 58 0.259905 0.505173 0.234922 277.442231 341.420054
50 59 58 0.592184 0.090103 0.317714 275.540895 330.223002
50 59 58 0.807811 0.132986 0.059203 284.472974 322.117809
50 59 58 0.849442 0.070412 0.080146 282.561792 322.184173
50 59 58 0.083885 0.768297 0.147818 280.851076 352.342295
50 59 58 0.222364 0.121840 0.655796 261.819239 345.163225
50 59 58 0.841764 0.153625 0.004611 288.033612 321.278857
50 59 58 0.464637 0.100087 0.435275 270.812611 338.734129
50 59 58 0.691842 0.280931 0.027226 285.569976 322.555677
50 59 58 0.803014 0.187125 0.009860 284.654348 323.861438
50 51 59 0.818434 0.084612 0.096954 289.960172 316.042254
50 51 59 0.335426 0.598947 0.065628 308.707087 314.794280
50 51 59 0.962634 0.022198 0.015168 288.111985 311.682550
50 51 59 0.441097 0.454055 0.104848 303.057075 318.807108
50 51 59 0.024714 0.058238 0.917048 290.858287 349.229398
50 51 59 0.741520 0.031406 0.227074 286.497946 327.706257
50 51 59 0.242209 0.345922 0.411869 300.752067 328.104958
50 51 59 0.878339 0.066747 0.054913 286.826659 312.990157
50 51 59 0.930213 0.066977 0.002810 288.355226 315.737254
50 51 59 0.197383 0.182146 0.620471 296.825295 341.138856
51 60 59 0.151751 0.649471 0.198778 316.098417 346.414386
51 60 59 0.269249 0.548112 0.182639 318.099470 340.866086
51 60 59 0.536099 0.436821 0.027080 324.912326 330.506904
51 60 59 0.785878 0.114581 0.099541 319.594157 322.872312
51 60 59 0.583394 0.166244 0.250362 313.378729 328.726005
51 60 59 0.635224 0.192878 0.171898 315.241211 323.925798
51 60 59 0.370368 0.090809 0.538823 304.483901 338.063839
51 60 59 0.404714 0.253462 0.341824 313.165792 339.475475
51 60 59 0.897486 0.053392 0.049122 322.679893 319.205644
51 60 59 0.714109 0.191376 0.094516 321.172496 326.251134
51 52 60 0.098975 0.677433 0.223593 351.810126 321.507122
51 52 60 0.684858 0.191790 0.123352 328.656471 318.067923
51 52 60 0.933624 0.049211 0.017165 329.242329 308.899267
51 52 60 0.211229 0.266863 0.521909 333.047475 335.449278
51 52 60 0.805152 0.100164 0.094684 326.683727 317.474832
51 52 60 0.398695 0.379766 0.221539 338.573695 323.998175
51 52 60 0.578422 0.387050 0.034527 339.887312 313.851579
51 52 60 0.234105 0.335640 0.430254 338.380957 328.832148
51 52 60 0.319933 0.253980 0.426087 333.931410 329.334621
51 52 60 0.925763 0.038609 0.035628 325.087607 319.495295
52 61 60 0.906004 0.004885 0.089111 360.421893 319.400132
52 61 60 0.822125 0.062653 0.115222 354.544654 321.547634
52 61 60 0.586024 0.235378 0.178598 355.485310 330.317445
52 61 60 0.522031 0.130068 0.347901 348.033843 334.088670
52 61 60 0.832519 0.073460 0.094021 362.689493 318.635353
52 61 60 0.915500 0.005900 0.078601 360.732584 314.655412
52 61 60 0.990384 0.008933 0.000683 365.197619 315.278284
52 61 60 0.573512 0.175267 0.251221 354.804786 332.220809
52 61 60 0.037817 0.575031 0.387152 347.243536 353.918900
52 61 60 0.927549 0.065192 0.007258 365.982899 316.101258
52 53 61 0.153723 0.273991 0.572286 375.402021 336.729052
52 53 61 0.306782 0.557801 0.135417 385.093356 317.494534
52 53 61 0.342293 0.233090 0.424617 376.326080 331.484406
52 53 61 0.796534 0.114290 0.089176 367.443690 316.998770
52 53 61 0.939478 0.054512 0.006010 366.450271 310.825919
52 53 61 0.192327 0.134094 0.673579 368.788202 338.416379
52 53 61 0.300040 0.372984 0.326976 380.869232 328.529789
52 53 61 0.097598 0.760348 0.142054 397.274967 318.458033
52 53 61 0.638638 0.214913 0.146449 372.944076 323.622729
52 53 61 0.802007 0.172780 0.025213 371.317492 317.911576
53 62 61 0.174935 0.382639 0.442427 390.456533 346.158764
53 62 61 0.745058 0.029335 0.225607 396.548371 323.034540
53 62 61 0.705069 0.056249 0.238682 393.307458 326.259112
53 62 61 0.482251 0.406460 0.111289 404.206662 335.761090
53 62 61 0.563472 0.061724 0.374804 388.803220 334.142348
53 62 61 0.705918 0.272616 0.021466 405.331549 324.144431
53 62 61 0.778479 0.148606 0.072915 404.004411 325.990397
53 62 61 0.742845 0.031125 0.226030 397.370984 324.269200
53 62 61 0.750735 0.018620 0.230644 395.019624 327.630690
53 62 61 0.150311 0.216858 0.632831 380.671759 346.285910
54 55 63 0.548381 0.076472 0.375147 98.402519 366.094323
54 55 63 0.916570 0.046950 0.036480 94.219423 352.369579
54 55 63 0.445050 0.038775 0.516176 99.279213 375.294822
54 55 63 0.558847 0.421253 0.019900 111.848670 352.927379
54 55 63 0.986215 0.005847 0.007939 97.337347 353.944903
54 55 63 0.222183 0.467746 0.310071 118.169385 367.307433
54 55 63 0.953716 0.039289 0.006995 97.668333 350.659128
54 55 63 0.208156 0.625979 0.165865 119.793841 355.627041
54 55 63 0.215741 0.314504 0.469755 110.439972 371.776156
54 55 63 0.260293 0.386038 0.353669 113.458696 367.412884
55 64 63 0.524415 0.340163 0.135421 128.121708 369.929831
55 64 63 0.053279 0.673014 0.273708 123.126856 390.371353
55 64 63 0.335493 0.541776 0.122730 132.050240 376.830689
55 64 63 0.633394 0.056374 0.310231 119.361200 371.982325
55 64 63 0.734608 0.116998 0.148394 128.727202 363.754339
55 64 63 0.556591 0.296189 0.147220 127.630535 371.633691
55 64 63 0.796816 0.110997 0.092187 126.871530 361.818134
55 64 63 0.176821 0.304491 0.518688 117.935152 383.950180
55 64 63 0.940141 0.019631 0.040229 128.424750 355.066307
55 64 63 0.033289 0.597746 0.368964 114.965774 388.292745
55 56 64 0.244778 0.174590 0.580632 138.505425 374.406464
55 56 64 0.855443 0.057649 0.086908 136.369538 355.936047
55 56 64 0.323598 0.033143 0.643259 136.621709 377.478842
55 56 64 0.216504 0.421566 0.361929 149.315311 368.971908
55 56 64 0.479462 0.216204 0.304334 147.580609 364.496018
55 56 64 0.206276 0.125714 0.668010 140.153613 378.030868
55 56 64 0.934693 0.024191 0.041117 135.466441 355.969845
55 56 64 0.510840 0.203337 0.285823 143.514275 365.990105
55 56 64 0.091045 0.222606 0.686349 142.619773 380.715012
55 56 64 0.872285 0.100899 0.026816 136.866568 356.721131
56 65 64 0.541067 0.148321 0.310612 163.053346 369.500378
56 65 64 0.516432 0.231502 0.252066 162.031218 374.795826
56 65 64 0.201886 0.391781 0.406332 153.717843 381.685806
56 65 64 0.067216 0.345652 0.587131 148.339578 388.217244
56 65 64 0.991880 0.001395 0.006724 174.929201 354.969425
56 65 64 0.013500 0.406570 0.579931 150.865810 392.060453
56 65 64 0.695695 0.033605 0.270700 161.655492 364.219032
56 65 64 0.242076 0.435082 0.322842 159.236957 382.761846
56 65 64 0.883676 0.023206 0.093119 166.817801 358.726883
56 65 64 0.720171 0.198627 0.081202 169.246253 368.079523
56 57 65 0.650241 0.147627 0.202131 177.062844 361.441131
56 57 65 0.918890 0.012255 0.068856 173.321280 357.255732
56 57 65 0.554075 0.292516 0.153409 181.722404 359.649816
56 57 65 0.429771 0.461589 0.108640 193.124584 358.107627
56 57 65 0.703502 0.086652 0.209845 175.581315 363.120887
56 57 65 0.996864 0.001395 0.001741 173.025229 353.800315
56 57 65 0.386909 0.290222 0.322869 183.549470 364.732703
56 57 65 0.150587 0.167381 0.682032 176.641860 378.365642
56 57 65 0.276291 0.694228 0.029481 199.375855 354.889424
56 57 65 0.249068 0.174566 0.576366 178.615534 373.420372
57 66 65 0.325035 0.163936 0.511029 192.454257 379.592764
57 66 65 0.669306 0.252183 0.078511 205.247802 364.193030
57 66 65 0.164136 0.491434 0.344431 197.832784 386.141703
57 66 65 0.844169 0.081716 0.074115 204.308830 359.611790
57 66 65 0.522674 0.032168 0.445158 188.771839 372.757009
57 66 65 0.021303 0.319412 0.659285 183.927903 393.258756
57 66 65 0.829724 0.094206 0.076070 203.834829 359.626984
57 66 65 0.968346 0.000920 0.030735 212.058799 354.366478
57 66 65 0.961771 0.026370 0.011859 206.147909 353.412028
57 66 65 0.094498 0.323714 0.581788 186.745812 386.957959
57 58 66 0.800970 0.139174 0.059856 215.613425 355.363850
57 58 66 0.750761 0.024518 0.224722 210.937547 364.285809
57 58 66 0.188781 0.293353 0.517866 221.818658 371.529487
57 58 66 0.602901 0.284823 0.112276 220.151145 356.951095
57 58 66 0.806526 0.048273 0.145200 215.293804 357.799211
57 58 66 0.431692 0.041868 0.526440 210.429887 376.293350
57 58 66 0.954551 0.015067 0.030382 208.967942 355.548579
57 58 66 0.150010 0.132824 0.717165 209.883637 382.775499
57 58 66 0.214315 0.333396 0.452290 220.514742 372.185513
57 58 66 0.208184 0.594461 0.197355 232.313391 358.637141
58 67 66 0.758656 0.088028 0.153316 241.604236 361.521177
58 67 66 0.477196 0.193951 0.328853 236.029428 372.270202
58 67 66 0.074070 0.227330 0.698601 224.521506 389.304693
58 67 66 0.552542 0.286152 0.161306 243.475123 367.023097
58 67 66 0.449390 0.516759 0.033852 247.796096 371.940037
58 67 66 0.063610 0.426428 0.509963 226.854698 391.615643
58 67 66 0.296708 0.416859 0.286433 238.015147 378.045191
58 67 66 0.670795 0.278905 0.050299 246.232911 370.275929
58 67 66 0.984209 0.011463 0.004327 247.284184 352.990686
58 67 66 0.615398 0.354221 0.030381 245.762327 367.986094
58 59 67 0.735643 0.108814 0.155543 250.714823 358.268779
58 59 67 0.582339 0.190694 0.226967 254.458010 361.933134
58 59 67 0.116623 0.254540 0.628836 257.482422 375.735584
58 59 67 0.142890 0.691435 0.165676 276.140657 360.917449
58 59 67 0.547461 0.197814 0.254725 254.872478 363.900422
58 59 67 0.870750 0.082347 0.046904 249.976487 352.134576
58 59 67 0.945534 0.025487 0.028979 246.359260 354.691018
58 59 67 0.486807 0.027869 0.485324 248.320671 374.520175
58 59 67 0.301454 0.333034 0.365513 265.202424 367.365162
58 59 67 0.564086 0.084531 0.351383 250.659995 364.353154
59 68 67 0.029134 0.350312 0.620553 264.843950 391.833852
59 68 67 0.743908 0.196796 0.059296 285.743948 360.218469
59 68 67 0.965400 0.021380 0.013220 283.552090 351.444438
59 68 67 0.784037 0.022951 0.193012 279.595102 363.517764
59 68 67 0.020179 0.254632 0.725189 257.643836 391.407294
59 68 67 0.265122 0.130445 0.604433 266.543689 383.319580
59 68 67 0.503946 0.122483 0.373571 276.160073 373.970375
59 68 67 0.225386 0.428178 0.346436 271.738406 384.653104
59 68 67 0.644908 0.021975 0.333117 270.644133 369.727729
59 68 67 0.198992 0.328025 0.472983 267.152661 386.620106
59 60 68 0.700456 0.006902 0.292643 287.622726 364.408983
59 60 68 0.317613 0.656065 0.026322 312.609053 356.004285
59 60 68 0.471329 0.149938 0.378733 291.843847 369.385819
59 60 68 0.726535 0.157066 0.116399 291.125403 355.074341
59 60 68 0.283393 0.175824 0.540783 292.819932 372.598288
59 60 68 0.966500 0.009431 0.024069 285.127228 351.879489
59 60 68 0.665973 0.106079 0.227948 288.288887 364.696256
59 60 68 0.265241 0.415675 0.319084 303.703036 366.694952
59 60 68 0.798746 0.024397 0.176857 285.777878 357.424287
59 60 68 0.657964 0.125546 0.216490 289.338306 360.852616
60 69 68 0.172155 0.719102 0.108743 318.227531 388.886154
60 69 68 0.665561 0.188285 0.146154 317.383334 371.096873
60 69 68 0.592761 0.064178 0.343061 314.337771 369.075304
60 69 68 0.819568 0.041654 0.138778 319.260281 359.244151
60 69 68 0.833967 0.096295 0.069738 319.921439 360.876757
60 69 68 0.106530 0.105576 0.787894 295.111985 391.532410
60 69 68 0.536669 0.239756 0.223575 316.271949 373.935646
60 69 68 0.627686 0.106828 0.265486 317.515071 370.783034
60 69 68 0.804392 0.138107 0.057501 323.349357 361.183454
60 69 68 0.888459 0.024826 0.086715 320.441786 358.974426
60 61 69 0.947833 0.025818 0.026349 326.747811 352.113106
60 61 69 0.455816 0.068147 0.476037 328.877660 374.155080
60 61 69 0.501888 0.075195 0.422918 328.583139 371.001076
60 61 69 0.144225 0.203231 0.652544 331.914611 381.116771
60 61 69 0.921710 0.017690 0.060600 324.108592 356.300825
60 61 69 0.938389 0.021134 0.040477 325.944768 358.829706
60 61 69 0.310175 0.488018 0.201808 346.193373 362.872579
60 61 69 0.383437 0.273675 0.342888 335.667796 367.113273
60 61 69 0.897684 0.006574 0.095742 322.384211 359.844447
60 61 69 0.110862 0.389974 0.499164 339.829117 370.640704
61 70 69 0.994579 0.002953 0.002468 365.882523 353.221801
61 70 69 0.940152 0.054583 0.005265 364.706324 357.267616
61 70 69 0.879147 0.005235 0.115618 362.002628 355.233681
61 70 69 0.062473 0.593296 0.344231 350.983059 390.880052
61 70 69 0.464572 0.520796 0.014632 364.492269 375.170158
61 70 69 0.669751 0.201624 0.128625 361.135639 367.933945
61 70 69 0.527453 0.119358 0.353189 350.764179 372.202420
61 70 69 0.445823 0.512379 0.041798 364.805969 377.290149
61 70 69 0.664227 0.074725 0.261049 355.092542 365.802843
61 70 69 0.582630 0.160735 0.256635 357.872094 374.204935
61 62 70 0.858735 0.037681 0.103584 366.586906 358.386572
61 62 70 0.516053 0.310210 0.173737 379.304344 364.337248
61 62 70 0.298364 0.148607 0.553029 371.127888 377.149782
61 62 70 0.916325 0.014714 0.068961 365.877672 356.595938
61 62 70 0.023506 0.544436 0.432057 391.519134 372.130498
61 62 70 0.990725 0.005901 0.003375 368.118134 353.910500
61 62 70 0.935019 0.020326 0.044655 366.969621 356.163167
61 62 70 0.504629 0.280545 0.214826 377.367689 360.821546
61 62 70 0.564335 0.145031 0.290634 371.649712 366.820427
61 62 70 0.028835 0.869256 0.101909 404.423312 359.679203
62 71 70 0.845714 0.061027 0.093259 406.362423 358.648656
62 71 70 0.024581 0.214739 0.760680 376.974449 394.550147
62 71 70 0.876045 0.114870 0.009085 409.709522 359.542704
62 71 70 0.451057 0.507389 0.041554 405.992863 377.850024
62 71 70 0.309663 0.360842 0.329495 393.354689 381.723884
62 71 70 0.061559 0.216929 0.721512 378.457850 394.968430
62 71 70 0.997448 0.000691 0.001861 407.813429 353.462354
62 71 70 0.538513 0.030194 0.431293 389.546999 366.620568
62 71 70 0.971878 0.015732 0.012390 407.350561 352.108506
62 71 70 0.863587 0.128294 0.008120 406.764704 360.184725
63 64 72 0.221953 0.679615 0.098432 119.784172 398.110820
63 64 72 0.413690 0.151809 0.434501 102.060358 404.180370
63 64 72 0.491896 0.176587 0.331517 99.878869 402.564078
63 64 72 0.164494 0.268132 0.567374 104.617229 412.963263
63 64 72 0.625345 0.329626 0.045029 107.622728 395.380660
63 64 72 0.745475 0.088702 0.165823 99.072199 401.648150
63 64 72 0.392466 0.286597 0.320937 107.280796 404.549643
63 64 72 0.968305 0.025541 0.006154 98.893243 394.673280
63 64 72 0.806732 0.084486 0.108782 98.816990 395.366963
63 64 72 0.057306 0.916585 0.026108 128.538014 390.604782
64 73 72 0.160612 0.606242 0.233146 124.982940 428.673492
64 73 72 0.827653 0.076083 0.096265 131.714702 394.367587
64 73 72 0.686578 0.256226 0.057196 133.907782 404.453893
64 73 72 0.923069 0.076181 0.000750 133.320018 394.454813
64 73 72 0.908009 0.075615 0.016376 134.284925 396.097401
64 73 72 0.705203 0.282186 0.012611 133.254267 401.281949
64 73 72 0.972931 0.025339 0.001730 134.760327 394.818623
64 73 72 0.219906 0.523022 0.257072 126.430556 421.920706
64 73 72 0.118633 0.629835 0.251532 127.325191 425.087392
64 73 72 0.629769 0.087262 0.282969 124.872500 403.732983
64 65 73 0.344151 0.063611 0.592238 136.321797 413.266672
64 65 73 0.668972 0.013635 0.317393 135.220533 402.573610
64 65 73 0.302456 0.501962 0.195581 151.000182 398.882990
64 65 73 0.175616 0.798860 0.025524 164.872653 391.522445
64 65 73 0.206385 0.393329 0.400286 147.007236 407.565321
64 65 73 0.271279 0.249172 0.479550 142.480687 410.530211
64 65 73 0.660851 0.059925 0.279224 138.654072 402.416376
64 65 73 0.189656 0.354261 0.456083 142.695023 413.058568
64 65 73 0.659115 0.283932 0.056953 147.328764 394.306259
64 65 73 0.892568 0.061674 0.045758 135.203065 394.451660
65 74 73 0.506401 0.192870 0.300729 158.824760 414.966152
65 74 73 0.290775 0.184898 0.524327 151.063693 423.088382
65 74 73 0.671739 0.173014 0.155246 164.018829 406.643479
65 74 73 0.683065 0.276692 0.040243 170.326790 404.857250
65 74 73 0.388124 0.035265 0.576612 149.495510 413.491564
65 74 73 0.626575 0.163339 0.210086 164.672304 406.567063
65 74 73 0.690762 0.017612 0.291625 162.475869 399.989198
65 74 73 0.701509 0.037960 0.260531 161.380181 406.111092
65 74 73 0.383068 0.156580 0.460352 152.213067 415.781116
65 74 73 0.402975 0.053166 0.543859 150.637430 417.950326
65 66 74 0.450114 0.486173 0.063713 191.998061 393.020476
65 66 74 0.480400 0.462061 0.057538 188.930700 396.320924
65 66 74 0.035215 0.372421 0.592364 188.048155 413.317945
65 66 74 0.097858 0.561779 0.340363 191.541421 407.803961
65 66 74 0.170174 0.756710 0.073116 203.714171 396.032909
65 66 74 0.054738 0.445478 0.499784 189.819386 412.080819
65 66 74 0.705450 0.010075 0.284474 171.937360 403.836566
65 66 74 0.437522 0.220587 0.341892 179.647412 401.894208
65 66 74 0.013072 0.583687 0.403241 193.906031 409.067003
65 66 74 0.938819 0.036499 0.024681 172.511939 393.431048
66 75 74 0.074005 0.600761 0.325234 197.261488 428.924237
66 75 74 0.823617 0.094977 0.081405 206.330936 400.932081
66 75 74 0.424151 0.355140 0.220710 203.196240 413.696685
66 75 74 0.336044 0.069444 0.594512 186.982461 419.498365
66 75 74 0.093714 0.595148 0.311138 198.606098 429.994254
66 75 74 0.869844 0.094027 0.036128 212.500524 399.185580
66 75 74 0.773363 0.148339 0.078298 205.960781 405.625559
66 75 74 0.451406 0.532406 0.016189 211.419983 415.336073
66 75 74 0.782855 0.132662 0.084483 209.739516 401.456673
66 75 74 0.756765 0.111189 0.132046 206.283680 401.450440
66 67 75 0.033488 0.192812 0.773701 217.070717 420.888415
66 67 75 0.512646 0.267461 0.219893 219.830741 399.874092
66 67 75 0.782257 0.020722 0.197021 209.366146 400.929574
66 67 75 0.610170 0.239720 0.150110 220.796274 399.758768
66 67 75 0.667256 0.177316 0.155428 218.569107 398.709067
66 67 75 0.212223 0.741804 0.045973 238.923849 392.636512
66 67 75 0.489970 0.390171 0.119860 221.331631 396.747329
66 67 75 0.483277 0.139921 0.376802 214.273928 403.895447
66 67 75 0.195239 0.183159 0.621601 216.596195 416.977363
66 67 75 0.420755 0.361443 0.217802 225.487219 397.079029
67 76 75 0.772226 0.070429 0.157346 243.376239 404.067866
67 76 75 0.448584 0.250064 0.301352 237.549307 414.513004
67 76 75 0.576282 0.279703 0.144015 245.718079 408.463236
67 76 75 0.021973 0.438213 0.539814 227.503634 432.317712
67 76 75 0.012894 0.898496 0.088609 244.061033 430.496406
67 76 75 0.502356 0.043672 0.453972 230.323393 412.634351
67 76 75 0.698830 0.150300 0.150870 244.581719 403.050942
67 76 75 0.709298 0.261062 0.029640 250.149754 404.645768
67 76 75 0.135234 0.482804 0.381962 230.942767 424.186509
67 76 75 0.084700 0.490436 0.424863 232.697978 431.167156
67 68 76 0.047228 0.465503 0.487269 263.962528 410.382977
67 68 76 0.369605 0.614162 0.016233 268.084490 394.919439
67 68 76 0.921825 0.009989 0.068186 249.426441 395.115267
67 68 76 0.638332 0.356386 0.005282 260.366569 391.534841
67 68 76 0.704011 0.124920 0.171069 250.368869 398.370428
67 68 76 0.580678 0.035736 0.383586 248.050558 407.870336
67 68 76 0.107792 0.337746 0.554462 259.033667 416.626455
67 68 76 0.027864 0.746959 0.225176 276.379513 402.865746
67 68 76 0.637153 0.167140 0.195706 251.929434 400.012442
67 68 76 0.780465 0.147016 0.072518 251.174869 394.651326
68 77 76 0.418363 0.288563 0.293074 275.683352 414.711887
68 77 76 0.310336 0.550654 0.139010 277.897822 419.441371
68 77 76 0.229387 0.137864 0.632748 262.551290 423.674548
68 77 76 0.116955 0.472874 0.410171 270.690904 428.976232
68 77 76 0.663445 0.017103 0.319453 272.821491 407.814113
68 77 76 0.113534 0.060622 0.825844 257.738364 426.287220
68 77 76 0.227161 0.315327 0.457512 267.113453 425.364059
68 77 76 0.854952 0.001427 0.143621 280.547654 398.038872
68 77 76 0.646550 0.101153 0.252297 276.393339 407.027872
68 77 76 0.007512 0.834023 0.158465 277.851001 433.884287
68 69 77 0.325827 0.018664 0.655509 288.389226 419.122603
68 69 77 0.451324 0.045203 0.503473 289.883249 416.302109
68 69 77 0.525745 0.287547 0.186708 298.306419 403.413936
68 69 77 0.718901 0.182389 0.098711 294.356626 395.870114
68 69 77 0.273003 0.082822 0.644175 288.227980 419.491643
68 69 77 0.096132 0.258579 0.645288 296.368708 419.796534
68 69 77 0.164466 0.560132 0.275402 307.839556 404.068106
68 69 77 0.346489 0.201604 0.451907 296.146964 411.709642
68 69 77 0.696724 0.087437 0.215840 290.944795 402.836798
68 69 77 0.821372 0.060201 0.118427 286.615031 398.673436
69 78 77 0.968987 0.008366 0.022646 325.391305 400.204047
69 78 77 0.094607 0.600373 0.305019 315.195837 431.775439
69 78 77 0.697825 0.223518 0.078657 322.075485 405.310388
69 78 77 0.721680 0.007610 0.270711 312.716550 403.253979
69 78 77 0.804803 0.040475 0.154722 316.548254 401.016071
69 78 77 0.809941 0.126829 0.063230 324.577638 402.082831
69 78 77 0.286129 0.282954 0.430917 312.023785 423.656467
69 78 77 0.394968 0.143591 0.461441 307.544506 421.214751
69 78 77 0.720274 0.270241 0.009486 323.025609 405.666695
69 78 77 0.434035 0.430049 0.135916 323.318576 417.748210
69 70 78 0.960302 0.030901 0.008797 327.358996 398.360158
69 70 78 0.365402 0.513261 0.121336 347.745825 398.644600
69 70 78 0.774967 0.129449 0.095584 328.598767 396.832236
69 70 78 0.088723 0.135032 0.776245 333.674735 425.931773
69 70 78 0.372794 0.489802 0.137404 343.833802 400.784358
69 70 78 0.659875 0.321975 0.018150 341.464779 395.921655
69 70 78 0.674139 0.199095 0.126766 334.241976 398.709901
69 70 78 0.440416 0.092283 0.467301 330.858183 416.442892
69 70 78 0.728028 0.188294 0.083678 334.175837 398.698300
69 70 78 0.443540 0.291795 0.264665 336.232979 404.798478
70 79 78 0.708882 0.069406 0.221713 354.705005 403.253499
70 79 78 0.713697 0.083458 0.202845 357.185969 404.820465
70 79 78 0.043687 0.598626 0.357687 352.162476 431.940460
70 79 78 0.674828 0.096817 0.228355 361.506172 409.009356
70 79 78 0.625536 0.130054 0.244410 361.359649 411.686059
70 79 78 0.641284 0.195618 0.163098 363.238885 411.206337
70 79 78 0.157912 0.171748 0.670340 338.534297 429.835094
70 79 78 0.484270 0.439632 0.076098 366.836213 415.428937
70 79 78 0.366872 0.358197 0.274931 358.609027 422.278347
70 79 78 0.829378 0.125105 0.045517 363.344688 403.454074
70 71 79 0.737672 0.033376 0.228952 363.957356 405.915571
70 71 79 0.467482 0.199382 0.333136 375.051230 408.925929
70 71 79 0.421528 0.338754 0.239718 377.184988 401.802002
70 71 79 0.569268 0.069259 0.361474 371.054297 410.571060
70 71 79 0.079111 0.448893 0.471997 383.609830 413.819049
70 71 79 0.444477 0.142271 0.413252 374.477624 410.466813
70 71 79 0.233053 0.391474 0.375473 384.113121 414.903576
70 71 79 0.612371 0.165750 0.221879 373.290371 402.162657
70 71 79 0.611109 0.074086 0.314806 372.196171 409.475563
70 71 79 0.687928 0.176742 0.135329 374.827459 400.226507
71 80 79 0.832898 0.020266 0.146836 400.014248 402.805958
71 80 79 0.301628 0.164590 0.533782 387.862482 426.510482
71 80 79 0.202735 0.092690 0.704575 382.548047 431.037235
71 80 79 0.458371 0.151299 0.390330 395.921332 421.160237
71 80 79 0.584530 0.394404 0.021065 408.974220 412.639247
71 80 79 0.376593 0.536236 0.087171 409.310334 421.806282
71 80 79 0.181269 0.459000 0.359731 396.301916 430.995207
71 80 79 0.232360 0.051413 0.716227 382.522565 424.641374
71 80 79 0.689319 0.217192 0.093490 408.268813 408.069724
71 80 79 0.754925 0.106553 0.138522 405.931232 403.209840
