0 1 9 0.997647 0.001948 0.000404 125.996022 183.535527
0 1 9 0.178553 0.497530 0.323917 138.536104 188.520455
0 1 9 0.849419 0.141754 0.008827 129.725757 184.609550
0 1 9 0.195701 0.321677 0.482623 131.489134 190.646990
0 1 9 0.289837 0.117584 0.592579 126.262241 191.435477
0 1 9 0.694463 0.120172 0.185365 130.332297 190.414466
0 1 9 0.427976 0.311781 0.260243 135.697136 188.356849
0 1 9 0.674088 0.233426 0.092485 131.157351 185.847792
0 1 9 0.561158 0.227226 0.211616 130.227310 187.839519
0 1 9 0.378687 0.489917 0.131396 144.945420 187.672495
1 10 9 0.085792 0.546864 0.367344 138.157594 197.176548
1 10 9 0.680303 0.041593 0.278104 143.085350 188.203880
1 10 9 0.652385 0.048353 0.299262 141.671558 189.560433
1 10 9 0.364685 0.401711 0.233604 145.620427 191.989962
1 10 9 0.839208 0.068145 0.092646 154.669034 187.473915
1 10 9 0.893328 0.010803 0.095869 152.455769 180.871828
1 10 9 0.322152 0.366965 0.310883 142.986921 194.775433
1 10 9 0.944577 0.031616 0.023807 152.882390 184.400609
1 10 9 0.677695 0.125305 0.197000 146.711197 190.061053
1 10 9 0.711965 0.077074 0.210961 149.118471 188.396721
1 2 10 0.280053 0.580536 0.139412 173.064334 187.618691
1 2 10 0.029052 0.391337 0.579610 169.563933 188.252966
1 2 10 0.894490 0.011671 0.093838 156.905999 183.815149
1 2 10 0.956604 0.028838 0.014558 159.257095 182.180765
1 2 10 0.065121 0.550834 0.384045 169.582528 187.185056
1 2 10 0.648895 0.091192 0.259913 157.824569 189.883473
1 2 10 0.184228 0.275167 0.540605 160.972413 191.941022
1 2 10 0.228803 0.295985 0.475211 162.530564 188.660639
1 2 10 0.654977 0.147054 0.197969 159.051465 187.792525
1 2 10 0.845435 0.037590 0.116975 158.078892 187.108610
2 11 10 0.371251 0.346279 0.282471 175.549558 191.131692
2 11 10 0.070708 0.567991 0.361302 169.050126 193.267161
2 11 10 0.538035 0.267965 0.194000 178.671889 190.580483
2 11 10 0.731018 0.167767 0.101215 182.833958 186.545810
2 11 10 0.789262 0.056590 0.154148 182.716349 185.845026
2 11 10 0.312870 0.300574 0.386556 168.682381 191.007289
2 11 10 0.424791 0.123892 0.451317 168.866279 192.376148
2 11 10 0.854815 0.078062 0.067123 183.557087 182.588260
2 11 10 0.129252 0.717435 0.153313 179.137845 193.532931
2 11 10 0.422500 0.496816 0.080684 178.711912 186.646181
2 3 11 0.487198 0.137087 0.375715 186.785715 185.832225
2 3 11 0.944943 0.039784 0.015273 186.619399 182.267075
2 3 11 0.671273 0.164739 0.163988 191.792641 182.164556
2 3 11 0.441359 0.048815 0.509826 185.560687 190.178575
2 3 11 0.169674 0.531457 0.298869 202.913093 184.836766
2 3 11 0.575908 0.029091 0.395002 184.885033 186.152327
2 3 11 0.531575 0.130197 0.338227 188.372306 186.098659
2 3 11 0.953884 0.040259 0.005856 191.946750 185.319501
2 3 11 0.336284 0.132914 0.530802 189.136981 185.056958
2 3 11 0.093833 0.884648 0.021519 212.590477 182.733808
3 12 11 0.800101 0.046405 0.153495 212.459545 179.170474
3 12 11 0.170191 0.659042 0.170767 210.173514 191.036417
3 12 11 0.002981 0.045563 0.951456 185.223911 188.832933
3 12 11 0.146477 0.641198 0.212324 207.137244 189.676785
3 12 11 0.217396 0.139654 0.642949 193.663404 189.156154
3 12 11 0.481254 0.349563 0.169183 209.306444 183.482101
3 12 11 0.262121 0.529367 0.208512 209.043922 186.970394
3 12 11 0.065379 0.754004 0.180616 209.312731 188.369485
3 12 11 0.308473 0.238225 0.453302 196.909028 188.913203
3 12 11 0.117977 0.665874 0.216149 207.770022 194.816888
3 4 12 0.992976 0.001519 0.005505 220.932312 183.811663
3 4 12 0.269153 0.234518 0.496329 221.946116 185.847329
3 4 12 0.365211 0.605731 0.029057 232.473215 177.709289
3 4 12 0.309856 0.638014 0.052130 238.015959 180.863448
3 4 12 0.061262 0.096932 0.841806 220.402815 187.771139
3 4 12 0.161712 0.509348 0.328939 231.480744 187.460347
3 4 12 0.545024 0.297168 0.157808 223.585471 182.231273
3 4 12 0.719009 0.114701 0.166290 218.867690 184.987625
3 4 12 0.208017 0.348217 0.443765 225.497335 188.343046
3 4 12 0.734608 0.093501 0.171892 216.948364 184.165752
4 13 12 0.174110 0.608442 0.217447 239.240883 188.011301
4 13 12 0.430475 0.467506 0.102019 246.659420 187.866111
4 13 12 0.397573 0.329237 0.273190 242.404709 188.182620
4 13 12 0.782374 0.118978 0.098648 242.155742 182.659299
4 13 12 0.806997 0.011990 0.181013 243.200265 179.627064
4 13 12 0.172268 0.133107 0.694625 226.107003 188.590520
4 13 12 0.374712 0.451630 0.173658 240.751195 185.748192
4 13 12 0.263005 0.210703 0.526292 227.120077 190.656404
4 13 12 0.341173 0.457506 0.201320 239.799768 189.179130
4 13 12 0.203004 0.464362 0.332635 236.000865 188.424223
4 5 13 0.014942 0.392820 0.592238 259.216625 184.115589
4 5 13 0.652459 0.003555 0.343985 247.476895 180.561863
4 5 13 0.939823 0.001438 0.058739 246.041551 179.442410
4 5 13 0.024892 0.386615 0.588494 257.278833 185.184798
4 5 13 0.494199 0.184814 0.320987 255.443553 182.475864
4 5 13 0.565173 0.121454 0.313374 250.691085 180.897077
4 5 13 0.192214 0.227411 0.580374 254.147528 182.751567
4 5 13 0.384158 0.027713 0.588129 245.434779 186.644347
4 5 13 0.964473 0.020230 0.015296 245.747027 178.908230
4 5 13 0.628476 0.301987 0.069538 257.506402 182.302399
5 14 13 0.941677 0.036177 0.022146 278.362877 180.114463
5 14 13 0.163000 0.081921 0.755079 251.365927 186.970485
5 14 13 0.421701 0.122545 0.455754 264.199415 182.888829
5 14 13 0.268794 0.038666 0.692540 257.966918 182.865803
5 14 13 0.809271 0.003320 0.187409 270.976002 180.718321
5 14 13 0.551592 0.409362 0.039046 283.141803 181.825385
5 14 13 0.660981 0.290243 0.048776 279.180125 179.482588
5 14 13 0.670296 0.300997 0.028707 276.418388 183.998451
5 14 13 0.112149 0.756323 0.131528 274.016831 189.026115
5 14 13 0.036836 0.836548 0.126616 276.782461 184.575759
5 6 14 0.308278 0.597449 0.094273 299.858394 178.815700
5 6 14 0.509379 0.047719 0.442903 283.828435 179.314322
5 6 14 0.637663 0.013308 0.349029 282.238254 180.570444
5 6 14 0.930027 0.001890 0.068083 277.686418 181.080730
5 6 14 0.235447 0.265703 0.498850 286.860343 182.265016
5 6 14 0.986755 0.003478 0.009767 279.480120 179.856226
5 6 14 0.223541 0.186006 0.590452 285.686393 188.492937
5 6 14 0.790349 0.084817 0.124834 285.319566 177.940332
5 6 14 0.654688 0.079474 0.265837 283.721094 181.121585
5 6 14 0.606104 0.151122 0.242774 284.173791 181.021799
6 15 14 0.292026 0.511120 0.196855 308.290116 182.762282
6 15 14 0.240227 0.353818 0.405955 301.188832 186.813687
6 15 14 0.854575 0.021321 0.124104 309.305213 175.972430
6 15 14 0.836309 0.031637 0.132054 306.720278 180.885310
6 15 14 0.091808 0.428217 0.479975 300.338134 184.618594
6 15 14 0.611951 0.141607 0.246442 307.800791 180.427917
6 15 14 0.194905 0.548606 0.256489 307.157832 185.550468
6 15 14 0.094781 0.149388 0.755831 291.992850 188.289486
6 15 14 0.493231 0.178545 0.328224 300.660296 183.909509
6 15 14 0.339430 0.437003 0.223567 307.285920 186.209702
6 7 15 0.933444 0.036746 0.029810 313.960234 175.482416
6 7 15 0.364503 0.487590 0.147907 326.056716 180.215629
6 7 15 0.041343 0.718540 0.240117 336.897362 178.567663
6 7 15 0.971799 0.025587 0.002613 312.186125 176.680527
6 7 15 0.514040 0.107015 0.378944 315.237109 176.499517
6 7 15 0.148237 0.315824 0.535939 325.841756 177.931940
6 7 15 0.753891 0.160329 0.085779 317.890750 177.213396
6 7 15 0.474322 0.434716 0.090962 327.459885 178.127147
6 7 15 0.633421 0.316301 0.050278 322.421713 178.647728
6 7 15 0.322545 0.611979 0.065475 334.302053 177.394219
7 16 15 0.178151 0.012675 0.809174 317.614501 184.188336
7 16 15 0.866110 0.008312 0.125578 343.143101 176.613803
7 16 15 0.266440 0.178301 0.555259 326.712366 184.719685
7 16 15 0.413091 0.305063 0.281846 335.805746 179.528794
7 16 15 0.095798 0.254118 0.650084 324.999275 183.802907
7 16 15 0.947559 0.042442 0.009999 345.389846 176.005016
7 16 15 0.638528 0.085486 0.275986 339.963795 179.941146
7 16 15 0.071924 0.352553 0.575523 326.724214 187.595840
7 16 15 0.319434 0.039213 0.641353 325.761500 182.939022
7 16 15 0.650767 0.244807 0.104426 344.637571 176.378886
7 8 16 0.301348 0.069385 0.629267 350.246303 179.405613
7 8 16 0.220516 0.644110 0.135374 365.708395 176.390926
7 8 16 0.679606 0.258131 0.062263 349.551802 173.984694
7 8 16 0.289429 0.102239 0.608333 351.522399 178.747565
7 8 16 0.198378 0.081116 0.720506 353.342252 177.681614
7 8 16 0.721391 0.275374 0.003234 350.354739 172.626388
7 8 16 0.165168 0.619104 0.215728 365.849981 176.603701
7 8 16 0.671565 0.324522 0.003913 349.746723 173.868151
7 8 16 0.415076 0.024349 0.560575 348.931688 182.263397
7 8 16 0.895725 0.096958 0.007318 350.267466 172.112340
8 17 16 0.043777 0.002603 0.953621 354.267276 182.696538
8 17 16 0.791691 0.098785 0.109524 374.842633 173.414897
8 17 16 0.231912 0.734651 0.033436 379.318263 178.077382
8 17 16 0.889876 0.031683 0.078441 373.654351 174.219634
8 17 16 0.290024 0.707626 0.002351 379.768514 178.826000
8 17 16 0.831871 0.086224 0.081906 369.486183 173.699294
8 17 16 0.351669 0.609971 0.038360 382.468552 177.384522
8 17 16 0.467541 0.027070 0.505389 364.548662 176.304239
8 17 16 0.116263 0.641127 0.242610 369.864289 180.515149
8 17 16 0.098411 0.442702 0.458886 366.755542 183.758696
9 10 18 0.975014 0.003643 0.021342 117.257803 201.168751
9 10 18 0.826564 0.078209 0.095227 119.124749 198.842368
9 10 18 0.135513 0.443281 0.421205 126.593985 204.621908
9 10 18 0.583644 0.357803 0.058553 127.334860 198.751138
9 10 18 0.097258 0.217990 0.684752 116.699246 206.923550
9 10 18 0.903088 0.015353 0.081558 116.194142 197.635667
9 10 18 0.717028 0.264007 0.018965 125.531249 197.161242
9 10 18 0.307794 0.427206 0.265000 130.259427 202.873970
9 10 18 0.485219 0.125789 0.388992 120.135707 201.622710
9 10 18 0.075483 0.579529 0.344987 134.210033 203.573612
10 19 18 0.462011 0.461940 0.076048 143.746540 208.319628
10 19 18 0.762387 0.009109 0.228505 141.378796 200.618882
10 19 18 0.652610 0.146520 0.200870 141.950127 201.933779
10 19 18 0.121411 0.196384 0.682205 119.799818 213.604107
10 19 18 0.371761 0.227569 0.400670 130.811110 203.844515
10 19 18 0.667658 0.086372 0.245970 139.241830 202.347747
10 19 18 0.787897 0.126377 0.085726 146.372127 200.474579
10 19 18 0.758284 0.228484 0.013232 146.525523 198.210626
10 19 18 0.880555 0.070456 0.048989 143.370844 199.435865
10 19 18 0.696249 0.089730 0.214021 139.369699 202.269833
10 11 19 0.627903 0.340254 0.031843 155.768145 190.427617
10 11 19 0.749038 0.011567 0.239395 146.959177 198.424832
10 11 19 0.342883 0.589831 0.067286 163.106540 196.921928
10 11 19 0.843694 0.112142 0.044164 154.548982 194.302462
10 11 19 0.951487 0.045776 0.002736 155.445954 197.514601
10 11 19 0.662849 0.096357 0.240794 150.693886 202.761754
10 11 19 0.191316 0.654818 0.153867 167.591572 195.470160
10 11 19 0.745646 0.164752 0.089602 153.862094 194.381589
10 11 19 0.079619 0.812680 0.107701 174.986376 190.008219
10 11 19 0.476124 0.004793 0.519083 143.005515 205.975795
11 20 19 0.172572 0.103980 0.723449 152.622673 211.089047
11 20 19 0.896791 0.075520 0.027688 180.508362 194.151222
11 20 19 0.688216 0.208892 0.102892 178.487354 198.922747
11 20 19 0.318739 0.080319 0.600942 156.490396 208.831075
11 20 19 0.128469 0.436717 0.434814 161.108262 210.731508
11 20 19 0.495489 0.319843 0.184668 173.090559 203.972514
11 20 19 0.386008 0.083581 0.530411 155.475185 203.156628
11 20 19 0.388441 0.429205 0.182354 171.947662 201.732447
11 20 19 0.860321 0.001506 0.138172 180.089695 197.641477
11 20 19 0.646543 0.282666 0.070792 175.553395 199.605601
11 12 20 0.303961 0.241179 0.454859 186.502519 201.912465
11 12 20 0.906972 0.081502 0.011526 186.297412 193.448268
11 12 20 0.348865 0.594901 0.056234 201.590107 190.103241
11 12 20 0.456340 0.296056 0.247605 187.906654 196.229585
11 12 20 0.443476 0.053854 0.502670 181.316447 200.636256
11 12 20 0.214773 0.220418 0.564810 183.693643 202.572172
11 12 20 0.472206 0.474510 0.053284 200.011307 194.070302
11 12 20 0.560175 0.197141 0.242684 184.035843 196.546066
11 12 20 0.876120 0.043954 0.079926 180.391573 195.413963
11 12 20 0.792336 0.030144 0.177520 182.695118 195.584447
12 21 20 0.118097 0.810389 0.071513 206.306219 211.251530
12 21 20 0.826266 0.147187 0.026546 215.219461 194.101601
12 21 20 0.491799 0.032175 0.476026 195.673203 203.475895
12 21 20 0.980442 0.002009 0.017548 214.916084 190.322193
12 21 20 0.145179 0.812606 0.042215 209.050550 210.106067
12 21 20 0.141613 0.754688 0.103699 202.365780 208.670464
12 21 20 0.369136 0.172783 0.458081 191.837768 205.386332
12 21 20 0.648972 0.123647 0.227381 209.140706 198.425319
12 21 20 0.377002 0.547354 0.075644 205.844324 202.050059
12 21 20 0.451888 0.425314 0.122798 205.069628 198.795458
12 13 21 0.472367 0.119601 0.408032 217.562090 197.769228
12 13 21 0.941140 0.011149 0.047711 216.679278 193.605939
12 13 21 0.049405 0.861681 0.088914 239.872072 193.047164
12 13 21 0.935758 0.012204 0.052038 213.865068 194.958163
12 13 21 0.919103 0.022282 0.058615 218.564121 191.362356
12 13 21 0.527970 0.190774 0.281257 221.350524 197.031790
12 13 21 0.184278 0.285940 0.529782 220.622122 199.656365
12 13 21 0.824814 0.120288 0.054898 219.346991 189.665075
12 13 21 0.458857 0.518347 0.022795 233.336338 191.925892
12 13 21 0.202768 0.469061 0.328171 227.968531 201.090254
13 22 21 0.208173 0.282629 0.509198 226.495625 203.025160
13 22 21 0.462050 0.414608 0.123343 239.711807 203.216503
13 22 21 0.283186 0.065811 0.651003 217.973379 206.212968
13 22 21 0.508898 0.422412 0.068690 241.579438 200.113346
13 22 21 0.138150 0.797454 0.064396 242.382642 207.206594
13 22 21 0.072068 0.541154 0.386778 228.985280 209.444767
13 22 21 0.450944 0.496840 0.052216 240.381927 198.147153
13 22 21 0.114678 0.403054 0.482268 228.542769 201.892836
13 22 21 0.884856 0.045315 0.069829 244.845180 194.735576
13 22 21 0.642954 0.256415 0.100631 243.977115 197.571590
13 14 22 0.598676 0.189580 0.211744 250.709321 196.591932
13 14 22 0.161609 0.715768 0.122624 272.220719 193.989971
13 14 22 0.523363 0.151937 0.324700 247.467916 194.409600
13 14 22 0.149992 0.273760 0.576248 253.709525 200.387278
13 14 22 0.377366 0.063642 0.558992 247.626449 197.564302
13 14 22 0.674110 0.058411 0.267479 246.592412 197.512536
13 14 22 0.554378 0.206335 0.239287 251.165329 193.072321
13 14 22 0.848067 0.059481 0.092452 251.824247 193.965815
13 14 22 0.012191 0.452845 0.534964 258.965773 199.638106
13 14 22 0.371446 0.611284 0.017270 267.220197 189.090858
14 23 22 0.520081 0.020935 0.458984 263.927623 196.318714
14 23 22 0.208550 0.232196 0.559254 262.646193 202.084807
14 23 22 0.186352 0.428608 0.385040 264.734464 200.316294
14 23 22 0.022646 0.739114 0.238240 275.060528 204.910514
14 23 22 0.732004 0.019464 0.248531 272.995958 191.984802
14 23 22 0.862432 0.000287 0.137281 272.734708 189.284186
14 23 22 0.543483 0.285923 0.170594 273.484143 195.833691
14 23 22 0.633912 0.330799 0.035289 283.006380 192.293239
14 23 22 0.124766 0.083433 0.791801 252.380782 204.488562
14 23 22 0.973620 0.024327 0.002053 283.309273 188.009502
14 15 23 0.287824 0.642606 0.069570 301.075221 189.915551
14 15 23 0.696726 0.165795 0.137479 290.288748 192.352811
14 15 23 0.455339 0.484663 0.059997 298.380175 189.794093
14 15 23 0.009318 0.005661 0.985021 281.661235 207.756265
14 15 23 0.049577 0.677648 0.272775 304.773051 190.581933
14 15 23 0.457623 0.448905 0.093472 295.480569 188.305476
14 15 23 0.951442 0.032845 0.015714 284.147583 188.745966
14 15 23 0.672912 0.052140 0.274948 284.432682 192.509920
14 15 23 0.184541 0.622952 0.192507 300.041188 189.667486
14 15 23 0.004476 0.367743 0.627780 294.938140 200.264691
15 24 23 0.155657 0.007821 0.836522 287.716374 203.464048
15 24 23 0.375227 0.430439 0.194333 310.534965 199.240852
15 24 23 0.709342 0.176361 0.114297 315.731876 193.105930
15 24 23 0.011624 0.849083 0.139293 315.596253 206.008053
15 24 23 0.547919 0.082972 0.369109 299.898279 195.798732
15 24 23 0.018611 0.163138 0.818251 286.536017 205.341714
15 24 23 0.518576 0.002001 0.479423 297.972273 194.127641
15 24 23 0.281998 0.519936 0.198066 311.614717 204.933818
15 24 23 0.798298 0.095008 0.106694 310.130653 190.470286
15 24 23 0.468143 0.079829 0.452028 300.707089 195.642517
15 16 24 0.033656 0.462273 0.504071 335.695675 194.376959
15 16 24 0.629627 0.252449 0.117924 322.125984 185.678849
15 16 24 0.955170 0.029006 0.015823 315.572630 187.958560
15 16 24 0.042564 0.473238 0.484198 335.255981 191.505653
15 16 24 0.626651 0.236553 0.136796 321.775036 190.897461
15 16 24 0.828581 0.130657 0.040762 323.910745 185.861444
15 16 24 0.338245 0.179484 0.482271 325.871406 193.850358
15 16 24 0.686534 0.143815 0.169650 325.680764 189.082321
15 16 24 0.899628 0.081478 0.018894 317.472935 185.885898
15 16 24 0.938949 0.038181 0.022870 319.992211 187.192899
16 25 24 0.968719 0.008655 0.022626 350.776623 187.907205
16 25 24 0.003825 0.770679 0.225496 345.131127 203.551247
16 25 24 0.662601 0.273930 0.063469 350.621855 192.318886
16 25 24 0.785154 0.075446 0.139400 346.817369 186.416567
16 25 24 0.367539 0.091828 0.540633 331.329116 195.149835
16 25 24 0.932683 0.057977 0.009340 347.108447 184.803124
16 25 24 0.623178 0.123718 0.253105 342.501107 190.135976
16 25 24 0.749242 0.098369 0.152389 340.872427 186.999721
16 25 24 0.913306 0.021754 0.064941 350.860344 187.410755
16 25 24 0.097164 0.092496 0.810340 326.605434 201.366564
16 17 25 0.116947 0.314541 0.568512 362.459612 189.370473
16 17 25 0.838671 0.066468 0.094860 354.371513 189.565926
16 17 25 0.786375 0.135560 0.078065 356.757880 185.189444
16 17 25 0.997372 0.001617 0.001011 350.920194 183.229659
16 17 25 0.809987 0.085914 0.104098 351.936318 183.759221
16 17 25 0.142781 0.146742 0.710477 357.983697 196.539995
16 17 25 0.098976 0.542020 0.359005 371.700039 189.301322
16 17 25 0.157909 0.803623 0.038467 376.675543 186.170399
16 17 25 0.422652 0.527613 0.049734 369.453054 185.554289
16 17 25 0.784680 0.012515 0.202806 351.961800 189.728641
17 26 25 0.243330 0.412137 0.344534 379.348874 194.592624
17 26 25 0.726885 0.061030 0.212086 378.474138 185.599871
17 26 25 0.893475 0.052225 0.054300 383.500805 184.637265
17 26 25 0.232590 0.724963 0.042448 390.843146 197.160986
17 26 25 0.213785 0.053553 0.732663 362.399374 196.942974
17 26 25 0.282053 0.252460 0.465487 368.981815 194.887417
17 26 25 0.873820 0.011463 0.114718 378.015147 182.887766
17 26 25 0.178122 0.791059 0.030819 394.273558 194.615867
17 26 25 0.437425 0.104435 0.458140 370.904166 193.906012
17 26 25 0.567541 0.412983 0.019476 383.558878 187.887659
18 19 27 0.507832 0.290433 0.201735 113.570526 222.406900
18 19 27 0.464713 0.387742 0.147545 117.818134 219.894262
18 19 27 0.013632 0.259625 0.726743 105.382020 232.075065
18 19 27 0.089495 0.818929 0.091576 128.934200 216.646994
18 19 27 0.900271 0.032545 0.067184 105.625242 215.976407
18 19 27 0.500414 0.021833 0.477753 101.193367 230.519193
18 19 27 0.481850 0.494689 0.023462 121.549394 217.623751
18 19 27 0.902537 0.081662 0.015801 103.418827 216.349686
18 19 27 0.763365 0.159107 0.077528 111.590069 216.311462
18 19 27 0.686028 0.276077 0.037895 115.928143 215.812945
19 28 27 0.377045 0.098677 0.524278 115.644957 230.223802
19 28 27 0.962438 0.030362 0.007200 142.284989 213.551612
19 28 27 0.072946 0.798275 0.128779 124.757916 238.239101
19 28 27 0.962285 0.027181 0.010534 134.460148 216.130052
19 28 27 0.010267 0.285705 0.704027 104.649573 244.527876
19 28 27 0.824706 0.130807 0.044487 134.710151 221.129238
19 28 27 0.146193 0.092104 0.761703 104.019429 239.930592
19 28 27 0.453377 0.046220 0.500403 115.789386 226.853867
19 28 27 0.721963 0.053884 0.224153 128.391481 220.656213
19 28 27 0.518426 0.291897 0.189677 128.166768 225.604130
19 20 28 0.210361 0.715114 0.074525 164.395608 217.267510
19 20 28 0.162998 0.424999 0.412003 150.296605 224.994710
19 20 28 0.427097 0.210889 0.362014 143.711360 223.601307
19 20 28 0.978709 0.017723 0.003568 138.216709 215.348524
19 20 28 0.850079 0.025894 0.124027 142.147414 219.211445
19 20 28 0.080911 0.635312 0.283777 157.566229 221.307406
19 20 28 0.379549 0.003929 0.616522 135.084919 226.943854
19 20 28 0.215227 0.598045 0.186728 157.882518 215.475985
19 20 28 0.964735 0.019355 0.015910 135.402694 216.960888
19 20 28 0.919127 0.026066 0.054807 138.147913 213.793505
20 29 28 0.297753 0.456877 0.245370 161.170623 229.543240
20 29 28 0.019566 0.521647 0.458787 151.323922 237.254474
20 29 28 0.192050 0.153664 0.654286 143.481380 236.759839
20 29 28 0.955123 0.026329 0.018548 172.201430 211.972887
20 29 28 0.089283 0.353436 0.557281 146.534392 238.396177
20 29 28 0.804804 0.044713 0.150483 168.762367 213.991901
20 29 28 0.049242 0.190596 0.760161 140.906189 235.915048
20 29 28 0.275828 0.347525 0.376647 156.622190 231.608917
20 29 28 0.056253 0.061370 0.882378 131.648874 236.388470
20 29 28 0.623946 0.144730 0.231324 163.239569 224.591405
20 21 29 0.044868 0.200515 0.754618 178.208715 226.221808
20 21 29 0.828250 0.026442 0.145308 174.929064 217.637411
20 21 29 0.609879 0.209386 0.180735 183.114885 214.889667
20 21 29 0.714180 0.208514 0.077306 183.328709 217.210822
20 21 29 0.474781 0.063890 0.461329 172.258161 223.540985
20 21 29 0.219938 0.086041 0.694021 171.524051 226.503243
20 21 29 0.886389 0.077582 0.036029 176.886125 212.817897
20 21 29 0.665975 0.060531 0.273493 171.068086 217.402655
20 21 29 0.199509 0.015019 0.785472 172.393738 230.402344
20 21 29 0.710697 0.180111 0.109193 179.849252 217.921573
21 30 29 0.053700 0.795175 0.151125 200.223455 235.813591
21 30 29 0.872654 0.004717 0.122629 205.511923 214.725833
21 30 29 0.514128 0.322451 0.163421 202.034166 226.375975
21 30 29 0.634770 0.029839 0.335391 194.493866 218.537092
21 30 29 0.017812 0.479587 0.502601 187.853401 234.366415
21 30 29 0.942056 0.016757 0.041187 205.758836 212.387476
21 30 29 0.455080 0.336060 0.208860 198.667410 222.921643
21 30 29 0.757092 0.215669 0.027239 207.812462 214.942545
21 30 29 0.790840 0.202674 0.006486 207.795547 213.584810
21 30 29 0.443206 0.245768 0.311025 195.059140 225.395940
21 22 30 0.449937 0.445311 0.104751 222.525528 211.483518
21 22 30 0.416882 0.057119 0.525998 210.006607 218.230321
21 22 30 0.386101 0.432159 0.181740 223.242425 213.911239
21 22 30 0.016839 0.784107 0.199054 234.201906 212.049614
21 22 30 0.507396 0.454974 0.037631 223.484665 209.218526
21 22 30 0.492386 0.505738 0.001875 226.604929 209.246401
21 22 30 0.741151 0.172772 0.086077 212.192663 210.157814
21 22 30 0.398967 0.042332 0.558701 209.291833 223.543648
21 22 30 0.876534 0.022437 0.101029 207.323455 215.407488
21 22 30 0.508229 0.130420 0.361351 212.698207 221.267638
22 31 30 0.310778 0.426571 0.262651 233.411028 225.675078
22 31 30 0.547193 0.369308 0.083499 244.646576 218.646410
22 31 30 0.123222 0.875029 0.001749 242.983242 229.852282
22 31 30 0.117411 0.555340 0.327249 230.514013 227.269456
22 31 30 0.300731 0.566544 0.132725 239.787994 227.848900
22 31 30 0.990992 0.007283 0.001725 247.098354 211.544850
22 31 30 0.471632 0.490706 0.037662 242.690808 219.672661
22 31 30 0.822292 0.106604 0.071104 243.463546 213.234109
22 31 30 0.404387 0.141416 0.454197 225.763197 225.162306
22 31 30 0.738841 0.027951 0.233208 232.362287 214.359701
22 23 31 0.387794 0.293815 0.318390 256.274854 215.163088
22 23 31 0.993434 0.006315 0.000252 246.350038 205.308156
22 23 31 0.172202 0.171125 0.656673 248.708187 224.173171
22 23 31 0.952070 0.044137 0.003792 244.808623 210.670327
22 23 31 0.465568 0.392175 0.142257 261.674882 208.955484
22 23 31 0.685341 0.237856 0.076803 254.373996 210.387274
22 23 31 0.700261 0.076630 0.223109 245.850651 212.830131
22 23 31 0.887380 0.050278 0.062342 250.659521 210.054701
22 23 31 0.382823 0.330546 0.286631 257.398057 215.956566
22 23 31 0.779777 0.041830 0.178393 246.198980 211.904364
23 32 31 0.983971 0.010262 0.005767 280.898336 205.688446
23 32 31 0.624943 0.357447 0.017610 279.486717 212.182660
23 32 31 0.998576 0.001123 0.000301 282.250031 206.789393
23 32 31 0.753533 0.176940 0.069527 281.691846 212.525810
23 32 31 0.054579 0.030487 0.914934 245.788175 230.000422
23 32 31 0.735345 0.132333 0.132321 278.118625 206.135727
23 32 31 0.604541 0.031235 0.364224 268.169403 214.855607
23 32 31 0.020491 0.181647 0.797862 250.871242 231.670129
23 32 31 0.053890 0.170402 0.775708 254.258258 231.365983
23 32 31 0.886256 0.006104 0.107640 279.441726 210.661787
23 24 32 0.543465 0.162946 0.293589 287.716753 211.961894
23 24 32 0.259829 0.723199 0.016972 305.585148 208.836444
23 24 32 0.517144 0.192056 0.290799 289.560730 212.515825
23 24 32 0.738906 0.163420 0.097673 287.534484 204.265498
23 24 32 0.394323 0.561522 0.044155 303.718752 205.974750
23 24 32 0.077522 0.234897 0.687582 291.267063 222.573251
23 24 32 0.906049 0.058281 0.035670 285.462551 214.055069
23 24 32 0.927451 0.028793 0.043757 283.927544 203.331125
23 24 32 0.861062 0.057442 0.081497 286.722182 206.716073
23 24 32 0.651094 0.005734 0.343172 280.583302 212.532621
24 33 32 0.429691 0.331325 0.238984 310.021679 218.955521
24 33 32 0.748893 0.071841 0.179267 314.357153 210.960211
24 33 32 0.777174 0.211883 0.010943 316.961053 202.783595
24 33 32 0.810871 0.139080 0.050049 317.155779 208.709029
24 33 32 0.664214 0.246678 0.089107 313.472493 209.086638
24 33 32 0.272904 0.076854 0.650242 295.541038 221.633049
24 33 32 0.907107 0.058004 0.034888 316.876665 206.344504
24 33 32 0.338986 0.577226 0.083788 318.425990 217.239065
24 33 32 0.120189 0.535314 0.344497 305.813911 224.097468
24 33 32 0.205657 0.751566 0.042777 319.158509 222.039017
24 25 33 0.069190 0.289004 0.641806 329.237123 218.664596
24 25 33 0.636343 0.055200 0.308456 321.203582 211.680575
24 25 33 0.871909 0.086245 0.041847 321.110757 204.728596
24 25 33 0.398214 0.403871 0.197914 331.737143 207.458120
24 25 33 0.939009 0.056697 0.004294 321.842860 200.914193
24 25 33 0.788676 0.099505 0.111819 325.534695 208.675807
24 25 33 0.235695 0.758127 0.006178 343.508411 200.726946
24 25 33 0.539449 0.169006 0.291545 325.329993 210.342576
24 25 33 0.870478 0.068318 0.061204 317.607077 203.978691
24 25 33 0.345483 0.480283 0.174234 336.820475 208.898424
25 34 33 0.970365 0.010748 0.018886 353.816030 199.992242
25 34 33 0.663562 0.105787 0.230651 348.424359 209.968637
25 34 33 0.356735 0.342655 0.300611 349.782652 216.185340
25 34 33 0.631607 0.164214 0.204179 350.434387 213.283744
25 34 33 0.175113 0.746213 0.078674 360.162058 221.768187
25 34 33 0.249187 0.127744 0.623069 334.958291 220.799118
25 34 33 0.009308 0.214948 0.775745 332.489351 227.888592
25 34 33 0.108334 0.836370 0.055296 358.843981 222.600977
25 34 33 0.763625 0.168599 0.067776 356.230340 204.071062
25 34 33 0.869004 0.020760 0.110235 350.467650 203.433267
25 26 34 0.360527 0.372369 0.267104 375.293517 208.674180
25 26 34 0.511957 0.287113 0.200930 364.600509 204.746858
25 26 34 0.444966 0.426812 0.128222 375.212985 202.160186
25 26 34 0.416733 0.386845 0.196422 371.931452 203.815880
25 26 34 0.076799 0.051054 0.872147 362.184983 223.142345
25 26 34 0.475614 0.368801 0.155585 369.202238 201.845439
25 26 34 0.795533 0.121952 0.082515 356.260951 204.140655
25 26 34 0.376557 0.215207 0.408235 365.692478 212.931081
25 26 34 0.836244 0.097194 0.066562 357.839277 201.530956
25 26 34 0.045507 0.899907 0.054586 392.636658 200.165631
26 35 34 0.916444 0.072555 0.011001 394.978649 204.603312
26 35 34 0.751157 0.023230 0.225614 388.613081 207.276977
26 35 34 0.836811 0.032992 0.130197 391.394939 201.785959
26 35 34 0.097802 0.038289 0.863909 366.191939 220.121550
26 35 34 0.997005 0.000105 0.002890 395.503914 199.585385
26 35 34 0.344758 0.174795 0.480447 381.154694 216.674359
26 35 34 0.080523 0.893465 0.026012 398.465520 220.197840
26 35 34 0.936724 0.001085 0.062191 390.659924 201.553466
26 35 34 0.702811 0.213082 0.084107 394.783805 203.814123
26 35 34 0.406049 0.207355 0.386596 383.610774 213.554128
27 28 36 0.123070 0.818315 0.058615 123.795813 241.008872
27 28 36 0.784804 0.140722 0.074474 94.791254 243.708597
27 28 36 0.434158 0.297403 0.268439 104.423804 251.252908
27 28 36 0.931598 0.002321 0.066081 94.347750 245.768221
27 28 36 0.576803 0.068524 0.354673 92.952136 253.179687
27 28 36 0.299402 0.401379 0.299219 104.581615 251.487243
27 28 36 0.777136 0.149110 0.073753 96.797694 248.365166
27 28 36 0.774613 0.162928 0.062460 103.259019 245.841495
27 28 36 0.274781 0.127911 0.597308 94.287771 260.451565
27 28 36 0.538619 0.322009 0.139372 104.912056 246.776020
28 37 36 0.064630 0.463314 0.472056 105.889914 273.662127
28 37 36 0.210797 0.580405 0.208799 115.553407 265.765249
28 37 36 0.097269 0.410172 0.492559 105.635236 274.302899
28 37 36 0.724791 0.166838 0.108370 121.967443 247.272261
28 37 36 0.744476 0.046937 0.208588 120.651562 250.028929
28 37 36 0.805341 0.148341 0.046318 127.732470 246.018171
28 37 36 0.353396 0.200617 0.445986 109.249145 265.498310
28 37 36 0.248575 0.039030 0.712395 97.061712 265.102345
28 37 36 0.878358 0.007147 0.114494 128.189316 243.198370
28 37 36 0.038336 0.648885 0.312779 111.189811 271.718716
28 29 37 0.665226 0.156262 0.178513 128.921801 244.942182
28 29 37 0.108633 0.195154 0.696213 132.903776 262.281024
28 29 37 0.273669 0.547372 0.178960 153.435408 243.890031
28 29 37 0.486202 0.283825 0.229973 139.850183 245.528929
28 29 37 0.310479 0.550752 0.138769 153.869912 240.679544
28 29 37 0.226149 0.403468 0.370383 145.286243 252.460991
28 29 37 0.679674 0.167125 0.153201 137.342888 246.943981
28 29 37 0.321075 0.550553 0.128372 148.358550 243.055155
28 29 37 0.028989 0.545433 0.425578 149.371125 255.293934
28 29 37 0.540266 0.220209 0.239526 138.146163 243.604694
29 38 37 0.639162 0.274183 0.086656 162.893108 248.781641
29 38 37 0.150560 0.513042 0.336397 151.425476 264.056746
29 38 37 0.979722 0.010586 0.009692 167.810342 237.378917
29 38 37 0.881419 0.073860 0.044721 167.265263 237.103450
29 38 37 0.866392 0.092336 0.041272 166.779847 242.475302
29 38 37 0.854089 0.036254 0.109657 161.566689 240.719729
29 38 37 0.100895 0.366929 0.532175 143.613486 267.274272
29 38 37 0.182855 0.328439 0.488706 145.518509 262.395739
29 38 37 0.880494 0.032579 0.086927 166.944321 243.277920
29 38 37 0.567149 0.076823 0.356028 154.798820 256.625216
29 30 38 0.065360 0.682062 0.252577 191.830546 241.623505
29 30 38 0.000994 0.208346 0.790660 170.244897 262.426698
29 30 38 0.074205 0.726190 0.199605 193.096558 245.566510
29 30 38 0.976605 0.010855 0.012540 170.327916 236.444949
29 30 38 0.112851 0.125494 0.761655 169.135686 259.116615
29 30 38 0.702236 0.154968 0.142796 171.412734 240.639145
29 30 38 0.974692 0.001688 0.023620 169.825673 242.787617
29 30 38 0.284094 0.196898 0.519008 169.800359 257.284618
29 30 38 0.148733 0.029073 0.822195 160.783728 265.237460
29 30 38 0.330539 0.309285 0.360176 175.778913 252.129205
30 39 38 0.949252 0.003095 0.047653 206.444478 232.177744
30 39 38 0.326830 0.669722 0.003448 204.121891 257.988488
30 39 38 0.076072 0.421821 0.502107 182.050245 268.575479
30 39 38 0.186430 0.262598 0.550972 179.602360 263.522685
30 39 38 0.678655 0.013552 0.307793 192.582658 245.025652
30 39 38 0.131579 0.163713 0.704709 174.995301 268.028358
30 39 38 0.100588 0.297206 0.602206 179.045448 267.436975
30 39 38 0.669710 0.186371 0.143920 198.183841 247.218556
30 39 38 0.763645 0.106384 0.129971 202.970137 243.154627
30 39 38 0.307149 0.408851 0.284000 190.468846 261.250445
30 31 39 0.832344 0.118521 0.049135 210.273379 237.149930
30 31 39 0.822650 0.009897 0.167453 205.928375 238.920211
30 31 39 0.051240 0.717418 0.231342 233.263142 237.635417
30 31 39 0.753532 0.031378 0.215091 202.802565 244.215417
30 31 39 0.950692 0.002311 0.046997 206.124800 238.294201
30 31 39 0.922631 0.049483 0.027886 204.273193 238.483230
30 31 39 0.171197 0.815891 0.012912 236.678982 236.920511
30 31 39 0.360515 0.270155 0.369330 212.352192 245.548694
30 31 39 0.007387 0.714110 0.278503 232.265400 243.891703
30 31 39 0.490908 0.019575 0.489516 205.065171 249.934693
31 40 39 0.393984 0.099001 0.507015 223.424916 255.273832
31 40 39 0.641676 0.234466 0.123858 235.676464 244.357734
31 40 39 0.756993 0.047422 0.195584 236.538206 239.901363
31 40 39 0.755035 0.159084 0.085880 243.874206 240.555378
31 40 39 0.454492 0.404902 0.140607 237.945222 248.966592
31 40 39 0.335997 0.598528 0.065475 238.571510 256.806817
31 40 39 0.854821 0.110100 0.035080 242.306117 234.489581
31 40 39 0.968136 0.001000 0.030864 242.159364 232.594970
31 40 39 0.545798 0.367655 0.086547 237.335438 249.630338
31 40 39 0.723502 0.171379 0.105119 235.928486 244.757350
31 32 40 0.960720 0.015134 0.024147 240.932006 228.592847
31 32 40 0.911435 0.062107 0.026458 243.642133 231.145437
31 32 40 0.501261 0.168958 0.329781 249.178273 236.362691
31 32 40 0.340292 0.617616 0.042092 264.769634 231.162884
31 32 40 0.630349 0.337534 0.032117 255.185132 229.931404
31 32 40 0.032696 0.557883 0.409421 262.528396 243.886041
31 32 40 0.480222 0.347295 0.172483 255.123264 238.299973
31 32 40 0.943198 0.033456 0.023346 246.079063 234.437232
31 32 40 0.677202 0.004300 0.318497 241.177304 239.218264
31 32 40 0.332043 0.003083 0.664874 241.786391 253.807110
32 41 40 0.990791 0.002439 0.006770 283.853353 230.672896
32 41 40 0.016002 0.485221 0.498777 263.195097 264.924032
32 41 40 0.646718 0.247178 0.106104 279.066616 242.714244
32 41 40 0.136887 0.100670 0.762443 252.341815 264.113639
32 41 40 0.626961 0.087706 0.285333 269.374734 245.627623
32 41 40 0.253535 0.079056 0.667409 257.869376 253.718377
32 41 40 0.810359 0.142763 0.046878 280.915638 234.407937
32 41 40 0.327127 0.644788 0.028085 281.960046 253.073275
32 41 40 0.543585 0.420996 0.035419 279.117112 246.730865
32 41 40 0.255017 0.734947 0.010036 286.651019 252.250261
32 33 41 0.786500 0.081308 0.132192 287.368369 232.448880
32 33 41 0.758803 0.049310 0.191887 285.712040 239.690589
32 33 41 0.950547 0.012842 0.036610 284.030720 233.078452
32 33 41 0.488632 0.279438 0.231931 292.751042 233.318851
32 33 41 0.405490 0.522220 0.072289 299.679048 232.199547
32 33 41 0.772531 0.186035 0.041434 290.267455 227.989483
32 33 41 0.882413 0.005945 0.111642 283.242365 235.703360
32 33 41 0.930164 0.044768 0.025068 286.571022 230.870925
32 33 41 0.302314 0.010237 0.687449 285.068934 251.790512
32 33 41 0.498923 0.042185 0.458892 285.274207 241.361650
33 42 41 0.387203 0.244268 0.368529 310.492919 250.468027
33 42 41 0.200851 0.683116 0.116033 319.023894 255.934833
33 42 41 0.002808 0.953052 0.044140 321.365843 258.918037
33 42 41 0.022435 0.951836 0.025729 325.092794 259.632115
33 42 41 0.233027 0.327344 0.439629 308.273736 256.087045
33 42 41 0.125958 0.422724 0.451318 305.867349 259.364738
33 42 41 0.555408 0.328820 0.115773 321.076678 242.146657
33 42 41 0.308142 0.179048 0.512810 304.247417 250.562397
33 42 41 0.184139 0.655329 0.160532 316.867294 253.445777
33 42 41 0.382349 0.616396 0.001255 321.602043 245.094156
33 34 42 0.185358 0.608519 0.206123 348.277120 231.193270
33 34 42 0.676752 0.191898 0.131350 334.637250 233.682185
33 34 42 0.884338 0.063294 0.052368 326.093521 231.336571
33 34 42 0.330592 0.561603 0.107805 342.751183 227.656586
33 34 42 0.592428 0.277606 0.129965 337.640421 230.245723
33 34 42 0.250905 0.664584 0.084511 349.782841 229.441854
33 34 42 0.273664 0.553624 0.172712 346.254327 230.697224
33 34 42 0.533639 0.248813 0.217548 335.797270 232.574759
33 34 42 0.637723 0.163268 0.199009 330.651634 232.718046
33 34 42 0.844514 0.135057 0.020428 327.852382 227.301436
34 43 42 0.673297 0.058542 0.268161 352.702864 237.102916
34 43 42 0.646692 0.223559 0.129749 357.149069 235.735686
34 43 42 0.797856 0.061091 0.141053 358.954438 233.027065
34 43 42 0.754936 0.230051 0.015013 363.579381 234.059807
34 43 42 0.064145 0.515740 0.420114 351.121511 254.186776
34 43 42 0.600207 0.007577 0.392216 350.166088 241.198652
34 43 42 0.213945 0.505174 0.280881 356.623364 252.848897
34 43 42 0.022676 0.846230 0.131095 361.005504 253.214566
34 43 42 0.041795 0.689710 0.268495 361.047289 258.951525
34 43 42 0.612967 0.078713 0.308321 351.525185 237.701690
34 35 43 0.750944 0.226101 0.022955 372.441881 221.331468
34 35 43 0.196967 0.248073 0.554960 379.586647 244.764756
34 35 43 0.531095 0.426926 0.041979 382.500241 230.310344
34 35 43 0.032242 0.184440 0.783319 375.234475 252.405587
34 35 43 0.668145 0.317969 0.013886 374.186198 226.355662
34 35 43 0.094803 0.808730 0.096467 393.295125 227.919033
34 35 43 0.131159 0.143703 0.725138 372.775519 248.828925
34 35 43 0.634593 0.070584 0.294822 368.848921 234.823055
34 35 43 0.033411 0.596628 0.369961 386.997074 237.285626
34 35 43 0.025690 0.792318 0.181992 394.597318 227.899814
35 44 43 0.140193 0.817674 0.042133 410.656957 249.766612
35 44 43 0.090523 0.296388 0.613089 384.103556 256.578579
35 44 43 0.230800 0.208397 0.560803 387.042332 249.973191
35 44 43 0.365456 0.381735 0.252809 399.322474 246.051460
35 44 43 0.057852 0.861565 0.080584 405.826343 256.025812
35 44 43 0.838518 0.008179 0.153302 396.149701 227.515685
35 44 43 0.165124 0.514605 0.320270 396.160140 252.288767
35 44 43 0.845874 0.150500 0.003626 405.239214 228.427724
35 44 43 0.262376 0.130884 0.606740 384.138102 249.963649
35 44 43 0.779971 0.113262 0.106767 399.886620 225.448757
36 37 45 0.936834 0.006048 0.057119 86.111239 276.066698
36 37 45 0.442938 0.005803 0.551259 83.486336 297.653586
36 37 45 0.439656 0.413150 0.147194 100.958825 282.263580
36 37 45 0.061067 0.379083 0.559851 96.351039 296.568865
36 37 45 0.354596 0.096436 0.548968 84.836385 296.219704
36 37 45 0.345780 0.206007 0.448213 93.316169 292.048618
36 37 45 0.885611 0.060509 0.053880 91.437079 276.207669
36 37 45 0.935298 0.040598 0.024104 87.608495 275.438497
36 37 45 0.802484 0.036516 0.161000 87.949829 282.510470
36 37 45 0.835461 0.032169 0.132369 86.027612 276.906693
37 46 45 0.288982 0.140256 0.570762 99.504150 299.237296
37 46 45 0.832749 0.001496 0.165755 114.625923 279.862548
37 46 45 0.337929 0.655315 0.006756 119.787370 299.188920
37 46 45 0.134946 0.031190 0.833864 89.904562 304.144535
37 46 45 0.307824 0.389851 0.302324 106.734928 301.747336
37 46 45 0.905250 0.054286 0.040465 120.618291 276.809739
37 46 45 0.680732 0.066178 0.253090 114.090529 284.997390
37 46 45 0.554708 0.361599 0.083694 122.892630 288.968803
37 46 45 0.396725 0.103139 0.500136 102.516472 298.453956
37 46 45 0.877098 0.042783 0.080118 122.097209 277.099563
37 38 46 0.847628 0.128275 0.024097 130.929672 271.051878
37 38 46 0.023268 0.370876 0.605856 137.376957 294.496877
37 38 46 0.370953 0.083545 0.545502 122.222826 295.021056
37 38 46 0.400970 0.251359 0.347672 134.207988 287.107103
37 38 46 0.063669 0.119984 0.816347 127.857670 303.715328
37 38 46 0.733352 0.001489 0.265159 121.238790 285.874336
37 38 46 0.070970 0.542618 0.386413 141.534214 284.709472
37 38 46 0.512274 0.002001 0.485726 125.099031 291.304932
37 38 46 0.570223 0.097936 0.331841 127.133627 287.517346
37 38 46 0.463499 0.358942 0.177559 139.241787 279.934010
38 47 46 0.653249 0.264807 0.081943 153.493180 286.419248
38 47 46 0.440367 0.321670 0.237963 150.988295 292.956183
38 47 46 0.992826 0.004643 0.002531 161.904681 271.917349
38 47 46 0.980749 0.003211 0.016039 162.437472 272.568418
38 47 46 0.507510 0.061859 0.430630 147.661084 293.060639
38 47 46 0.043011 0.349812 0.607176 135.471883 313.129038
38 47 46 0.806695 0.070120 0.123185 156.700426 275.951892
38 47 46 0.907734 0.087082 0.005184 160.902365 275.549024
38 47 46 0.655052 0.224531 0.120417 152.722110 285.827139
38 47 46 0.728154 0.064937 0.206908 155.651950 284.639485
38 39 47 0.004722 0.144955 0.850324 167.858250 304.588717
38 39 47 0.034994 0.756996 0.208010 193.609070 278.953270
38 39 47 0.970290 0.016845 0.012866 159.633001 271.127016
38 39 47 0.145666 0.536914 0.317420 184.933184 283.274205
38 39 47 0.581652 0.152240 0.266107 166.979780 282.045578
38 39 47 0.688610 0.056468 0.254923 165.580129 282.434758
38 39 47 0.363136 0.550774 0.086089 187.842181 272.594709
38 39 47 0.701518 0.060520 0.237963 165.357924 277.343215
38 39 47 0.449837 0.420923 0.129240 178.902707 275.961160
38 39 47 0.665987 0.254219 0.079794 169.950927 273.801332
39 48 47 0.794727 0.118293 0.086980 197.902177 273.977441
39 48 47 0.171629 0.736965 0.091406 198.810026 301.952194
39 48 47 0.832133 0.006115 0.161753 196.639407 273.958140
39 48 47 0.966481 0.006522 0.026997 202.313669 273.217458
39 48 47 0.317527 0.464370 0.218103 191.787567 295.731759
39 48 47 0.743435 0.088679 0.167886 192.699547 278.028501
39 48 47 0.577745 0.144161 0.278094 190.250347 288.714119
39 48 47 0.274488 0.628522 0.096990 196.186301 295.096069
39 48 47 0.053865 0.121599 0.824536 165.317077 306.489496
39 48 47 0.483959 0.417025 0.099015 193.868458 290.978085
39 40 48 0.567167 0.038945 0.393888 201.179441 288.409971
39 40 48 0.628266 0.340747 0.030987 213.312290 268.671703
39 40 48 0.568311 0.380591 0.051097 219.055663 272.754926
39 40 48 0.595978 0.016440 0.387583 201.741289 282.250276
39 40 48 0.881127 0.003099 0.115774 202.861460 275.546959
39 40 48 0.511051 0.156218 0.332731 207.107090 281.265748
39 40 48 0.573227 0.162389 0.264384 205.339856 278.530488
39 40 48 0.803800 0.173309 0.022891 212.384551 267.909235
39 40 48 0.665286 0.286635 0.048079 216.600396 268.369085
39 40 48 0.331053 0.172570 0.496377 208.993325 289.790851
40 49 48 0.127248 0.731607 0.141145 238.440974 305.293834
40 49 48 0.219037 0.288819 0.492144 224.515191 299.634056
40 49 48 0.413813 0.029676 0.556512 215.748025 294.224095
40 49 48 0.532044 0.323254 0.144702 231.836125 285.678009
40 49 48 0.946068 0.032803 0.021129 245.355228 270.595270
40 49 48 0.326214 0.585916 0.087870 239.626956 293.773895
40 49 48 0.534792 0.308160 0.157048 237.197920 287.425600
40 49 48 0.180240 0.545000 0.274760 233.855749 301.813603
40 49 48 0.287128 0.160566 0.552306 218.336952 300.614482
40 49 48 0.493243 0.075381 0.431376 222.951422 288.436658
40 41 49 0.309641 0.331647 0.358711 259.591560 281.976095
40 41 49 0.783100 0.204213 0.012687 252.101600 267.011443
40 41 49 0.043647 0.670954 0.285399 271.245235 276.552335
40 41 49 0.893902 0.101175 0.004923 247.397359 265.919500
40 41 49 0.840450 0.002945 0.156605 243.544549 271.728493
40 41 49 0.066115 0.679566 0.254319 271.559016 275.565295
40 41 49 0.147172 0.726378 0.126449 272.514411 270.210385
40 41 49 0.708072 0.049182 0.242746 244.475526 276.420619
40 41 49 0.145732 0.418862 0.435407 257.394005 282.505017
40 41 49 0.809769 0.188566 0.001664 250.604322 263.876758
41 50 49 0.630255 0.257518 0.112227 280.439523 277.318460
41 50 49 0.261001 0.210475 0.528525 264.839885 292.236424
41 50 49 0.595575 0.066552 0.337873 268.313655 283.900030
41 50 49 0.679781 0.317923 0.002296 287.481523 280.117903
41 50 49 0.899090 0.031212 0.069698 281.765454 269.450604
41 50 49 0.118254 0.459788 0.421958 266.637716 297.397257
41 50 49 0.243663 0.166413 0.589924 260.187997 296.484574
41 50 49 0.680777 0.210038 0.109185 278.859282 276.861586
41 50 49 0.523542 0.046466 0.429992 267.429210 283.232223
41 50 49 0.824545 0.115775 0.059680 283.067475 270.693277
41 42 50 0.213650 0.608437 0.177913 312.163351 267.800117
41 42 50 0.931921 0.035827 0.032252 288.259252 264.641772
41 42 50 0.802172 0.048978 0.148850 288.384379 265.327799
41 42 50 0.786546 0.184786 0.028668 292.514446 266.076036
41 42 50 0.091359 0.773282 0.135360 316.514231 265.637104
41 42 50 0.267639 0.394995 0.337366 301.639350 276.965367
41 42 50 0.036666 0.702216 0.261118 314.702390 270.979825
41 42 50 0.083867 0.622186 0.293947 313.694136 277.895280
41 42 50 0.489155 0.016932 0.493913 283.913272 285.140139
41 42 50 0.231579 0.333873 0.434548 300.776535 284.128974
42 51 50 0.866352 0.077524 0.056124 320.908161 264.907142
42 51 50 0.923233 0.059351 0.017416 324.836159 262.877399
42 51 50 0.735025 0.210884 0.054090 322.456955 270.185075
42 51 50 0.451594 0.358323 0.190083 319.674252 285.355107
42 51 50 0.968849 0.003286 0.027865 324.443177 264.216530
42 51 50 0.913083 0.056169 0.030748 325.670689 263.837361
42 51 50 0.952114 0.035097 0.012789 327.307699 264.490417
42 51 50 0.237308 0.514389 0.248303 319.435847 298.836094
42 51 50 0.409827 0.153345 0.436828 313.855599 286.639227
42 51 50 0.647623 0.245076 0.107301 322.706014 278.120394
42 43 51 0.092740 0.055592 0.851668 329.795763 295.351320
42 43 51 0.773110 0.053145 0.173746 332.200228 264.849535
42 43 51 0.772913 0.214143 0.012944 336.681702 258.915235
42 43 51 0.633811 0.252560 0.113629 339.055676 268.039919
42 43 51 0.253034 0.579672 0.167294 351.518756 265.539233
42 43 51 0.214584 0.692919 0.092497 355.642656 265.438242
42 43 51 0.218341 0.691624 0.090035 355.968756 263.234405
42 43 51 0.064653 0.249003 0.686344 338.207692 288.692616
42 43 51 0.902866 0.023826 0.073308 326.847896 263.528832
42 43 51 0.072991 0.738254 0.188755 357.231301 265.028727
43 52 51 0.491225 0.226116 0.282659 363.498206 282.579577
43 52 51 0.639583 0.119244 0.241174 361.097012 272.996760
43 52 51 0.899528 0.091894 0.008578 369.366980 259.507650
43 52 51 0.881121 0.028233 0.090646 363.433182 265.680997
43 52 51 0.896492 0.043128 0.060380 366.932862 259.124983
43 52 51 0.783147 0.130214 0.086639 366.468884 272.349296
43 52 51 0.790347 0.142224 0.067429 369.350123 267.364694
43 52 51 0.031950 0.796051 0.171999 364.507425 298.203948
43 52 51 0.493233 0.408010 0.098758 373.576093 280.894518
43 52 51 0.876318 0.092173 0.031509 368.893213 264.274691
43 44 52 0.060216 0.378159 0.561625 388.983502 282.252709
43 44 52 0.899753 0.021640 0.078608 370.814626 265.918644
43 44 52 0.870274 0.045426 0.084300 371.510372 261.143031
43 44 52 0.295806 0.654294 0.049900 399.857746 260.984685
43 44 52 0.048988 0.047851 0.903161 373.764559 300.931292
43 44 52 0.775470 0.055689 0.168840 369.966359 265.958940
43 44 52 0.181100 0.707004 0.111896 401.060275 260.059034
43 44 52 0.420314 0.410038 0.169648 385.905483 262.828063
43 44 52 0.043725 0.350766 0.605510 390.176641 281.691298
43 44 52 0.298350 0.371278 0.330372 387.381752 275.364412
44 53 52 0.830341 0.002152 0.167507 408.479867 263.470165
44 53 52 0.780859 0.212065 0.007075 416.754794 263.753734
44 53 52 0.975228 0.018760 0.006012 414.329794 254.498017
44 53 52 0.456010 0.418999 0.124991 407.264694 280.082539
44 53 52 0.677794 0.224890 0.097316 412.286427 271.437371
44 53 52 0.168053 0.267338 0.564609 392.598548 294.302142
44 53 52 0.070385 0.799669 0.129945 413.337847 299.012703
44 53 52 0.150786 0.484136 0.365078 402.192830 293.943995
44 53 52 0.888412 0.015626 0.095963 410.408536 260.991992
44 53 52 0.185121 0.378823 0.436056 401.146893 293.417645
45 46 54 0.888790 0.078085 0.033125 85.664833 315.702552
45 46 54 0.963109 0.006076 0.030814 79.354724 316.107581
45 46 54 0.987215 0.003214 0.009571 82.817497 312.287420
45 46 54 0.433503 0.146500 0.419997 81.617453 333.498362
45 46 54 0.926349 0.034913 0.038738 81.799303 318.774059
45 46 54 0.301437 0.367974 0.330589 94.780583 328.387463
45 46 54 0.832744 0.013679 0.153576 80.394566 322.466615
45 46 54 0.053608 0.483231 0.463161 98.976460 336.227196
45 46 54 0.831374 0.012263 0.156363 82.013828 322.936345
45 46 54 0.127669 0.157358 0.714973 85.943578 343.958005
46 55 54 0.859806 0.068944 0.071250 116.779224 317.985258
46 55 54 0.875203 0.023063 0.101734 116.927964 319.407964
46 55 54 0.695520 0.226673 0.077807 117.623663 325.430706
46 55 54 0.983657 0.014431 0.001912 119.408987 313.275168
46 55 54 0.180654 0.500988 0.318358 104.838261 345.547382
46 55 54 0.500618 0.283211 0.216171 112.045592 340.164568
46 55 54 0.877687 0.095525 0.026787 120.527313 315.606873
46 55 54 0.321872 0.500416 0.177713 112.869340 342.638256
46 55 54 0.254050 0.336373 0.409577 104.872290 343.434456
46 55 54 0.037908 0.531003 0.431089 102.964642 354.248561
46 47 55 0.103625 0.260522 0.635853 127.228739 338.913429
46 47 55 0.410938 0.546181 0.042881 143.879358 317.078956
46 47 55 0.422111 0.438013 0.139876 137.575116 317.645082
46 47 55 0.217525 0.579600 0.202875 147.841487 320.576233
46 47 55 0.983955 0.014612 0.001433 121.205107 313.140534
46 47 55 0.722706 0.018151 0.259143 117.826441 326.134897
46 47 55 0.179898 0.624785 0.195318 146.183538 321.684758
46 47 55 0.701524 0.241011 0.057465 131.304758 312.446363
46 47 55 0.949139 0.039304 0.011556 122.870314 311.380132
46 47 55 0.816416 0.026788 0.156797 117.482776 321.797630
47 56 55 0.073781 0.659502 0.266716 149.018531 351.717410
47 56 55 0.203757 0.656330 0.139912 153.928812 347.082872
47 56 55 0.781535 0.169520 0.048944 159.883996 317.072977
47 56 55 0.530336 0.423933 0.045731 161.882622 332.503082
47 56 55 0.398866 0.181282 0.419851 146.695691 341.719473
47 56 55 0.659451 0.294653 0.045896 160.542408 328.263588
47 56 55 0.381107 0.300410 0.318483 145.291702 337.627805
47 56 55 0.477185 0.447799 0.075016 153.805112 331.962026
47 56 55 0.820928 0.131510 0.047562 160.222471 320.332422
47 56 55 0.636265 0.144977 0.218759 151.722717 329.598951
47 48 56 0.925251 0.050587 0.024162 160.422201 315.399178
47 48 56 0.206908 0.621831 0.171260 185.553899 318.898742
47 48 56 0.947031 0.043317 0.009652 164.010352 310.950912
47 48 56 0.154881 0.651938 0.193181 184.067438 319.499368
47 48 56 0.254376 0.453971 0.291653 176.789883 321.440738
47 48 56 0.556408 0.280810 0.162782 169.662493 317.019650
47 48 56 0.120072 0.047344 0.832584 162.447056 351.864970
47 48 56 0.931727 0.031633 0.036639 163.996909 311.731904
47 48 56 0.162653 0.436125 0.401222 178.112418 329.435021
47 48 56 0.451112 0.169658 0.379230 167.760240 330.599884
48 57 56 0.051262 0.210458 0.738280 173.544253 356.865932
48 57 56 0.562481 0.317476 0.120043 193.304407 329.202697
48 57 56 0.407542 0.280535 0.311923 191.587357 338.420843
48 57 56 0.246958 0.646937 0.106105 197.560977 343.372150
48 57 56 0.371650 0.348488 0.279862 188.611115 337.128457
48 57 56 0.562410 0.360001 0.077589 200.449207 328.743515
48 57 56 0.306794 0.690934 0.002272 201.792196 339.404679
48 57 56 0.403339 0.164503 0.432158 184.335410 337.222002
48 57 56 0.560415 0.411694 0.027891 205.026527 325.850954
48 57 56 0.871908 0.091780 0.036312 198.897276 314.481302
48 49 57 0.284287 0.093442 0.622271 204.714052 335.973578
48 49 57 0.489773 0.228129 0.282098 210.017136 321.000620
48 49 57 0.422072 0.479299 0.098629 217.299797 310.291898
48 49 57 0.821025 0.070170 0.108805 203.642608 313.175025
48 49 57 0.660388 0.207637 0.131975 206.177458 314.508208
48 49 57 0.736207 0.065319 0.198474 201.653345 317.780314
48 49 57 0.840355 0.002522 0.157123 200.028370 319.911090
48 49 57 0.695757 0.022876 0.281367 205.353282 323.042806
48 49 57 0.764552 0.227133 0.008315 207.194878 309.937191
48 49 57 0.318883 0.034583 0.646534 203.531557 333.655166
49 58 57 0.794896 0.076836 0.128268 238.820222 317.830901
49 58 57 0.266655 0.476390 0.256955 231.718598 338.170414
49 58 57 0.495567 0.204731 0.299703 231.944958 330.281307
49 58 57 0.138532 0.655770 0.205698 235.478109 342.865614
49 58 57 0.418873 0.337297 0.243830 234.428984 333.665807
49 58 57 0.771565 0.224227 0.004208 243.848763 317.560826
49 58 57 0.190336 0.265307 0.544357 225.018953 339.278030
49 58 57 0.624957 0.338948 0.036095 240.506132 323.000223
49 58 57 0.861147 0.096327 0.042526 239.202098 310.745488
49 58 57 0.570304 0.302982 0.126714 237.803278 324.778245
49 50 58 0.251247 0.598871 0.149882 270.846472 309.496304
49 50 58 0.511120 0.454628 0.034252 262.861902 306.966301
49 50 58 0.442558 0.301292 0.256150 254.568827 317.321229
49 50 58 0.936042 0.024607 0.039351 242.909111 312.906035
49 50 58 0.856433 0.037910 0.105658 242.770920 311.995730
49 50 58 0.437933 0.230995 0.331071 256.076161 320.226351
49 50 58 0.809436 0.145188 0.045376 250.139567 309.121249
49 50 58 0.714429 0.112606 0.172965 250.088403 314.882895
49 50 58 0.891299 0.019214 0.089487 245.985528 309.957606
49 50 58 0.363645 0.116614 0.519740 250.178828 331.016671
50 59 58 0.135057 0.276599 0.588343 265.561794 345.547759
50 59 58 0.557376 0.332378 0.110246 284.183870 323.131546
50 59 58 0.169601 0.742377 0.088022 288.147797 337.402186
50 59 58 0.173551 0.023796 0.802653 254.154685 339.211675
50 59 58 0.904839 0.042445 0.052716 282.587948 310.796360
50 59 58 0.484068 0.322875 0.193058 279.351418 329.231272
50 59 58 0.149916 0.501553 0.348531 270.939362 344.965606
50 59 58 0.176919 0.187764 0.635317 258.109400 340.831074
50 59 58 0.762411 0.051032 0.186557 280.032774 316.544315
50 59 58 0.599033 0.013721 0.387246 266.920912 324.386232
50 51 59 0.235532 0.283093 0.481374 303.609399 323.457676
50 51 59 0.944642 0.008678 0.046680 284.418300 306.055149
50 51 59 0.052837 0.209962 0.737201 297.941357 338.232464
50 51 59 0.058975 0.877361 0.063664 329.436408 306.894043
50 51 59 0.486510 0.484932 0.028559 310.447204 304.865736
50 51 59 0.044105 0.788977 0.166918 323.693556 306.797236
50 51 59 0.480639 0.235225 0.284136 297.034473 317.591966
50 51 59 0.518970 0.228443 0.252587 295.192300 316.534947
50 51 59 0.518410 0.407965 0.073625 304.078445 306.403002
50 51 59 0.242610 0.504124 0.253265 310.644322 311.634296
51 60 59 0.997495 0.001834 0.000671 328.942433 302.661721
51 60 59 0.532086 0.328215 0.139699 325.174122 323.153497
51 60 59 0.363874 0.334408 0.301718 321.275352 333.427194
51 60 59 0.986267 0.001787 0.011946 330.820410 304.988095
51 60 59 0.221604 0.020847 0.757549 300.498396 334.945637
51 60 59 0.682107 0.188054 0.129838 326.193895 318.080842
51 60 59 0.779204 0.109316 0.111480 327.273429 314.371034
51 60 59 0.918093 0.073866 0.008041 330.806948 308.728804
51 60 59 0.663932 0.264031 0.072036 330.020908 316.928739
51 60 59 0.510691 0.251154 0.238154 321.014152 322.876750
51 52 60 0.551223 0.075860 0.372917 335.913993 317.833135
51 52 60 0.745172 0.031484 0.223344 333.171102 315.078762
51 52 60 0.596867 0.108798 0.294335 332.687559 314.342783
51 52 60 0.413709 0.443825 0.142466 353.663955 309.001121
51 52 60 0.032212 0.941654 0.026134 371.368660 300.439766
51 52 60 0.829030 0.083089 0.087880 334.939816 306.078831
51 52 60 0.372279 0.265149 0.362572 340.514231 317.735959
51 52 60 0.490188 0.450301 0.059512 348.774142 304.968644
51 52 60 0.757166 0.071321 0.171513 335.941645 311.977696
51 52 60 0.520787 0.042706 0.436508 333.708326 323.484388
52 61 60 0.671311 0.217683 0.111006 373.768448 314.548054
52 61 60 0.285372 0.706666 0.007962 375.784173 333.888904
52 61 60 0.505535 0.158004 0.336460 362.796196 322.502103
52 61 60 0.775736 0.025705 0.198559 362.717704 315.475291
52 61 60 0.743912 0.239502 0.016586 371.821981 314.689383
52 61 60 0.573169 0.128428 0.298403 362.274353 322.557306
52 61 60 0.221294 0.328474 0.450232 355.144593 341.948907
52 61 60 0.542134 0.364540 0.093326 374.589259 323.224246
52 61 60 0.095830 0.318409 0.585761 353.185212 344.996016
52 61 60 0.106127 0.563890 0.329982 361.174841 341.589599
52 53 61 0.131860 0.785712 0.082428 409.928155 303.801012
52 53 61 0.866290 0.080475 0.053235 379.287222 307.495334
52 53 61 0.546335 0.249937 0.203728 383.979459 311.821426
52 53 61 0.575595 0.121306 0.303099 381.305882 314.660863
52 53 61 0.303014 0.004921 0.692064 376.301500 334.790116
52 53 61 0.148007 0.050361 0.801631 378.894897 337.485545
52 53 61 0.787770 0.003680 0.208550 374.139888 307.714394
52 53 61 0.620736 0.082534 0.296730 380.398356 314.951683
52 53 61 0.615671 0.099564 0.284766 381.360547 313.519599
52 53 61 0.177044 0.100432 0.722524 386.404465 338.771949
53 62 61 0.046082 0.456599 0.497319 402.940682 342.579292
53 62 61 0.391911 0.344703 0.263386 409.839686 327.034173
53 62 61 0.270656 0.606859 0.122485 419.406025 333.141990
53 62 61 0.825829 0.008599 0.165572 416.984277 306.284099
53 62 61 0.270963 0.396359 0.332678 408.110718 335.712752
53 62 61 0.417309 0.152376 0.430315 405.198314 326.458487
53 62 61 0.154544 0.507897 0.337559 412.498974 340.045232
53 62 61 0.013606 0.261015 0.725379 389.187805 345.051499
53 62 61 0.390948 0.325098 0.283954 409.965896 328.841185
53 62 61 0.840053 0.041065 0.118882 416.950941 306.703579
54 55 63 0.336543 0.111816 0.551641 86.551180 382.646527
54 55 63 0.211629 0.300416 0.487955 97.456297 380.075206
54 55 63 0.953580 0.040876 0.005544 80.669820 358.645429
54 55 63 0.856459 0.051453 0.092088 80.400602 357.375871
54 55 63 0.641332 0.154900 0.203768 84.059606 365.445105
54 55 63 0.750005 0.159213 0.090782 83.527772 363.337954
54 55 63 0.446903 0.221603 0.331493 88.628708 373.486035
54 55 63 0.161099 0.078891 0.760009 83.424210 390.985703
54 55 63 0.239725 0.105256 0.655019 87.772474 385.255328
54 55 63 0.816023 0.027570 0.156408 81.955207 366.626005
55 64 63 0.142386 0.341340 0.516274 101.019294 395.026043
55 64 63 0.303512 0.545031 0.151457 118.111130 385.966606
55 64 63 0.660718 0.287292 0.051990 119.280498 370.860917
55 64 63 0.900132 0.059344 0.040524 118.351429 360.149007
55 64 63 0.001887 0.028025 0.970087 84.356337 399.328152
55 64 63 0.200952 0.318786 0.480262 104.844473 389.653422
55 64 63 0.620616 0.179449 0.199935 112.027370 376.481914
55 64 63 0.911463 0.062509 0.026028 121.286597 358.820525
55 64 63 0.398697 0.018748 0.582555 95.891717 379.470667
55 64 63 0.973755 0.008175 0.018070 118.938166 357.201296
55 56 64 0.964023 0.019941 0.016036 120.513989 356.426370
55 56 64 0.172285 0.197199 0.630517 127.367253 384.094514
55 56 64 0.424286 0.461015 0.114699 138.242861 360.138285
55 56 64 0.691571 0.095679 0.212750 123.331978 362.340836
55 56 64 0.829106 0.103531 0.067363 121.900639 356.543066
55 56 64 0.418124 0.505395 0.076480 144.280844 361.693205
55 56 64 0.688578 0.004548 0.306874 121.617778 368.747539
55 56 64 0.254501 0.139594 0.605905 127.268167 381.669705
55 56 64 0.350842 0.511179 0.137979 142.749778 363.372574
55 56 64 0.177171 0.437903 0.384926 138.232024 370.960102
56 65 64 0.365391 0.339435 0.295174 152.481127 385.252260
56 65 64 0.717713 0.197356 0.084932 158.719351 370.134480
56 65 64 0.522553 0.053146 0.424301 146.631616 375.449119
56 65 64 0.865707 0.102209 0.032084 163.572241 360.783794
56 65 64 0.301051 0.240958 0.457991 140.295264 388.082373
56 65 64 0.084347 0.758726 0.156927 153.850395 391.518038
56 65 64 0.785880 0.101605 0.112514 157.204420 363.569224
56 65 64 0.200682 0.431752 0.367566 147.056971 387.318229
56 65 64 0.827952 0.093924 0.078124 158.142642 358.021800
56 65 64 0.089755 0.661317 0.248929 154.656878 394.157067
56 57 65 0.395640 0.079147 0.525213 163.164909 378.267920
56 57 65 0.727347 0.071843 0.200810 163.350199 361.627260
56 57 65 0.828413 0.017899 0.153688 164.490074 360.128035
56 57 65 0.332859 0.149792 0.517349 171.095583 374.326562
56 57 65 0.033265 0.177447 0.789288 172.340198 388.858703
56 57 65 0.500336 0.025619 0.474046 161.397102 375.242989
56 57 65 0.442560 0.239005 0.318435 172.030674 366.396944
56 57 65 0.485990 0.356832 0.157179 176.534686 359.016175
56 57 65 0.947508 0.001457 0.051035 160.404255 361.166901
56 57 65 0.659654 0.311409 0.028937 175.663108 356.076698
57 66 65 0.692579 0.208491 0.098931 200.929044 360.645421
57 66 65 0.009885 0.042870 0.947245 166.723356 394.973884
57 66 65 0.468801 0.087247 0.443952 185.176596 375.232540
57 66 65 0.602567 0.266222 0.131212 200.373879 369.220448
57 66 65 0.329177 0.055317 0.615507 179.656906 382.093115
57 66 65 0.441994 0.474888 0.083118 199.696226 375.865001
57 66 65 0.617726 0.323842 0.058433 199.877502 368.434736
57 66 65 0.581954 0.001556 0.416490 188.074522 372.106849
57 66 65 0.198493 0.790263 0.011244 205.060121 386.239360
57 66 65 0.413842 0.194169 0.391989 187.020996 376.522297
57 58 66 0.088605 0.822891 0.088504 240.539220 354.342128
57 58 66 0.329369 0.030173 0.640458 208.351202 378.832680
57 58 66 0.538062 0.255856 0.206083 217.001383 359.782566
57 58 66 0.273803 0.294629 0.431568 219.917082 370.824941
57 58 66 0.194201 0.549666 0.256133 224.034003 363.661229
57 58 66 0.369648 0.477168 0.153184 223.737628 355.424532
57 58 66 0.972092 0.005635 0.022273 205.232247 351.909519
57 58 66 0.753841 0.128882 0.117276 210.345239 360.741576
57 58 66 0.421928 0.368844 0.209229 218.676077 362.652744
57 58 66 0.815314 0.162505 0.022181 211.522209 351.901139
58 67 66 0.754963 0.231726 0.013311 243.534599 360.877075
58 67 66 0.259489 0.413378 0.327133 232.764663 381.593498
58 67 66 0.445123 0.313493 0.241384 235.686445 374.656935
58 67 66 0.974806 0.025131 0.000063 248.705604 350.750854
58 67 66 0.864096 0.032942 0.102962 241.816180 356.944829
58 67 66 0.735070 0.063243 0.201686 236.576439 360.857424
58 67 66 0.983421 0.005706 0.010873 243.677295 350.762483
58 67 66 0.078183 0.347780 0.574037 226.702915 389.875227
58 67 66 0.734752 0.073008 0.192239 238.467458 363.638509
58 67 66 0.808677 0.151781 0.039542 246.739450 358.222713
58 59 67 0.908633 0.040440 0.050928 247.430087 353.369276
58 59 67 0.020202 0.578467 0.401331 272.515334 367.475970
58 59 67 0.019784 0.525790 0.454425 270.295498 367.419837
58 59 67 0.402574 0.309116 0.288311 258.669298 364.209700
58 59 67 0.228536 0.652741 0.118723 274.405010 350.997252
58 59 67 0.728210 0.097250 0.174540 251.222424 357.370632
58 59 67 0.934387 0.038395 0.027218 247.273646 346.633112
58 59 67 0.473131 0.273325 0.253544 258.213478 361.079934
58 59 67 0.571633 0.285113 0.143254 255.038228 355.716370
58 59 67 0.137083 0.331683 0.531234 260.975924 372.875712
59 68 67 0.895436 0.065648 0.038916 285.493197 352.579291
59 68 67 0.495759 0.169971 0.334270 278.355164 373.854294
59 68 67 0.497657 0.015799 0.486544 269.245717 374.442951
59 68 67 0.651020 0.093093 0.255887 279.832260 363.550422
59 68 67 0.629113 0.268248 0.102640 289.081145 365.977781
59 68 67 0.472280 0.155592 0.372128 274.333512 371.115050
59 68 67 0.190084 0.342159 0.467758 273.072149 384.770760
59 68 67 0.753948 0.087237 0.158815 282.329951 359.678980
59 68 67 0.714579 0.021926 0.263495 278.821651 360.174649
59 68 67 0.344622 0.340336 0.315042 276.327197 380.916155
59 60 68 0.646130 0.089559 0.264311 292.470848 360.769106
59 60 68 0.876278 0.044912 0.078810 292.176934 359.208673
59 60 68 0.158333 0.294274 0.547393 301.434147 376.017091
59 60 68 0.233572 0.677890 0.088538 322.424865 356.008957
59 60 68 0.507338 0.431077 0.061585 303.094298 352.413174
59 60 68 0.905706 0.028622 0.065672 289.331076 351.168461
59 60 68 0.663944 0.201834 0.134222 298.234169 351.597736
59 60 68 0.057667 0.534679 0.407654 314.585739 365.024450
59 60 68 0.451149 0.299396 0.249455 304.402018 359.206843
59 60 68 0.902649 0.026373 0.070978 287.023688 354.034495
60 69 68 0.186932 0.000875 0.812192 300.922496 385.969537
60 69 68 0.873472 0.116185 0.010343 334.084505 354.895464
60 69 68 0.792775 0.079994 0.127231 326.318924 356.380549
60 69 68 0.290253 0.644447 0.065299 328.402897 380.747746
60 69 68 0.924196 0.034929 0.040875 330.533407 350.895698
60 69 68 0.434203 0.113151 0.452646 314.079329 376.210207
60 69 68 0.882616 0.085495 0.031888 332.387459 353.940590
60 69 68 0.119152 0.040104 0.840744 298.163394 391.038680
60 69 68 0.173313 0.388778 0.437908 314.487042 386.101400
60 69 68 0.087909 0.014559 0.897532 291.005331 392.444534
60 61 69 0.223319 0.172092 0.604589 340.707861 374.593773
60 61 69 0.738644 0.233693 0.027663 341.386650 352.475918
60 61 69 0.134061 0.823221 0.042717 373.370807 351.495735
60 61 69 0.588478 0.356656 0.054866 349.112227 351.440164
60 61 69 0.188072 0.740616 0.071312 367.570900 349.431731
60 61 69 0.421483 0.113867 0.464650 337.789304 369.640305
60 61 69 0.675100 0.303376 0.021524 347.794523 348.934146
60 61 69 0.828072 0.143349 0.028579 339.052168 351.168535
60 61 69 0.695961 0.100719 0.203320 338.117158 359.076119
60 61 69 0.341476 0.435303 0.223220 350.796113 356.877929
61 70 69 0.315638 0.368050 0.316312 363.992265 381.905768
61 70 69 0.277123 0.373221 0.349656 363.056331 381.002033
61 70 69 0.647801 0.327111 0.025088 373.995813 364.191501
61 70 69 0.983368 0.013562 0.003071 379.121702 348.499475
61 70 69 0.882159 0.061761 0.056080 373.260257 350.700456
61 70 69 0.699536 0.150954 0.149510 369.253663 365.249307
61 70 69 0.836168 0.099336 0.064496 374.676899 355.158916
61 70 69 0.399331 0.590466 0.010203 376.438375 374.185922
61 70 69 0.898776 0.027096 0.074128 374.687735 349.554932
61 70 69 0.710251 0.154869 0.134881 372.265123 359.793532
61 62 70 0.743440 0.202718 0.053842 389.955622 348.194781
61 62 70 0.754885 0.174889 0.070226 383.708349 348.683500
61 62 70 0.276560 0.365059 0.358381 394.385268 363.227497
61 62 70 0.685819 0.049742 0.264439 377.048949 357.599388
61 62 70 0.371098 0.061592 0.567310 384.782472 373.416976
61 62 70 0.823674 0.052842 0.123484 384.404740 355.277350
61 62 70 0.143088 0.092223 0.764689 382.928743 383.181252
61 62 70 0.858579 0.122983 0.018438 381.036885 348.034684
61 62 70 0.857681 0.133012 0.009307 385.239831 346.875031
61 62 70 0.817499 0.152773 0.029728 388.534358 347.603881
62 71 70 0.254907 0.375631 0.369461 410.662117 378.080553
62 71 70 0.797863 0.070321 0.131816 420.691934 352.357688
62 71 70 0.811814 0.141274 0.046912 425.728272 352.133094
62 71 70 0.982199 0.001526 0.016275 424.455737 346.510067
62 71 70 0.807190 0.071685 0.121125 420.874002 350.485839
62 71 70 0.418645 0.223648 0.357708 410.660745 369.640527
62 71 70 0.748807 0.230457 0.020736 424.190762 361.292868
62 71 70 0.563904 0.039500 0.396596 407.866299 369.090423
62 71 70 0.577614 0.278174 0.144212 414.480385 365.282223
62 71 70 0.638689 0.304439 0.056873 426.621951 359.390813
63 64 72 0.527237 0.367097 0.105666 97.316383 400.576098
63 64 72 0.251503 0.592716 0.155780 106.445207 402.243725
63 64 72 0.852381 0.001045 0.146574 84.355075 405.521970
63 64 72 0.050788 0.640582 0.308630 108.935948 409.280626
63 64 72 0.086645 0.042164 0.871191 92.243732 428.269982
63 64 72 0.225387 0.076381 0.698231 88.994935 422.722606
63 64 72 0.104988 0.560776 0.334236 107.613573 408.939568
63 64 72 0.244056 0.046309 0.709635 88.941337 424.697248
63 64 72 0.482453 0.300368 0.217178 95.299530 409.433135
63 64 72 0.942602 0.001223 0.056175 80.575048 402.597301
64 73 72 0.166078 0.377399 0.456523 109.351500 429.336284
64 73 72 0.156113 0.336271 0.507616 102.720473 429.825402
64 73 72 0.202600 0.034754 0.762646 95.142004 425.886216
64 73 72 0.466738 0.265238 0.268023 116.067492 418.842083
64 73 72 0.594840 0.164017 0.241142 118.704711 409.964879
64 73 72 0.894492 0.046837 0.058671 120.010477 400.623985
64 73 72 0.185378 0.287205 0.527417 106.062655 430.617891
64 73 72 0.322600 0.308222 0.369178 110.055912 421.707598
64 73 72 0.100440 0.593760 0.305800 115.020096 430.446024
64 73 72 0.202452 0.274370 0.523178 108.660911 428.596445
64 65 73 0.066023 0.132562 0.801415 138.217992 428.727050
64 65 73 0.752992 0.208250 0.038758 128.678945 398.645416
64 65 73 0.417597 0.356385 0.226017 136.112328 409.770937
64 65 73 0.296520 0.124357 0.579123 130.448426 416.766012
64 65 73 0.670767 0.287814 0.041419 131.765583 400.015659
64 65 73 0.853932 0.025490 0.120578 124.474962 398.485323
64 65 73 0.028995 0.808647 0.162357 158.932431 404.779895
64 65 73 0.469241 0.069861 0.460898 131.524226 418.575968
64 65 73 0.796747 0.110604 0.092649 127.139319 401.706576
64 65 73 0.096997 0.006404 0.896599 129.529604 428.365380
65 74 73 0.289835 0.214461 0.495703 148.453387 425.697336
65 74 73 0.721560 0.053819 0.224621 154.005385 407.565601
65 74 73 0.187743 0.500277 0.311981 155.650596 428.862550
65 74 73 0.078056 0.069551 0.852393 136.405960 433.835761
65 74 73 0.703199 0.188228 0.108572 161.895280 407.899985
65 74 73 0.141403 0.823765 0.034832 166.731167 425.456215
65 74 73 0.621399 0.205916 0.172685 156.782663 411.911011
65 74 73 0.322818 0.230258 0.446925 148.992366 416.767260
65 74 73 0.966486 0.023811 0.009704 164.395917 394.471663
65 74 73 0.992596 0.000239 0.007165 164.466022 397.842076
65 66 74 0.697132 0.114185 0.188683 170.258279 404.918182
65 66 74 0.021404 0.599660 0.378937 189.084074 410.368069
65 66 74 0.534109 0.333138 0.132753 180.484684 401.869789
65 66 74 0.474631 0.025204 0.500165 166.813488 418.367982
65 66 74 0.185607 0.395101 0.419292 178.751128 409.200991
65 66 74 0.777040 0.145785 0.077175 171.512598 402.487261
65 66 74 0.024816 0.409423 0.565761 181.649793 414.425167
65 66 74 0.716469 0.227635 0.055895 172.871852 400.069758
65 66 74 0.044284 0.642801 0.312915 195.919161 409.118747
65 66 74 0.604280 0.132037 0.263683 169.508447 407.796032
66 75 74 0.460946 0.026748 0.512305 186.387002 416.465738
66 75 74 0.328220 0.209875 0.461905 185.655985 421.133435
66 75 74 0.095248 0.490686 0.414066 191.104964 427.788846
66 75 74 0.854091 0.036146 0.109763 204.865354 403.078495
66 75 74 0.635126 0.362883 0.001991 206.862727 411.295400
66 75 74 0.122463 0.374241 0.503297 192.338213 428.571243
66 75 74 0.384535 0.337280 0.278185 197.722897 419.859328
66 75 74 0.135953 0.083428 0.780619 176.614200 432.062884
66 75 74 0.890955 0.106586 0.002459 206.131647 397.511185
66 75 74 0.109465 0.219366 0.671169 187.689089 428.929830
66 67 75 0.127508 0.622897 0.249595 231.405895 402.640044
66 67 75 0.078311 0.423221 0.498469 225.208590 414.006931
66 67 75 0.846352 0.078661 0.074987 211.298395 399.294921
66 67 75 0.647047 0.327474 0.025479 218.905934 395.057568
66 67 75 0.569003 0.267702 0.163295 218.299918 401.904591
66 67 75 0.849242 0.018522 0.132236 204.678957 401.714182
66 67 75 0.974101 0.016270 0.009629 207.475774 398.998850
66 67 75 0.945915 0.031863 0.022221 205.932579 395.194843
66 67 75 0.041715 0.658132 0.300153 236.339617 406.488173
66 67 75 0.307825 0.293917 0.398258 221.385097 415.768883
67 76 75 0.984991 0.006243 0.008766 246.419612 392.300259
67 76 75 0.926882 0.028228 0.044890 247.458197 399.364130
67 76 75 0.784669 0.134060 0.081271 248.626626 404.027272
67 76 75 0.967775 0.023901 0.008324 247.467844 398.448303
67 76 75 0.423364 0.547083 0.029553 249.981781 414.008245
67 76 75 0.599914 0.302991 0.097094 245.248209 410.411678
67 76 75 0.595937 0.176608 0.227455 240.493082 409.918130
67 76 75 0.851866 0.099893 0.048241 248.294993 398.882187
67 76 75 0.298824 0.562008 0.139168 245.965220 420.454763
67 76 75 0.944103 0.050554 0.005342 248.956522 398.384401
67 68 76 0.664116 0.172630 0.163254 256.582138 399.609604
67 68 76 0.067433 0.635108 0.297459 277.464776 407.628929
67 68 76 0.064163 0.050553 0.885284 253.474399 426.774073
67 68 76 0.599558 0.292788 0.107654 263.601188 401.190392
67 68 76 0.043067 0.234089 0.722844 261.408068 422.250360
67 68 76 0.162016 0.071481 0.766502 252.557793 422.742236
67 68 76 0.777350 0.040076 0.182574 254.463611 398.995829
67 68 76 0.327337 0.125612 0.547051 254.613551 417.862917
67 68 76 0.281021 0.056480 0.662499 252.454447 422.270622
67 68 76 0.501763 0.001227 0.497010 253.487976 412.754302
68 77 76 0.785168 0.082331 0.132500 284.819538 400.713393
68 77 76 0.296334 0.658275 0.045391 293.407099 419.508111
68 77 76 0.558177 0.355400 0.086423 288.265063 407.275224
68 77 76 0.474200 0.453750 0.072050 290.282479 414.223111
68 77 76 0.298828 0.610811 0.090360 289.197878 420.947819
68 77 76 0.264937 0.517226 0.217837 285.732533 419.855734
68 77 76 0.937724 0.041623 0.020654 289.397359 398.628070
68 77 76 0.486626 0.282188 0.231186 282.745269 414.094217
68 77 76 0.990557 0.003791 0.005652 292.028764 395.855093
68 77 76 0.474239 0.405405 0.120356 287.679674 413.199137
68 69 77 0.478447 0.340596 0.180956 301.851038 401.442989
68 69 77 0.236496 0.584372 0.179131 316.851532 398.688301
68 69 77 0.523294 0.430200 0.046506 308.002207 393.348490
68 69 77 0.341350 0.074108 0.584542 291.664995 418.601929
68 69 77 0.357953 0.084552 0.557495 296.220344 416.809555
68 69 77 0.850139 0.090700 0.059161 293.611187 398.239678
68 69 77 0.533265 0.001190 0.465546 292.099282 412.851905
68 69 77 0.891989 0.006279 0.101731 293.432038 395.298568
68 69 77 0.945471 0.025305 0.029224 292.749354 397.797715
68 69 77 0.452274 0.245414 0.302312 304.418123 406.404248
69 78 77 0.803030 0.165237 0.031733 333.770286 402.897713
69 78 77 0.835050 0.021273 0.143677 325.202480 397.949170
69 78 77 0.330872 0.545525 0.123603 332.302588 413.229282
69 78 77 0.702215 0.194846 0.102939 326.579605 400.175916
69 78 77 0.032345 0.233474 0.734180 305.487374 429.621877
69 78 77 0.811636 0.155951 0.032413 333.110044 401.832682
69 78 77 0.561891 0.431577 0.006532 337.357639 410.230904
69 78 77 0.731134 0.212410 0.056457 330.888278 402.318752
69 78 77 0.240651 0.008388 0.750960 301.070492 421.011340
69 78 77 0.568376 0.267955 0.163668 326.028672 414.276750
69 70 78 0.041784 0.742681 0.215535 365.111802 394.284765
69 70 78 0.959269 0.013777 0.026954 333.365499 394.709031
69 70 78 0.886294 0.016498 0.097207 331.781601 397.362132
69 70 78 0.313354 0.076865 0.609781 339.296674 414.646930
69 70 78 0.327146 0.046632 0.626222 335.873909 416.757562
69 70 78 0.979571 0.018231 0.002198 334.954330 389.342823
69 70 78 0.459108 0.536584 0.004308 361.618752 394.378047
69 70 78 0.073528 0.324175 0.602298 351.085763 416.434110
69 70 78 0.254077 0.340044 0.405879 350.185029 407.198309
69 70 78 0.396794 0.124785 0.478422 342.536348 413.217307
70 79 78 0.552827 0.186209 0.260964 367.350071 409.022116
70 79 78 0.022319 0.294918 0.682763 350.771696 427.274677
70 79 78 0.334425 0.551439 0.114136 372.321927 412.992015
70 79 78 0.183842 0.402909 0.413249 361.496441 421.550665
70 79 78 0.751637 0.074640 0.173724 372.896059 400.003534
70 79 78 0.506825 0.359110 0.134066 371.774430 408.359066
70 79 78 0.614726 0.001662 0.383612 361.926203 406.428821
70 79 78 0.507754 0.092461 0.399785 360.306344 410.553070
70 79 78 0.330339 0.073375 0.596286 352.501661 415.094442
70 79 78 0.806750 0.101002 0.092248 373.634099 397.128729
70 71 79 0.675769 0.141641 0.182591 382.405681 396.853883
70 71 79 0.956293 0.012746 0.030962 378.781930 394.040263
70 71 79 0.292048 0.523240 0.184712 403.482739 400.123606
70 71 79 0.640843 0.090603 0.268554 381.742188 403.050785
70 71 79 0.554950 0.014141 0.430909 384.407503 405.907432
70 71 79 0.030762 0.854952 0.114286 417.294337 390.856584
70 71 79 0.047150 0.168109 0.784741 385.188473 422.393190
70 71 79 0.148065 0.566343 0.285592 404.693244 398.693687
70 71 79 0.947964 0.032988 0.019048 384.236490 388.988449
70 71 79 0.855506 0.109040 0.035454 382.424553 393.556241
71 80 79 0.887945 0.023245 0.088810 422.947171 393.438771
71 80 79 0.742525 0.037791 0.219684 413.903045 402.402803
71 80 79 0.656546 0.203948 0.139506 422.150354 400.939900
71 80 79 0.156930 0.437012 0.406058 406.802586 422.328707
71 80 79 0.378352 0.264829 0.356819 410.910355 411.405154
71 80 79 0.714692 0.255193 0.030115 420.500399 398.187279
71 80 79 0.290570 0.238300 0.471129 400.741804 417.642674
71 80 79 0.464918 0.190066 0.345016 408.613585 408.006342
71 80 79 0.581456 0.324243 0.094301 422.607407 404.985012
71 80 79 0.783137 0.200178 0.016686 425.160375 396.606072
