0 1 9 0.183771 0.063857 0.752372 108.559511 173.437636
0 1 9 0.503704 0.273174 0.223122 124.439557 168.745650
0 1 9 0.454602 0.348224 0.197174 126.320129 168.955437
0 1 9 0.094252 0.494091 0.411656 126.626180 170.577936
0 1 9 0.812698 0.147919 0.039384 122.945388 165.260379
0 1 9 0.648430 0.114704 0.236865 114.318615 168.871474
0 1 9 0.372424 0.167028 0.460549 116.928724 168.509391
0 1 9 0.088383 0.302085 0.609532 117.023435 173.500072
0 1 9 0.733552 0.222605 0.043843 118.732994 163.716269
0 1 9 0.409219 0.039131 0.551650 110.429282 171.637915
1 10 9 0.812680 0.155860 0.031459 141.033106 167.324968
1 10 9 0.960306 0.017933 0.021761 145.367568 166.030516
1 10 9 0.620746 0.338783 0.040470 146.460498 170.292851
1 10 9 0.550626 0.036413 0.412960 128.950613 169.437413
1 10 9 0.628382 0.070091 0.301526 133.756648 167.937126
1 10 9 0.341839 0.643739 0.014422 142.642103 170.515597
1 10 9 0.811224 0.091486 0.097290 139.185429 169.820855
1 10 9 0.209397 0.478825 0.311778 129.989431 173.745207
1 10 9 0.858856 0.132210 0.008934 146.201015 165.444098
1 10 9 0.867305 0.073327 0.059369 147.618501 165.744751
1 2 10 0.171071 0.050532 0.778397 144.426032 172.752511
1 2 10 0.068797 0.776658 0.154545 175.123831 163.629060
1 2 10 0.055599 0.155065 0.789336 147.045978 171.811642
1 2 10 0.066491 0.653441 0.280068 168.005091 162.555572
1 2 10 0.176759 0.677177 0.146064 169.120431 164.321191
1 2 10 0.142097 0.808026 0.049877 176.305522 166.293426
1 2 10 0.875704 0.018415 0.105881 152.076698 169.885465
1 2 10 0.746674 0.093210 0.160116 151.463190 167.038981
1 2 10 0.647785 0.302553 0.049661 155.127525 165.944326
1 2 10 0.484198 0.108967 0.406836 152.854018 168.048161
2 11 10 0.825697 0.152617 0.021686 179.362501 161.371531
2 11 10 0.999746 0.000051 0.000203 179.514022 162.166612
2 11 10 0.889982 0.073651 0.036367 178.596843 165.815290
2 11 10 0.321869 0.054551 0.623580 155.153373 172.106633
2 11 10 0.870221 0.080746 0.049034 179.364263 163.744358
2 11 10 0.434702 0.045607 0.519690 162.606940 173.758587
2 11 10 0.778522 0.138040 0.083438 179.008456 166.910858
2 11 10 0.949644 0.029143 0.021213 178.275296 164.650068
2 11 10 0.081549 0.328664 0.589787 159.023021 178.352570
2 11 10 0.411863 0.581170 0.006967 177.172987 167.872253
2 3 11 0.516494 0.465679 0.017827 192.613067 163.343582
2 3 11 0.168056 0.145796 0.686148 183.741648 172.500453
2 3 11 0.926885 0.004719 0.068396 184.264844 163.408365
2 3 11 0.416968 0.099848 0.483183 182.762979 167.446036
2 3 11 0.311883 0.401319 0.286798 191.552597 160.611589
2 3 11 0.127178 0.727674 0.145148 198.556386 166.443746
2 3 11 0.081553 0.328002 0.590445 190.085960 170.745786
2 3 11 0.114979 0.309668 0.575352 186.589344 170.849062
2 3 11 0.062856 0.863874 0.073270 207.892028 162.146789
2 3 11 0.288205 0.710383 0.001412 204.352282 159.752792
3 12 11 0.575499 0.192660 0.231841 206.242910 165.581010
3 12 11 0.213239 0.600072 0.186689 203.834108 170.421969
3 12 11 0.640275 0.044250 0.315474 203.816528 166.318300
3 12 11 0.505992 0.345953 0.148055 206.871493 169.929798
3 12 11 0.378989 0.156027 0.464984 196.242777 173.602504
3 12 11 0.241406 0.737497 0.021097 211.814198 169.142674
3 12 11 0.996862 0.002409 0.000730 212.610880 164.582059
3 12 11 0.030533 0.122201 0.847267 179.406225 176.740161
3 12 11 0.789984 0.117068 0.092948 208.457626 169.026606
3 12 11 0.905120 0.088869 0.006011 214.340266 165.285308
3 4 12 0.605872 0.130113 0.264016 216.237344 165.483183
3 4 12 0.661528 0.299894 0.038578 224.332011 164.174962
3 4 12 0.190964 0.370113 0.438923 221.550557 168.597021
3 4 12 0.273872 0.130240 0.595888 214.529506 169.461870
3 4 12 0.446288 0.338030 0.215683 220.886730 166.905832
3 4 12 0.189043 0.690894 0.120064 234.778722 161.711068
3 4 12 0.756041 0.187423 0.056537 219.205177 164.781794
3 4 12 0.134143 0.278671 0.587185 224.457700 171.143139
3 4 12 0.904617 0.044667 0.050716 215.843740 160.504729
3 4 12 0.583544 0.167337 0.249119 216.552423 167.003105
4 13 12 0.541025 0.425451 0.033524 242.865742 166.499875
4 13 12 0.038042 0.221962 0.739997 220.538178 174.964625
4 13 12 0.637366 0.262120 0.100514 242.400911 166.763803
4 13 12 0.600420 0.137440 0.262140 240.094574 167.579784
4 13 12 0.348886 0.260402 0.390712 233.282275 170.933478
4 13 12 0.037827 0.184191 0.777982 217.379560 176.540038
4 13 12 0.115843 0.415208 0.468949 229.531383 173.631405
4 13 12 0.775963 0.220775 0.003262 243.903020 164.226756
4 13 12 0.142926 0.708596 0.148478 238.025395 172.921695
4 13 12 0.916502 0.066843 0.016655 244.719623 163.729195
4 5 13 0.968247 0.008180 0.023573 248.356750 165.278126
4 5 13 0.656295 0.163964 0.179741 251.447301 163.212505
4 5 13 0.767434 0.231003 0.001564 254.949678 161.172132
4 5 13 0.298340 0.218702 0.482958 254.968336 167.650914
4 5 13 0.377752 0.409667 0.212581 260.321577 164.917526
4 5 13 0.293959 0.705783 0.000258 271.111704 161.545147
4 5 13 0.905396 0.074272 0.020332 244.607609 158.026955
4 5 13 0.437635 0.513562 0.048802 265.812940 161.612797
4 5 13 0.464517 0.155264 0.380219 251.726330 166.038929
4 5 13 0.307624 0.240580 0.451796 254.853098 165.656389
5 14 13 0.160169 0.587005 0.252826 273.546740 175.061588
5 14 13 0.737919 0.154018 0.108063 276.292187 160.999628
5 14 13 0.025141 0.787846 0.187012 280.176332 173.114158
5 14 13 0.627928 0.060686 0.311385 273.126300 167.126204
5 14 13 0.123365 0.665746 0.210889 275.468469 170.177507
5 14 13 0.958315 0.019911 0.021774 286.152265 163.312905
5 14 13 0.859696 0.044581 0.095722 280.056872 164.036824
5 14 13 0.219975 0.143165 0.636860 256.936259 172.287267
5 14 13 0.470814 0.503061 0.026125 284.105585 169.158055
5 14 13 0.000728 0.378881 0.620391 261.130189 177.372898
5 6 14 0.298119 0.583789 0.118092 304.666197 163.579110
5 6 14 0.726542 0.026741 0.246717 283.148046 165.195963
5 6 14 0.065859 0.133284 0.800858 285.342851 172.715597
5 6 14 0.845080 0.000062 0.154857 281.874011 159.818708
5 6 14 0.720410 0.008880 0.270709 284.995295 167.823843
5 6 14 0.495105 0.184591 0.320304 288.683567 165.940629
5 6 14 0.309100 0.514319 0.176582 298.773607 161.465428
5 6 14 0.812465 0.002681 0.184853 282.512519 165.232988
5 6 14 0.331388 0.299688 0.368924 297.933691 167.725070
5 6 14 0.591003 0.137288 0.271709 288.496800 164.024211
6 15 14 0.198080 0.578679 0.223240 315.345466 171.429016
6 15 14 0.489957 0.016905 0.493138 302.020309 166.715116
6 15 14 0.652076 0.200812 0.147111 312.931249 164.967249
6 15 14 0.311353 0.364629 0.324018 305.530073 169.152832
6 15 14 0.625929 0.139453 0.234618 307.142682 166.853095
6 15 14 0.318175 0.245454 0.436371 305.343809 168.728348
6 15 14 0.005295 0.642469 0.352236 308.314592 173.083853
6 15 14 0.493543 0.257258 0.249199 309.760045 168.423152
6 15 14 0.710124 0.088191 0.201685 310.105755 162.382721
6 15 14 0.584807 0.076340 0.338853 308.741229 167.803913
6 7 15 0.784923 0.208853 0.006224 322.504696 161.186982
6 7 15 0.252903 0.400447 0.346650 329.557797 167.896369
6 7 15 0.969121 0.008335 0.022544 319.817501 160.479257
6 7 15 0.551743 0.214044 0.234212 320.925471 165.009224
6 7 15 0.982488 0.001784 0.015728 314.219798 158.822748
6 7 15 0.591621 0.186140 0.222238 325.518018 164.251358
6 7 15 0.163470 0.181201 0.655329 325.077464 167.687815
6 7 15 0.948830 0.010351 0.040820 317.607436 164.926013
6 7 15 0.426065 0.489306 0.084630 330.762201 162.084076
6 7 15 0.687625 0.127145 0.185230 322.829493 163.302866
7 16 15 0.214493 0.399045 0.386462 342.984355 170.723170
7 16 15 0.308258 0.327101 0.364641 343.662968 170.298113
7 16 15 0.759593 0.117301 0.123107 345.730963 164.173317
7 16 15 0.587422 0.087686 0.324892 338.809819 165.460717
7 16 15 0.924683 0.062783 0.012534 348.403764 158.353265
7 16 15 0.608102 0.228653 0.163245 351.528129 163.286480
7 16 15 0.517339 0.291420 0.191241 353.645209 166.311201
7 16 15 0.034833 0.786834 0.178333 348.730529 171.981186
7 16 15 0.585353 0.199914 0.214733 344.895563 165.622234
7 16 15 0.267283 0.049269 0.683448 330.217987 168.567196
7 8 16 0.765952 0.166535 0.067513 354.907458 160.454737
7 8 16 0.412450 0.252504 0.335045 364.686413 163.044550
7 8 16 0.941200 0.016954 0.041846 351.596928 159.547245
7 8 16 0.964181 0.016648 0.019171 353.039486 159.949792
7 8 16 0.645275 0.235202 0.119523 358.886594 162.229024
7 8 16 0.912531 0.035296 0.052173 353.184814 160.010011
7 8 16 0.395481 0.064749 0.539770 356.579508 167.096075
7 8 16 0.172331 0.287171 0.540498 361.543570 164.364547
7 8 16 0.301928 0.364953 0.333119 369.342131 162.542133
7 8 16 0.036777 0.680447 0.282775 379.334209 165.258696
8 17 16 0.071038 0.519331 0.409632 377.499658 168.950900
8 17 16 0.257661 0.664463 0.077877 390.862450 169.368275
8 17 16 0.560279 0.232297 0.207424 381.143763 164.579463
8 17 16 0.075782 0.513018 0.411200 379.131268 170.464348
8 17 16 0.878922 0.042761 0.078318 381.265819 161.296531
8 17 16 0.982844 0.012820 0.004336 384.723557 160.351250
8 17 16 0.675919 0.040828 0.283253 380.076091 166.260816
8 17 16 0.833154 0.094469 0.072377 386.256572 157.994262
8 17 16 0.909599 0.046318 0.044084 383.308200 160.142347
8 17 16 0.693755 0.214184 0.092061 385.607421 164.029207
9 10 18 0.691646 0.031607 0.276747 101.579401 180.985439
9 10 18 0.420270 0.209176 0.370554 102.650063 187.782300
9 10 18 0.197158 0.112564 0.690278 98.693199 195.720241
9 10 18 0.465494 0.457013 0.077493 117.902462 176.546353
9 10 18 0.065184 0.472184 0.462632 118.749762 188.099343
9 10 18 0.160962 0.551306 0.287732 119.986490 186.398285
9 10 18 0.852664 0.004109 0.143227 99.553222 185.576317
9 10 18 0.451541 0.398065 0.150394 118.124273 184.207270
9 10 18 0.586437 0.203436 0.210127 104.025088 183.880294
9 10 18 0.762180 0.214852 0.022968 111.284930 178.287758
10 19 18 0.862545 0.095532 0.041924 140.014853 181.034978
10 19 18 0.317226 0.509555 0.173219 125.979679 196.742675
10 19 18 0.640087 0.160275 0.199638 129.653288 187.154335
10 19 18 0.944584 0.021841 0.033575 140.265109 181.399710
10 19 18 0.952322 0.005374 0.042304 140.791505 176.290013
10 19 18 0.255636 0.651918 0.092446 126.937740 196.190694
10 19 18 0.570035 0.035608 0.394356 120.239294 186.386140
10 19 18 0.510976 0.257585 0.231439 129.807213 192.081692
10 19 18 0.349364 0.106396 0.544240 115.243483 198.966031
10 19 18 0.208333 0.342723 0.448944 113.369059 198.847246
10 11 19 0.947931 0.046433 0.005636 136.301701 180.799515
10 11 19 0.421142 0.492882 0.085975 155.159476 175.292820
10 11 19 0.172119 0.278254 0.549627 147.499691 194.277803
10 11 19 0.068560 0.652236 0.279204 160.123122 180.743841
10 11 19 0.642014 0.318022 0.039964 150.985830 178.148542
10 11 19 0.872940 0.078652 0.048409 144.008963 179.471462
10 11 19 0.303006 0.402823 0.294171 150.536503 186.373309
10 11 19 0.176184 0.731066 0.092750 165.367507 180.100858
10 11 19 0.142812 0.127995 0.729193 136.238459 197.132118
10 11 19 0.441235 0.010730 0.548035 137.399608 190.719808
11 20 19 0.716460 0.239011 0.044529 170.944492 183.690449
11 20 19 0.020094 0.095782 0.884123 132.635706 203.710326
11 20 19 0.421886 0.342859 0.235255 164.534359 194.829081
11 20 19 0.928823 0.012544 0.058633 170.587316 175.742775
11 20 19 0.911362 0.086179 0.002459 175.247179 176.108794
11 20 19 0.610476 0.388553 0.000970 171.916872 184.575125
11 20 19 0.283940 0.637228 0.078833 167.623111 192.547931
11 20 19 0.436668 0.071135 0.492197 150.216632 191.104660
11 20 19 0.890781 0.104775 0.004444 174.655134 183.768933
11 20 19 0.139534 0.718270 0.142197 161.638178 200.298259
11 12 20 0.826242 0.075979 0.097778 177.389022 179.464530
11 12 20 0.503165 0.371237 0.125598 184.900225 182.029753
11 12 20 0.247677 0.315729 0.436594 180.678474 190.360589
11 12 20 0.358049 0.214717 0.427234 178.460384 185.640806
11 12 20 0.512774 0.283203 0.204023 183.792303 182.514981
11 12 20 0.092118 0.264471 0.643411 179.698631 190.746287
11 12 20 0.133482 0.741793 0.124725 199.766045 180.283476
11 12 20 0.978920 0.002559 0.018521 175.249805 177.418325
11 12 20 0.660175 0.301148 0.038677 181.838306 178.776036
11 12 20 0.677036 0.038236 0.284728 175.778597 187.618548
12 21 20 0.105150 0.603633 0.291218 194.125118 196.629609
12 21 20 0.820497 0.094711 0.084792 202.984840 179.174312
12 21 20 0.448947 0.361785 0.189268 201.568164 189.053929
12 21 20 0.995804 0.001588 0.002608 211.449425 179.578956
12 21 20 0.082186 0.557481 0.360333 193.711767 202.293141
12 21 20 0.942183 0.036551 0.021265 211.362720 175.567082
12 21 20 0.873975 0.036020 0.090005 206.392598 177.227571
12 21 20 0.349933 0.642733 0.007333 203.996265 190.387465
12 21 20 0.383050 0.277169 0.339781 190.293268 190.877171
12 21 20 0.365393 0.058509 0.576098 183.935885 190.763534
12 13 21 0.421338 0.186099 0.392564 217.646590 181.566638
12 13 21 0.752079 0.076264 0.171658 216.017425 183.549578
12 13 21 0.117968 0.824006 0.058026 240.393716 175.853795
12 13 21 0.439311 0.406246 0.154442 227.158831 178.774105
12 13 21 0.776693 0.197120 0.026187 219.523756 176.190936
12 13 21 0.740386 0.241994 0.017621 217.543200 175.975295
12 13 21 0.588035 0.343376 0.068590 222.103221 177.716186
12 13 21 0.363861 0.096471 0.539668 208.434045 189.218834
12 13 21 0.239888 0.584655 0.175457 230.603898 177.795544
12 13 21 0.431135 0.335580 0.233285 221.274012 180.960603
13 22 21 0.422243 0.079624 0.498133 225.054874 189.010735
13 22 21 0.599874 0.258516 0.141610 239.619407 184.195817
13 22 21 0.304557 0.058033 0.637411 220.470451 191.421528
13 22 21 0.439198 0.409601 0.151201 235.188718 178.329691
13 22 21 0.738068 0.031709 0.230223 239.706323 182.468966
13 22 21 0.189733 0.734482 0.075785 240.572788 195.268520
13 22 21 0.677451 0.285958 0.036591 243.093013 182.220283
13 22 21 0.220236 0.512713 0.267051 231.321126 195.052727
13 22 21 0.632878 0.092010 0.275112 236.236972 182.616801
13 22 21 0.281573 0.646571 0.071857 245.403318 194.304075
13 14 22 0.187593 0.750157 0.062250 275.746442 173.676662
13 14 22 0.826918 0.104563 0.068519 250.800038 177.421287
13 14 22 0.680469 0.114540 0.204992 251.294846 178.686481
13 14 22 0.307778 0.641104 0.051118 269.031356 175.061399
13 14 22 0.731043 0.074523 0.194435 243.895627 180.286187
13 14 22 0.592743 0.246317 0.160940 254.592169 176.507159
13 14 22 0.231075 0.229198 0.539727 253.159210 187.148849
13 14 22 0.096060 0.808931 0.095009 278.212906 176.729209
13 14 22 0.630751 0.066235 0.303014 246.185989 181.491357
13 14 22 0.488382 0.456488 0.055130 262.874634 174.611316
14 23 22 0.928321 0.005188 0.066492 282.560341 176.047216
14 23 22 0.056254 0.634063 0.309682 273.198001 198.468121
14 23 22 0.539820 0.246479 0.213701 277.853064 182.209628
14 23 22 0.197834 0.475270 0.326896 270.256992 189.691065
14 23 22 0.900397 0.015562 0.084041 283.068971 178.251961
14 23 22 0.550860 0.136969 0.312171 272.938332 180.588050
14 23 22 0.654240 0.189075 0.156685 280.170551 185.158809
14 23 22 0.742092 0.007088 0.250820 272.915708 178.174188
14 23 22 0.978773 0.011808 0.009418 286.453391 172.635962
14 23 22 0.522047 0.342634 0.135320 278.638285 184.992521
14 15 23 0.987954 0.000876 0.011170 284.479554 176.568966
14 15 23 0.613917 0.215033 0.171050 291.908275 176.313462
14 15 23 0.309202 0.191133 0.499665 294.618795 185.777353
14 15 23 0.569045 0.029163 0.401793 282.949027 183.191582
14 15 23 0.325195 0.338962 0.335842 298.321166 180.166700
14 15 23 0.775304 0.204697 0.019999 289.568318 173.457107
14 15 23 0.872195 0.117983 0.009822 285.440157 175.863647
14 15 23 0.354157 0.442149 0.203694 297.713030 178.327296
14 15 23 0.384125 0.381699 0.234176 294.118252 179.986559
14 15 23 0.310155 0.277431 0.412414 292.922693 184.823000
15 24 23 0.843630 0.069040 0.087330 313.692928 171.940378
15 24 23 0.695840 0.058045 0.246115 311.802132 178.782135
15 24 23 0.514690 0.232800 0.252510 312.828280 187.125753
15 24 23 0.640194 0.063883 0.295923 309.787198 180.874551
15 24 23 0.140180 0.613342 0.246477 312.258595 192.285400
15 24 23 0.644437 0.212832 0.142731 314.807895 181.249886
15 24 23 0.173616 0.434274 0.392110 306.598156 195.616910
15 24 23 0.671757 0.289021 0.039222 318.883250 180.332228
15 24 23 0.090458 0.837890 0.071652 322.923039 195.075328
15 24 23 0.083779 0.261527 0.654695 295.002380 198.076188
15 16 24 0.263920 0.259684 0.476396 331.672117 182.899358
15 16 24 0.630798 0.335258 0.033944 337.554803 171.159128
15 16 24 0.526854 0.204736 0.268410 330.160519 181.447428
15 16 24 0.398576 0.081232 0.520192 327.450889 184.284315
15 16 24 0.597487 0.298721 0.103793 332.799034 174.958516
15 16 24 0.997461 0.000979 0.001560 319.512829 170.628325
15 16 24 0.802066 0.157115 0.040818 326.305620 171.833738
15 16 24 0.554035 0.196019 0.249946 324.911448 177.479076
15 16 24 0.054763 0.573573 0.371664 343.797924 181.954326
15 16 24 0.346559 0.360049 0.293392 337.201966 178.121431
16 25 24 0.110978 0.696216 0.192806 355.390744 193.531142
16 25 24 0.201025 0.237830 0.561145 340.199980 191.752749
16 25 24 0.415621 0.201224 0.383155 346.069847 189.294158
16 25 24 0.125657 0.209561 0.664782 339.051135 188.183012
16 25 24 0.856521 0.008843 0.134637 354.915320 176.868440
16 25 24 0.544966 0.093579 0.361455 347.071832 177.201619
16 25 24 0.801786 0.108975 0.089239 358.501438 176.434122
16 25 24 0.021177 0.741916 0.236906 352.938948 193.871964
16 25 24 0.714662 0.157482 0.127856 356.063846 177.834979
16 25 24 0.854005 0.034534 0.111461 359.633396 174.520758
16 17 25 0.192235 0.241670 0.566095 370.187097 183.428427
16 17 25 0.228193 0.191417 0.580390 367.490610 188.272504
16 17 25 0.554275 0.160843 0.284882 369.160235 175.721918
16 17 25 0.118366 0.237933 0.643700 373.019386 188.024252
16 17 25 0.862160 0.066980 0.070861 361.397006 175.031117
16 17 25 0.314961 0.409453 0.275586 379.678905 178.036506
16 17 25 0.965631 0.010791 0.023578 358.158021 169.529724
16 17 25 0.039995 0.259673 0.700332 369.706015 188.802605
16 17 25 0.938714 0.056086 0.005200 363.390723 170.358410
16 17 25 0.652845 0.233388 0.113768 366.697656 171.359728
17 26 25 0.055620 0.322358 0.622022 376.703090 195.318212
17 26 25 0.819014 0.005377 0.175609 392.561595 178.181159
17 26 25 0.171078 0.748693 0.080229 399.268801 191.498795
17 26 25 0.909728 0.029919 0.060353 394.441031 174.153255
17 26 25 0.479048 0.265037 0.255915 393.443795 183.553827
17 26 25 0.521331 0.373649 0.105020 393.659169 182.355437
17 26 25 0.507075 0.117466 0.375458 382.848924 182.969413
17 26 25 0.493277 0.250078 0.256644 392.542074 183.360665
17 26 25 0.790756 0.015968 0.193276 392.139698 173.695040
17 26 25 0.067542 0.600034 0.332424 388.781613 194.969869
18 19 27 0.103401 0.885474 0.011124 126.767468 202.247890
18 19 27 0.495318 0.299888 0.204794 105.181468 212.279683
18 19 27 0.792225 0.055139 0.152637 92.173088 206.567750
18 19 27 0.861160 0.020671 0.118169 90.800429 207.098270
18 19 27 0.670563 0.042232 0.287205 92.256434 212.268388
18 19 27 0.060672 0.259946 0.679382 95.810669 226.286561
18 19 27 0.792996 0.104653 0.102351 96.380983 207.791203
18 19 27 0.687111 0.191354 0.121535 100.073936 204.940866
18 19 27 0.218995 0.704082 0.076923 114.029138 207.063394
18 19 27 0.830135 0.089236 0.080629 96.350326 206.198731
19 28 27 0.285476 0.674475 0.040049 123.806609 230.450632
19 28 27 0.722336 0.094151 0.183513 118.555976 213.850527
19 28 27 0.394692 0.604275 0.001032 125.819641 226.886508
19 28 27 0.270361 0.447542 0.282097 111.849334 226.839441
19 28 27 0.744325 0.122627 0.133048 119.263070 212.384650
19 28 27 0.578411 0.339997 0.081592 124.006859 222.518614
19 28 27 0.120610 0.157214 0.722177 93.275445 234.350027
19 28 27 0.584934 0.349945 0.065121 121.432747 218.269369
19 28 27 0.254186 0.590835 0.154979 118.381842 226.569557
19 28 27 0.093181 0.682698 0.224121 114.602728 232.992512
19 20 28 0.711378 0.115453 0.173169 132.397975 212.193907
19 20 28 0.136268 0.565600 0.298132 148.100586 216.737410
19 20 28 0.253247 0.244394 0.502359 136.075471 217.849559
19 20 28 0.926121 0.058773 0.015105 130.055780 203.416704
19 20 28 0.441342 0.465345 0.093313 148.682662 209.168807
19 20 28 0.829489 0.079669 0.090843 130.728741 207.382049
19 20 28 0.370824 0.539842 0.089334 148.126175 205.388491
19 20 28 0.520237 0.466857 0.012906 145.305055 204.025617
19 20 28 0.183353 0.567436 0.249211 150.015872 211.505097
19 20 28 0.173671 0.394868 0.431461 139.037423 217.030118
20 29 28 0.181942 0.119804 0.698254 137.718846 232.140775
20 29 28 0.754025 0.052157 0.193819 158.996255 214.485244
20 29 28 0.776695 0.195154 0.028152 163.451264 211.487266
20 29 28 0.905714 0.007055 0.087231 162.429621 205.767090
20 29 28 0.692385 0.108840 0.198776 159.160699 214.134787
20 29 28 0.904019 0.075957 0.020024 164.376086 204.565781
20 29 28 0.942408 0.018564 0.039028 166.155346 204.664323
20 29 28 0.170628 0.587288 0.242085 156.681051 229.296286
20 29 28 0.895750 0.024136 0.080114 165.518682 207.904434
20 29 28 0.134891 0.570354 0.294755 151.967772 232.774373
20 21 29 0.008477 0.761751 0.229772 194.132120 207.014808
20 21 29 0.586330 0.298403 0.115267 176.432816 205.377061
20 21 29 0.426300 0.056595 0.517105 165.796176 221.215795
20 21 29 0.549921 0.356060 0.094018 178.764162 203.624213
20 21 29 0.775381 0.071280 0.153339 168.193529 208.185453
20 21 29 0.548559 0.098977 0.352464 170.795711 212.229885
20 21 29 0.197503 0.126845 0.675652 168.907805 222.214667
20 21 29 0.813071 0.140288 0.046642 167.824299 203.144951
20 21 29 0.850512 0.071532 0.077956 171.024762 202.251816
20 21 29 0.852398 0.075503 0.072099 168.788028 201.472711
21 30 29 0.438249 0.107218 0.454533 185.220387 219.394402
21 30 29 0.233239 0.282213 0.484548 185.216342 227.785864
21 30 29 0.083553 0.011447 0.905000 166.549736 233.891990
21 30 29 0.676277 0.201198 0.122525 196.655845 208.530816
21 30 29 0.008207 0.774704 0.217088 192.423546 235.188627
21 30 29 0.876143 0.034427 0.089429 202.238668 205.419179
21 30 29 0.492824 0.307986 0.199191 195.465753 220.283851
21 30 29 0.739710 0.177742 0.082549 201.460891 204.399298
21 30 29 0.887690 0.008632 0.103678 199.089888 200.443870
21 30 29 0.926972 0.037138 0.035890 201.408676 207.347717
21 22 30 0.598642 0.174195 0.227163 212.229759 209.867130
21 22 30 0.088245 0.796517 0.115239 234.035033 201.854147
21 22 30 0.954023 0.042833 0.003144 208.848364 200.160332
21 22 30 0.992384 0.002600 0.005016 204.371710 197.539851
21 22 30 0.346093 0.419879 0.234028 221.980179 206.360303
21 22 30 0.281111 0.592048 0.126842 226.557937 206.932089
21 22 30 0.685060 0.201849 0.113091 211.040639 203.583193
21 22 30 0.163455 0.580696 0.255850 225.424465 206.997827
21 22 30 0.917086 0.081138 0.001776 205.538504 198.167046
21 22 30 0.861396 0.002878 0.135726 203.549912 204.930646
22 31 30 0.919893 0.020960 0.059146 241.719139 200.883697
22 31 30 0.585660 0.366887 0.047453 242.319286 210.298129
22 31 30 0.917718 0.057742 0.024541 243.751267 200.258700
22 31 30 0.808818 0.099178 0.092004 238.249648 206.029117
22 31 30 0.670353 0.275599 0.054048 242.259529 208.879390
22 31 30 0.843610 0.035569 0.120821 237.845840 206.299374
22 31 30 0.068439 0.440326 0.491235 219.041155 230.763034
22 31 30 0.316870 0.498018 0.185111 235.412541 219.750563
22 31 30 0.622688 0.369339 0.007973 244.071404 212.395211
22 31 30 0.007695 0.983165 0.009140 243.338655 232.424044
22 23 31 0.066661 0.440472 0.492868 259.798848 215.643318
22 23 31 0.388971 0.288988 0.322041 256.990224 207.200723
22 23 31 0.356291 0.461550 0.182159 260.076527 204.625968
22 23 31 0.262652 0.468641 0.268707 261.402840 205.272957
22 23 31 0.587869 0.240618 0.171513 254.074825 205.486455
22 23 31 0.064672 0.181281 0.754048 248.741589 224.064401
22 23 31 0.165760 0.789413 0.044828 276.327591 201.733058
22 23 31 0.941114 0.054439 0.004447 249.491872 198.572706
22 23 31 0.927881 0.044830 0.027289 242.837475 198.320495
22 23 31 0.090799 0.479142 0.430059 265.929608 212.831435
23 32 31 0.396590 0.368579 0.234831 271.547598 219.274557
23 32 31 0.591918 0.141162 0.266920 273.344689 209.999004
23 32 31 0.954618 0.025252 0.020131 280.132877 196.927271
23 32 31 0.946595 0.015313 0.038091 282.631320 196.360351
23 32 31 0.235656 0.226757 0.537587 261.368849 228.452593
23 32 31 0.786066 0.044751 0.169182 275.271421 202.695532
23 32 31 0.882071 0.027680 0.090248 280.901674 202.936604
23 32 31 0.608367 0.352824 0.038810 279.433220 206.749279
23 32 31 0.922598 0.039644 0.037759 279.865951 201.551702
23 32 31 0.915113 0.040593 0.044294 281.527245 200.939187
23 24 32 0.458215 0.349457 0.192328 297.407259 208.076717
23 24 32 0.409936 0.462379 0.127685 303.443211 199.881463
23 24 32 0.620977 0.073918 0.305105 286.311976 211.495172
23 24 32 0.286884 0.199683 0.513432 292.857741 216.042446
23 24 32 0.098965 0.329918 0.571116 294.332603 218.499546
23 24 32 0.209645 0.421452 0.368903 300.156883 209.871254
23 24 32 0.959660 0.008984 0.031356 285.694172 196.569655
23 24 32 0.834164 0.074900 0.090936 289.377738 204.314558
23 24 32 0.498852 0.126778 0.374370 288.830057 210.672734
23 24 32 0.107474 0.818637 0.073888 315.397395 202.638488
24 33 32 0.863386 0.053852 0.082762 317.436008 201.848366
24 33 32 0.346826 0.503559 0.149615 315.219302 216.017884
24 33 32 0.994043 0.003231 0.002726 323.895105 200.342067
24 33 32 0.868914 0.072850 0.058235 321.173841 201.058817
24 33 32 0.320232 0.014473 0.665296 297.860531 218.060753
24 33 32 0.952821 0.010325 0.036854 317.245650 203.420989
24 33 32 0.653831 0.023669 0.322499 309.155826 212.200421
24 33 32 0.015961 0.650842 0.333197 309.215513 232.890109
24 33 32 0.350618 0.254299 0.395082 310.790841 215.530525
24 33 32 0.635214 0.175690 0.189096 317.591657 210.622771
24 25 33 0.359206 0.087062 0.553732 326.987430 215.372457
24 25 33 0.162694 0.709227 0.128080 351.990910 201.699681
24 25 33 0.266669 0.039817 0.693514 324.390584 219.190393
24 25 33 0.189644 0.533384 0.276971 347.362874 204.345641
24 25 33 0.065397 0.789536 0.145067 354.456513 199.111607
24 25 33 0.536516 0.381841 0.081643 340.945359 201.392999
24 25 33 0.832422 0.141729 0.025849 329.107077 200.892748
24 25 33 0.233711 0.359565 0.406724 335.502411 209.603982
24 25 33 0.300551 0.593686 0.105764 345.130493 201.874120
24 25 33 0.976986 0.007269 0.015745 325.999682 199.922084
25 34 33 0.509972 0.418662 0.071366 360.700755 212.536285
25 34 33 0.016268 0.148812 0.834920 335.105408 232.973086
25 34 33 0.362029 0.330445 0.307525 354.258084 218.971080
25 34 33 0.769562 0.024782 0.205656 353.643532 206.894126
25 34 33 0.158168 0.393717 0.448116 350.063651 222.226120
25 34 33 0.042359 0.773977 0.183664 360.437463 230.983459
25 34 33 0.572416 0.228619 0.198965 355.798834 209.968974
25 34 33 0.023521 0.110992 0.865487 331.731797 227.510466
25 34 33 0.392912 0.463287 0.143802 356.155177 216.754669
25 34 33 0.126502 0.241687 0.631812 344.555298 224.236905
25 26 34 0.452805 0.040061 0.507133 367.590982 212.845501
25 26 34 0.849279 0.068632 0.082090 369.228082 198.493810
25 26 34 0.441943 0.509850 0.048207 387.054260 195.622040
25 26 34 0.788291 0.050292 0.161417 363.972305 197.732778
25 26 34 0.486534 0.499465 0.014000 382.574563 198.363791
25 26 34 0.852486 0.008484 0.139030 360.957562 198.524779
25 26 34 0.845716 0.058495 0.095789 364.314540 198.011030
25 26 34 0.517981 0.088963 0.393056 367.455729 210.166182
25 26 34 0.030052 0.949359 0.020589 401.719448 195.192016
25 26 34 0.704187 0.055310 0.240503 363.850635 207.324810
26 35 34 0.524563 0.267641 0.207796 402.223732 209.430098
26 35 34 0.773181 0.149016 0.077803 404.854250 199.534881
26 35 34 0.959354 0.006022 0.034624 407.177714 197.514063
26 35 34 0.197891 0.497971 0.304138 400.338332 221.416254
26 35 34 0.823506 0.034924 0.141570 398.617083 195.439889
26 35 34 0.707176 0.262911 0.029913 403.857065 204.535165
26 35 34 0.517703 0.065916 0.416381 394.532813 213.702597
26 35 34 0.700819 0.101001 0.198180 394.946030 200.326006
26 35 34 0.777330 0.032022 0.190648 402.097104 200.322468
26 35 34 0.171247 0.091192 0.737562 380.631076 223.550133
27 28 36 0.666668 0.199435 0.133897 90.399551 242.383002
27 28 36 0.382794 0.400649 0.216557 98.198865 246.337871
27 28 36 0.775009 0.053033 0.171958 82.702280 243.578994
27 28 36 0.334504 0.430243 0.235253 101.483015 249.254050
27 28 36 0.965441 0.015773 0.018786 82.594015 241.154015
27 28 36 0.328021 0.432598 0.239380 99.669554 248.526204
27 28 36 0.794054 0.055790 0.150156 87.504007 245.471408
27 28 36 0.826179 0.112640 0.061181 90.696339 244.113043
27 28 36 0.963214 0.030827 0.005959 84.226502 240.266465
27 28 36 0.877224 0.010592 0.112183 83.129822 245.482741
28 37 36 0.497883 0.482592 0.019525 121.448780 252.973058
28 37 36 0.111103 0.453217 0.435680 103.003006 274.752369
28 37 36 0.255149 0.136430 0.608421 94.470973 269.298275
28 37 36 0.924170 0.035813 0.040017 122.234012 238.629569
28 37 36 0.114150 0.288936 0.596914 100.930930 271.747629
28 37 36 0.642181 0.049878 0.307941 110.086687 251.037707
28 37 36 0.236665 0.177883 0.585452 100.430264 266.875891
28 37 36 0.356612 0.146111 0.497277 102.652631 264.772472
28 37 36 0.011154 0.743802 0.245044 112.123731 273.893413
28 37 36 0.000726 0.688485 0.310790 108.674419 274.800867
28 29 37 0.742456 0.133299 0.124245 127.307465 244.159215
28 29 37 0.756780 0.131310 0.111910 130.338633 243.227410
28 29 37 0.640817 0.299757 0.059426 134.440875 238.353075
28 29 37 0.199229 0.771512 0.029259 151.587564 236.142035
28 29 37 0.266960 0.634613 0.098426 149.566875 238.875094
28 29 37 0.091035 0.435956 0.473009 134.304189 253.109989
28 29 37 0.272563 0.079058 0.648379 124.086322 264.813693
28 29 37 0.607175 0.143788 0.249038 131.350633 245.674735
28 29 37 0.485950 0.497923 0.016127 143.993805 234.864227
28 29 37 0.583472 0.315901 0.100627 137.412284 239.098496
29 38 37 0.097117 0.232665 0.670218 135.635919 269.723219
29 38 37 0.690887 0.135304 0.173809 154.052014 248.800264
29 38 37 0.626575 0.027213 0.346211 152.378629 254.417113
29 38 37 0.848005 0.148678 0.003317 160.464650 241.988037
29 38 37 0.774506 0.019954 0.205540 155.236797 244.967209
29 38 37 0.296413 0.673771 0.029816 157.374108 267.848330
29 38 37 0.342814 0.226073 0.431113 144.988481 261.412805
29 38 37 0.076887 0.028115 0.894998 124.372587 265.527646
29 38 37 0.619892 0.010513 0.369595 146.313102 249.970987
29 38 37 0.470975 0.186131 0.342894 150.502101 258.087854
29 30 38 0.776332 0.157960 0.065707 169.685364 236.315915
29 30 38 0.738372 0.199120 0.062508 172.817620 237.534847
29 30 38 0.766195 0.091961 0.141844 165.019522 239.887312
29 30 38 0.891284 0.082424 0.026292 165.519303 232.981213
29 30 38 0.315277 0.103391 0.581332 166.380858 259.839764
29 30 38 0.078330 0.879277 0.042393 192.940021 239.656055
29 30 38 0.473489 0.351197 0.175314 174.407562 241.099559
29 30 38 0.251591 0.031620 0.716789 163.721443 264.821434
29 30 38 0.487388 0.002986 0.509626 163.561800 254.659689
29 30 38 0.777135 0.091935 0.130930 168.414440 239.735177
30 39 38 0.096870 0.083432 0.819698 169.023203 269.236199
30 39 38 0.054495 0.605632 0.339873 185.949037 274.479798
30 39 38 0.400165 0.239221 0.360614 189.103814 264.663029
30 39 38 0.016871 0.884979 0.098150 194.756046 274.121826
30 39 38 0.547274 0.007123 0.445603 180.313403 254.263026
30 39 38 0.759814 0.166599 0.073588 197.530720 244.403074
30 39 38 0.928587 0.040998 0.030415 199.136502 236.767604
30 39 38 0.140012 0.229318 0.630670 177.750155 271.056303
30 39 38 0.127861 0.154862 0.717277 169.741572 268.443578
30 39 38 0.384497 0.090193 0.525310 180.106904 260.594945
30 31 39 0.205611 0.411068 0.383321 216.037395 252.210606
30 31 39 0.549018 0.311987 0.138994 213.384312 242.655495
30 31 39 0.995298 0.002739 0.001963 203.613440 239.169682
30 31 39 0.747143 0.042309 0.210549 204.324738 246.360036
30 31 39 0.087270 0.202140 0.710590 212.193984 262.378877
30 31 39 0.794102 0.162346 0.043552 207.795269 239.179675
30 31 39 0.524976 0.352049 0.122975 217.126356 242.027179
30 31 39 0.306923 0.552500 0.140577 224.486311 238.110614
30 31 39 0.595265 0.304176 0.100558 213.214207 237.914564
30 31 39 0.510894 0.389321 0.099785 214.499279 241.253411
31 40 39 0.687359 0.003566 0.309075 231.021221 244.900228
31 40 39 0.368373 0.505809 0.125818 233.522399 259.327416
31 40 39 0.898070 0.034452 0.067479 238.172175 237.189573
31 40 39 0.225295 0.211238 0.563467 219.493336 267.671602
31 40 39 0.897236 0.006879 0.095886 238.680329 239.379308
31 40 39 0.234634 0.476793 0.288573 229.816151 267.084199
31 40 39 0.781844 0.078293 0.139863 235.998736 241.412109
31 40 39 0.157484 0.628549 0.213967 230.784621 266.920714
31 40 39 0.877001 0.122206 0.000793 243.795880 241.629810
31 40 39 0.306250 0.363890 0.329860 224.192073 263.804590
31 32 40 0.234488 0.512780 0.252732 263.655687 248.228077
31 32 40 0.925774 0.016225 0.058001 244.857957 238.129612
31 32 40 0.893985 0.081007 0.025008 244.670306 232.409591
31 32 40 0.900536 0.005353 0.094111 243.887949 240.903232
31 32 40 0.525304 0.177485 0.297211 245.657521 244.244219
31 32 40 0.870615 0.068714 0.060671 244.879748 236.540879
31 32 40 0.649685 0.304105 0.046210 253.548262 234.785988
31 32 40 0.186358 0.344383 0.469260 255.536268 251.266730
31 32 40 0.946237 0.018446 0.035317 245.014048 236.873161
31 32 40 0.959223 0.019613 0.021164 247.039935 236.036837
32 41 40 0.247914 0.078699 0.673388 251.433648 262.655406
32 41 40 0.205251 0.254704 0.540045 260.995398 267.396292
32 41 40 0.167070 0.175622 0.657309 257.564285 272.386754
32 41 40 0.774483 0.039215 0.186301 274.454691 244.472661
32 41 40 0.840860 0.158567 0.000573 286.910524 236.546662
32 41 40 0.258533 0.601842 0.139625 279.715790 263.656875
32 41 40 0.718123 0.264701 0.017176 281.909306 245.348703
32 41 40 0.098507 0.643132 0.258361 275.674324 271.709513
32 41 40 0.654852 0.153794 0.191354 275.370481 247.169312
32 41 40 0.762149 0.060231 0.177621 277.316695 247.197940
32 33 41 0.237124 0.559904 0.202972 307.078883 239.494227
32 33 41 0.100858 0.403750 0.495392 301.022544 253.033682
32 33 41 0.285525 0.706606 0.007869 316.562932 226.659340
32 33 41 0.529045 0.213637 0.257318 293.625432 240.689624
32 33 41 0.758679 0.069198 0.172123 286.468900 237.072453
32 33 41 0.572030 0.033100 0.394870 286.825283 249.313292
32 33 41 0.089796 0.823552 0.086652 318.141716 234.821997
32 33 41 0.600723 0.260260 0.139018 294.696540 235.165190
32 33 41 0.531785 0.167574 0.300641 292.139907 241.153613
32 33 41 0.873898 0.102768 0.023334 285.226269 232.622641
33 42 41 0.443045 0.100594 0.456362 309.477473 251.169755
33 42 41 0.526976 0.101190 0.371834 308.585427 250.280356
33 42 41 0.818799 0.033863 0.147338 322.887241 240.956508
33 42 41 0.818034 0.087200 0.094766 325.006396 238.275269
33 42 41 0.014465 0.138217 0.847318 290.773425 270.901723
33 42 41 0.379488 0.264315 0.356197 309.874528 251.976159
33 42 41 0.725760 0.159537 0.114703 321.807288 240.105069
33 42 41 0.475531 0.220704 0.303766 316.041911 251.522726
33 42 41 0.499128 0.283811 0.217061 318.063803 244.725122
33 42 41 0.724961 0.054390 0.220649 317.731782 241.069538
33 34 42 0.027332 0.274280 0.698389 339.338666 263.588138
33 34 42 0.729489 0.269895 0.000616 337.678229 228.962432
33 34 42 0.159085 0.639546 0.201369 354.199963 238.873816
33 34 42 0.702171 0.160413 0.137415 334.183104 233.656734
33 34 42 0.149414 0.633737 0.216849 353.428585 237.613242
33 34 42 0.304783 0.397706 0.297510 343.162057 239.195946
33 34 42 0.822023 0.154279 0.023699 332.480722 233.452006
33 34 42 0.990197 0.008034 0.001770 325.524991 231.810979
33 34 42 0.817342 0.059158 0.123500 327.759369 232.735785
33 34 42 0.222626 0.287349 0.490025 338.238261 252.529661
34 43 42 0.686542 0.113861 0.199597 362.470316 242.293610
34 43 42 0.126011 0.143657 0.730332 343.890379 264.669689
34 43 42 0.112234 0.095711 0.792056 335.213526 269.914041
34 43 42 0.399248 0.460129 0.140623 367.976198 256.907833
34 43 42 0.807879 0.051103 0.141018 364.013506 236.601149
34 43 42 0.374135 0.155862 0.470003 352.529970 254.941229
34 43 42 0.751870 0.205823 0.042307 368.409141 242.985434
34 43 42 0.176371 0.474919 0.348711 357.053972 265.198468
34 43 42 0.493419 0.264245 0.242337 360.230347 250.437196
34 43 42 0.678066 0.006953 0.314981 355.640287 244.176829
34 35 43 0.115795 0.664811 0.219394 397.062138 235.299926
34 35 43 0.374361 0.084440 0.541199 373.422760 251.847356
34 35 43 0.989466 0.008330 0.002204 373.144023 229.484060
34 35 43 0.736888 0.069429 0.193683 372.732235 240.063411
34 35 43 0.969878 0.028902 0.001220 369.820828 228.961507
34 35 43 0.533633 0.346943 0.119424 384.685357 231.751305
34 35 43 0.728142 0.127477 0.144382 375.275041 237.375244
34 35 43 0.747082 0.065883 0.187035 370.379049 239.130662
34 35 43 0.444825 0.376292 0.178883 381.805463 234.317473
34 35 43 0.525668 0.207745 0.266587 374.869808 242.272278
35 44 43 0.594647 0.163889 0.241464 404.718767 244.650352
35 44 43 0.507927 0.362803 0.129270 407.712807 251.734618
35 44 43 0.400731 0.251330 0.347939 400.459340 254.527345
35 44 43 0.871800 0.061131 0.067069 411.068199 234.988724
35 44 43 0.927014 0.004770 0.068216 407.700822 231.438331
35 44 43 0.761703 0.159640 0.078656 407.008567 239.288511
35 44 43 0.179841 0.383913 0.436246 400.684454 263.676897
35 44 43 0.358406 0.621294 0.020300 416.767137 252.878743
35 44 43 0.713736 0.146804 0.139460 408.007740 239.705921
35 44 43 0.607309 0.181935 0.210756 405.987125 241.156108
36 37 45 0.466223 0.476544 0.057234 100.453634 281.358368
36 37 45 0.136761 0.206337 0.656902 94.723379 300.468933
36 37 45 0.784979 0.112781 0.102240 91.322819 282.397178
36 37 45 0.098452 0.001075 0.900472 84.549892 313.531012
36 37 45 0.336610 0.026101 0.637289 83.717192 302.028760
36 37 45 0.837284 0.017904 0.144812 86.255444 285.612790
36 37 45 0.000766 0.042649 0.956585 88.015040 317.546698
36 37 45 0.693303 0.159867 0.146830 90.515981 285.117774
36 37 45 0.585646 0.026885 0.387469 83.887143 289.976557
36 37 45 0.885630 0.107969 0.006401 84.570041 278.061192
37 46 45 0.012135 0.691407 0.296458 114.458790 319.979242
37 46 45 0.065159 0.357913 0.576928 97.190065 315.217114
37 46 45 0.236398 0.309456 0.454147 106.104658 307.219045
37 46 45 0.384235 0.047560 0.568205 101.658194 303.025522
37 46 45 0.621134 0.232125 0.146741 114.837229 292.447852
37 46 45 0.250783 0.149090 0.600127 100.180027 308.531769
37 46 45 0.359441 0.518640 0.121919 119.191546 302.999210
37 46 45 0.107812 0.868012 0.024176 123.545722 316.753995
37 46 45 0.246795 0.240228 0.512977 101.492438 302.698500
37 46 45 0.270902 0.076052 0.653045 97.823590 303.877591
37 38 46 0.716272 0.020898 0.262830 120.597887 288.494546
37 38 46 0.950159 0.048602 0.001238 123.401960 278.996095
37 38 46 0.462991 0.273166 0.263844 136.192811 284.193025
37 38 46 0.156219 0.834534 0.009248 155.318176 277.293953
37 38 46 0.580241 0.174153 0.245606 130.985171 285.315640
37 38 46 0.586327 0.281874 0.131799 134.697629 283.308755
37 38 46 0.294168 0.527241 0.178591 143.690166 283.501136
37 38 46 0.920618 0.047155 0.032227 121.044700 277.362108
37 38 46 0.456602 0.455108 0.088290 136.803560 280.158535
37 38 46 0.904693 0.058320 0.036987 120.149994 276.360508
38 47 46 0.044636 0.386782 0.568581 142.754631 316.743715
38 47 46 0.010224 0.764953 0.224823 154.452449 319.206293
38 47 46 0.001045 0.448058 0.550896 141.384944 320.800351
38 47 46 0.989395 0.009298 0.001307 160.925789 274.475559
38 47 46 0.424548 0.435990 0.139462 155.616609 299.932616
38 47 46 0.193039 0.283186 0.523775 148.255370 311.739095
38 47 46 0.048061 0.109600 0.842339 127.622962 313.605932
38 47 46 0.070864 0.110832 0.818304 128.030586 316.772588
38 47 46 0.799603 0.096684 0.103713 158.171488 281.324939
38 47 46 0.552830 0.197410 0.249760 152.214091 297.962330
38 39 47 0.886361 0.012832 0.100808 166.260055 280.879042
38 39 47 0.332333 0.636837 0.030829 188.685338 275.106190
38 39 47 0.304222 0.132667 0.563110 170.732120 299.648222
38 39 47 0.974467 0.001963 0.023570 163.319584 280.422943
38 39 47 0.383910 0.229124 0.386966 170.880110 291.411027
38 39 47 0.201749 0.320595 0.477656 177.527547 296.761200
38 39 47 0.153809 0.343533 0.502658 174.615538 294.856570
38 39 47 0.288360 0.513777 0.197863 184.070927 285.357312
38 39 47 0.701403 0.171420 0.127177 166.690521 284.555905
38 39 47 0.236990 0.007065 0.755945 162.486305 308.148463
39 48 47 0.149698 0.304363 0.545940 182.907999 311.386543
39 48 47 0.032215 0.855838 0.111947 197.855284 316.078859
39 48 47 0.954589 0.027029 0.018382 200.985565 278.843032
39 48 47 0.055815 0.030675 0.913509 163.882029 316.447744
39 48 47 0.415242 0.487835 0.096923 195.519606 301.456038
39 48 47 0.328240 0.615303 0.056458 199.565444 303.940047
39 48 47 0.020056 0.540215 0.439729 183.850497 314.949226
39 48 47 0.955871 0.037777 0.006352 202.780048 278.788128
39 48 47 0.339868 0.267885 0.392248 187.951503 302.942333
39 48 47 0.983728 0.014726 0.001546 202.628276 276.034569
39 40 48 0.038493 0.043294 0.918213 201.609687 317.281680
39 40 48 0.512229 0.014710 0.473060 202.336137 298.370708
39 40 48 0.074925 0.474079 0.450996 219.066323 293.810058
39 40 48 0.733031 0.073932 0.193038 203.767615 282.415714
39 40 48 0.542413 0.209246 0.248341 211.199210 288.948615
39 40 48 0.571272 0.072940 0.355788 207.765126 291.749686
39 40 48 0.453912 0.490034 0.056054 220.060297 279.589037
39 40 48 0.848621 0.081635 0.069744 205.385077 278.440703
39 40 48 0.659365 0.114451 0.226185 205.705394 285.676661
39 40 48 0.353027 0.177888 0.469084 209.516343 294.783976
40 49 48 0.206524 0.282228 0.511248 222.849715 308.799455
40 49 48 0.232582 0.531873 0.235545 232.392978 304.073193
40 49 48 0.563358 0.186589 0.250054 228.776537 294.831368
40 49 48 0.712648 0.105693 0.181658 227.987327 288.870032
40 49 48 0.378271 0.545626 0.076103 238.584187 300.671847
40 49 48 0.455403 0.255096 0.289501 233.352783 300.261822
40 49 48 0.807278 0.187537 0.005185 241.490240 283.817759
40 49 48 0.754320 0.164839 0.080842 238.280627 284.336817
40 49 48 0.653059 0.204127 0.142814 236.746319 288.581036
40 49 48 0.739267 0.015559 0.245174 232.114710 285.964846
40 41 49 0.358277 0.007804 0.633919 241.904390 300.836997
40 41 49 0.962566 0.035834 0.001600 244.325884 273.008474
40 41 49 0.165821 0.174752 0.659428 246.132425 298.710674
40 41 49 0.527217 0.391691 0.081093 256.519437 279.416562
40 41 49 0.028445 0.451233 0.520321 264.454323 297.116878
40 41 49 0.938841 0.004448 0.056711 241.716997 277.591938
40 41 49 0.113320 0.409893 0.476787 259.473025 293.757308
40 41 49 0.423048 0.072843 0.504110 246.595189 294.198402
40 41 49 0.638337 0.320657 0.041007 254.839393 276.167902
40 41 49 0.367757 0.154212 0.478031 251.328201 292.681710
41 50 49 0.791873 0.173485 0.034642 286.161470 278.882646
41 50 49 0.938585 0.034152 0.027263 284.550350 277.363246
41 50 49 0.360042 0.470922 0.169035 273.996356 300.208385
41 50 49 0.368441 0.330702 0.300858 271.915944 297.884831
41 50 49 0.965988 0.000566 0.033446 282.684945 274.213961
41 50 49 0.721052 0.161267 0.117681 284.202072 285.977524
41 50 49 0.448310 0.293409 0.258281 275.913674 299.274840
41 50 49 0.167156 0.584105 0.248739 275.527282 310.844215
41 50 49 0.095988 0.511354 0.392659 271.815409 312.045897
41 50 49 0.242352 0.675850 0.081798 282.698451 303.365189
41 42 50 0.269334 0.662871 0.067795 310.977826 279.312078
41 42 50 0.417746 0.152384 0.429871 291.757961 288.403710
41 42 50 0.655750 0.207819 0.136431 293.232407 279.088115
41 42 50 0.018489 0.060144 0.921368 290.107709 313.822296
41 42 50 0.516020 0.434809 0.049171 305.947261 276.432929
41 42 50 0.849798 0.035446 0.114756 287.982944 277.276036
41 42 50 0.891759 0.029072 0.079168 286.412080 277.523542
41 42 50 0.927707 0.049693 0.022601 288.703691 272.279974
41 42 50 0.416877 0.100971 0.482152 289.047897 295.351329
41 42 50 0.027357 0.536583 0.436061 310.390000 293.972310
42 51 50 0.703082 0.275134 0.021784 325.532190 287.497871
42 51 50 0.055125 0.017860 0.927015 291.175795 315.193160
42 51 50 0.904526 0.021779 0.073695 329.386159 275.341089
42 51 50 0.975461 0.018740 0.005799 327.952325 272.050086
42 51 50 0.617935 0.239185 0.142880 322.538196 289.708850
42 51 50 0.707565 0.065878 0.226557 312.542060 285.391468
42 51 50 0.954654 0.039265 0.006080 326.542629 277.128936
42 51 50 0.986071 0.005341 0.008588 330.519857 274.918537
42 51 50 0.896562 0.066586 0.036852 328.078811 276.691712
42 51 50 0.938631 0.042476 0.018894 326.242208 273.240907
42 43 51 0.494708 0.181615 0.323677 338.165574 285.373366
42 43 51 0.677556 0.215600 0.106844 337.674317 277.918886
42 43 51 0.554239 0.254559 0.191202 337.146481 276.370212
42 43 51 0.361410 0.542309 0.096281 350.164838 276.016355
42 43 51 0.406860 0.298811 0.294329 340.372643 284.573218
42 43 51 0.627888 0.017421 0.354691 325.864849 286.177543
42 43 51 0.363365 0.290749 0.345886 338.143284 284.637931
42 43 51 0.234879 0.462426 0.302694 348.496753 284.759599
42 43 51 0.821051 0.139888 0.039061 336.438433 278.190424
42 43 51 0.016792 0.685659 0.297549 357.392445 287.328428
43 52 51 0.784431 0.108581 0.106987 365.483252 282.272933
43 52 51 0.316800 0.081444 0.601757 345.279417 299.489320
43 52 51 0.955652 0.038957 0.005391 369.822055 271.325607
43 52 51 0.301726 0.683594 0.014679 372.324843 301.785305
43 52 51 0.824581 0.043465 0.131953 362.835982 278.364093
43 52 51 0.281178 0.001071 0.717751 339.263317 300.861816
43 52 51 0.101300 0.446515 0.452185 354.318489 310.373408
43 52 51 0.545518 0.336584 0.117898 368.150710 291.029801
43 52 51 0.180375 0.716865 0.102760 360.946839 308.546703
43 52 51 0.413648 0.145184 0.441168 352.174160 295.293026
43 44 52 0.193070 0.010310 0.796620 368.345194 307.461564
43 44 52 0.405790 0.036189 0.558021 373.030862 294.459238
43 44 52 0.116374 0.383564 0.500061 390.050952 290.909165
43 44 52 0.740596 0.029109 0.230295 374.098281 279.354173
43 44 52 0.686819 0.294862 0.018319 384.215376 269.994089
43 44 52 0.200288 0.755410 0.044302 403.555545 275.933562
43 44 52 0.556604 0.442741 0.000655 393.681381 272.107526
43 44 52 0.760845 0.089167 0.149988 376.232383 277.635781
43 44 52 0.915809 0.042520 0.041671 375.585834 271.492866
43 44 52 0.948574 0.000037 0.051390 372.579475 272.620870
44 53 52 0.379795 0.473491 0.146714 409.896073 298.722032
44 53 52 0.272236 0.225205 0.502558 396.929192 299.167957
44 53 52 0.824588 0.078078 0.097334 413.619720 281.064106
44 53 52 0.675029 0.053297 0.271674 404.021156 285.194476
44 53 52 0.968472 0.016778 0.014750 418.799878 270.352609
44 53 52 0.721626 0.210252 0.068121 416.209370 279.844438
44 53 52 0.026354 0.127078 0.846567 378.786482 311.928835
44 53 52 0.366038 0.327352 0.306611 400.123300 294.169044
44 53 52 0.135277 0.165532 0.699191 382.564181 307.532011
44 53 52 0.034152 0.876420 0.089428 413.383140 314.603534
45 46 54 0.192592 0.626335 0.181073 114.373390 323.484417
45 46 54 0.386443 0.511010 0.102547 108.133842 321.794075
45 46 54 0.041958 0.321804 0.636239 98.887729 339.050774
45 46 54 0.269503 0.334089 0.396408 99.607616 330.004642
45 46 54 0.296104 0.456521 0.247376 103.676060 322.589149
45 46 54 0.935623 0.063069 0.001308 88.616685 318.581954
45 46 54 0.649542 0.064834 0.285625 91.987929 328.629982
45 46 54 0.096834 0.075319 0.827847 98.406468 344.579642
45 46 54 0.342437 0.466206 0.191358 106.500525 323.374237
45 46 54 0.430028 0.210089 0.359883 95.522292 329.338358
46 55 54 0.198679 0.326377 0.474945 109.144395 344.729406
46 55 54 0.778960 0.124354 0.096686 123.078753 323.719756
46 55 54 0.934368 0.014792 0.050840 123.756549 319.216664
46 55 54 0.609455 0.284447 0.106098 120.367010 330.523798
46 55 54 0.744385 0.098466 0.157149 119.168962 329.102763
46 55 54 0.339929 0.231849 0.428222 111.509998 341.189996
46 55 54 0.644491 0.087523 0.267986 116.321041 329.403187
46 55 54 0.311638 0.216529 0.471833 109.792444 336.384550
46 55 54 0.962829 0.012656 0.024514 122.489137 320.032754
46 55 54 0.598453 0.024043 0.377504 112.845095 332.277604
46 47 55 0.483079 0.114554 0.402367 126.474560 332.191119
46 47 55 0.432473 0.026580 0.540947 127.653212 337.791819
46 47 55 0.181233 0.592523 0.226244 146.080994 323.282697
46 47 55 0.963113 0.004260 0.032627 122.103577 317.306094
46 47 55 0.393553 0.522005 0.084442 143.286242 318.590858
46 47 55 0.097238 0.382411 0.520351 140.327701 336.437122
46 47 55 0.399628 0.562619 0.037753 147.399783 317.266394
46 47 55 0.345022 0.212022 0.442956 134.808373 335.466458
46 47 55 0.554742 0.143762 0.301497 131.439543 325.892991
46 47 55 0.456992 0.148739 0.394270 132.120067 332.400462
47 56 55 0.142534 0.197447 0.660019 143.161058 349.707819
47 56 55 0.942927 0.045411 0.011662 164.583849 319.294700
47 56 55 0.686501 0.023133 0.290366 152.257786 329.722454
47 56 55 0.271610 0.607616 0.120774 163.197237 346.856698
47 56 55 0.721780 0.140737 0.137482 161.975919 324.538109
47 56 55 0.334278 0.048857 0.616865 142.242542 343.170109
47 56 55 0.581710 0.138554 0.279736 152.952619 333.709017
47 56 55 0.686487 0.071085 0.242428 158.773527 328.657489
47 56 55 0.211608 0.478002 0.310391 156.654507 345.067570
47 56 55 0.986629 0.009417 0.003954 163.843504 318.237710
47 48 56 0.954974 0.040071 0.004955 165.309419 313.266477
47 48 56 0.005261 0.197107 0.797631 176.789078 348.798396
47 48 56 0.225875 0.593598 0.180527 188.395693 324.547095
47 48 56 0.324187 0.652649 0.023164 188.762742 317.959215
47 48 56 0.541336 0.069619 0.389045 167.797764 329.190698
47 48 56 0.390212 0.567105 0.042683 185.086227 321.166620
47 48 56 0.917240 0.005428 0.077332 166.071837 318.673516
47 48 56 0.016130 0.831276 0.152594 196.641607 317.927229
47 48 56 0.199254 0.328638 0.472109 181.001007 338.810237
47 48 56 0.260678 0.239799 0.499523 173.001813 336.534998
48 57 56 0.832020 0.133197 0.034784 199.984398 324.051789
48 57 56 0.274140 0.512258 0.213602 197.248306 345.141090
48 57 56 0.911563 0.017666 0.070772 197.846222 317.612328
48 57 56 0.272855 0.564717 0.162428 203.014397 345.454067
48 57 56 0.661086 0.123363 0.215551 192.405987 332.189547
48 57 56 0.218767 0.119279 0.661954 181.459755 349.312105
48 57 56 0.720432 0.024380 0.255188 195.004537 327.806757
48 57 56 0.279791 0.446913 0.273296 194.555538 342.540558
48 57 56 0.504529 0.476491 0.018980 203.731970 333.793105
48 57 56 0.462220 0.525473 0.012306 206.715231 335.727701
48 49 57 0.582837 0.127110 0.290053 209.249135 326.520801
48 49 57 0.928705 0.068960 0.002335 198.664211 317.511011
48 49 57 0.146449 0.745388 0.108163 232.229532 317.721235
48 49 57 0.023654 0.207091 0.769254 212.737961 342.162478
48 49 57 0.082451 0.265200 0.652349 214.834569 340.741155
48 49 57 0.648714 0.012390 0.338896 204.558824 330.390658
48 49 57 0.461648 0.063613 0.474739 209.724743 333.762835
48 49 57 0.706856 0.041796 0.251348 205.949204 325.177535
48 49 57 0.512914 0.391418 0.095668 213.674544 320.163717
48 49 57 0.506325 0.180242 0.313433 208.680233 328.757855
49 58 57 0.887893 0.084551 0.027556 240.768528 316.038968
49 58 57 0.658248 0.132850 0.208903 235.105939 328.660338
49 58 57 0.689912 0.307196 0.002891 244.673304 325.462980
49 58 57 0.024519 0.823904 0.151578 238.986413 348.189950
49 58 57 0.287214 0.032553 0.680233 220.355212 343.944540
49 58 57 0.533243 0.222507 0.244250 234.114915 334.019970
49 58 57 0.172383 0.496967 0.330650 233.595607 348.267994
49 58 57 0.967442 0.013480 0.019078 242.780016 317.435547
49 58 57 0.418061 0.371448 0.210491 236.793669 336.033848
49 58 57 0.870975 0.011939 0.117086 239.250260 324.349852
49 50 58 0.243645 0.187060 0.569295 256.141672 334.639703
49 50 58 0.881090 0.039448 0.079461 243.146160 314.937427
49 50 58 0.983521 0.003446 0.013033 244.546871 313.203535
49 50 58 0.451655 0.242829 0.305517 254.772453 326.885774
49 50 58 0.444462 0.025680 0.529857 242.584641 338.408083
49 50 58 0.697831 0.148543 0.153627 250.713035 323.054197
49 50 58 0.888992 0.016412 0.094596 241.108994 321.130969
49 50 58 0.070949 0.141159 0.787892 252.783117 347.756122
49 50 58 0.912560 0.019613 0.067827 241.726610 317.417937
49 50 58 0.014000 0.201579 0.784421 256.651274 339.545785
50 59 58 0.289437 0.265043 0.445520 270.540933 342.177033
50 59 58 0.229465 0.661058 0.109477 281.978762 343.279325
50 59 58 0.793086 0.032132 0.174782 281.893299 324.942140
50 59 58 0.816302 0.156044 0.027655 282.294791 322.824305
50 59 58 0.273112 0.560564 0.166325 283.129716 349.433088
50 59 58 0.730190 0.181649 0.088161 283.829726 327.781185
50 59 58 0.298174 0.020461 0.681364 262.693466 342.389079
50 59 58 0.952998 0.040968 0.006034 288.880325 315.639687
50 59 58 0.444352 0.503135 0.052513 285.190302 338.535183
50 59 58 0.694275 0.135973 0.169752 281.425197 324.541074
50 51 59 0.302238 0.184438 0.513324 291.343683 330.650954
50 51 59 0.331512 0.009280 0.659208 283.880934 337.384363
50 51 59 0.111176 0.010227 0.878598 286.905304 347.910925
50 51 59 0.743724 0.016409 0.239867 286.144723 325.690338
50 51 59 0.153405 0.620729 0.225866 312.408663 322.488029
50 51 59 0.637197 0.292166 0.070636 298.298480 317.486533
50 51 59 0.102820 0.282092 0.615088 298.646588 338.591074
50 51 59 0.994453 0.004526 0.001021 284.286375 316.845705
50 51 59 0.914117 0.035776 0.050107 288.028027 316.397778
50 51 59 0.019779 0.814958 0.165264 321.836820 320.871076
51 60 59 0.219767 0.554801 0.225431 316.282849 348.064460
51 60 59 0.195788 0.344328 0.459884 306.452559 346.711544
51 60 59 0.331158 0.551324 0.117518 323.599736 341.859150
51 60 59 0.211682 0.246115 0.542203 307.252489 341.101024
51 60 59 0.100248 0.044735 0.855017 294.154885 346.632567
51 60 59 0.013425 0.641210 0.345365 312.039544 356.368348
51 60 59 0.149546 0.188705 0.661749 302.209294 346.572356
51 60 59 0.087057 0.168195 0.744747 298.486395 344.630420
51 60 59 0.890896 0.008568 0.100536 329.097201 320.191953
51 60 59 0.419018 0.248091 0.332891 314.256725 337.003888
51 52 60 0.954526 0.042241 0.003233 332.131118 315.626616
51 52 60 0.261395 0.049374 0.689232 329.549317 337.479741
51 52 60 0.881146 0.015965 0.102889 331.242486 319.734041
51 52 60 0.327385 0.349745 0.322870 339.992337 326.371419
51 52 60 0.213344 0.528845 0.257812 351.678800 327.741651
51 52 60 0.991130 0.007422 0.001448 326.920647 314.943773
51 52 60 0.583457 0.187235 0.229308 337.383109 325.739760
51 52 60 0.058508 0.035984 0.905508 327.637729 350.692884
51 52 60 0.818890 0.012419 0.168691 325.449007 323.071897
51 52 60 0.811265 0.133153 0.055582 331.168823 318.627126
52 61 60 0.724316 0.138235 0.137449 363.980042 324.450885
52 61 60 0.776256 0.206407 0.017337 370.904225 321.562125
52 61 60 0.531979 0.041974 0.426047 353.176498 334.786896
52 61 60 0.596936 0.188745 0.214319 358.504901 331.617489
52 61 60 0.151181 0.596320 0.252499 360.457578 350.950824
52 61 60 0.716955 0.016484 0.266561 360.572958 324.101506
52 61 60 0.585238 0.129136 0.285626 361.506551 330.653943
52 61 60 0.672053 0.181012 0.146935 364.637095 327.165410
52 61 60 0.780429 0.053756 0.165815 365.233691 323.424240
52 61 60 0.833225 0.147730 0.019045 369.476457 318.533854
52 53 61 0.838768 0.126494 0.034738 373.811998 317.701769
52 53 61 0.944892 0.015037 0.040071 369.440461 318.781736
52 53 61 0.874531 0.092707 0.032762 378.267717 316.562355
52 53 61 0.109955 0.871268 0.018776 411.284074 315.587555
52 53 61 0.546475 0.226457 0.227068 379.881462 322.934039
52 53 61 0.718099 0.212991 0.068910 380.900881 317.656385
52 53 61 0.646558 0.178350 0.175092 383.664803 321.058892
52 53 61 0.204281 0.272917 0.522802 380.584954 337.758119
52 53 61 0.019280 0.095824 0.884896 375.495445 347.832730
52 53 61 0.047935 0.684321 0.267744 399.739752 325.852049
53 62 61 0.676963 0.100069 0.222968 403.966935 326.498705
53 62 61 0.231683 0.140278 0.628040 387.927240 344.575576
53 62 61 0.348178 0.018001 0.633821 386.359300 338.454812
53 62 61 0.304082 0.654295 0.041623 412.524391 342.543872
53 62 61 0.273674 0.517500 0.208827 403.123123 337.841692
53 62 61 0.880295 0.024132 0.095573 415.588798 319.440841
53 62 61 0.521329 0.176269 0.302402 401.459940 327.652251
53 62 61 0.447652 0.144540 0.407808 396.463856 335.755077
53 62 61 0.144909 0.096776 0.758316 380.653044 349.808202
53 62 61 0.590993 0.376858 0.032149 415.286410 332.011006
54 55 63 0.357026 0.253491 0.389483 104.831425 363.045678
54 55 63 0.257074 0.128583 0.614343 101.598051 371.258690
54 55 63 0.912863 0.037347 0.049789 93.459018 351.800900
54 55 63 0.452163 0.376102 0.171735 109.439243 356.924756
54 55 63 0.675442 0.214081 0.110477 103.179538 357.836471
54 55 63 0.251970 0.273656 0.474375 105.519008 368.753268
54 55 63 0.416757 0.301787 0.281455 105.598521 360.249087
54 55 63 0.921103 0.063779 0.015118 94.972399 354.693316
54 55 63 0.217425 0.411342 0.371234 107.483053 366.999549
54 55 63 0.169396 0.419162 0.411442 110.615560 368.402988
55 64 63 0.279200 0.569050 0.151749 126.926268 374.154589
55 64 63 0.024782 0.436472 0.538746 119.617954 381.238208
55 64 63 0.401171 0.281214 0.317616 122.109876 370.006054
55 64 63 0.583024 0.171378 0.245598 120.760067 365.030417
55 64 63 0.929839 0.008992 0.061169 126.516453 354.785922
55 64 63 0.026848 0.268961 0.704191 113.071829 379.979296
55 64 63 0.026318 0.333210 0.640472 112.884910 378.126273
55 64 63 0.298890 0.445706 0.255403 125.204183 369.849360
55 64 63 0.380028 0.041834 0.578138 114.240540 369.292013
55 64 63 0.476218 0.302127 0.221655 124.205878 366.206886
55 56 64 0.847136 0.065781 0.087083 131.893394 354.490763
55 56 64 0.216114 0.062127 0.721759 134.091855 370.784991
55 56 64 0.416298 0.049648 0.534054 134.379696 367.779954
55 56 64 0.402603 0.190282 0.407115 136.025465 364.408852
55 56 64 0.559016 0.025184 0.415800 135.480269 362.926421
55 56 64 0.183360 0.653670 0.162971 156.983005 359.565899
55 56 64 0.477204 0.214361 0.308435 138.371323 362.200345
55 56 64 0.785488 0.086331 0.128180 134.449240 358.216749
55 56 64 0.139642 0.049245 0.811113 137.244492 375.880391
55 56 64 0.059208 0.277321 0.663471 147.837933 372.675749
56 65 64 0.354923 0.396286 0.248791 164.046169 369.771975
56 65 64 0.975481 0.007149 0.017370 165.723963 354.614307
56 65 64 0.394662 0.500632 0.104706 171.385337 372.351033
56 65 64 0.942057 0.034712 0.023231 168.160218 355.785922
56 65 64 0.584015 0.235009 0.180976 164.867246 366.507239
56 65 64 0.977515 0.021727 0.000757 167.570282 353.107354
56 65 64 0.423148 0.169278 0.407574 156.400358 367.095292
56 65 64 0.171479 0.492929 0.335592 161.893113 378.151330
56 65 64 0.137201 0.615685 0.247114 165.008245 376.989527
56 65 64 0.143354 0.148504 0.708142 151.743325 379.273892
56 57 65 0.454960 0.031781 0.513259 173.305491 365.253353
56 57 65 0.596650 0.319111 0.084239 179.030249 356.094349
56 57 65 0.320454 0.241703 0.437843 181.910271 368.885157
56 57 65 0.963270 0.002037 0.034693 169.277703 353.068530
56 57 65 0.488221 0.119801 0.391978 175.089511 364.917001
56 57 65 0.925988 0.056050 0.017961 171.709312 354.597053
56 57 65 0.635004 0.072984 0.292012 176.008051 361.411633
56 57 65 0.802313 0.184605 0.013082 177.530259 356.956785
56 57 65 0.856555 0.065756 0.077689 172.174481 356.590163
56 57 65 0.707921 0.172155 0.119924 180.954970 358.899021
57 66 65 0.789520 0.012946 0.197535 201.290319 358.565392
57 66 65 0.451549 0.437469 0.110981 208.199879 368.565890
57 66 65 0.788319 0.025768 0.185913 202.325758 359.232292
57 66 65 0.589604 0.145311 0.265085 199.396443 367.605412
57 66 65 0.938303 0.045074 0.016624 205.307729 351.878012
57 66 65 0.237524 0.165316 0.597160 186.092081 374.203936
57 66 65 0.815979 0.028310 0.155710 201.178805 356.877883
57 66 65 0.458940 0.116418 0.424642 193.897112 368.174234
57 66 65 0.886344 0.017035 0.096622 206.321743 352.730623
57 66 65 0.992210 0.003922 0.003868 206.555354 354.007946
57 58 66 0.496899 0.499182 0.003919 226.578787 355.899151
57 58 66 0.423516 0.467891 0.108594 224.663239 354.296536
57 58 66 0.088340 0.300260 0.611401 218.737554 372.957776
57 58 66 0.719767 0.042952 0.237281 213.920587 365.667253
57 58 66 0.873415 0.097357 0.029228 211.901871 351.612206
57 58 66 0.138753 0.763554 0.097693 237.141771 354.173629
57 58 66 0.203267 0.150919 0.645813 220.379511 373.969826
57 58 66 0.934085 0.014853 0.051062 206.602413 353.875696
57 58 66 0.148279 0.051880 0.799841 213.165577 378.218151
57 58 66 0.289551 0.497358 0.213091 225.411433 359.811023
58 67 66 0.416087 0.484465 0.099448 243.586008 370.660670
58 67 66 0.024047 0.468133 0.507820 229.439026 381.479390
58 67 66 0.781316 0.095455 0.123230 244.138597 357.238691
58 67 66 0.099395 0.501459 0.399146 237.265043 377.922643
58 67 66 0.139175 0.453265 0.407560 238.427874 374.040055
58 67 66 0.871757 0.117977 0.010267 246.005005 356.381538
58 67 66 0.098909 0.470713 0.430378 232.812509 375.409777
58 67 66 0.609548 0.218603 0.171849 243.078377 365.811157
58 67 66 0.098674 0.097899 0.803427 218.666967 378.916698
58 67 66 0.073189 0.915458 0.011353 248.663014 379.713173
58 59 67 0.061762 0.535608 0.402629 266.455502 364.823580
58 59 67 0.763489 0.074693 0.161818 245.388465 357.015552
58 59 67 0.008971 0.470342 0.520687 266.894331 367.263260
58 59 67 0.080914 0.351744 0.567342 263.036665 368.713905
58 59 67 0.819584 0.015468 0.164948 251.214964 357.207081
58 59 67 0.674474 0.187389 0.138137 255.621150 354.252449
58 59 67 0.910348 0.075186 0.014466 247.874812 349.402742
58 59 67 0.605517 0.079251 0.315232 251.310352 363.291672
58 59 67 0.410911 0.389650 0.199438 259.055157 356.098922
58 59 67 0.318663 0.230497 0.450839 259.301022 370.242404
59 68 67 0.863950 0.061974 0.074077 284.852748 355.274023
59 68 67 0.787689 0.147656 0.064656 282.851258 357.005034
59 68 67 0.770394 0.144131 0.085475 283.000436 357.859858
59 68 67 0.004071 0.133758 0.862171 255.254466 386.209223
59 68 67 0.840865 0.016289 0.142846 285.182165 357.559120
59 68 67 0.057956 0.299117 0.642927 262.708676 383.330687
59 68 67 0.078425 0.217610 0.703965 260.113843 381.490667
59 68 67 0.460278 0.042020 0.497702 265.220498 370.039481
59 68 67 0.898898 0.051681 0.049421 285.538301 356.869429
59 68 67 0.385537 0.220049 0.394413 273.239494 370.997529
59 60 68 0.851722 0.040735 0.107542 287.611028 356.613128
59 60 68 0.703190 0.027022 0.269788 290.209514 359.300637
59 60 68 0.476339 0.423433 0.100229 304.350514 355.058487
59 60 68 0.908769 0.054467 0.036764 291.097451 356.401327
59 60 68 0.386508 0.552455 0.061036 306.982109 353.992204
59 60 68 0.969494 0.019307 0.011199 289.871107 348.801703
59 60 68 0.344652 0.307572 0.347776 300.131821 363.645200
59 60 68 0.578137 0.227782 0.194081 296.010676 361.249486
59 60 68 0.158220 0.610829 0.230951 314.781663 357.886776
59 60 68 0.587736 0.135114 0.277150 293.408239 360.932197
60 69 68 0.131667 0.228876 0.639457 297.746020 375.188513
60 69 68 0.751652 0.057307 0.191041 314.350582 361.662807
60 69 68 0.792059 0.018771 0.189170 318.766873 360.542861
60 69 68 0.240846 0.710635 0.048519 326.536776 373.931307
60 69 68 0.816906 0.122421 0.060673 323.758276 358.433360
60 69 68 0.364012 0.073875 0.562112 303.752750 370.055615
60 69 68 0.489269 0.332836 0.177894 318.013443 370.418012
60 69 68 0.151186 0.643722 0.205092 314.076148 380.187300
60 69 68 0.974691 0.009171 0.016138 329.655764 355.135564
60 69 68 0.402728 0.132673 0.464598 306.601504 368.937694
60 61 69 0.497467 0.122696 0.379837 328.600226 365.254689
60 61 69 0.636010 0.258068 0.105921 339.006720 359.046936
60 61 69 0.950943 0.033696 0.015361 328.939778 351.050394
60 61 69 0.920607 0.050637 0.028755 331.208638 359.811903
60 61 69 0.271477 0.659481 0.069042 353.139426 352.817498
60 61 69 0.140454 0.710430 0.149116 355.017573 355.260322
60 61 69 0.476064 0.363395 0.160541 343.129317 358.881717
60 61 69 0.239532 0.007499 0.752969 329.143737 375.725020
60 61 69 0.011079 0.604795 0.384126 348.086406 367.093449
60 61 69 0.610853 0.150488 0.238659 337.533669 358.434125
61 70 69 0.949536 0.043094 0.007370 367.447090 353.676021
61 70 69 0.325356 0.623650 0.050994 363.780632 373.433638
61 70 69 0.729783 0.244990 0.025227 369.590019 361.319250
61 70 69 0.050738 0.809857 0.139405 359.873206 381.256635
61 70 69 0.511229 0.470087 0.018684 365.590629 370.527357
61 70 69 0.716238 0.085128 0.198635 360.844601 362.077484
61 70 69 0.761570 0.154928 0.083503 365.939754 361.123007
61 70 69 0.764669 0.160925 0.074405 365.684051 360.119094
61 70 69 0.237309 0.336208 0.426483 345.207901 376.672364
61 70 69 0.307997 0.225596 0.466408 350.134214 374.929386
61 62 70 0.793023 0.071388 0.135589 371.507395 355.946407
61 62 70 0.700586 0.076886 0.222528 369.561808 358.079542
61 62 70 0.226655 0.306003 0.467342 381.058370 363.722899
61 62 70 0.319966 0.366246 0.313788 385.275909 368.074507
61 62 70 0.625566 0.372463 0.001971 387.588331 349.835354
61 62 70 0.641569 0.156735 0.201696 375.131993 358.063182
61 62 70 0.265103 0.209474 0.525424 375.391160 370.566469
61 62 70 0.149339 0.429996 0.420665 386.363017 368.894243
61 62 70 0.651052 0.300796 0.048152 379.864987 356.884548
61 62 70 0.782049 0.000366 0.217585 370.789286 360.893350
62 71 70 0.542165 0.218826 0.239009 402.339166 368.406796
62 71 70 0.151376 0.256714 0.591910 381.979600 378.146601
62 71 70 0.025918 0.778109 0.195972 396.682371 381.936185
62 71 70 0.563598 0.259587 0.176816 403.229264 364.124655
62 71 70 0.231574 0.503675 0.264751 399.490026 376.720878
62 71 70 0.385797 0.395839 0.218364 399.505670 370.011566
62 71 70 0.466527 0.307788 0.225686 398.316492 371.489958
62 71 70 0.499240 0.274594 0.226166 398.421314 367.720750
62 71 70 0.090356 0.117932 0.791712 376.122304 380.047604
62 71 70 0.381645 0.258782 0.359573 393.875493 371.036362
63 64 72 0.671957 0.306901 0.021142 110.510857 381.844005
63 64 72 0.704781 0.039326 0.255893 107.658317 387.717066
63 64 72 0.558713 0.380082 0.061206 117.419832 380.710424
63 64 72 0.485435 0.089809 0.424756 106.938706 392.432023
63 64 72 0.519062 0.040093 0.440845 106.570242 386.233360
63 64 72 0.070903 0.443688 0.485409 121.547117 389.180577
63 64 72 0.525624 0.396288 0.078088 119.393587 380.648873
63 64 72 0.183860 0.080840 0.735300 113.598240 397.740330
63 64 72 0.074141 0.313091 0.612768 118.177925 394.045785
63 64 72 0.750142 0.127146 0.122712 108.383905 382.233750
64 73 72 0.753443 0.245307 0.001251 144.453579 387.955992
64 73 72 0.462941 0.148161 0.388897 129.021085 396.597744
64 73 72 0.761077 0.077282 0.161641 134.159644 389.324701
64 73 72 0.813155 0.077298 0.109547 133.686920 385.353780
64 73 72 0.726970 0.244339 0.028690 142.051135 388.416934
64 73 72 0.347866 0.033902 0.618233 121.928199 393.897330
64 73 72 0.001277 0.448546 0.550177 127.042459 401.455909
64 73 72 0.135803 0.227901 0.636296 120.730809 399.898021
64 73 72 0.363956 0.080920 0.555125 122.049219 396.873597
64 73 72 0.359449 0.315517 0.325035 131.865617 391.631896
64 65 73 0.729150 0.091627 0.179224 143.768914 386.857951
64 65 73 0.417317 0.353963 0.228719 148.161295 389.414636
64 65 73 0.891045 0.105100 0.003854 142.894792 384.765777
64 65 73 0.365454 0.446088 0.188458 154.798992 385.778436
64 65 73 0.848837 0.131849 0.019314 143.314252 381.977149
64 65 73 0.111636 0.874973 0.013391 172.917519 382.944431
64 65 73 0.287894 0.425671 0.286434 157.176981 387.109104
64 65 73 0.002507 0.282996 0.714497 153.611413 395.097018
64 65 73 0.007342 0.353146 0.639513 157.318877 398.217575
64 65 73 0.470390 0.524614 0.004996 155.650975 380.210483
65 74 73 0.268856 0.694279 0.036865 178.769048 397.687354
65 74 73 0.655037 0.101497 0.243466 169.873277 388.418172
65 74 73 0.174038 0.110534 0.715428 155.336355 400.585096
65 74 73 0.594574 0.290319 0.115107 171.231545 389.948005
65 74 73 0.807279 0.031949 0.160772 168.125867 382.266783
65 74 73 0.457752 0.394646 0.147602 176.858226 393.445414
65 74 73 0.273436 0.249986 0.476578 165.628063 400.100904
65 74 73 0.142762 0.462168 0.395070 166.016479 402.098084
65 74 73 0.275209 0.066823 0.657968 154.113011 395.919434
65 74 73 0.574815 0.096562 0.328623 166.024932 393.059410
65 66 74 0.009459 0.151258 0.839284 186.345558 402.225936
65 66 74 0.838353 0.104361 0.057286 179.815992 385.566129
65 66 74 0.022156 0.901298 0.076546 209.285449 383.062346
65 66 74 0.826078 0.055071 0.118850 176.430451 379.109916
65 66 74 0.531586 0.200204 0.268210 186.271759 385.469940
65 66 74 0.475473 0.303827 0.220700 187.977209 388.674656
65 66 74 0.756433 0.164239 0.079328 177.343316 383.428570
65 66 74 0.498331 0.182316 0.319353 183.936319 384.781221
65 66 74 0.848677 0.113130 0.038193 179.963117 379.316401
65 66 74 0.566718 0.431410 0.001872 189.744483 384.133890
66 75 74 0.474710 0.140482 0.384808 201.557118 393.964331
66 75 74 0.614650 0.308265 0.077085 210.030192 396.681257
66 75 74 0.676546 0.317146 0.006308 213.487895 390.110168
66 75 74 0.236224 0.369400 0.394377 203.091667 394.690149
66 75 74 0.755355 0.206482 0.038163 212.851100 387.316064
66 75 74 0.791892 0.203082 0.005026 211.116042 388.179763
66 75 74 0.452831 0.426064 0.121105 207.440644 394.330461
66 75 74 0.257458 0.580359 0.162183 207.654520 397.575875
66 75 74 0.170484 0.547144 0.282372 206.213960 403.874074
66 75 74 0.297572 0.619337 0.083092 214.115319 395.809294
66 67 75 0.149270 0.189784 0.660946 221.231183 397.003016
66 67 75 0.310064 0.437797 0.252139 229.929324 388.787319
66 67 75 0.556520 0.025152 0.418328 216.205143 391.458358
66 67 75 0.897925 0.042011 0.060064 213.779058 383.772264
66 67 75 0.704144 0.213349 0.082508 222.022191 381.884832
66 67 75 0.653334 0.273301 0.073364 222.263390 385.190976
66 67 75 0.170627 0.029383 0.799989 216.338539 401.198800
66 67 75 0.032901 0.171876 0.795223 221.710498 402.238618
66 67 75 0.410447 0.225305 0.364248 219.898592 392.223141
66 67 75 0.509308 0.344197 0.146496 223.883242 385.940178
67 76 75 0.187098 0.604977 0.207924 244.106285 399.489403
67 76 75 0.821421 0.129237 0.049341 248.693988 385.229195
67 76 75 0.746635 0.149382 0.103983 248.133731 386.748436
67 76 75 0.902987 0.004630 0.092383 243.856509 383.045768
67 76 75 0.131910 0.831346 0.036743 255.066947 397.944348
67 76 75 0.772652 0.201111 0.026237 249.983268 389.763228
67 76 75 0.097994 0.112050 0.789956 228.751276 400.501302
67 76 75 0.438769 0.499548 0.061682 249.838053 391.209097
67 76 75 0.680088 0.029554 0.290358 239.024037 388.371947
67 76 75 0.951758 0.032654 0.015588 247.038918 384.588506
67 68 76 0.078076 0.668096 0.253828 277.092710 390.829694
67 68 76 0.703476 0.269746 0.026778 261.248892 378.055832
67 68 76 0.929043 0.034676 0.036280 251.506983 380.053523
67 68 76 0.316562 0.589421 0.094018 272.133402 382.759679
67 68 76 0.611491 0.054012 0.334497 254.465721 387.521827
67 68 76 0.011095 0.441742 0.547163 267.506879 396.478455
67 68 76 0.433363 0.215774 0.350863 260.373083 391.974110
67 68 76 0.519456 0.184666 0.295878 255.722839 391.938650
67 68 76 0.766734 0.217012 0.016254 256.605306 383.507130
67 68 76 0.499453 0.269280 0.231267 260.146765 389.521059
68 77 76 0.695756 0.280853 0.023392 282.517758 386.467101
68 77 76 0.127919 0.574147 0.297934 277.222853 400.457136
68 77 76 0.155795 0.652013 0.192192 278.638538 399.746995
68 77 76 0.517947 0.231040 0.251013 276.393782 393.220840
68 77 76 0.984879 0.001188 0.013933 287.242257 386.060430
68 77 76 0.847718 0.120764 0.031518 284.495957 384.233392
68 77 76 0.264620 0.310585 0.424795 272.938828 394.859343
68 77 76 0.767881 0.175149 0.056969 285.787330 384.368518
68 77 76 0.731046 0.222966 0.045988 285.157916 391.022406
68 77 76 0.483046 0.024721 0.492234 270.619445 393.254232
68 69 77 0.444396 0.281272 0.274332 301.733178 389.724376
68 69 77 0.437649 0.001768 0.560583 290.306294 392.959072
68 69 77 0.515680 0.383397 0.100922 300.750197 389.139146
68 69 77 0.060209 0.869340 0.070451 320.593825 380.570466
68 69 77 0.149405 0.377707 0.472887 303.384269 394.520370
68 69 77 0.936720 0.046787 0.016493 284.882814 383.880183
68 69 77 0.926961 0.063931 0.009108 290.732125 380.163723
68 69 77 0.041522 0.182247 0.776231 293.666303 398.900935
68 69 77 0.707279 0.027241 0.265480 288.971724 388.743579
68 69 77 0.413351 0.149894 0.436756 290.278317 390.853702
69 78 77 0.713508 0.243892 0.042600 325.319554 389.309624
69 78 77 0.808243 0.164319 0.027438 325.704482 389.038317
69 78 77 0.090581 0.708231 0.201188 319.237453 403.287616
69 78 77 0.607880 0.318893 0.073227 322.645086 392.482772
69 78 77 0.012858 0.774303 0.212839 316.744495 406.864315
69 78 77 0.489360 0.281459 0.229181 318.059129 395.135621
69 78 77 0.502774 0.325195 0.172031 314.194846 394.319980
69 78 77 0.102817 0.456760 0.440423 308.779718 403.599416
69 78 77 0.717356 0.165120 0.117524 320.869928 388.131084
69 78 77 0.168508 0.600111 0.231380 316.380865 402.397978
69 70 78 0.089989 0.574806 0.335205 346.065112 391.475700
69 70 78 0.146980 0.196915 0.656105 328.373689 396.555293
69 70 78 0.519752 0.274045 0.206203 337.177262 387.774066
69 70 78 0.834288 0.163476 0.002236 331.405762 381.927119
69 70 78 0.981793 0.014694 0.003513 323.587452 383.275479
69 70 78 0.323906 0.564746 0.111348 348.680418 386.267092
69 70 78 0.528371 0.416208 0.055420 340.883000 384.589801
69 70 78 0.847654 0.013727 0.138619 326.001320 386.954411
69 70 78 0.114237 0.288463 0.597300 336.665961 395.010974
69 70 78 0.667880 0.032470 0.299650 326.309280 391.770062
70 79 78 0.504978 0.260950 0.234072 358.582299 393.456467
70 79 78 0.648063 0.085288 0.266649 352.548076 391.135985
70 79 78 0.819339 0.065957 0.114703 360.124797 386.118247
70 79 78 0.555957 0.024477 0.419567 346.157453 395.285675
70 79 78 0.388114 0.097905 0.513981 347.502793 395.716521
70 79 78 0.510693 0.154379 0.334928 352.676008 396.099859
70 79 78 0.133377 0.111790 0.754833 328.235396 402.816854
70 79 78 0.768645 0.113236 0.118119 359.935198 390.650442
70 79 78 0.938306 0.006542 0.055151 363.528046 385.597293
70 79 78 0.798363 0.122453 0.079184 365.965647 385.329975
70 71 79 0.592441 0.236632 0.170927 374.641006 384.522529
70 71 79 0.734739 0.079288 0.185973 365.081792 387.560975
70 71 79 0.602049 0.132539 0.265412 371.721236 390.250715
70 71 79 0.784760 0.196836 0.018403 376.451693 386.592465
70 71 79 0.798273 0.079616 0.122111 367.115890 387.886761
70 71 79 0.704530 0.232271 0.063198 374.977668 384.940658
70 71 79 0.312493 0.040035 0.647472 362.307949 394.053584
70 71 79 0.592198 0.382709 0.025093 381.905440 381.444854
70 71 79 0.521363 0.406330 0.072307 381.477428 387.992365
70 71 79 0.253566 0.283936 0.462499 377.206838 395.109531
71 80 79 0.933681 0.041759 0.024559 406.709385 383.550697
71 80 79 0.196361 0.076384 0.727255 376.458761 400.553249
71 80 79 0.236377 0.168847 0.594776 380.028183 401.354938
71 80 79 0.068505 0.060773 0.870723 368.609191 405.035349
71 80 79 0.711821 0.247476 0.040703 401.365932 389.705957
71 80 79 0.081947 0.891367 0.026686 400.231192 404.911392
71 80 79 0.605516 0.215027 0.179457 402.607589 393.913344
71 80 79 0.634729 0.040636 0.324635 390.579308 389.190871
71 80 79 0.562211 0.136703 0.301086 392.747293 391.300136
71 80 79 0.154340 0.601645 0.244015 393.408923 401.342267
