0 1 9 0.081367 0.631091 0.287542 136.679329 185.140410
0 1 9 0.392301 0.593613 0.014086 140.055413 184.448647
0 1 9 0.887974 0.091665 0.020361 125.045245 182.135682
0 1 9 0.346261 0.062980 0.590759 118.703709 189.736461
0 1 9 0.186043 0.634965 0.178992 141.798038 185.913199
0 1 9 0.792280 0.001442 0.206278 124.235371 182.777951
0 1 9 0.043824 0.424036 0.532140 125.696979 188.370974
0 1 9 0.449325 0.411530 0.139145 131.020678 188.207309
0 1 9 0.579988 0.140391 0.279621 126.238014 183.945905
0 1 9 0.036002 0.508583 0.455415 131.483545 189.540939
1 10 9 0.626945 0.162465 0.210590 143.035155 186.736713
1 10 9 0.864123 0.090789 0.045087 148.942203 186.542550
1 10 9 0.127882 0.699196 0.172923 142.024767 196.149678
1 10 9 0.814017 0.120927 0.065056 145.309561 185.096754
1 10 9 0.218579 0.724443 0.056978 144.079234 192.987393
1 10 9 0.085220 0.515135 0.399645 136.288829 194.426336
1 10 9 0.067322 0.106474 0.826204 119.233001 194.078921
1 10 9 0.710846 0.193186 0.095968 145.536776 187.030460
1 10 9 0.211914 0.779843 0.008243 150.363058 191.639599
1 10 9 0.722143 0.131209 0.146648 147.223109 190.611574
1 2 10 0.866403 0.096555 0.037042 153.683347 185.608237
1 2 10 0.455638 0.330368 0.213994 159.921024 186.274849
1 2 10 0.766244 0.011255 0.222501 148.955671 184.670177
1 2 10 0.494118 0.439851 0.066031 162.634920 184.906455
1 2 10 0.963968 0.019564 0.016468 153.641049 183.326104
1 2 10 0.662467 0.119019 0.218514 158.285524 183.631315
1 2 10 0.843015 0.000479 0.156506 149.197009 186.655510
1 2 10 0.794711 0.159743 0.045547 155.532782 184.441786
1 2 10 0.551757 0.344788 0.103454 164.814058 183.600179
1 2 10 0.265906 0.462489 0.271605 162.836982 185.182194
2 11 10 0.715227 0.273969 0.010804 183.340448 185.278779
2 11 10 0.809258 0.003490 0.187251 177.271801 184.448801
2 11 10 0.089361 0.308466 0.602173 159.362300 192.104472
2 11 10 0.454196 0.060715 0.485090 168.536833 186.087126
2 11 10 0.142599 0.821944 0.035458 181.317235 190.086618
2 11 10 0.356468 0.091312 0.552221 162.817787 190.329495
2 11 10 0.773448 0.207450 0.019103 184.304656 184.909704
2 11 10 0.828272 0.022713 0.149015 182.995469 185.955882
2 11 10 0.209359 0.664507 0.126134 177.509690 187.431554
2 11 10 0.188838 0.121810 0.689352 154.885664 191.909320
2 3 11 0.152297 0.539232 0.308471 197.268831 185.409646
2 3 11 0.947407 0.016738 0.035854 180.205009 184.591330
2 3 11 0.720967 0.047353 0.231680 185.998703 182.321126
2 3 11 0.097285 0.348842 0.553873 193.103891 190.835222
2 3 11 0.180903 0.651362 0.167735 201.075469 184.489811
2 3 11 0.247546 0.092500 0.659954 181.828939 188.535764
2 3 11 0.862705 0.047482 0.089814 184.992654 182.129478
2 3 11 0.858133 0.046430 0.095436 180.222992 185.804650
2 3 11 0.152417 0.504676 0.342908 199.423081 186.679380
2 3 11 0.508077 0.398967 0.092955 195.539184 184.155445
3 12 11 0.541627 0.265943 0.192430 207.999484 186.032419
3 12 11 0.745591 0.248562 0.005847 215.074662 184.770116
3 12 11 0.053206 0.107299 0.839495 182.833300 196.372975
3 12 11 0.303190 0.158830 0.537979 193.348535 188.887963
3 12 11 0.747974 0.010470 0.241555 204.505821 182.934693
3 12 11 0.329774 0.611503 0.058723 213.611711 191.342787
3 12 11 0.437618 0.303166 0.259215 202.501006 186.973586
3 12 11 0.885049 0.076890 0.038061 210.653332 185.518987
3 12 11 0.306600 0.492008 0.201392 205.579676 188.668893
3 12 11 0.481042 0.151385 0.367573 203.502677 188.695949
3 4 12 0.296571 0.211194 0.492234 223.165905 183.393056
3 4 12 0.091381 0.543084 0.365535 231.435779 185.697700
3 4 12 0.524566 0.344428 0.131006 223.094840 184.174646
3 4 12 0.102807 0.055098 0.842095 215.142686 191.965587
3 4 12 0.889167 0.110194 0.000639 218.257704 179.744083
3 4 12 0.441700 0.184320 0.373981 221.272178 187.841591
3 4 12 0.231398 0.054281 0.714321 213.584279 193.884903
3 4 12 0.572790 0.010373 0.416837 212.102984 186.249454
3 4 12 0.554846 0.189317 0.255836 217.638449 187.168052
3 4 12 0.458977 0.276351 0.264672 217.532137 186.497555
4 13 12 0.525814 0.134482 0.339704 235.988216 189.921174
4 13 12 0.724424 0.022613 0.252963 237.295918 189.129422
4 13 12 0.193479 0.688061 0.118460 237.931725 188.727567
4 13 12 0.276661 0.530815 0.192524 235.517534 185.609832
4 13 12 0.202216 0.184363 0.613421 227.440300 189.415487
4 13 12 0.810337 0.111381 0.078282 243.533018 183.493725
4 13 12 0.288194 0.093044 0.618763 228.739090 187.700140
4 13 12 0.927001 0.026131 0.046868 243.831056 182.034005
4 13 12 0.155451 0.330735 0.513813 230.598860 190.535525
4 13 12 0.055511 0.888295 0.056194 240.730421 195.258571
4 5 13 0.202533 0.183445 0.614022 248.875854 185.568978
4 5 13 0.656512 0.079410 0.264078 247.684033 187.246736
4 5 13 0.959333 0.028123 0.012544 248.545672 184.268969
4 5 13 0.104691 0.514409 0.380901 258.314575 186.475581
4 5 13 0.906629 0.073069 0.020302 244.004882 185.953821
4 5 13 0.626418 0.184397 0.189185 249.812318 185.663058
4 5 13 0.489218 0.304786 0.205996 253.553175 180.435749
4 5 13 0.581950 0.213877 0.204173 252.731390 185.711667
4 5 13 0.637474 0.063564 0.298963 245.277861 185.744993
4 5 13 0.187889 0.186848 0.625263 249.758528 186.900873
5 14 13 0.660651 0.029065 0.310285 269.917826 185.202980
5 14 13 0.471163 0.029515 0.499322 260.571119 186.753502
5 14 13 0.599042 0.392211 0.008747 279.301302 184.938349
5 14 13 0.432713 0.285863 0.281424 267.875533 185.320637
5 14 13 0.756604 0.133757 0.109639 274.975397 186.580018
5 14 13 0.102036 0.301063 0.596902 260.736552 193.329416
5 14 13 0.846754 0.002711 0.150535 271.140985 184.917819
5 14 13 0.677248 0.039857 0.282895 267.514380 182.904879
5 14 13 0.055922 0.577016 0.367062 266.790844 194.623634
5 14 13 0.166210 0.772530 0.061260 278.495321 189.688746
5 6 14 0.982264 0.013128 0.004607 279.038155 182.350667
5 6 14 0.191020 0.282814 0.526166 290.368322 185.523414
5 6 14 0.726446 0.203224 0.070330 286.184344 184.133079
5 6 14 0.622033 0.141317 0.236650 280.969288 182.636409
5 6 14 0.954593 0.019223 0.026184 275.525629 180.445417
5 6 14 0.072664 0.608221 0.319115 298.683189 183.194274
5 6 14 0.111650 0.174241 0.714109 287.267878 187.430198
5 6 14 0.250562 0.416889 0.332549 290.146540 182.491493
5 6 14 0.054690 0.707168 0.238142 301.592236 183.613105
5 6 14 0.365297 0.469625 0.165078 292.741264 183.316625
6 15 14 0.717655 0.083782 0.198563 304.982136 184.574515
6 15 14 0.010821 0.897896 0.091283 311.401839 190.806560
6 15 14 0.360049 0.396752 0.243199 302.922293 191.672379
6 15 14 0.563302 0.040862 0.395836 297.990020 185.768596
6 15 14 0.278966 0.583934 0.137100 311.851399 189.007663
6 15 14 0.811690 0.099081 0.089229 303.832046 182.118109
6 15 14 0.140737 0.810806 0.048457 312.799589 192.600164
6 15 14 0.920057 0.066079 0.013864 309.161674 179.350956
6 15 14 0.066766 0.476633 0.456601 298.949255 188.290443
6 15 14 0.223138 0.468132 0.308730 303.602709 185.287864
6 7 15 0.397830 0.111110 0.491060 313.174466 184.837950
6 7 15 0.123732 0.726293 0.149975 330.816339 181.369893
6 7 15 0.290363 0.062768 0.646869 314.827236 185.839721
6 7 15 0.052140 0.479167 0.468693 326.188857 187.910736
6 7 15 0.734666 0.233749 0.031584 316.044007 178.529131
6 7 15 0.951806 0.041398 0.006796 307.763386 180.842527
6 7 15 0.315679 0.194274 0.490047 318.169612 184.966566
6 7 15 0.807954 0.073722 0.118325 316.075814 186.841060
6 7 15 0.573826 0.070148 0.356026 313.797346 183.442320
6 7 15 0.072515 0.887506 0.039979 338.859112 178.430986
7 16 15 0.224595 0.146557 0.628848 325.441085 187.083148
7 16 15 0.680969 0.254501 0.064530 340.733107 187.227791
7 16 15 0.271477 0.317050 0.411473 330.279449 190.848955
7 16 15 0.580377 0.050116 0.369507 333.833327 179.332845
7 16 15 0.927568 0.002958 0.069473 338.184509 181.294197
7 16 15 0.208648 0.089516 0.701836 328.452051 186.611721
7 16 15 0.125483 0.206645 0.667871 326.630350 186.338824
7 16 15 0.249121 0.685265 0.065614 347.570371 185.661343
7 16 15 0.508830 0.470419 0.020750 343.606293 184.044686
7 16 15 0.300791 0.351781 0.347428 337.396982 187.986211
7 8 16 0.134581 0.067815 0.797605 350.130801 188.620664
7 8 16 0.644064 0.085300 0.270635 346.410974 181.315471
7 8 16 0.006796 0.076758 0.916446 356.914681 184.402279
7 8 16 0.735871 0.131053 0.133076 346.317456 181.167562
7 8 16 0.371493 0.521159 0.107348 358.870236 180.361050
7 8 16 0.987736 0.006109 0.006154 339.818640 183.996741
7 8 16 0.859981 0.009760 0.130260 343.900057 181.296661
7 8 16 0.556946 0.428187 0.014866 354.115109 178.784073
7 8 16 0.563437 0.304200 0.132362 352.835622 182.394921
7 8 16 0.416658 0.228472 0.354870 351.578760 181.541038
8 17 16 0.201946 0.555436 0.242618 370.618910 184.659028
8 17 16 0.076117 0.472023 0.451860 370.077255 189.056754
8 17 16 0.248924 0.449619 0.301457 368.158385 182.218250
8 17 16 0.726031 0.091166 0.182803 368.135863 181.573201
8 17 16 0.547419 0.158583 0.293998 365.329120 180.668282
8 17 16 0.202384 0.223239 0.574377 364.732220 186.429760
8 17 16 0.074710 0.190172 0.735118 356.176723 189.602167
8 17 16 0.872889 0.046357 0.080753 372.596708 177.988729
8 17 16 0.356519 0.556544 0.086937 374.442994 183.619586
8 17 16 0.314953 0.210561 0.474486 364.319129 182.237170
9 10 18 0.941661 0.046349 0.011990 113.164332 194.554124
9 10 18 0.953754 0.016044 0.030201 111.007238 194.183001
9 10 18 0.226314 0.611514 0.162171 133.789026 198.823483
9 10 18 0.273570 0.088647 0.637784 107.435518 204.634959
9 10 18 0.457638 0.317734 0.224629 121.202220 199.834193
9 10 18 0.992876 0.002390 0.004733 110.388569 192.698456
9 10 18 0.103783 0.681840 0.214378 134.623129 199.947995
9 10 18 0.236318 0.398053 0.365629 122.573501 199.603854
9 10 18 0.634061 0.174783 0.191156 115.051128 196.458857
9 10 18 0.928978 0.000379 0.070643 115.217312 199.048591
10 19 18 0.321409 0.120680 0.557911 123.964444 204.333441
10 19 18 0.402680 0.062192 0.535127 128.430119 202.835292
10 19 18 0.170694 0.341921 0.487385 124.561725 211.016763
10 19 18 0.509642 0.389374 0.100984 137.975543 202.549721
10 19 18 0.130923 0.496476 0.372601 117.592703 208.422757
10 19 18 0.573468 0.230872 0.195660 136.425581 201.865772
10 19 18 0.987198 0.011993 0.000809 146.824124 195.521014
10 19 18 0.303664 0.559548 0.136789 136.635521 205.566963
10 19 18 0.367804 0.588280 0.043916 134.384287 204.198333
10 19 18 0.409479 0.309413 0.281108 134.370126 206.195304
10 11 19 0.291055 0.380547 0.328399 155.986875 197.419369
10 11 19 0.040316 0.744499 0.215186 168.912427 193.240783
10 11 19 0.206298 0.446886 0.346816 159.849282 197.103822
10 11 19 0.331070 0.158895 0.510035 148.090381 200.402796
10 11 19 0.323147 0.051455 0.625398 136.231138 205.164165
10 11 19 0.357382 0.241700 0.400918 148.424915 199.557349
10 11 19 0.907522 0.066445 0.026034 147.702172 197.860948
10 11 19 0.343886 0.486290 0.169823 162.090017 194.997510
10 11 19 0.448466 0.191444 0.360090 149.026921 201.517160
10 11 19 0.819368 0.157039 0.023593 151.933504 194.222183
11 20 19 0.268984 0.573635 0.157381 172.127718 202.994894
11 20 19 0.559765 0.296869 0.143366 171.708648 199.957660
11 20 19 0.249218 0.736493 0.014289 173.717974 205.785730
11 20 19 0.623730 0.242755 0.133515 172.617130 195.448585
11 20 19 0.560163 0.186363 0.253474 167.847865 198.646323
11 20 19 0.758404 0.099418 0.142178 173.476943 196.563529
11 20 19 0.250985 0.291876 0.457140 157.426642 208.160084
11 20 19 0.809877 0.160262 0.029861 176.372326 197.217779
11 20 19 0.205320 0.282685 0.511995 153.657948 206.764247
11 20 19 0.405303 0.428180 0.166517 168.027651 200.364126
11 12 20 0.807515 0.008625 0.183860 180.017977 192.733824
11 12 20 0.992030 0.000629 0.007340 180.138664 192.598957
11 12 20 0.532243 0.361830 0.105928 193.384032 193.916210
11 12 20 0.669544 0.105231 0.225225 179.325880 197.172360
11 12 20 0.361826 0.528293 0.109881 198.866875 192.098166
11 12 20 0.296763 0.240450 0.462787 184.520155 202.557386
11 12 20 0.231417 0.380358 0.388225 186.826694 197.537285
11 12 20 0.460948 0.220556 0.318497 186.363357 200.133527
11 12 20 0.982741 0.007676 0.009582 179.159384 193.356367
11 12 20 0.490862 0.491634 0.017504 192.419383 194.794372
12 21 20 0.054469 0.011130 0.934400 170.090010 214.986384
12 21 20 0.695883 0.091958 0.212159 206.247207 199.094694
12 21 20 0.925190 0.003970 0.070840 211.662343 189.181771
12 21 20 0.640289 0.208629 0.151082 205.957763 200.037399
12 21 20 0.710986 0.133454 0.155560 206.913411 196.397935
12 21 20 0.459481 0.290467 0.250052 201.713308 202.555690
12 21 20 0.183728 0.091246 0.725026 186.208952 206.304061
12 21 20 0.247108 0.409371 0.343521 196.478080 205.041059
12 21 20 0.438122 0.434443 0.127435 210.314767 203.092777
12 21 20 0.242634 0.352695 0.404671 198.733948 205.686887
12 13 21 0.146268 0.128102 0.725629 211.502973 204.281489
12 13 21 0.015767 0.319194 0.665039 217.526092 203.072568
12 13 21 0.639225 0.328346 0.032429 224.626208 191.294632
12 13 21 0.207650 0.771239 0.021111 239.911426 192.454179
12 13 21 0.315785 0.169361 0.514854 218.543241 196.356244
12 13 21 0.960046 0.031086 0.008868 214.077330 193.065976
12 13 21 0.202210 0.768458 0.029332 234.362044 189.135335
12 13 21 0.460013 0.413288 0.126699 225.325103 197.135732
12 13 21 0.968930 0.007417 0.023653 215.539324 193.664607
12 13 21 0.314770 0.498786 0.186444 230.318036 196.694312
13 22 21 0.295635 0.018092 0.686273 218.332858 199.549986
13 22 21 0.110543 0.115377 0.774080 212.672340 204.659750
13 22 21 0.319605 0.312076 0.368319 230.625991 202.409181
13 22 21 0.803347 0.169923 0.026729 242.952907 197.787109
13 22 21 0.449180 0.114521 0.436298 229.475250 202.484986
13 22 21 0.915876 0.076414 0.007710 244.861041 195.473607
13 22 21 0.927913 0.049801 0.022286 244.667665 193.560077
13 22 21 0.355524 0.377348 0.267128 230.771902 201.637802
13 22 21 0.227795 0.249928 0.522277 223.863190 203.802340
13 22 21 0.425002 0.192494 0.382504 230.239045 198.195035
13 14 22 0.752932 0.139806 0.107261 247.955337 189.274392
13 14 22 0.181704 0.032812 0.785484 241.875329 203.070062
13 14 22 0.468031 0.396739 0.135230 259.718581 192.139017
13 14 22 0.572959 0.279671 0.147370 251.807244 192.434006
13 14 22 0.246969 0.192737 0.560293 250.866390 200.314938
13 14 22 0.191602 0.011281 0.797117 241.055985 208.068957
13 14 22 0.347700 0.651056 0.001244 267.949710 189.160072
13 14 22 0.516526 0.427306 0.056168 261.187917 193.743426
13 14 22 0.211027 0.729423 0.059550 271.024702 191.170912
13 14 22 0.170882 0.565055 0.264063 261.049525 192.406259
14 23 22 0.408403 0.343084 0.248514 270.206900 196.434095
14 23 22 0.347210 0.471664 0.181126 275.664474 200.831963
14 23 22 0.841673 0.108289 0.050038 280.070608 191.086104
14 23 22 0.249415 0.035003 0.715582 254.215857 200.946096
14 23 22 0.483328 0.247746 0.268926 270.180938 198.609490
14 23 22 0.134275 0.274502 0.591223 256.250604 207.001466
14 23 22 0.547280 0.070918 0.381802 266.208541 198.297416
14 23 22 0.591308 0.391145 0.017547 281.914316 196.333628
14 23 22 0.833830 0.045321 0.120849 279.459221 191.879470
14 23 22 0.132922 0.474359 0.392719 266.767240 202.295469
14 15 23 0.416476 0.335741 0.247782 295.659766 192.067321
14 15 23 0.316659 0.301680 0.381661 291.457739 193.709834
14 15 23 0.381966 0.025268 0.592766 281.202205 197.200692
14 15 23 0.510936 0.148819 0.340245 289.597018 195.234858
14 15 23 0.647210 0.023227 0.329563 283.547532 195.595318
14 15 23 0.455618 0.418489 0.125893 296.653943 191.925775
14 15 23 0.744102 0.142576 0.113321 285.989741 190.652114
14 15 23 0.427156 0.344510 0.228334 291.881826 190.847585
14 15 23 0.876286 0.083899 0.039815 280.837839 190.647843
14 15 23 0.456510 0.239174 0.304317 292.132524 195.499470
15 24 23 0.475790 0.137570 0.386640 302.284237 197.193399
15 24 23 0.820754 0.034388 0.144858 309.365683 193.739966
15 24 23 0.342505 0.588350 0.069145 315.741438 203.354135
15 24 23 0.540896 0.269450 0.189654 307.540642 195.701268
15 24 23 0.714507 0.259257 0.026235 315.157939 194.347061
15 24 23 0.207217 0.070123 0.722660 292.453866 200.817407
15 24 23 0.491766 0.180689 0.327545 303.999194 199.330951
15 24 23 0.440513 0.252007 0.307479 305.128638 202.746103
15 24 23 0.158167 0.114776 0.727057 290.289241 203.821779
15 24 23 0.600058 0.320959 0.078983 311.992791 200.452819
15 16 24 0.387117 0.108962 0.503921 319.696235 197.292613
15 16 24 0.469496 0.194414 0.336090 323.586833 196.758127
15 16 24 0.450648 0.544327 0.005025 337.053989 191.298150
15 16 24 0.873202 0.012450 0.114348 317.530170 189.898392
15 16 24 0.671155 0.260032 0.068814 323.738042 190.716744
15 16 24 0.958794 0.010418 0.030789 312.742078 190.297658
15 16 24 0.861013 0.086000 0.052987 318.711136 185.563447
15 16 24 0.626823 0.116256 0.256921 320.580825 196.295469
15 16 24 0.903069 0.085087 0.011844 318.764079 192.757747
15 16 24 0.679361 0.263804 0.056835 323.407209 190.400761
16 25 24 0.970841 0.005534 0.023625 352.638523 189.382016
16 25 24 0.182932 0.152713 0.664355 329.830484 201.267557
16 25 24 0.596467 0.384682 0.018851 349.941416 196.763736
16 25 24 0.030030 0.886876 0.083094 352.532280 204.974565
16 25 24 0.747062 0.116732 0.136205 349.365374 194.062352
16 25 24 0.967980 0.011292 0.020728 353.808497 189.925715
16 25 24 0.712671 0.062529 0.224800 339.994096 192.381193
16 25 24 0.111124 0.283216 0.605660 333.367790 206.314076
16 25 24 0.020447 0.200403 0.779149 323.949965 203.667171
16 25 24 0.727948 0.056834 0.215219 344.780061 190.443916
16 17 25 0.022974 0.664852 0.312174 371.928665 192.703617
16 17 25 0.378562 0.228817 0.392621 357.173881 195.396211
16 17 25 0.210127 0.209667 0.580206 358.137099 197.337349
16 17 25 0.419558 0.423416 0.157026 364.756048 188.226697
16 17 25 0.884071 0.104303 0.011626 350.037768 195.138496
16 17 25 0.366813 0.508222 0.124965 364.555053 191.675407
16 17 25 0.160399 0.713872 0.125729 373.258142 186.885363
16 17 25 0.465751 0.295281 0.238967 359.203141 191.064677
16 17 25 0.730311 0.244635 0.025054 357.459870 187.788447
16 17 25 0.710699 0.254863 0.034438 357.632898 188.814037
17 26 25 0.780787 0.205874 0.013339 380.484997 189.093601
17 26 25 0.060058 0.553644 0.386298 377.049736 199.542773
17 26 25 0.096505 0.692144 0.211351 384.588557 202.543488
17 26 25 0.083884 0.825298 0.090817 387.511725 198.833920
17 26 25 0.225105 0.214813 0.560082 367.794066 203.643881
17 26 25 0.262711 0.563659 0.173631 381.372840 199.967335
17 26 25 0.418650 0.444736 0.136614 380.119049 195.766222
17 26 25 0.311695 0.505988 0.182316 379.190757 198.334557
17 26 25 0.206305 0.562152 0.231542 381.739322 199.622039
17 26 25 0.485838 0.322950 0.191212 380.157387 195.600741
18 19 27 0.791030 0.174746 0.034224 105.741284 207.770887
18 19 27 0.725062 0.255632 0.019306 108.376808 212.521549
18 19 27 0.660845 0.327728 0.011427 112.499232 208.205605
18 19 27 0.293492 0.046326 0.660182 97.643083 230.164647
18 19 27 0.236254 0.406047 0.357698 112.599394 221.254068
18 19 27 0.684233 0.221772 0.093994 109.857397 216.300701
18 19 27 0.517165 0.402855 0.079979 113.738969 215.178502
18 19 27 0.907212 0.082705 0.010083 101.572505 213.905212
18 19 27 0.296884 0.114059 0.589056 94.278455 227.822662
18 19 27 0.629442 0.350752 0.019805 110.801659 210.838519
19 28 27 0.995537 0.001387 0.003076 137.975469 208.984833
19 28 27 0.006523 0.441130 0.552346 106.187165 239.091535
19 28 27 0.786683 0.092748 0.120570 128.863948 214.444652
19 28 27 0.169158 0.204323 0.626519 105.677980 232.895575
19 28 27 0.437702 0.401048 0.161250 127.609375 223.361672
19 28 27 0.936443 0.047737 0.015820 129.621114 211.491430
19 28 27 0.061646 0.594302 0.344051 114.478754 235.194283
19 28 27 0.798189 0.025461 0.176350 126.703499 210.452711
19 28 27 0.267112 0.571376 0.161512 124.164375 229.815834
19 28 27 0.966140 0.026601 0.007259 133.213214 213.134276
19 20 28 0.572064 0.258639 0.169297 141.804022 215.491020
19 20 28 0.959767 0.013769 0.026464 136.558903 212.506257
19 20 28 0.596297 0.140574 0.263129 136.856670 215.491803
19 20 28 0.316066 0.338324 0.345609 144.354395 219.056392
19 20 28 0.090334 0.849135 0.060531 164.022095 214.391996
19 20 28 0.339547 0.537154 0.123299 156.230034 214.948521
19 20 28 0.072327 0.234988 0.692685 137.411467 226.678482
19 20 28 0.605863 0.307783 0.086354 144.508806 212.730712
19 20 28 0.486333 0.394817 0.118850 148.317092 212.142781
19 20 28 0.353449 0.184126 0.462425 137.636506 222.706793
20 29 28 0.237857 0.704710 0.057434 168.888618 229.232137
20 29 28 0.163435 0.382154 0.454411 152.853577 224.904932
20 29 28 0.374114 0.546515 0.079371 164.538519 225.210425
20 29 28 0.841092 0.073355 0.085553 168.947699 212.894429
20 29 28 0.818755 0.139638 0.041607 169.703533 216.886241
20 29 28 0.019608 0.376179 0.604212 143.355808 230.267214
20 29 28 0.586079 0.138213 0.275708 157.965360 221.788339
20 29 28 0.539907 0.063534 0.396559 151.238047 221.345236
20 29 28 0.740564 0.186030 0.073406 166.914692 216.974878
20 29 28 0.320329 0.217642 0.462029 151.757063 226.791590
20 21 29 0.196841 0.280453 0.522705 181.831571 222.402020
20 21 29 0.038500 0.071952 0.889548 170.570385 231.797242
20 21 29 0.303177 0.615918 0.080905 194.434387 209.346760
20 21 29 0.351815 0.605340 0.042846 193.228086 207.392411
20 21 29 0.109955 0.246163 0.643882 176.658235 226.280020
20 21 29 0.099223 0.704986 0.195791 196.123956 210.487570
20 21 29 0.418727 0.229658 0.351615 178.581750 217.497045
20 21 29 0.850972 0.046347 0.102680 173.280813 211.835532
20 21 29 0.425355 0.308070 0.266575 182.345028 214.179442
20 21 29 0.844182 0.108571 0.047247 170.357184 210.160672
21 30 29 0.877479 0.097697 0.024824 202.684300 211.420670
21 30 29 0.953431 0.003988 0.042581 208.379670 206.303864
21 30 29 0.743362 0.185767 0.070871 202.243371 217.846343
21 30 29 0.489218 0.087216 0.423566 190.453326 219.619555
21 30 29 0.193342 0.768542 0.038116 204.999511 228.912160
21 30 29 0.707150 0.213350 0.079500 201.878897 212.230491
21 30 29 0.538547 0.119879 0.341574 189.787982 219.524978
21 30 29 0.571336 0.301653 0.127011 203.429839 212.752060
21 30 29 0.584329 0.365813 0.049858 204.378671 214.514882
21 30 29 0.427484 0.493745 0.078771 202.216371 220.775117
21 22 30 0.613041 0.172464 0.214494 212.395061 211.851091
21 22 30 0.319404 0.155360 0.525236 209.151111 220.027551
21 22 30 0.545862 0.271623 0.182516 215.629336 211.571366
21 22 30 0.671037 0.095206 0.233758 209.656369 212.587427
21 22 30 0.968668 0.025860 0.005472 207.222485 207.000209
21 22 30 0.261863 0.624032 0.114105 228.036767 209.233442
21 22 30 0.532646 0.250317 0.217038 219.313707 212.649614
21 22 30 0.063191 0.027873 0.908936 204.663451 230.288006
21 22 30 0.684501 0.004075 0.311424 208.328643 214.272220
21 22 30 0.357463 0.454369 0.188168 223.772947 211.947572
22 31 30 0.375750 0.016827 0.607423 222.650950 220.353575
22 31 30 0.288002 0.132526 0.579472 221.184692 228.529205
22 31 30 0.040917 0.760546 0.198537 236.589430 226.600640
22 31 30 0.389623 0.077030 0.533347 226.274300 220.362623
22 31 30 0.606831 0.318180 0.074989 238.582619 216.993595
22 31 30 0.081126 0.751146 0.167729 240.009572 228.387797
22 31 30 0.604437 0.013884 0.381679 227.442225 216.920813
22 31 30 0.095766 0.423525 0.480709 223.023269 227.367205
22 31 30 0.041128 0.178498 0.780375 214.639407 230.027573
22 31 30 0.701986 0.067261 0.230753 234.418208 217.508226
22 23 31 0.533751 0.258445 0.207804 255.208938 214.049019
22 23 31 0.074713 0.865992 0.059295 278.217119 204.000936
22 23 31 0.862777 0.076783 0.060440 247.551995 206.712566
22 23 31 0.654783 0.334997 0.010220 259.173014 207.758066
22 23 31 0.055412 0.854812 0.089776 276.230851 208.357080
22 23 31 0.357917 0.110852 0.531231 248.705256 218.556721
22 23 31 0.067407 0.179749 0.752844 251.898882 224.785751
22 23 31 0.917598 0.010849 0.071553 245.663856 206.118071
22 23 31 0.003025 0.982491 0.014484 283.419946 209.317843
22 23 31 0.786266 0.031156 0.182578 244.478939 210.617725
23 32 31 0.003934 0.815549 0.180517 277.550441 230.866565
23 32 31 0.878324 0.007964 0.113712 277.385397 210.109611
23 32 31 0.649512 0.344232 0.006257 284.800386 214.969200
23 32 31 0.709970 0.252324 0.037706 279.401598 211.663927
23 32 31 0.287004 0.421034 0.291962 274.888381 222.192970
23 32 31 0.653996 0.120720 0.225283 271.232606 212.432116
23 32 31 0.497677 0.141384 0.360939 265.643997 218.444245
23 32 31 0.018435 0.044264 0.937301 249.104342 229.317957
23 32 31 0.560423 0.187970 0.251606 272.366885 215.069780
23 32 31 0.559688 0.142857 0.297455 272.441696 215.127802
23 24 32 0.181956 0.802406 0.015638 308.763582 207.703524
23 24 32 0.888964 0.049913 0.061123 286.409047 207.510434
23 24 32 0.508434 0.359574 0.131992 294.094286 207.674133
23 24 32 0.915204 0.004222 0.080573 283.099093 207.427775
23 24 32 0.225514 0.196074 0.578413 289.253361 218.514712
23 24 32 0.984508 0.010422 0.005070 284.675161 205.864968
23 24 32 0.265680 0.707554 0.026766 307.370353 205.347205
23 24 32 0.188161 0.060630 0.751208 285.443726 222.438684
23 24 32 0.210157 0.452698 0.337145 302.143596 211.901274
23 24 32 0.448781 0.521164 0.030054 298.873873 206.241811
24 33 32 0.590030 0.203364 0.206606 313.543168 211.259586
24 33 32 0.375949 0.488653 0.135399 315.358498 219.604891
24 33 32 0.191871 0.135320 0.672809 293.410161 225.980727
24 33 32 0.752352 0.158356 0.089292 316.400096 210.352721
24 33 32 0.885672 0.087386 0.026942 316.798276 207.828626
24 33 32 0.704356 0.035645 0.259999 311.613434 214.814819
24 33 32 0.433528 0.295568 0.270904 307.021307 221.990416
24 33 32 0.389047 0.213821 0.397132 306.280111 218.018412
24 33 32 0.688372 0.213134 0.098494 318.300514 212.637264
24 33 32 0.029930 0.456305 0.513765 305.712473 230.916678
24 25 33 0.866286 0.117968 0.015746 322.338645 205.029204
24 25 33 0.821321 0.095682 0.082997 322.844682 210.310951
24 25 33 0.824764 0.035613 0.139623 319.321204 205.643410
24 25 33 0.888819 0.070475 0.040706 324.016787 204.690313
24 25 33 0.466429 0.127359 0.406213 323.521666 213.426512
24 25 33 0.432291 0.185814 0.381895 326.685331 209.855195
24 25 33 0.390688 0.072588 0.536724 323.470185 216.352490
24 25 33 0.682930 0.090821 0.226250 326.017860 207.729479
24 25 33 0.664023 0.056345 0.279632 319.959147 210.327147
24 25 33 0.713133 0.117619 0.169248 321.420091 209.197210
25 34 33 0.762330 0.172620 0.065050 352.137877 207.411157
25 34 33 0.617637 0.102159 0.280205 344.734721 214.531835
25 34 33 0.593819 0.039478 0.366703 341.443349 212.273182
25 34 33 0.467238 0.340438 0.192324 350.541543 217.296908
25 34 33 0.522405 0.166449 0.311146 343.039254 214.834954
25 34 33 0.765115 0.183599 0.051286 354.044044 211.253396
25 34 33 0.528327 0.040271 0.431402 344.931532 216.478581
25 34 33 0.305916 0.671399 0.022685 358.748379 222.267003
25 34 33 0.918378 0.044670 0.036953 351.545461 209.812572
25 34 33 0.185671 0.125848 0.688480 337.556802 222.321026
25 26 34 0.648754 0.121452 0.229794 358.958067 211.466620
25 26 34 0.153651 0.585922 0.260427 381.221909 210.508962
25 26 34 0.570788 0.182437 0.246775 365.372596 209.189531
25 26 34 0.012920 0.013203 0.973877 364.561522 227.859386
25 26 34 0.650899 0.329513 0.019588 366.653226 207.482768
25 26 34 0.558577 0.219974 0.221449 363.588338 207.572846
25 26 34 0.721689 0.234456 0.043855 364.063592 205.627504
25 26 34 0.864468 0.079396 0.056136 353.836726 205.344351
25 26 34 0.387452 0.490589 0.121960 375.570467 204.458991
25 26 34 0.281630 0.166077 0.552293 364.877564 214.065790
26 35 34 0.626307 0.363738 0.009955 395.535673 208.229172
26 35 34 0.581250 0.264064 0.154686 391.907124 211.094605
26 35 34 0.599936 0.397606 0.002458 398.329783 213.589358
26 35 34 0.486896 0.001779 0.511325 374.789934 214.174237
26 35 34 0.958116 0.022239 0.019645 392.586737 199.806428
26 35 34 0.828789 0.167486 0.003725 392.284162 207.049256
26 35 34 0.354117 0.549868 0.096015 394.594722 213.439487
26 35 34 0.982898 0.010790 0.006312 392.373439 201.454575
26 35 34 0.124190 0.833350 0.042460 395.076020 224.298547
26 35 34 0.675433 0.155374 0.169194 390.849969 212.364170
27 28 36 0.722349 0.017929 0.259722 88.344947 245.347004
27 28 36 0.810663 0.027503 0.161834 88.659145 242.039363
27 28 36 0.366564 0.109258 0.524178 91.062826 254.527256
27 28 36 0.512342 0.082580 0.405079 87.841239 253.256044
27 28 36 0.263085 0.144252 0.592662 87.527617 257.388158
27 28 36 0.072971 0.237589 0.689441 91.655364 259.559749
27 28 36 0.404269 0.475021 0.120711 108.012972 241.688581
27 28 36 0.928870 0.026123 0.045007 93.696703 237.353575
27 28 36 0.865216 0.055299 0.079485 92.576199 240.786881
27 28 36 0.090776 0.612405 0.296819 106.781238 250.247475
28 37 36 0.728769 0.068407 0.202824 119.749254 244.030407
28 37 36 0.142768 0.134690 0.722543 92.316448 264.527137
28 37 36 0.459196 0.298163 0.242641 118.490450 254.033398
28 37 36 0.831187 0.060873 0.107940 123.822033 243.964583
28 37 36 0.595861 0.206661 0.197478 117.536883 251.447917
28 37 36 0.827749 0.054681 0.117571 119.337927 239.763310
28 37 36 0.946860 0.038857 0.014283 129.054027 234.646872
28 37 36 0.873613 0.086642 0.039745 126.152964 239.282642
28 37 36 0.237866 0.484084 0.278050 112.449728 259.338835
28 37 36 0.293473 0.081198 0.625329 100.683599 260.497946
28 29 37 0.885790 0.112163 0.002047 131.702791 237.029159
28 29 37 0.357807 0.196841 0.445353 135.266462 247.338628
28 29 37 0.137772 0.520310 0.341918 147.350336 245.749470
28 29 37 0.170459 0.798530 0.031011 159.557036 234.370501
28 29 37 0.692759 0.273216 0.034026 137.063244 237.472029
28 29 37 0.224267 0.418113 0.357620 139.209184 245.954072
28 29 37 0.063289 0.371893 0.564819 136.386168 251.886271
28 29 37 0.065044 0.838566 0.096389 160.831789 236.271397
28 29 37 0.658531 0.237281 0.104188 133.693097 240.117800
28 29 37 0.810453 0.003629 0.185918 127.800822 240.060836
29 38 37 0.053806 0.726606 0.219588 153.601727 267.916728
29 38 37 0.349417 0.323035 0.327548 151.368743 252.569698
29 38 37 0.284124 0.011867 0.704010 134.995284 261.674088
29 38 37 0.033789 0.673480 0.292730 151.926768 267.883789
29 38 37 0.675314 0.086252 0.238434 154.393583 245.281546
29 38 37 0.371235 0.424311 0.204455 155.097843 254.364881
29 38 37 0.437109 0.404120 0.158770 160.656540 254.914598
29 38 37 0.894907 0.086704 0.018389 163.453937 239.716370
29 38 37 0.596760 0.270314 0.132926 160.012742 244.710449
29 38 37 0.488970 0.268836 0.242195 155.809131 249.107125
29 30 38 0.473186 0.257758 0.269056 174.142260 243.897096
29 30 38 0.623509 0.052407 0.324084 169.712602 241.827278
29 30 38 0.405088 0.299911 0.295001 178.344525 241.847414
29 30 38 0.734480 0.171075 0.094446 174.161833 235.950430
29 30 38 0.906906 0.031006 0.062088 168.997930 234.751315
29 30 38 0.807906 0.053285 0.138809 170.226553 237.665230
29 30 38 0.252296 0.216757 0.530947 171.978148 249.078693
29 30 38 0.705888 0.166061 0.128051 173.310378 234.807050
29 30 38 0.037754 0.917547 0.044700 204.449087 235.577719
29 30 38 0.747264 0.061107 0.191629 169.676376 241.593632
30 39 38 0.292106 0.644916 0.062978 200.280964 260.605482
30 39 38 0.189035 0.768501 0.042464 201.093318 264.665409
30 39 38 0.444993 0.289210 0.265798 189.512649 254.574203
30 39 38 0.290813 0.109399 0.599787 175.564581 262.448814
30 39 38 0.630320 0.269912 0.099768 202.897816 244.702932
30 39 38 0.800808 0.138531 0.060661 205.231724 242.002767
30 39 38 0.728895 0.220966 0.050139 204.604261 239.676271
30 39 38 0.763948 0.206543 0.029509 204.965021 239.159529
30 39 38 0.045635 0.113139 0.841226 167.530281 265.968494
30 39 38 0.524726 0.258620 0.216654 196.930354 248.914001
30 31 39 0.320614 0.019055 0.660331 205.254889 257.629201
30 31 39 0.170568 0.685409 0.144023 230.562403 237.568591
30 31 39 0.104509 0.069975 0.825516 209.939958 261.500637
30 31 39 0.285434 0.248213 0.466352 215.219953 251.053936
30 31 39 0.425283 0.323492 0.251225 219.912416 239.501107
30 31 39 0.172730 0.317724 0.509546 217.717917 250.874441
30 31 39 0.848893 0.114410 0.036697 208.622334 233.565362
30 31 39 0.068001 0.517727 0.414271 227.103580 245.042371
30 31 39 0.210450 0.201263 0.588287 211.619332 251.712525
30 31 39 0.994196 0.005176 0.000628 204.868220 230.935545
31 40 39 0.484307 0.231705 0.283988 231.608444 249.335896
31 40 39 0.297325 0.149168 0.553506 223.121719 258.179630
31 40 39 0.392186 0.459385 0.148429 239.470183 250.863773
31 40 39 0.287827 0.268248 0.443925 222.817375 256.861220
31 40 39 0.239000 0.097381 0.663618 218.585526 255.901726
31 40 39 0.627438 0.226523 0.146039 238.725955 241.038722
31 40 39 0.357825 0.379329 0.262846 234.335984 249.848211
31 40 39 0.953637 0.045737 0.000625 246.244498 232.539425
31 40 39 0.811384 0.095697 0.092920 245.156579 241.453809
31 40 39 0.000270 0.897364 0.102365 239.277544 268.298500
31 32 40 0.467063 0.047559 0.485378 244.284148 248.736137
31 32 40 0.758927 0.222235 0.018838 250.472041 231.672959
31 32 40 0.811079 0.058259 0.130662 245.623652 232.174151
31 32 40 0.036622 0.858750 0.104628 278.038332 229.812091
31 32 40 0.127844 0.312717 0.559439 256.509817 249.403940
31 32 40 0.505536 0.487158 0.007305 263.443784 231.478365
31 32 40 0.565392 0.425788 0.008820 256.760050 232.261504
31 32 40 0.493943 0.215473 0.290584 252.530891 237.027090
31 32 40 0.939589 0.023781 0.036630 243.438672 233.132157
31 32 40 0.415213 0.097998 0.486789 252.350501 249.337790
32 41 40 0.316103 0.299383 0.384514 268.132809 257.221007
32 41 40 0.851002 0.134037 0.014961 281.021380 237.475812
32 41 40 0.859022 0.124162 0.016816 282.478199 236.824446
32 41 40 0.456226 0.027556 0.516218 264.846177 246.367738
32 41 40 0.541079 0.321345 0.137576 275.039478 247.208206
32 41 40 0.868031 0.034085 0.097884 278.073759 233.108388
32 41 40 0.731547 0.080892 0.187561 278.574408 239.605140
32 41 40 0.420452 0.318973 0.260575 272.232875 251.467551
32 41 40 0.295100 0.032478 0.672422 256.242319 254.525073
32 41 40 0.691095 0.152121 0.156783 276.109500 243.356953
32 33 41 0.693549 0.143561 0.162890 289.412474 234.042003
32 33 41 0.294610 0.621025 0.084365 305.628634 226.255043
32 33 41 0.359605 0.088764 0.551631 289.376048 245.765514
32 33 41 0.115421 0.285426 0.599154 296.788012 250.503845
32 33 41 0.023702 0.235761 0.740538 297.250655 254.909748
32 33 41 0.557196 0.357241 0.085563 299.235241 232.550504
32 33 41 0.035266 0.919716 0.045018 320.342247 227.861120
32 33 41 0.187112 0.576482 0.236406 307.120254 237.717368
32 33 41 0.878860 0.053514 0.067626 286.953204 235.998044
32 33 41 0.937691 0.017435 0.044874 287.423627 231.678098
33 42 41 0.663824 0.206237 0.129938 318.931403 240.773952
33 42 41 0.156364 0.189977 0.653659 304.434935 257.950266
33 42 41 0.009075 0.642976 0.347949 315.484626 261.937388
33 42 41 0.951553 0.000955 0.047491 322.526823 229.247950
33 42 41 0.847104 0.037952 0.114945 320.910914 229.512305
33 42 41 0.337003 0.422713 0.240284 316.532789 250.524309
33 42 41 0.479204 0.362431 0.158365 317.026829 246.809354
33 42 41 0.770371 0.016565 0.213064 315.637629 236.628955
33 42 41 0.881124 0.003970 0.114906 318.879701 233.841403
33 42 41 0.074715 0.856606 0.068679 328.073160 261.897607
33 34 42 0.818815 0.159389 0.021796 327.342899 228.192077
33 34 42 0.481819 0.124110 0.394071 328.602024 240.301208
33 34 42 0.739738 0.173251 0.087011 329.112574 229.621694
33 34 42 0.370501 0.451684 0.177815 341.422433 236.189975
33 34 42 0.904504 0.073611 0.021885 327.470686 222.868703
33 34 42 0.523328 0.428178 0.048494 344.392929 228.133544
33 34 42 0.628218 0.062843 0.308939 327.213779 240.066637
33 34 42 0.287901 0.657029 0.055069 348.324137 231.821383
33 34 42 0.754714 0.187103 0.058184 328.494433 231.113006
33 34 42 0.366049 0.060184 0.573767 326.643795 247.000667
34 43 42 0.245751 0.184875 0.569375 342.964117 253.324579
34 43 42 0.733855 0.062856 0.203289 354.858008 233.070940
34 43 42 0.529348 0.037098 0.433554 347.117160 244.907311
34 43 42 0.400113 0.580285 0.019603 366.343712 246.339152
34 43 42 0.592608 0.116576 0.290816 353.135080 237.916855
34 43 42 0.203285 0.054790 0.741925 339.296436 256.272617
34 43 42 0.452910 0.353779 0.193311 361.643579 246.190555
34 43 42 0.484953 0.077214 0.437832 349.579695 243.666716
34 43 42 0.823260 0.013422 0.163318 359.453245 233.524759
34 43 42 0.255540 0.092830 0.651629 342.897617 255.784101
34 35 43 0.890714 0.088980 0.020306 370.047749 228.996389
34 35 43 0.893004 0.046620 0.060376 364.913354 227.351607
34 35 43 0.799678 0.102165 0.098157 372.734703 234.819832
34 35 43 0.434043 0.537502 0.028455 384.876521 230.195039
34 35 43 0.734619 0.055497 0.209884 364.130727 232.860663
34 35 43 0.455164 0.269182 0.275654 378.388490 237.100611
34 35 43 0.855401 0.099487 0.045111 366.905084 229.754856
34 35 43 0.856670 0.066925 0.076405 365.965341 227.940691
34 35 43 0.455622 0.267791 0.276587 379.506901 233.915904
34 35 43 0.186648 0.478175 0.335178 382.382504 240.433934
35 44 43 0.856250 0.080560 0.063190 402.982819 227.000171
35 44 43 0.066966 0.454289 0.478745 391.243777 257.580273
35 44 43 0.495142 0.105524 0.399334 387.544046 245.508505
35 44 43 0.677693 0.223719 0.098588 400.526670 236.315730
35 44 43 0.278095 0.717707 0.004197 411.664481 247.958864
35 44 43 0.705482 0.235910 0.058608 400.835202 237.113490
35 44 43 0.441317 0.435243 0.123440 403.205342 245.119340
35 44 43 0.249396 0.538383 0.212221 399.143638 249.832588
35 44 43 0.168186 0.806226 0.025588 408.055731 251.114139
35 44 43 0.433761 0.143139 0.423100 389.463687 245.412166
36 37 45 0.646473 0.054119 0.299408 80.768814 281.435465
36 37 45 0.419481 0.435637 0.144882 98.510042 273.303494
36 37 45 0.501164 0.217677 0.281159 87.538308 285.933824
36 37 45 0.564884 0.367453 0.067663 96.518885 273.263710
36 37 45 0.470615 0.409909 0.119475 99.408767 273.185886
36 37 45 0.954041 0.034985 0.010974 80.712332 271.704851
36 37 45 0.504388 0.241579 0.254033 87.978454 278.102814
36 37 45 0.597624 0.081094 0.321283 80.836026 283.791758
36 37 45 0.907609 0.037069 0.055322 79.290196 271.619749
36 37 45 0.606573 0.389527 0.003900 94.496442 267.616062
37 46 45 0.759545 0.197063 0.043392 118.158472 279.596770
37 46 45 0.060722 0.611068 0.328209 105.097357 306.888983
37 46 45 0.755784 0.036406 0.207810 111.254638 279.149637
37 46 45 0.435348 0.233678 0.330974 110.721090 292.015994
37 46 45 0.890827 0.104165 0.005008 119.428004 273.382146
37 46 45 0.903688 0.093922 0.002390 119.289639 270.512003
37 46 45 0.367085 0.054164 0.578751 95.556362 294.474550
37 46 45 0.223106 0.367533 0.409360 102.943319 302.739338
37 46 45 0.108968 0.377701 0.513331 96.994897 307.648652
37 46 45 0.317275 0.596300 0.086425 118.251639 296.055232
37 38 46 0.321387 0.232962 0.445651 127.790491 290.010718
37 38 46 0.860158 0.078353 0.061489 125.686259 272.717418
37 38 46 0.938365 0.042163 0.019472 125.250007 268.815935
37 38 46 0.529583 0.260687 0.209731 129.123961 273.256362
37 38 46 0.642221 0.175038 0.182741 127.516613 273.605212
37 38 46 0.715487 0.191356 0.093157 130.422907 276.862681
37 38 46 0.232803 0.094824 0.672373 122.731447 296.307889
37 38 46 0.367374 0.007216 0.625410 121.702481 291.670704
37 38 46 0.808944 0.182905 0.008151 131.633842 268.630296
37 38 46 0.719533 0.109231 0.171236 124.872850 274.474734
38 47 46 0.471543 0.062982 0.465475 141.176158 289.676579
38 47 46 0.108382 0.687712 0.203906 152.510914 302.704729
38 47 46 0.945592 0.033218 0.021191 159.533465 270.152165
38 47 46 0.987494 0.006748 0.005758 162.023053 269.765268
38 47 46 0.859681 0.135399 0.004920 163.690144 271.892745
38 47 46 0.548720 0.202588 0.248692 151.922058 286.668675
38 47 46 0.565196 0.269091 0.165713 154.003928 285.786868
38 47 46 0.278597 0.036358 0.685046 130.790316 301.317477
38 47 46 0.593697 0.092966 0.313338 147.661109 284.931237
38 47 46 0.222034 0.340169 0.437797 145.519409 303.270600
38 39 47 0.562529 0.212821 0.224649 169.028869 277.485571
38 39 47 0.629791 0.183828 0.186381 169.258274 271.855438
38 39 47 0.363308 0.601452 0.035240 189.779694 269.341895
38 39 47 0.049925 0.937138 0.012937 200.102151 268.730760
38 39 47 0.287755 0.076591 0.635654 165.506079 296.094882
38 39 47 0.866073 0.085322 0.048604 162.611818 269.359204
38 39 47 0.620788 0.113630 0.265582 167.218207 275.578313
38 39 47 0.267305 0.539642 0.193052 185.052932 273.488828
38 39 47 0.943421 0.037936 0.018643 162.867055 270.119680
38 39 47 0.635454 0.285958 0.078589 173.038326 275.269071
39 48 47 0.978407 0.018399 0.003193 206.661122 269.471437
39 48 47 0.908413 0.012951 0.078636 199.812142 270.263294
39 48 47 0.581614 0.081712 0.336674 189.153102 285.958897
39 48 47 0.824381 0.028704 0.146915 196.115812 272.217078
39 48 47 0.201122 0.664253 0.134625 198.138508 298.953362
39 48 47 0.160289 0.396359 0.443352 181.960098 302.088659
39 48 47 0.109364 0.509497 0.381140 188.587757 301.272973
39 48 47 0.017053 0.979636 0.003311 206.900991 308.667621
39 48 47 0.975150 0.012507 0.012342 202.086692 269.078092
39 48 47 0.064860 0.359802 0.575338 178.467625 306.056104
39 40 48 0.682911 0.194247 0.122842 208.793015 273.124872
39 40 48 0.476712 0.439552 0.083736 218.589370 270.104855
39 40 48 0.400950 0.037068 0.561982 201.527415 290.142325
39 40 48 0.487159 0.412545 0.100296 221.388802 271.493738
39 40 48 0.662977 0.264358 0.072665 213.006957 271.452693
39 40 48 0.857812 0.135282 0.006906 206.484943 268.292297
39 40 48 0.894050 0.089898 0.016052 208.703790 265.776095
39 40 48 0.211620 0.641240 0.147140 224.577448 271.539852
39 40 48 0.373140 0.577285 0.049576 227.115035 271.943336
39 40 48 0.122702 0.604183 0.273115 225.853595 280.016999
40 49 48 0.218082 0.727776 0.054142 240.381247 296.563440
40 49 48 0.493262 0.068400 0.438338 223.704332 291.181231
40 49 48 0.006178 0.661442 0.332379 230.079902 307.108631
40 49 48 0.700304 0.169668 0.130028 234.603841 281.408521
40 49 48 0.872408 0.040941 0.086651 237.866262 273.881291
40 49 48 0.356144 0.166668 0.477188 226.282199 291.019888
40 49 48 0.105068 0.769657 0.125275 239.419138 302.014931
40 49 48 0.266915 0.208254 0.524832 220.282666 299.193622
40 49 48 0.088165 0.534417 0.377418 226.488653 301.742052
40 49 48 0.102052 0.429772 0.468176 225.880599 303.890520
40 41 49 0.082837 0.088964 0.828198 248.189967 300.322451
40 41 49 0.879838 0.060211 0.059950 244.490547 266.797145
40 41 49 0.351833 0.185804 0.462364 254.039119 284.281408
40 41 49 0.653901 0.074986 0.271113 245.252546 275.752821
40 41 49 0.156774 0.354268 0.488958 257.891242 281.122205
40 41 49 0.704444 0.139585 0.155970 248.249646 271.498603
40 41 49 0.404892 0.284355 0.310753 256.289909 280.781348
40 41 49 0.947492 0.006475 0.046033 245.300517 268.439138
40 41 49 0.723688 0.030906 0.245407 244.323289 276.269976
40 41 49 0.416062 0.053819 0.530119 244.154197 291.609705
41 50 49 0.732568 0.216151 0.051281 285.531816 274.267387
41 50 49 0.630852 0.060477 0.308671 269.539352 279.195039
41 50 49 0.590156 0.055954 0.353890 275.158274 280.900315
41 50 49 0.836591 0.122186 0.041223 286.256745 269.519837
41 50 49 0.681877 0.119869 0.198254 278.899867 278.404327
41 50 49 0.411017 0.333498 0.255485 277.224100 288.492606
41 50 49 0.354091 0.304479 0.341430 275.470682 286.609273
41 50 49 0.357028 0.424182 0.218790 279.096876 291.083420
41 50 49 0.444457 0.257426 0.298117 276.621436 287.823617
41 50 49 0.437608 0.299294 0.263098 277.395064 284.937289
41 42 50 0.772993 0.080750 0.146257 293.971089 270.077726
41 42 50 0.139248 0.856985 0.003767 322.606565 265.064947
41 42 50 0.228024 0.452907 0.319068 299.390938 275.315503
41 42 50 0.127487 0.170729 0.701784 298.402409 291.838552
41 42 50 0.270797 0.675814 0.053389 312.465396 261.753897
41 42 50 0.498573 0.280456 0.220971 300.016443 269.122947
41 42 50 0.269809 0.466627 0.263564 301.166000 272.679776
41 42 50 0.255802 0.080956 0.663241 296.971364 294.171899
41 42 50 0.970829 0.017440 0.011732 287.194971 260.014718
41 42 50 0.447658 0.351876 0.200466 299.642794 269.932197
42 51 50 0.151301 0.402147 0.446552 310.731885 301.223008
42 51 50 0.408858 0.159850 0.431292 313.288184 287.029328
42 51 50 0.207009 0.099562 0.693429 305.851961 299.021625
42 51 50 0.636074 0.262363 0.101562 322.227537 276.959541
42 51 50 0.877701 0.035003 0.087296 323.956730 267.547555
42 51 50 0.442519 0.286569 0.270912 320.351190 286.120517
42 51 50 0.162914 0.112300 0.724785 299.270506 297.402989
42 51 50 0.234035 0.514826 0.251139 322.334833 294.414074
42 51 50 0.487016 0.285174 0.227810 318.605208 281.662597
42 51 50 0.019839 0.179997 0.800164 296.925936 307.372509
42 43 51 0.555824 0.062063 0.382113 331.385908 279.837854
42 43 51 0.365034 0.373660 0.261306 347.065504 274.029609
42 43 51 0.277630 0.423729 0.298641 348.449342 274.519266
42 43 51 0.409961 0.415848 0.174191 346.845254 269.357944
42 43 51 0.742121 0.103590 0.154288 333.469899 270.416081
42 43 51 0.928925 0.036071 0.035003 329.626904 264.454553
42 43 51 0.949393 0.018024 0.032583 327.923827 264.692377
42 43 51 0.749842 0.120594 0.129563 333.024880 270.027960
42 43 51 0.022521 0.405732 0.571746 345.977141 286.180798
42 43 51 0.668469 0.268297 0.063233 342.296411 264.009390
43 52 51 0.604751 0.128825 0.266424 357.049360 278.376449
43 52 51 0.653091 0.235529 0.111380 367.365398 276.991545
43 52 51 0.893514 0.030732 0.075754 367.481830 268.731487
43 52 51 0.658277 0.110785 0.230939 363.426824 272.574802
43 52 51 0.577177 0.289008 0.133815 366.433559 279.892724
43 52 51 0.813489 0.024022 0.162489 361.781368 267.828863
43 52 51 0.749324 0.238883 0.011793 370.199786 274.315995
43 52 51 0.784369 0.131366 0.084265 370.401634 270.445026
43 52 51 0.375034 0.423795 0.201171 362.813723 289.422806
43 52 51 0.561399 0.254287 0.184314 369.120870 280.688157
43 44 52 0.441972 0.053505 0.504523 376.190900 283.473748
43 44 52 0.359041 0.126377 0.514582 374.137503 282.716441
43 44 52 0.331685 0.229016 0.439299 379.081803 281.678807
43 44 52 0.114638 0.858387 0.026975 406.552269 264.183959
43 44 52 0.035445 0.061072 0.903483 375.602920 299.530927
43 44 52 0.128702 0.604831 0.266466 396.240341 272.706132
43 44 52 0.849545 0.066167 0.084288 373.155752 262.492204
43 44 52 0.807672 0.084372 0.107956 374.420426 265.744724
43 44 52 0.493989 0.359476 0.146535 386.581561 270.675998
43 44 52 0.602092 0.018091 0.379817 374.703177 275.316473
44 53 52 0.098245 0.381178 0.520578 395.575773 299.420578
44 53 52 0.829012 0.149108 0.021879 414.893897 272.375322
44 53 52 0.246004 0.527854 0.226142 406.360201 294.131736
44 53 52 0.231675 0.460568 0.307758 405.515894 295.007820
44 53 52 0.419735 0.079395 0.500869 395.289931 289.394314
44 53 52 0.949389 0.044240 0.006371 414.365740 266.035577
44 53 52 0.622976 0.070207 0.306817 401.540529 279.065692
44 53 52 0.978472 0.014417 0.007111 412.985689 262.469641
44 53 52 0.081462 0.346793 0.571745 394.360626 300.189660
44 53 52 0.160877 0.488766 0.350357 405.198695 295.121726
45 46 54 0.027676 0.186679 0.785644 83.504921 348.972960
45 46 54 0.343947 0.048214 0.607839 76.243669 339.508874
45 46 54 0.077665 0.421306 0.501029 92.575970 335.411287
45 46 54 0.893943 0.082191 0.023865 80.405072 311.193578
45 46 54 0.994715 0.003063 0.002222 76.210749 311.191554
45 46 54 0.918968 0.050815 0.030217 77.352337 310.294748
45 46 54 0.447547 0.057548 0.494904 74.723501 334.909472
45 46 54 0.450763 0.414654 0.134583 93.284874 319.374819
45 46 54 0.553617 0.232149 0.214235 84.228851 318.667634
45 46 54 0.013288 0.747854 0.238858 108.227570 323.715175
46 55 54 0.959679 0.008642 0.031679 118.878378 313.632614
46 55 54 0.904670 0.086609 0.008721 114.766670 317.148220
46 55 54 0.001709 0.504402 0.493889 96.332543 356.446634
46 55 54 0.438170 0.438499 0.123331 112.506365 334.970073
46 55 54 0.779180 0.072863 0.147958 109.906134 319.431104
46 55 54 0.880572 0.078194 0.041235 111.194090 315.501436
46 55 54 0.178190 0.425739 0.396071 97.573838 348.156344
46 55 54 0.470653 0.313120 0.216227 108.899279 329.860917
46 55 54 0.130310 0.239077 0.630613 88.947401 351.601987
46 55 54 0.982339 0.008545 0.009116 119.698575 309.816988
46 47 55 0.873379 0.019239 0.107382 118.781419 315.690257
46 47 55 0.156746 0.749579 0.093675 147.157044 317.990756
46 47 55 0.486940 0.459074 0.053985 136.587948 309.718173
46 47 55 0.725841 0.113531 0.160628 122.524776 318.345443
46 47 55 0.673206 0.153987 0.172808 130.364885 320.042051
46 47 55 0.665069 0.142084 0.192847 123.844581 320.474579
46 47 55 0.815291 0.111138 0.073570 120.435706 312.391905
46 47 55 0.356697 0.024390 0.618913 118.718504 340.075347
46 47 55 0.691556 0.195932 0.112512 125.066618 316.542194
46 47 55 0.686428 0.063744 0.249828 122.992310 323.337975
47 56 55 0.277921 0.004108 0.717971 128.176631 344.380093
47 56 55 0.979114 0.003865 0.017021 159.018864 311.209507
47 56 55 0.464949 0.186765 0.348286 142.909117 334.999039
47 56 55 0.244996 0.305412 0.449592 138.832442 344.520154
47 56 55 0.852080 0.135315 0.012605 157.409137 315.120939
47 56 55 0.161187 0.521635 0.317178 146.972026 351.084091
47 56 55 0.807159 0.091319 0.101522 156.276723 320.286278
47 56 55 0.843132 0.030185 0.126683 154.820443 319.408387
47 56 55 0.712140 0.085958 0.201902 154.270215 319.401383
47 56 55 0.748087 0.243153 0.008760 161.586743 318.089513
47 48 56 0.641326 0.022261 0.336413 164.852860 322.558458
47 48 56 0.099636 0.734678 0.165686 191.786827 316.375404
47 48 56 0.660603 0.143835 0.195562 166.121169 314.630388
47 48 56 0.431958 0.474144 0.093897 183.520211 314.011199
47 48 56 0.663837 0.244276 0.091887 171.574302 315.240277
47 48 56 0.965176 0.009039 0.025786 163.864217 314.692006
47 48 56 0.543774 0.421543 0.034682 176.665760 309.625855
47 48 56 0.892215 0.010775 0.097010 159.223444 313.557463
47 48 56 0.256408 0.255264 0.488329 172.756924 332.962974
47 48 56 0.548725 0.134724 0.316550 165.740947 324.171012
48 57 56 0.517561 0.349453 0.132986 197.936703 328.408864
48 57 56 0.672388 0.132627 0.194985 195.401703 322.906706
48 57 56 0.043688 0.514845 0.441467 189.131748 353.376907
48 57 56 0.069591 0.155701 0.774708 166.922588 348.476203
48 57 56 0.428441 0.115503 0.456057 183.189870 336.439370
48 57 56 0.854899 0.049034 0.096067 196.554614 312.601108
48 57 56 0.071307 0.613608 0.315085 188.793021 347.149596
48 57 56 0.609154 0.166987 0.223859 194.522634 327.999759
48 57 56 0.964496 0.003381 0.032123 198.819150 317.412368
48 57 56 0.813039 0.129105 0.057855 196.562609 318.872406
48 49 57 0.566095 0.359473 0.074432 213.582454 309.720192
48 49 57 0.505108 0.369722 0.125170 220.455866 311.850913
48 49 57 0.757808 0.122324 0.119868 207.067133 314.363926
48 49 57 0.265798 0.640577 0.093626 228.430601 311.108333
48 49 57 0.923489 0.058990 0.017521 203.035498 307.721213
48 49 57 0.548879 0.415064 0.036057 219.286251 308.966548
48 49 57 0.625086 0.157382 0.217532 205.272990 322.438270
48 49 57 0.292478 0.366948 0.340574 219.485291 323.220412
48 49 57 0.394554 0.209547 0.395899 209.296590 323.236893
48 49 57 0.978541 0.017111 0.004348 201.578766 308.396768
49 58 57 0.071014 0.917953 0.011033 246.609453 346.967912
49 58 57 0.244720 0.121557 0.633723 219.233964 341.473509
49 58 57 0.545336 0.450859 0.003805 246.319479 325.906972
49 58 57 0.540545 0.021109 0.438347 226.066166 329.448230
49 58 57 0.627070 0.210982 0.161948 238.310832 323.475762
49 58 57 0.740551 0.132486 0.126963 242.679014 317.219754
49 58 57 0.113069 0.764008 0.122924 238.802739 343.356293
49 58 57 0.327842 0.327026 0.345133 232.185509 336.418856
49 58 57 0.613059 0.047211 0.339729 231.609500 320.946048
49 58 57 0.554860 0.139301 0.305839 230.216601 327.482917
49 50 58 0.821668 0.058675 0.119657 246.155011 310.637157
49 50 58 0.328199 0.248069 0.423732 257.903585 324.772739
49 50 58 0.599363 0.324238 0.076399 256.287960 303.993937
49 50 58 0.862802 0.064551 0.072647 246.910026 309.620564
49 50 58 0.761375 0.179469 0.059156 252.370329 310.315752
49 50 58 0.919391 0.046094 0.034515 246.483918 310.359965
49 50 58 0.567667 0.244827 0.187506 253.219122 311.979484
49 50 58 0.425396 0.217242 0.357362 257.629546 317.321788
49 50 58 0.078040 0.849854 0.072106 281.942660 311.110124
49 50 58 0.760293 0.114585 0.125122 250.520834 307.563779
50 59 58 0.290455 0.251165 0.458380 272.122775 335.411188
50 59 58 0.460967 0.473356 0.065678 289.993694 327.423349
50 59 58 0.689829 0.277366 0.032805 287.241573 316.826589
50 59 58 0.856774 0.138326 0.004901 289.344824 310.237172
50 59 58 0.616425 0.125097 0.258478 275.616119 324.233887
50 59 58 0.399756 0.161491 0.438752 271.780785 330.679048
50 59 58 0.340247 0.384710 0.275043 280.026071 335.634178
50 59 58 0.583957 0.229364 0.186679 278.827198 324.888982
50 59 58 0.859061 0.017028 0.123911 285.570129 311.739339
50 59 58 0.110240 0.076063 0.813697 249.055481 343.142241
50 51 59 0.854220 0.007862 0.137917 288.525901 309.766249
50 51 59 0.529802 0.172748 0.297450 297.990012 315.317282
50 51 59 0.689225 0.215846 0.094929 303.424469 308.882235
50 51 59 0.840014 0.126265 0.033721 295.551696 304.952930
50 51 59 0.294086 0.408745 0.297169 306.811774 319.916988
50 51 59 0.152293 0.349820 0.497888 306.885220 325.659478
50 51 59 0.699922 0.025676 0.274402 291.854846 317.920361
50 51 59 0.721571 0.184072 0.094358 297.390815 308.390818
50 51 59 0.137836 0.454640 0.407524 309.383102 319.263280
50 51 59 0.211243 0.182739 0.606017 298.643624 337.086415
51 60 59 0.670100 0.296377 0.033523 327.851627 318.486858
51 60 59 0.195360 0.258847 0.545793 310.403416 339.441676
51 60 59 0.772533 0.200646 0.026821 331.366505 316.716476
51 60 59 0.507608 0.457518 0.034874 330.777855 326.329199
51 60 59 0.197253 0.696906 0.105841 329.985248 341.761535
51 60 59 0.912124 0.068703 0.019173 335.501113 306.835823
51 60 59 0.810287 0.056949 0.132764 328.538709 311.478393
51 60 59 0.920969 0.007284 0.071747 329.275670 310.814973
51 60 59 0.093164 0.540949 0.365887 320.666441 343.050133
51 60 59 0.436590 0.560352 0.003057 330.649685 329.407763
51 52 60 0.071165 0.589211 0.339624 358.952451 321.288036
51 52 60 0.052521 0.454726 0.492752 350.833709 327.737700
51 52 60 0.336810 0.085708 0.577482 336.621088 328.355019
51 52 60 0.417048 0.253775 0.329178 347.577877 319.882761
51 52 60 0.153824 0.614488 0.231688 354.775697 316.647341
51 52 60 0.673512 0.004783 0.321705 332.095381 317.997123
51 52 60 0.107059 0.756582 0.136360 365.347593 312.122479
51 52 60 0.137327 0.115820 0.746853 335.353320 339.772852
51 52 60 0.877057 0.049009 0.073934 334.593216 305.926672
51 52 60 0.730694 0.250928 0.018378 346.315126 304.523098
52 61 60 0.576683 0.073382 0.349935 359.288790 324.569072
52 61 60 0.726476 0.157821 0.115703 368.038589 313.440522
52 61 60 0.293676 0.327122 0.379201 355.966108 332.170535
52 61 60 0.317220 0.069581 0.613199 347.835853 332.706745
52 61 60 0.927951 0.023771 0.048277 373.151923 306.195233
52 61 60 0.426304 0.120105 0.453591 356.171783 330.769835
52 61 60 0.524087 0.300954 0.174959 368.589711 322.910238
52 61 60 0.374718 0.497571 0.127711 371.887643 334.774990
52 61 60 0.626797 0.267906 0.105297 366.733838 319.811942
52 61 60 0.274635 0.015773 0.709592 344.759653 334.817291
52 53 61 0.683125 0.062860 0.254015 378.694772 317.182699
52 53 61 0.095254 0.665664 0.239083 405.008810 316.076072
52 53 61 0.490426 0.077951 0.431623 378.570945 321.702742
52 53 61 0.633343 0.358952 0.007705 392.747790 302.340658
52 53 61 0.456520 0.339767 0.203713 391.567749 308.389410
52 53 61 0.322005 0.529921 0.148074 394.518641 308.696491
52 53 61 0.332602 0.650899 0.016499 400.617712 304.830451
52 53 61 0.638899 0.354825 0.006276 390.826667 303.234894
52 53 61 0.002011 0.751773 0.246216 410.700199 313.968777
52 53 61 0.707045 0.026718 0.266237 377.431631 318.788014
53 62 61 0.651729 0.063301 0.284970 406.519718 318.832003
53 62 61 0.917938 0.010741 0.071321 418.869816 308.386632
53 62 61 0.672817 0.227581 0.099602 420.633833 317.354818
53 62 61 0.595782 0.373571 0.030647 416.616955 318.946449
53 62 61 0.594710 0.292339 0.112951 413.756422 322.630428
53 62 61 0.144423 0.855283 0.000294 422.568219 341.706945
53 62 61 0.628240 0.079552 0.292207 406.969244 322.101014
53 62 61 0.546041 0.386672 0.067287 416.443305 324.852875
53 62 61 0.257738 0.135501 0.606761 392.227997 337.807904
53 62 61 0.228555 0.164851 0.606594 393.352289 338.244196
54 55 63 0.671111 0.237250 0.091639 83.402741 360.291626
54 55 63 0.710960 0.167825 0.121215 80.195090 361.431438
54 55 63 0.788516 0.083353 0.128131 77.924534 363.023805
54 55 63 0.869737 0.002871 0.127392 77.141097 364.792843
54 55 63 0.235119 0.522127 0.242754 97.096765 361.626198
54 55 63 0.052945 0.209333 0.737722 85.059958 386.002007
54 55 63 0.318645 0.565847 0.115508 92.392477 361.624026
54 55 63 0.660897 0.283677 0.055426 87.432190 357.970085
54 55 63 0.865273 0.045409 0.089318 76.926336 362.052150
54 55 63 0.897661 0.080610 0.021728 77.514610 359.090382
55 64 63 0.513463 0.244767 0.241770 106.074749 374.735204
55 64 63 0.274032 0.418109 0.307860 101.124419 386.802606
55 64 63 0.348925 0.477758 0.173316 112.169520 385.733561
55 64 63 0.871369 0.081594 0.047037 114.287957 358.477832
55 64 63 0.290673 0.688156 0.021171 118.278681 383.894603
55 64 63 0.138741 0.828171 0.033088 116.341735 389.631935
55 64 63 0.405928 0.024170 0.569903 92.381129 382.427244
55 64 63 0.296554 0.667784 0.035662 114.708551 386.732372
55 64 63 0.932237 0.022365 0.045397 114.736013 358.258228
55 64 63 0.528917 0.163068 0.308015 105.894809 374.861416
55 56 64 0.574698 0.251619 0.173683 132.469504 362.734267
55 56 64 0.292155 0.501423 0.206422 137.492865 364.798347
55 56 64 0.149475 0.098056 0.752469 125.928592 390.325078
55 56 64 0.894854 0.056222 0.048924 118.573262 359.626423
55 56 64 0.010803 0.079819 0.909378 122.343385 393.053840
55 56 64 0.958774 0.005242 0.035984 115.986543 354.082258
55 56 64 0.636533 0.232695 0.130772 125.340175 362.322808
55 56 64 0.449552 0.306886 0.243561 130.559514 362.731565
55 56 64 0.561933 0.434372 0.003695 135.082011 355.735289
55 56 64 0.686723 0.118536 0.194741 119.943378 361.099893
56 65 64 0.592837 0.304573 0.102590 160.159412 369.880524
56 65 64 0.850378 0.063066 0.086556 158.128584 361.251482
56 65 64 0.330583 0.089816 0.579600 135.929517 379.547797
56 65 64 0.016539 0.120055 0.863405 124.078135 393.096350
56 65 64 0.957536 0.031525 0.010939 158.296142 358.336878
56 65 64 0.180015 0.138879 0.681106 136.395169 389.162690
56 65 64 0.851704 0.093897 0.054399 158.912010 364.218901
56 65 64 0.129159 0.297548 0.573293 140.411188 393.483293
56 65 64 0.494912 0.392067 0.113021 155.845046 374.794432
56 65 64 0.778969 0.018947 0.202085 154.266603 361.670819
56 57 65 0.002070 0.061405 0.936525 166.719689 388.333599
56 57 65 0.827408 0.122175 0.050417 167.209241 359.315584
56 57 65 0.637065 0.357120 0.005815 176.928837 355.332029
56 57 65 0.926884 0.034610 0.038506 163.819849 357.173953
56 57 65 0.801006 0.190472 0.008522 171.221413 357.891463
56 57 65 0.999278 0.000481 0.000241 164.133875 354.303390
56 57 65 0.685957 0.012827 0.301216 162.778009 364.084735
56 57 65 0.475685 0.385858 0.138456 180.712012 358.277000
56 57 65 0.298806 0.543725 0.157468 186.975310 357.261199
56 57 65 0.917401 0.059820 0.022779 163.470419 354.606438
57 66 65 0.737878 0.115989 0.146133 199.301241 362.251940
57 66 65 0.230065 0.375795 0.394140 190.017363 385.362411
57 66 65 0.165660 0.138403 0.695938 174.921908 387.937194
57 66 65 0.470314 0.428758 0.100928 201.306168 376.739557
57 66 65 0.309799 0.320924 0.369277 189.690175 383.108556
57 66 65 0.545709 0.283965 0.170326 198.014593 370.009892
57 66 65 0.574513 0.262001 0.163486 202.186691 368.702755
57 66 65 0.766045 0.218752 0.015203 203.232370 359.009071
57 66 65 0.756761 0.231780 0.011459 205.331979 364.322105
57 66 65 0.957664 0.003535 0.038801 204.151562 353.550761
57 58 66 0.268890 0.371926 0.359184 220.886352 368.194810
57 58 66 0.023330 0.070171 0.906498 206.819352 390.405278
57 58 66 0.562450 0.074618 0.362932 207.976056 370.083444
57 58 66 0.364796 0.040791 0.594414 205.768613 374.266202
57 58 66 0.217845 0.298968 0.483187 217.754730 373.779898
57 58 66 0.483105 0.327693 0.189202 218.298108 357.076479
57 58 66 0.398037 0.284681 0.317282 216.266883 364.230998
57 58 66 0.247828 0.632707 0.119465 232.809194 356.898150
57 58 66 0.888798 0.028384 0.082817 203.732345 358.184029
57 58 66 0.780830 0.090154 0.129016 211.929476 356.538609
58 67 66 0.285892 0.602085 0.112023 244.665037 381.705573
58 67 66 0.923802 0.028817 0.047381 244.157660 353.099452
58 67 66 0.575594 0.228331 0.196075 240.974605 368.201984
58 67 66 0.099261 0.384432 0.516307 224.364671 389.704437
58 67 66 0.697457 0.138137 0.164406 236.738821 358.220667
58 67 66 0.529946 0.458515 0.011539 250.955132 371.361437
58 67 66 0.321515 0.259852 0.418632 229.758227 378.053568
58 67 66 0.881681 0.016093 0.102227 240.043217 357.075830
58 67 66 0.480641 0.215289 0.304071 234.741657 372.585609
58 67 66 0.215128 0.018653 0.766218 213.357305 387.169025
58 59 67 0.326974 0.064443 0.608583 253.260861 376.124455
58 59 67 0.729179 0.197474 0.073348 253.178976 352.791419
58 59 67 0.744670 0.187264 0.068066 256.391065 354.651406
58 59 67 0.215843 0.438254 0.345904 266.637203 366.794000
58 59 67 0.889927 0.096741 0.013333 250.910740 345.098930
58 59 67 0.776859 0.091496 0.131645 251.297942 355.078559
58 59 67 0.675032 0.281925 0.043043 259.212344 350.145376
58 59 67 0.969994 0.003174 0.026832 246.178884 352.349658
58 59 67 0.819244 0.120764 0.059992 253.233174 349.950118
58 59 67 0.980366 0.009257 0.010377 248.531796 344.346206
59 68 67 0.379660 0.380656 0.239684 285.819005 372.916832
59 68 67 0.800618 0.021881 0.177501 286.837421 356.218871
59 68 67 0.484029 0.476178 0.039793 289.809169 367.489152
59 68 67 0.557827 0.384162 0.058011 288.042024 372.609627
59 68 67 0.791930 0.002167 0.205903 283.733352 358.335802
59 68 67 0.571460 0.144086 0.284455 280.290527 368.260968
59 68 67 0.509126 0.399160 0.091714 289.576192 371.149479
59 68 67 0.038355 0.413202 0.548442 269.102085 390.527247
59 68 67 0.512566 0.259857 0.227577 280.281699 369.718545
59 68 67 0.256865 0.654221 0.088915 287.981894 378.255232
59 60 68 0.876011 0.040603 0.083386 291.824206 351.123403
59 60 68 0.869998 0.104211 0.025791 298.122849 349.587724
59 60 68 0.601180 0.322617 0.076202 298.747540 353.373294
59 60 68 0.536686 0.100260 0.363054 295.625939 361.850362
59 60 68 0.719766 0.011876 0.268358 292.851195 361.100441
59 60 68 0.151530 0.493886 0.354584 312.740545 364.721914
59 60 68 0.828166 0.104064 0.067770 293.149123 355.162020
59 60 68 0.041233 0.162705 0.796062 297.387309 382.794374
59 60 68 0.776648 0.021971 0.201381 289.090658 358.746334
59 60 68 0.083076 0.870530 0.046394 326.752954 347.948885
60 69 68 0.255602 0.537887 0.206511 323.705188 381.149332
60 69 68 0.505247 0.279122 0.215631 322.945998 371.027089
60 69 68 0.913728 0.031874 0.054398 331.358705 357.556639
60 69 68 0.058931 0.488521 0.452548 309.711182 389.540587
60 69 68 0.387489 0.222139 0.390372 316.391817 376.344898
60 69 68 0.332491 0.578272 0.089238 328.765711 375.308610
60 69 68 0.429879 0.147032 0.423090 313.379939 374.417688
60 69 68 0.660636 0.184261 0.155102 327.844548 364.374535
60 69 68 0.706739 0.005322 0.287939 319.287598 361.860410
60 69 68 0.364267 0.355062 0.280670 318.830653 372.323145
60 61 69 0.735530 0.103924 0.160545 337.973538 355.529890
60 61 69 0.062500 0.348188 0.589312 349.138466 371.185211
60 61 69 0.274481 0.197778 0.527741 339.662634 372.374655
60 61 69 0.002339 0.441292 0.556370 350.793738 374.227801
60 61 69 0.532734 0.163278 0.303989 339.950638 364.883824
60 61 69 0.819279 0.121926 0.058795 340.103098 349.465792
60 61 69 0.278696 0.298850 0.422454 342.609166 366.263714
60 61 69 0.479580 0.387393 0.133027 350.372480 357.107802
60 61 69 0.859194 0.001550 0.139256 331.930873 354.825765
60 61 69 0.093710 0.809677 0.096613 371.125268 355.419366
61 70 69 0.943351 0.031944 0.024705 374.885505 348.560742
61 70 69 0.091737 0.816011 0.092252 371.316795 385.255500
61 70 69 0.281096 0.707963 0.010941 372.235743 375.398928
61 70 69 0.912393 0.017807 0.069799 371.344342 351.654095
61 70 69 0.979583 0.014267 0.006150 373.945831 351.076786
61 70 69 0.658847 0.331937 0.009216 374.558700 363.248332
61 70 69 0.136564 0.800744 0.062692 370.822283 383.869283
61 70 69 0.704925 0.018134 0.276941 361.333156 360.411946
61 70 69 0.217499 0.035625 0.746876 344.130477 383.789276
61 70 69 0.972114 0.020635 0.007251 376.315703 349.399298
61 62 70 0.384573 0.391672 0.223756 395.216306 354.967831
61 62 70 0.694106 0.298111 0.007783 392.605846 348.944142
61 62 70 0.136266 0.461372 0.402362 397.539858 362.210411
61 62 70 0.627537 0.211015 0.161448 386.733704 354.899165
61 62 70 0.372198 0.387654 0.240148 394.152700 353.947516
61 62 70 0.918609 0.017735 0.063656 375.855950 349.396024
61 62 70 0.258548 0.561071 0.180380 403.078476 355.867124
61 62 70 0.822362 0.041299 0.136339 379.995047 353.828544
61 62 70 0.140326 0.590765 0.268909 405.397325 354.280481
61 62 70 0.041974 0.262746 0.695281 385.411879 376.646161
62 71 70 0.662597 0.106397 0.231006 411.028038 356.358267
62 71 70 0.586113 0.017905 0.395982 402.510932 359.952716
62 71 70 0.451777 0.079650 0.468573 400.598252 367.653068
62 71 70 0.679518 0.313439 0.007044 419.516912 359.830075
62 71 70 0.761729 0.129657 0.108614 416.245073 355.981564
62 71 70 0.464455 0.099628 0.435916 395.775395 365.833685
62 71 70 0.071200 0.489609 0.439191 398.931298 383.453170
62 71 70 0.161793 0.674526 0.163681 413.534313 379.788651
62 71 70 0.396476 0.224979 0.378545 400.335680 368.524665
62 71 70 0.608658 0.134154 0.257189 409.748037 360.084318
63 64 72 0.760902 0.071521 0.167577 77.231790 402.426031
63 64 72 0.194798 0.662913 0.142289 105.550469 400.469766
63 64 72 0.274022 0.186354 0.539625 88.633039 417.961693
63 64 72 0.615540 0.274239 0.110221 86.283297 401.802965
63 64 72 0.167191 0.438865 0.393944 97.490389 411.779182
63 64 72 0.624564 0.280368 0.095068 83.939710 399.952695
63 64 72 0.809528 0.049399 0.141074 82.818725 402.674660
63 64 72 0.383021 0.081585 0.535394 82.538406 415.837254
63 64 72 0.491722 0.070525 0.437753 81.499015 415.559872
63 64 72 0.521083 0.453152 0.025765 92.127029 402.176353
64 73 72 0.988426 0.011535 0.000039 117.252751 393.592707
64 73 72 0.048692 0.460939 0.490369 102.249285 430.048140
64 73 72 0.180575 0.650777 0.168648 115.812244 426.699331
64 73 72 0.767233 0.088626 0.144141 112.271292 404.490819
64 73 72 0.579537 0.280503 0.139961 118.267505 411.244581
64 73 72 0.874511 0.036009 0.089480 114.948818 402.584544
64 73 72 0.204921 0.695298 0.099781 118.902913 422.539852
64 73 72 0.192380 0.141289 0.666331 95.300296 421.491274
64 73 72 0.366791 0.045882 0.587327 97.577630 415.694076
64 73 72 0.115174 0.600816 0.284010 117.305003 431.634116
64 65 73 0.652822 0.339501 0.007676 135.549527 397.823737
64 65 73 0.536333 0.074810 0.388857 126.221209 411.488675
64 65 73 0.108309 0.054204 0.837488 126.020221 426.960527
64 65 73 0.469085 0.186554 0.344362 129.605555 407.992753
64 65 73 0.548765 0.048027 0.403208 125.940240 409.795367
64 65 73 0.729306 0.211889 0.058805 131.087176 403.712630
64 65 73 0.533924 0.233770 0.232307 130.446315 404.499801
64 65 73 0.211709 0.124260 0.664031 129.992272 420.747468
64 65 73 0.063390 0.291422 0.645188 136.610139 421.255978
64 65 73 0.052358 0.270904 0.676738 135.575518 420.334019
65 74 73 0.074057 0.671044 0.254899 156.040102 427.229446
65 74 73 0.974733 0.006382 0.018885 162.482639 393.256820
65 74 73 0.834255 0.145896 0.019849 161.759621 401.082106
65 74 73 0.395990 0.465727 0.138283 159.396845 416.260102
65 74 73 0.295093 0.546434 0.158473 157.490523 420.267374
65 74 73 0.963966 0.006288 0.029746 161.859846 401.419272
65 74 73 0.054749 0.467334 0.477917 149.098410 432.624195
65 74 73 0.047226 0.315662 0.637112 144.991810 428.702586
65 74 73 0.620312 0.210747 0.168941 157.789200 408.268303
65 74 73 0.946737 0.040157 0.013106 163.533615 396.454433
65 66 74 0.880104 0.103920 0.015976 168.230876 394.601079
65 66 74 0.536333 0.043819 0.419849 166.665426 410.571685
65 66 74 0.900698 0.033162 0.066140 164.946929 395.714282
65 66 74 0.948955 0.021109 0.029936 166.305659 395.357834
65 66 74 0.607124 0.169825 0.223050 168.534606 403.766502
65 66 74 0.447293 0.046119 0.506588 165.287466 411.045628
65 66 74 0.312305 0.145906 0.541789 170.394971 415.476986
65 66 74 0.089945 0.848726 0.061329 201.297987 397.759487
65 66 74 0.115660 0.322666 0.561674 179.122315 416.379368
65 66 74 0.532667 0.141419 0.325915 171.479957 408.523753
66 75 74 0.288166 0.271587 0.440248 189.612149 417.444340
66 75 74 0.684573 0.097075 0.218352 197.385463 408.268506
66 75 74 0.322262 0.403487 0.274250 199.591652 416.012782
66 75 74 0.285570 0.604284 0.110146 204.391409 422.459159
66 75 74 0.795727 0.128993 0.075281 203.268618 400.711595
66 75 74 0.298794 0.441838 0.259368 196.106971 418.978279
66 75 74 0.697407 0.221362 0.081231 202.667561 404.073544
66 75 74 0.487411 0.470178 0.042411 205.605059 414.475569
66 75 74 0.094991 0.189297 0.715712 177.264494 428.610633
66 75 74 0.142705 0.482730 0.374565 190.739804 426.375264
66 67 75 0.319595 0.355862 0.324543 224.866994 403.893135
66 67 75 0.694452 0.293919 0.011630 219.200774 390.898328
66 67 75 0.997005 0.002215 0.000780 206.819622 393.560852
66 67 75 0.172417 0.214270 0.613313 215.536662 417.881238
66 67 75 0.809091 0.049291 0.141618 212.515693 399.627296
66 67 75 0.982289 0.003411 0.014300 204.486122 392.174179
66 67 75 0.900413 0.036236 0.063351 208.280633 394.824004
66 67 75 0.870982 0.091002 0.038016 209.955452 396.237851
66 67 75 0.830431 0.051784 0.117785 211.098516 400.432368
66 67 75 0.605605 0.162944 0.231451 215.778126 399.807812
67 76 75 0.290801 0.630729 0.078470 244.907779 412.090072
67 76 75 0.999734 0.000014 0.000251 248.785261 393.182144
67 76 75 0.838990 0.022405 0.138605 245.293344 398.845561
67 76 75 0.487654 0.475540 0.036806 246.564683 411.377793
67 76 75 0.231295 0.761424 0.007281 251.474256 422.580199
67 76 75 0.076177 0.879809 0.044014 248.019253 425.072589
67 76 75 0.274392 0.625875 0.099733 245.771298 415.905338
67 76 75 0.453722 0.095349 0.450929 230.622998 414.376821
67 76 75 0.268026 0.601283 0.130691 248.947086 417.612461
67 76 75 0.183114 0.559706 0.257181 241.705611 420.660728
67 68 76 0.832737 0.102645 0.064618 248.264079 393.967149
67 68 76 0.236684 0.075099 0.688217 255.339480 414.687685
67 68 76 0.831780 0.008084 0.160136 248.983569 400.011648
67 68 76 0.060071 0.728299 0.211630 278.020004 401.457093
67 68 76 0.572894 0.407087 0.020019 265.299157 393.362481
67 68 76 0.198006 0.721718 0.080276 276.177207 394.191096
67 68 76 0.724278 0.106655 0.169067 254.792145 401.179059
67 68 76 0.901802 0.078818 0.019381 254.303605 391.841358
67 68 76 0.323406 0.427120 0.249473 268.627648 399.374550
67 68 76 0.162127 0.347687 0.490186 267.768270 407.214421
68 77 76 0.033526 0.126665 0.839810 256.743409 426.459931
68 77 76 0.985283 0.004563 0.010154 288.950076 390.502983
68 77 76 0.175886 0.055951 0.768163 258.725130 422.135568
68 77 76 0.052457 0.011657 0.935886 254.210729 425.582174
68 77 76 0.854232 0.117493 0.028275 285.664739 399.118829
68 77 76 0.019197 0.910752 0.070051 284.598908 420.411121
68 77 76 0.010180 0.108348 0.881471 252.277874 425.533725
68 77 76 0.063667 0.634277 0.302056 279.101031 425.288581
68 77 76 0.683246 0.252214 0.064540 284.661590 404.712999
68 77 76 0.149506 0.416608 0.433886 274.491856 422.729243
68 69 77 0.169800 0.151845 0.678355 293.723267 414.555074
68 69 77 0.158811 0.252010 0.589179 304.086057 410.652222
68 69 77 0.038665 0.741486 0.219850 320.840128 398.803935
68 69 77 0.518114 0.359727 0.122159 305.645363 393.263143
68 69 77 0.347392 0.461950 0.190658 309.056899 395.022713
68 69 77 0.716649 0.037004 0.246347 289.766338 399.340307
68 69 77 0.101742 0.118590 0.779668 293.742656 415.110899
68 69 77 0.145224 0.593604 0.261172 317.449341 399.700407
68 69 77 0.150426 0.488076 0.361497 309.035877 403.562756
68 69 77 0.048097 0.900987 0.050916 327.256644 394.136991
69 78 77 0.411014 0.462921 0.126064 319.908841 410.144886
69 78 77 0.062634 0.866314 0.071051 332.332996 421.363641
69 78 77 0.148173 0.596200 0.255627 319.943578 418.987231
69 78 77 0.600976 0.204030 0.194994 322.436625 403.522229
69 78 77 0.123743 0.686238 0.190019 323.686461 420.157052
69 78 77 0.941278 0.030160 0.028562 329.547995 392.637217
69 78 77 0.421564 0.137036 0.441400 313.307000 411.704522
69 78 77 0.450841 0.124548 0.424611 316.567541 407.703163
69 78 77 0.249010 0.095857 0.655133 305.182227 421.409174
69 78 77 0.827388 0.046279 0.126334 325.927220 398.521996
69 70 78 0.997465 0.002473 0.000062 331.984643 390.942113
69 70 78 0.022340 0.363602 0.614059 352.003383 409.705217
69 70 78 0.463590 0.075533 0.460877 335.723115 405.312831
69 70 78 0.657892 0.203917 0.138191 342.690036 395.809143
69 70 78 0.325772 0.039236 0.634992 333.331788 413.784167
69 70 78 0.232135 0.140813 0.627051 340.727893 409.951590
69 70 78 0.007559 0.790985 0.201457 369.763906 393.044784
69 70 78 0.322258 0.240741 0.437001 344.295230 403.891776
69 70 78 0.871187 0.050684 0.078128 330.299805 393.247557
69 70 78 0.129826 0.326025 0.544149 345.647973 408.106559
70 79 78 0.211410 0.466296 0.322294 360.184512 413.813456
70 79 78 0.983369 0.010244 0.006387 372.066662 389.823733
70 79 78 0.587166 0.071416 0.341418 355.439716 403.801959
70 79 78 0.097804 0.363258 0.538938 350.499870 418.779337
70 79 78 0.560404 0.122865 0.316732 357.526570 401.756144
70 79 78 0.739794 0.028769 0.231437 364.902604 396.566258
70 79 78 0.650203 0.198273 0.151524 367.474640 397.066803
70 79 78 0.182018 0.569653 0.248329 364.485773 418.171671
70 79 78 0.534545 0.013527 0.451928 356.724229 406.255616
70 79 78 0.925728 0.026356 0.047917 371.898970 390.629009
70 71 79 0.035879 0.761708 0.202413 409.078007 391.501767
70 71 79 0.687265 0.283983 0.028752 388.060900 392.332251
70 71 79 0.950517 0.026107 0.023376 375.166433 392.191075
70 71 79 0.779491 0.104402 0.116107 375.405340 390.741820
70 71 79 0.175177 0.051380 0.773443 372.303150 416.785458
70 71 79 0.841355 0.058421 0.100224 376.365406 388.675675
70 71 79 0.925226 0.067473 0.007301 375.290685 388.918725
70 71 79 0.329612 0.345600 0.324788 385.186284 396.440477
70 71 79 0.104491 0.476782 0.418727 391.103234 403.792991
70 71 79 0.722216 0.220235 0.057549 384.381345 389.721864
71 80 79 0.420143 0.523436 0.056421 412.391512 405.222674
71 80 79 0.344987 0.637664 0.017349 409.816350 407.302159
71 80 79 0.670608 0.317601 0.011791 412.869189 395.911359
71 80 79 0.028043 0.507593 0.464364 394.452693 420.240475
71 80 79 0.201108 0.141087 0.657805 383.650209 411.336475
71 80 79 0.008035 0.017164 0.974801 373.444163 420.335896
71 80 79 0.701248 0.144123 0.154629 409.161623 394.000471
71 80 79 0.525524 0.231472 0.243004 403.171640 403.562008
71 80 79 0.756001 0.026185 0.217814 407.234177 392.423492
71 80 79 0.825552 0.127817 0.046631 414.189692 394.652390
