0 1 9 0.477742 0.138742 0.383516 116.060901 172.117045
0 1 9 0.564807 0.361668 0.073525 130.971799 173.488354
0 1 9 0.925645 0.068934 0.005421 123.747909 166.475864
0 1 9 0.774682 0.077633 0.147685 118.441868 168.466252
0 1 9 0.914635 0.063305 0.022060 119.004402 170.648026
0 1 9 0.025142 0.337404 0.637454 127.160527 178.704312
0 1 9 0.182872 0.402540 0.414588 129.344422 176.731065
0 1 9 0.328181 0.441948 0.229871 131.557886 173.678199
0 1 9 0.258351 0.006792 0.734856 115.415341 179.135147
0 1 9 0.846902 0.148707 0.004391 122.209114 173.107364
1 10 9 0.809352 0.153749 0.036899 147.065646 174.377998
1 10 9 0.316421 0.305488 0.378091 136.269927 180.925011
1 10 9 0.477337 0.245011 0.277652 140.720943 181.329863
1 10 9 0.008738 0.161392 0.829870 113.760407 187.223039
1 10 9 0.669118 0.062853 0.268029 139.537269 176.301968
1 10 9 0.905364 0.000972 0.093664 150.819381 175.128926
1 10 9 0.865555 0.065514 0.068931 148.026464 174.776323
1 10 9 0.536640 0.239069 0.224291 138.646061 178.016675
1 10 9 0.369992 0.161974 0.468034 129.106162 181.308546
1 10 9 0.640871 0.200500 0.158629 141.781162 179.661109
1 2 10 0.326050 0.613965 0.059985 169.168325 173.879099
1 2 10 0.287407 0.363282 0.349311 158.048997 177.070975
1 2 10 0.895946 0.070218 0.033836 150.403476 174.038186
1 2 10 0.345953 0.085097 0.568950 151.892275 178.063249
1 2 10 0.289750 0.049774 0.660477 149.619067 176.542168
1 2 10 0.159173 0.508047 0.332781 168.176498 174.049485
1 2 10 0.052214 0.631009 0.316777 172.469988 178.525072
1 2 10 0.117480 0.544000 0.338520 164.638567 180.059651
1 2 10 0.527458 0.289769 0.182773 158.143111 175.462216
1 2 10 0.467383 0.113495 0.419121 154.081032 176.639369
2 11 10 0.023785 0.310388 0.665827 155.977127 183.062338
2 11 10 0.252769 0.355622 0.391609 164.664158 182.616624
2 11 10 0.996802 0.001592 0.001605 186.574503 170.164512
2 11 10 0.212894 0.368357 0.418749 165.782316 183.959024
2 11 10 0.914367 0.055461 0.030172 183.857472 168.955040
2 11 10 0.901921 0.025784 0.072296 179.341679 174.323922
2 11 10 0.383850 0.414096 0.202054 171.955612 180.911668
2 11 10 0.314014 0.433144 0.252842 168.565127 179.384667
2 11 10 0.852311 0.015413 0.132276 181.771443 174.698977
2 11 10 0.573234 0.169157 0.257610 169.364124 179.137644
2 3 11 0.564194 0.170060 0.265746 191.031699 176.366141
2 3 11 0.812454 0.160847 0.026699 187.192255 174.093397
2 3 11 0.367628 0.607240 0.025132 205.206457 174.756787
2 3 11 0.103759 0.525960 0.370281 194.953271 177.462059
2 3 11 0.470948 0.510982 0.018070 199.448169 169.361114
2 3 11 0.208178 0.653533 0.138289 201.595872 175.194830
2 3 11 0.419922 0.191034 0.389045 189.851295 178.658265
2 3 11 0.260810 0.578371 0.160819 201.631288 173.130056
2 3 11 0.560189 0.060954 0.378858 183.203909 177.884579
2 3 11 0.943756 0.045532 0.010712 187.514147 174.178466
3 12 11 0.454182 0.250188 0.295630 205.335533 178.379370
3 12 11 0.192049 0.074391 0.733560 187.382621 178.961712
3 12 11 0.355940 0.392092 0.251969 206.516350 179.895112
3 12 11 0.064702 0.078598 0.856700 183.811694 183.943915
3 12 11 0.303175 0.263593 0.433232 198.021853 177.599892
3 12 11 0.331987 0.271289 0.396724 199.169781 179.808209
3 12 11 0.598319 0.060065 0.341616 202.171090 178.157604
3 12 11 0.158689 0.820627 0.020684 211.759635 183.083139
3 12 11 0.643194 0.181909 0.174897 207.618623 173.721418
3 12 11 0.329041 0.546696 0.124262 212.031062 178.201305
3 4 12 0.704863 0.235397 0.059740 222.532536 175.044017
3 4 12 0.314042 0.669552 0.016407 236.873355 168.902888
3 4 12 0.294358 0.280947 0.424695 223.487981 174.052968
3 4 12 0.532214 0.432094 0.035693 229.680998 171.240063
3 4 12 0.322610 0.180428 0.496962 220.313977 182.310434
3 4 12 0.286583 0.126071 0.587346 218.689463 177.513187
3 4 12 0.148051 0.750238 0.101711 238.668277 174.037544
3 4 12 0.372559 0.297365 0.330076 226.763882 177.517207
3 4 12 0.105890 0.108223 0.785887 216.906523 179.182655
3 4 12 0.156703 0.655250 0.188047 235.399090 175.442384
4 13 12 0.469228 0.101402 0.429370 230.594982 178.769350
4 13 12 0.725285 0.130511 0.144204 241.798849 175.522924
4 13 12 0.518812 0.177131 0.304057 234.121546 174.835501
4 13 12 0.720319 0.089478 0.190203 237.053280 177.235239
4 13 12 0.086260 0.458329 0.455410 230.492669 180.852342
4 13 12 0.816070 0.145768 0.038162 241.745475 173.597733
4 13 12 0.506463 0.309584 0.183953 243.822871 176.005053
4 13 12 0.696510 0.261242 0.042248 245.700490 172.889534
4 13 12 0.101496 0.223373 0.675131 220.973820 180.801620
4 13 12 0.972019 0.003793 0.024188 243.239957 172.778274
4 5 13 0.149503 0.244448 0.606049 253.577369 180.046946
4 5 13 0.371530 0.167051 0.461420 251.024818 175.415289
4 5 13 0.910317 0.023795 0.065889 243.896917 172.955298
4 5 13 0.038774 0.883225 0.078001 278.353026 172.925891
4 5 13 0.836847 0.161369 0.001784 251.403386 172.053783
4 5 13 0.077888 0.678865 0.243247 269.796942 174.864195
4 5 13 0.541301 0.383574 0.075125 256.767680 174.798842
4 5 13 0.093588 0.299690 0.606722 257.869554 176.040759
4 5 13 0.234433 0.705114 0.060453 266.180844 167.876771
4 5 13 0.812750 0.150525 0.036725 252.246040 172.363133
5 14 13 0.486810 0.453133 0.060057 284.709040 173.700816
5 14 13 0.116623 0.626795 0.256582 271.105550 181.429950
5 14 13 0.592150 0.008042 0.399808 267.429750 178.009961
5 14 13 0.658388 0.023360 0.318252 271.389097 177.181029
5 14 13 0.881900 0.031580 0.086520 278.306264 169.822366
5 14 13 0.075759 0.483412 0.440829 267.668702 181.900032
5 14 13 0.751434 0.200761 0.047805 280.177834 177.779572
5 14 13 0.446436 0.499691 0.053873 279.307125 175.523039
5 14 13 0.858283 0.136874 0.004843 276.433865 172.161741
5 14 13 0.341201 0.187524 0.471275 265.495823 180.111023
5 6 14 0.355971 0.201691 0.442338 286.410062 177.256545
5 6 14 0.764449 0.178376 0.057175 284.396192 171.042380
5 6 14 0.106419 0.097108 0.796473 285.141759 183.170509
5 6 14 0.781319 0.107207 0.111474 284.851935 171.799621
5 6 14 0.240480 0.568964 0.190557 299.132970 174.376264
5 6 14 0.741248 0.145443 0.113310 288.732120 173.740209
5 6 14 0.160346 0.408936 0.430718 293.647502 177.275181
5 6 14 0.611007 0.261154 0.127839 287.589318 171.646777
5 6 14 0.736142 0.160362 0.103495 285.239152 172.015422
5 6 14 0.758911 0.071979 0.169110 282.712658 172.418252
6 15 14 0.511626 0.197931 0.290443 307.304865 173.624743
6 15 14 0.234151 0.392592 0.373257 304.125932 178.935345
6 15 14 0.490905 0.058321 0.450774 301.089876 177.950329
6 15 14 0.484670 0.315221 0.200109 308.244167 177.234501
6 15 14 0.447102 0.108404 0.444494 301.805654 176.887886
6 15 14 0.701914 0.103727 0.194360 304.931231 173.782513
6 15 14 0.417353 0.326940 0.255707 308.614432 172.433488
6 15 14 0.680256 0.193791 0.125953 310.291364 176.384957
6 15 14 0.486296 0.129541 0.384163 302.927509 173.017842
6 15 14 0.251110 0.363360 0.385530 304.975658 182.178413
6 7 15 0.036457 0.879343 0.084201 342.091454 170.481285
6 7 15 0.050394 0.904107 0.045500 344.219292 172.177173
6 7 15 0.708860 0.009005 0.282135 313.223287 170.702975
6 7 15 0.469327 0.077061 0.453612 315.816434 175.620479
6 7 15 0.094968 0.216524 0.688509 325.964116 185.188340
6 7 15 0.518887 0.116034 0.365079 317.734519 173.277060
6 7 15 0.896879 0.037391 0.065729 315.063500 171.466136
6 7 15 0.310158 0.129977 0.559864 317.641281 178.316019
6 7 15 0.425268 0.025589 0.549142 317.415059 177.114699
6 7 15 0.825640 0.120748 0.053612 318.037407 170.885943
7 16 15 0.460676 0.253671 0.285653 343.242165 177.141599
7 16 15 0.746792 0.232187 0.021022 349.563080 174.048192
7 16 15 0.919211 0.057695 0.023094 345.641356 172.522067
7 16 15 0.838504 0.040032 0.121464 341.882036 174.450071
7 16 15 0.715400 0.003305 0.281295 340.595048 169.060519
7 16 15 0.293420 0.163563 0.543016 332.526587 179.952610
7 16 15 0.455421 0.065229 0.479350 332.613415 174.476348
7 16 15 0.696783 0.226183 0.077034 344.803071 176.245726
7 16 15 0.464737 0.194134 0.341129 338.183401 178.591618
7 16 15 0.640624 0.067170 0.292206 337.396244 174.125867
7 8 16 0.485845 0.327465 0.186690 362.289852 170.072342
7 8 16 0.100120 0.493853 0.406027 366.587516 171.511410
7 8 16 0.302660 0.053598 0.643742 354.414554 179.450820
7 8 16 0.555999 0.197336 0.246665 353.887732 170.468090
7 8 16 0.040773 0.578010 0.381217 368.145084 172.483798
7 8 16 0.246348 0.483763 0.269889 362.744588 174.382469
7 8 16 0.890026 0.106113 0.003861 349.410977 168.675816
7 8 16 0.954864 0.009360 0.035776 347.153814 171.548633
7 8 16 0.171780 0.821148 0.007072 374.922939 169.718574
7 8 16 0.898352 0.058809 0.042839 349.775536 174.589148
8 17 16 0.651114 0.205531 0.143355 375.783822 173.542874
8 17 16 0.667939 0.049889 0.282171 374.086465 171.674005
8 17 16 0.404808 0.406013 0.189178 378.598216 171.833900
8 17 16 0.580725 0.362580 0.056696 379.044291 173.989298
8 17 16 0.632894 0.365304 0.001802 382.454563 171.782458
8 17 16 0.971061 0.027215 0.001723 380.174268 167.123570
8 17 16 0.822302 0.015307 0.162391 375.870602 170.187101
8 17 16 0.418429 0.066708 0.514863 367.487597 172.102602
8 17 16 0.624575 0.293692 0.081733 381.711152 171.730573
8 17 16 0.077362 0.036924 0.885714 357.566227 176.861676
9 10 18 0.888446 0.091935 0.019619 114.327923 184.417366
9 10 18 0.787594 0.061939 0.150467 109.197385 188.568657
9 10 18 0.024981 0.340505 0.634513 112.812367 196.741529
9 10 18 0.414240 0.114182 0.471578 108.304868 195.642841
9 10 18 0.958065 0.006267 0.035668 107.953389 184.776683
9 10 18 0.959309 0.029056 0.011635 107.724140 187.079737
9 10 18 0.078756 0.125858 0.795386 107.061709 201.751565
9 10 18 0.838386 0.144971 0.016643 117.039876 184.946364
9 10 18 0.287376 0.623390 0.089234 126.917554 185.244938
9 10 18 0.903891 0.036095 0.060014 109.232969 187.606268
10 19 18 0.919935 0.067530 0.012535 143.486729 186.647331
10 19 18 0.558934 0.385911 0.055155 137.734268 193.969996
10 19 18 0.457299 0.068950 0.473751 120.280438 196.366428
10 19 18 0.567934 0.326145 0.105920 139.836961 193.266463
10 19 18 0.327448 0.032091 0.640461 116.225316 200.390581
10 19 18 0.175145 0.322068 0.502787 116.067548 201.235832
10 19 18 0.419082 0.575378 0.005540 138.715220 196.577175
10 19 18 0.776266 0.014851 0.208883 138.714794 189.539976
10 19 18 0.200665 0.184633 0.614702 118.367263 201.764155
10 19 18 0.175390 0.775518 0.049093 130.380771 203.788032
10 11 19 0.219568 0.180930 0.599501 140.669060 198.977704
10 11 19 0.460185 0.003950 0.535864 137.081029 192.543249
10 11 19 0.557999 0.390592 0.051409 161.518609 185.942861
10 11 19 0.351250 0.250313 0.398437 147.012005 191.699225
10 11 19 0.367918 0.254029 0.378053 146.683468 193.353718
10 11 19 0.243833 0.283121 0.473046 147.078434 191.887476
10 11 19 0.026708 0.467422 0.505870 157.717218 193.128108
10 11 19 0.321950 0.455456 0.222593 158.613525 186.494071
10 11 19 0.902191 0.049703 0.048106 146.786959 185.770943
10 11 19 0.225384 0.001112 0.773504 138.870927 203.339251
11 20 19 0.723193 0.227276 0.049532 175.402214 191.777812
11 20 19 0.209952 0.369475 0.420573 158.551129 196.479522
11 20 19 0.734842 0.041861 0.223297 170.621007 187.560500
11 20 19 0.768756 0.058373 0.172870 173.874862 188.956891
11 20 19 0.836542 0.080436 0.083022 168.466349 189.404798
11 20 19 0.219902 0.252566 0.527533 155.408286 199.456259
11 20 19 0.976482 0.007253 0.016265 177.028254 182.659548
11 20 19 0.843611 0.148172 0.008218 175.741996 187.373835
11 20 19 0.312128 0.565545 0.122327 168.387686 198.495094
11 20 19 0.207031 0.213168 0.579801 152.336303 195.877591
11 12 20 0.246045 0.663568 0.090387 199.708846 185.520034
11 12 20 0.679220 0.253022 0.067757 182.237836 183.391033
11 12 20 0.164520 0.146827 0.688653 177.506296 196.143874
11 12 20 0.852866 0.008605 0.138529 172.283627 183.646119
11 12 20 0.785269 0.170261 0.044470 181.277219 185.770704
11 12 20 0.854640 0.142128 0.003233 181.948322 185.170175
11 12 20 0.101078 0.271922 0.627001 184.627370 197.434423
11 12 20 0.101160 0.112703 0.786138 174.857580 200.567124
11 12 20 0.871357 0.000687 0.127957 175.040144 188.090223
11 12 20 0.290288 0.045235 0.664477 177.687102 196.507834
12 21 20 0.592980 0.260268 0.146753 205.078858 191.351046
12 21 20 0.738460 0.063891 0.197649 205.757915 190.593101
12 21 20 0.205685 0.115030 0.679286 182.620081 197.233768
12 21 20 0.911674 0.088132 0.000194 214.117764 183.855692
12 21 20 0.885596 0.041110 0.073294 208.441463 182.712184
12 21 20 0.581259 0.256131 0.162610 202.173306 193.845616
12 21 20 0.370567 0.096853 0.532580 191.971917 197.488729
12 21 20 0.808319 0.048073 0.143608 206.834526 184.793183
12 21 20 0.328942 0.267137 0.403920 194.383965 192.429636
12 21 20 0.031897 0.889336 0.078767 199.894854 204.888133
12 13 21 0.370351 0.223369 0.406280 216.574402 191.067927
12 13 21 0.797008 0.023060 0.179932 212.804492 179.928500
12 13 21 0.385962 0.485472 0.128565 225.032299 184.900400
12 13 21 0.666626 0.213899 0.119475 215.856211 183.718239
12 13 21 0.410401 0.256541 0.333059 215.574223 186.769864
12 13 21 0.893007 0.101232 0.005762 213.561553 179.295024
12 13 21 0.172995 0.643286 0.183719 233.332124 189.164537
12 13 21 0.625691 0.131356 0.242953 214.566095 189.423279
12 13 21 0.612144 0.201186 0.186670 218.089551 185.421707
12 13 21 0.800895 0.060546 0.138560 210.603615 182.031051
13 22 21 0.326550 0.247559 0.425891 233.727447 199.075698
13 22 21 0.798519 0.025811 0.175670 237.306870 188.634145
13 22 21 0.536256 0.383692 0.080053 242.691108 190.204036
13 22 21 0.690455 0.302454 0.007091 247.694117 188.636811
13 22 21 0.301718 0.121765 0.576517 223.506942 197.219060
13 22 21 0.926032 0.005266 0.068702 239.940988 186.930234
13 22 21 0.778496 0.157397 0.064107 243.822354 186.054645
13 22 21 0.954715 0.030205 0.015080 245.024394 186.004667
13 22 21 0.637682 0.296365 0.065953 246.399568 188.146204
13 22 21 0.337679 0.437552 0.224769 236.404433 193.793416
13 14 22 0.861352 0.041173 0.097475 246.226004 185.082108
13 14 22 0.316969 0.162927 0.520104 251.365465 192.498336
13 14 22 0.908121 0.066691 0.025187 247.566596 184.462854
13 14 22 0.148501 0.226882 0.624617 252.992636 194.057176
13 14 22 0.115987 0.410501 0.473512 266.501239 187.624618
13 14 22 0.246277 0.725160 0.028563 273.682336 184.194347
13 14 22 0.602230 0.173997 0.223773 256.868129 184.017310
13 14 22 0.544465 0.298464 0.157071 258.535553 189.963682
13 14 22 0.987860 0.006119 0.006022 244.061259 181.963437
13 14 22 0.099473 0.834884 0.065643 277.363063 184.189941
14 23 22 0.479047 0.339786 0.181167 280.713425 194.065725
14 23 22 0.382608 0.122385 0.495007 267.394593 193.857744
14 23 22 0.121195 0.065070 0.813735 252.540585 201.520181
14 23 22 0.046906 0.073989 0.879105 254.270567 202.771369
14 23 22 0.066636 0.521627 0.411737 267.062528 197.616461
14 23 22 0.889957 0.004986 0.105058 281.289561 184.762295
14 23 22 0.912601 0.029770 0.057629 279.216800 183.536448
14 23 22 0.060574 0.110732 0.828694 253.323702 199.451120
14 23 22 0.920819 0.057834 0.021348 284.279654 182.658295
14 23 22 0.480887 0.082233 0.436880 272.449853 188.811371
14 15 23 0.646395 0.318879 0.034725 295.714131 184.273419
14 15 23 0.091850 0.371780 0.536370 295.522722 191.490275
14 15 23 0.617236 0.125417 0.257347 286.448446 188.185814
14 15 23 0.248004 0.538783 0.213213 298.792358 187.183236
14 15 23 0.091164 0.379272 0.529564 300.206362 187.222605
14 15 23 0.106721 0.047234 0.846045 284.835747 196.057226
14 15 23 0.730654 0.264233 0.005113 290.838477 184.588727
14 15 23 0.760210 0.105814 0.133976 286.049034 183.140685
14 15 23 0.183657 0.637941 0.178403 308.531978 189.103544
14 15 23 0.157507 0.818140 0.024353 316.495090 179.620856
15 24 23 0.756151 0.112933 0.130915 312.764634 184.658991
15 24 23 0.011335 0.429067 0.559598 299.804851 201.643783
15 24 23 0.556352 0.218451 0.225197 310.783792 187.129970
15 24 23 0.726347 0.153916 0.119738 313.899113 183.591418
15 24 23 0.444999 0.552135 0.002866 319.668044 188.522768
15 24 23 0.889446 0.021811 0.088743 316.895767 185.456362
15 24 23 0.172079 0.128816 0.699105 296.679371 200.649336
15 24 23 0.418638 0.117844 0.463518 310.402327 192.811641
15 24 23 0.133934 0.230567 0.635500 296.877180 198.929512
15 24 23 0.806487 0.040603 0.152910 313.612816 185.808871
15 16 24 0.883485 0.061138 0.055377 320.955989 183.024094
15 16 24 0.463954 0.355955 0.180091 328.667710 184.562074
15 16 24 0.697364 0.277581 0.025055 329.233743 183.206162
15 16 24 0.499979 0.284225 0.215796 328.896286 188.825227
15 16 24 0.987788 0.003104 0.009108 318.060990 183.515463
15 16 24 0.348906 0.480914 0.170181 332.268580 182.969080
15 16 24 0.093881 0.759379 0.146740 346.858690 181.379358
15 16 24 0.958903 0.033267 0.007829 319.601778 180.917678
15 16 24 0.034012 0.295712 0.670276 332.154432 194.807567
15 16 24 0.160385 0.325313 0.514302 334.262487 192.035341
16 25 24 0.705730 0.291484 0.002785 358.039268 186.086861
16 25 24 0.488165 0.238055 0.273780 346.256465 189.480752
16 25 24 0.848184 0.136059 0.015757 358.171896 181.453432
16 25 24 0.474914 0.503012 0.022074 355.388007 188.516332
16 25 24 0.467116 0.530206 0.002678 357.659439 191.555427
16 25 24 0.476560 0.308904 0.214537 352.280725 190.190119
16 25 24 0.562782 0.372345 0.064873 353.209141 188.927487
16 25 24 0.575574 0.356031 0.068395 355.167823 188.647089
16 25 24 0.274975 0.617309 0.107716 353.860368 193.647957
16 25 24 0.616282 0.308950 0.074767 357.192129 187.180264
16 17 25 0.711778 0.057665 0.230557 357.014748 184.106088
16 17 25 0.946792 0.049055 0.004153 357.888601 179.690476
16 17 25 0.461554 0.246074 0.292372 365.250301 184.980236
16 17 25 0.204368 0.127876 0.667756 363.320562 195.638947
16 17 25 0.412635 0.221055 0.366310 365.074557 185.804611
16 17 25 0.320679 0.137796 0.541525 360.745279 192.646184
16 17 25 0.844478 0.150590 0.004933 356.202081 177.893288
16 17 25 0.624036 0.158204 0.217760 360.155158 183.623021
16 17 25 0.355297 0.065821 0.578882 362.962745 189.097869
16 17 25 0.281136 0.577567 0.141297 378.826578 184.036580
17 26 25 0.921625 0.065653 0.012722 382.906662 182.734752
17 26 25 0.990499 0.005398 0.004103 386.643023 182.618167
17 26 25 0.197703 0.654389 0.147908 390.460491 191.465832
17 26 25 0.878723 0.076438 0.044839 384.640160 183.867885
17 26 25 0.144999 0.231820 0.623181 373.748751 192.640315
17 26 25 0.680536 0.107417 0.212048 383.013575 183.709589
17 26 25 0.468423 0.223149 0.308428 380.235477 188.861989
17 26 25 0.529185 0.163654 0.307161 378.953864 191.295809
17 26 25 0.808029 0.155169 0.036801 386.065910 182.307744
17 26 25 0.871939 0.085207 0.042854 386.517793 180.616274
18 19 27 0.383311 0.379234 0.237455 106.504248 213.015052
18 19 27 0.249207 0.557078 0.193716 117.802518 208.350588
18 19 27 0.325995 0.018266 0.655739 90.488088 224.124265
18 19 27 0.748013 0.137434 0.114552 100.881318 204.513891
18 19 27 0.347463 0.443558 0.208979 112.225792 210.860213
18 19 27 0.979157 0.013342 0.007501 97.305632 209.586645
18 19 27 0.369685 0.625952 0.004363 120.839314 205.976071
18 19 27 0.714999 0.250261 0.034740 105.678154 204.418359
18 19 27 0.707692 0.108046 0.184262 100.200800 208.519306
18 19 27 0.941186 0.012629 0.046185 97.743908 209.090421
19 28 27 0.769389 0.080884 0.149727 120.900016 213.081192
19 28 27 0.380645 0.448575 0.170780 119.866117 223.081051
19 28 27 0.944270 0.010213 0.045517 129.766032 206.675900
19 28 27 0.797533 0.087138 0.115328 123.430762 213.694065
19 28 27 0.395553 0.113647 0.490801 110.514036 223.539326
19 28 27 0.520736 0.352317 0.126947 122.600674 222.298649
19 28 27 0.955444 0.021773 0.022782 130.612424 203.923430
19 28 27 0.546782 0.174942 0.278276 117.229974 219.507234
19 28 27 0.140125 0.356504 0.503371 105.432540 231.687439
19 28 27 0.354069 0.351933 0.293998 120.810739 224.037608
19 20 28 0.311799 0.456934 0.231267 148.686545 211.306770
19 20 28 0.075760 0.795272 0.128968 162.616335 210.713308
19 20 28 0.323544 0.664218 0.012237 160.607814 206.515937
19 20 28 0.614208 0.140621 0.245171 137.092321 214.453523
19 20 28 0.952119 0.028546 0.019335 131.463382 208.503475
19 20 28 0.843276 0.151100 0.005624 137.753414 209.128793
19 20 28 0.495405 0.497816 0.006779 153.452726 203.430477
19 20 28 0.571133 0.332521 0.096346 143.292442 210.727131
19 20 28 0.125614 0.026363 0.848023 128.937253 230.620938
19 20 28 0.583814 0.122507 0.293679 132.751996 213.952246
20 29 28 0.474474 0.505910 0.019616 168.057728 220.162803
20 29 28 0.349387 0.356454 0.294159 151.519639 223.350287
20 29 28 0.074739 0.326815 0.598446 142.063044 230.397738
20 29 28 0.663653 0.016371 0.319976 152.267624 215.922055
20 29 28 0.708401 0.175833 0.115766 164.889394 212.136376
20 29 28 0.057625 0.715233 0.227142 154.384445 233.776406
20 29 28 0.744791 0.057384 0.197825 161.180214 213.582802
20 29 28 0.241395 0.501442 0.257163 156.481727 227.093596
20 29 28 0.346923 0.504283 0.148794 160.405746 223.138436
20 29 28 0.192692 0.551771 0.255536 156.550053 228.936832
20 21 29 0.657242 0.066645 0.276113 170.531692 211.507569
20 21 29 0.557017 0.365978 0.077005 182.991968 204.574399
20 21 29 0.856211 0.053624 0.090165 168.340360 205.044857
20 21 29 0.551354 0.216155 0.232491 177.056821 205.637886
20 21 29 0.262682 0.337730 0.399589 175.969253 216.412698
20 21 29 0.335936 0.565306 0.098758 189.632082 204.735610
20 21 29 0.332325 0.087502 0.580173 171.241728 219.879447
20 21 29 0.451278 0.015232 0.533490 167.090139 217.382788
20 21 29 0.732171 0.059056 0.208773 170.175335 210.360346
20 21 29 0.547070 0.415761 0.037169 184.142745 205.009680
21 30 29 0.161281 0.148502 0.690216 179.526499 226.857964
21 30 29 0.707268 0.127828 0.164904 199.837168 210.444898
21 30 29 0.923204 0.001625 0.075171 203.801223 203.205720
21 30 29 0.625417 0.036290 0.338293 194.910977 214.263899
21 30 29 0.731345 0.264480 0.004175 205.234687 212.903422
21 30 29 0.296773 0.138861 0.564365 181.485323 218.807352
21 30 29 0.830047 0.047887 0.122066 205.379317 207.753494
21 30 29 0.187723 0.712536 0.099742 203.900681 227.488265
21 30 29 0.456729 0.351666 0.191604 198.176889 218.569830
21 30 29 0.137890 0.641723 0.220387 199.001800 226.269016
21 22 30 0.410884 0.149351 0.439766 212.445690 214.794582
21 22 30 0.182316 0.385534 0.432150 222.636462 218.443653
21 22 30 0.979532 0.005192 0.015276 207.750437 205.354184
21 22 30 0.267288 0.397360 0.335352 220.952933 210.296031
21 22 30 0.226211 0.003167 0.770622 205.658114 226.511788
21 22 30 0.807883 0.133285 0.058832 213.459974 204.862525
21 22 30 0.481064 0.366137 0.152798 220.119869 206.716971
21 22 30 0.100580 0.657961 0.241459 234.174610 208.431732
21 22 30 0.560347 0.066995 0.372657 206.870169 217.258614
21 22 30 0.182464 0.809378 0.008157 237.545807 201.635022
22 31 30 0.846371 0.120505 0.033123 242.205921 207.272085
22 31 30 0.771524 0.176394 0.052082 244.054646 210.344026
22 31 30 0.656191 0.091355 0.252454 235.609834 215.701590
22 31 30 0.257766 0.606548 0.135686 239.233266 221.708723
22 31 30 0.985486 0.009708 0.004807 247.744529 200.840991
22 31 30 0.922839 0.019017 0.058144 241.001277 205.236138
22 31 30 0.433887 0.461013 0.105100 239.406133 218.101485
22 31 30 0.088264 0.545717 0.366019 231.447239 228.884568
22 31 30 0.832690 0.156729 0.010581 246.312446 205.058932
22 31 30 0.425777 0.116495 0.457728 228.046854 217.717682
22 23 31 0.147572 0.500331 0.352097 264.850902 213.567368
22 23 31 0.643911 0.086113 0.269976 249.083478 212.404275
22 23 31 0.065472 0.446213 0.488315 262.655460 214.985668
22 23 31 0.344508 0.371071 0.284421 255.890310 210.443350
22 23 31 0.725084 0.166490 0.108427 249.294486 201.290988
22 23 31 0.576971 0.117459 0.305570 248.128696 207.554851
22 23 31 0.815628 0.055332 0.129040 250.251009 203.040793
22 23 31 0.174270 0.628833 0.196897 271.667355 208.554826
22 23 31 0.084467 0.484145 0.431388 263.597770 212.165797
22 23 31 0.247238 0.304314 0.448447 255.597963 214.398430
23 32 31 0.478403 0.434283 0.087314 278.063391 217.841851
23 32 31 0.426215 0.556372 0.017413 285.666283 215.838684
23 32 31 0.205825 0.699046 0.095129 281.527290 225.075177
23 32 31 0.765905 0.096751 0.137344 281.858701 206.936586
23 32 31 0.287790 0.464196 0.248014 274.068447 224.443359
23 32 31 0.714256 0.115950 0.169794 277.806803 209.275237
23 32 31 0.607486 0.154375 0.238138 272.553571 213.636209
23 32 31 0.781715 0.159685 0.058600 282.064789 204.190038
23 32 31 0.306464 0.085575 0.607961 258.770844 222.480184
23 32 31 0.364892 0.420122 0.214986 279.610440 221.523238
23 24 32 0.973101 0.017574 0.009325 283.135188 202.266117
23 24 32 0.310751 0.293527 0.395722 296.028164 211.626327
23 24 32 0.272005 0.137216 0.590779 290.070879 216.191192
23 24 32 0.037935 0.412858 0.549207 298.143313 217.221058
23 24 32 0.613980 0.305338 0.080682 292.924542 204.811895
23 24 32 0.533307 0.208657 0.258036 293.015121 208.035356
23 24 32 0.911933 0.053765 0.034301 287.932605 202.368460
23 24 32 0.000116 0.021682 0.978202 284.769466 228.206660
23 24 32 0.282992 0.231002 0.486006 294.045420 212.844859
23 24 32 0.962788 0.018595 0.018617 288.385265 196.731209
24 33 32 0.318389 0.267047 0.414565 305.591491 221.780831
24 33 32 0.756822 0.003567 0.239611 310.216098 207.816293
24 33 32 0.967524 0.011003 0.021474 319.975920 201.782750
24 33 32 0.431094 0.119850 0.449056 306.664800 217.346659
24 33 32 0.939193 0.050798 0.010009 317.186844 206.441606
24 33 32 0.403491 0.075932 0.520577 305.365328 216.788522
24 33 32 0.132434 0.135701 0.731865 298.791252 225.975425
24 33 32 0.465098 0.090881 0.444021 306.889302 217.831643
24 33 32 0.017319 0.766702 0.215979 314.696935 229.798186
24 33 32 0.837631 0.038417 0.123952 319.659360 207.233203
24 25 33 0.525522 0.435573 0.038905 338.114699 197.747416
24 25 33 0.496836 0.340995 0.162168 334.183240 207.083656
24 25 33 0.744269 0.208395 0.047336 331.220940 200.411875
24 25 33 0.859600 0.116342 0.024058 324.729890 201.336888
24 25 33 0.833710 0.122969 0.043321 327.668864 203.601841
24 25 33 0.656033 0.097931 0.246036 323.327174 208.647201
24 25 33 0.332302 0.443697 0.224001 340.347083 206.842352
24 25 33 0.192665 0.116999 0.690336 327.366095 214.619383
24 25 33 0.591098 0.081587 0.327315 325.504183 210.223332
24 25 33 0.516591 0.344821 0.138588 332.728457 200.243187
25 34 33 0.871432 0.027116 0.101452 357.919766 203.153831
25 34 33 0.624762 0.179872 0.195366 355.100373 210.200015
25 34 33 0.868688 0.068059 0.063254 355.078465 202.676658
25 34 33 0.944368 0.022288 0.033345 363.164235 204.137340
25 34 33 0.795954 0.194612 0.009434 360.386951 204.439994
25 34 33 0.012173 0.825601 0.162226 359.538564 228.110097
25 34 33 0.842414 0.045246 0.112340 355.192160 205.369084
25 34 33 0.843862 0.143609 0.012529 360.379910 203.091085
25 34 33 0.108601 0.522484 0.368915 353.890448 224.699573
25 34 33 0.875283 0.001127 0.123590 351.622938 205.250944
25 26 34 0.466214 0.513483 0.020303 381.184004 201.642095
25 26 34 0.931201 0.039049 0.029750 360.682477 198.068950
25 26 34 0.636397 0.158491 0.205113 365.364933 202.630518
25 26 34 0.172300 0.020868 0.806832 364.002018 222.209791
25 26 34 0.872742 0.088995 0.038263 363.508147 199.718031
25 26 34 0.345037 0.137820 0.517143 369.625424 218.463226
25 26 34 0.834518 0.098675 0.066806 361.494225 205.110884
25 26 34 0.453715 0.324341 0.221944 374.891914 206.250014
25 26 34 0.520026 0.237371 0.242603 369.787817 209.019896
25 26 34 0.497047 0.055256 0.447697 364.349025 211.474841
26 35 34 0.937790 0.005913 0.056297 396.217102 200.442994
26 35 34 0.614715 0.033284 0.352000 391.331065 213.184544
26 35 34 0.238110 0.089011 0.672879 377.358383 222.086299
26 35 34 0.493644 0.180035 0.326321 394.375281 215.053983
26 35 34 0.054863 0.605960 0.339176 392.071473 229.220834
26 35 34 0.354284 0.235524 0.410193 386.239169 217.982576
26 35 34 0.125645 0.749627 0.124728 401.486351 222.499345
26 35 34 0.882041 0.019806 0.098153 396.235858 200.550987
26 35 34 0.441862 0.544986 0.013151 404.585540 216.021513
26 35 34 0.126368 0.552688 0.320944 395.874204 227.521220
27 28 36 0.460552 0.084993 0.454455 85.640257 251.540063
27 28 36 0.485560 0.295178 0.219262 95.517052 242.859128
27 28 36 0.679178 0.234102 0.086720 96.237225 236.791666
27 28 36 0.648946 0.264249 0.086805 99.036085 242.408273
27 28 36 0.170292 0.740119 0.089590 115.316675 235.067461
27 28 36 0.045719 0.397920 0.556360 99.596507 257.966865
27 28 36 0.126496 0.511206 0.362298 104.190668 250.116329
27 28 36 0.007923 0.615896 0.376181 110.190248 242.805739
27 28 36 0.104128 0.099272 0.796600 85.896798 267.171177
27 28 36 0.340895 0.239896 0.419209 94.160682 250.506602
28 37 36 0.275322 0.149476 0.575202 92.598944 263.162014
28 37 36 0.619259 0.044448 0.336292 107.217063 247.475023
28 37 36 0.350526 0.628631 0.020843 123.060972 256.076318
28 37 36 0.472364 0.098350 0.429285 103.993772 252.695504
28 37 36 0.591376 0.237759 0.170865 118.790678 248.469496
28 37 36 0.978312 0.012287 0.009401 126.863040 234.599580
28 37 36 0.960416 0.013344 0.026240 122.819120 237.362824
28 37 36 0.231458 0.706891 0.061651 120.945466 260.761650
28 37 36 0.299045 0.630721 0.070234 120.321342 261.678314
28 37 36 0.029279 0.038305 0.932415 82.888790 270.149323
28 29 37 0.111991 0.524918 0.363091 147.150090 245.027629
28 29 37 0.424278 0.485702 0.090020 144.184395 237.932565
28 29 37 0.657486 0.064436 0.278078 125.479595 240.689390
28 29 37 0.608609 0.123807 0.267584 132.383844 246.990773
28 29 37 0.303894 0.608298 0.087808 147.456997 236.068680
28 29 37 0.691967 0.186148 0.121885 132.603143 236.984621
28 29 37 0.265763 0.121836 0.612401 126.113128 257.756226
28 29 37 0.034287 0.547632 0.418081 145.871050 245.671059
28 29 37 0.032660 0.310098 0.657242 137.258971 260.066125
28 29 37 0.716607 0.205518 0.077875 134.215067 234.503536
29 38 37 0.579728 0.322831 0.097441 162.274793 250.552527
29 38 37 0.084404 0.094245 0.821351 133.024922 271.392177
29 38 37 0.874761 0.017601 0.107639 159.617354 237.949175
29 38 37 0.518718 0.276678 0.204604 155.744714 251.313898
29 38 37 0.347006 0.037128 0.615865 140.219126 254.575347
29 38 37 0.465809 0.000615 0.533576 140.261027 254.446888
29 38 37 0.753971 0.143723 0.102306 158.294957 244.399321
29 38 37 0.679381 0.312826 0.007793 164.343252 243.820272
29 38 37 0.152056 0.316047 0.531897 143.873760 265.901933
29 38 37 0.377292 0.142900 0.479808 145.455034 251.324262
29 30 38 0.138554 0.026573 0.834873 161.367757 264.714551
29 30 38 0.760949 0.215866 0.023185 174.129615 234.813609
29 30 38 0.405756 0.401349 0.192896 180.248489 243.163126
29 30 38 0.907871 0.000755 0.091374 164.169701 236.331340
29 30 38 0.986808 0.002701 0.010491 166.266266 233.874550
29 30 38 0.482370 0.097131 0.420499 169.684601 247.350131
29 30 38 0.912797 0.004164 0.083039 165.225986 235.038171
29 30 38 0.604237 0.203955 0.191808 174.927952 234.566648
29 30 38 0.363361 0.298970 0.337670 174.195717 244.299753
29 30 38 0.545349 0.120339 0.334312 172.293131 244.874529
30 39 38 0.530207 0.292292 0.177501 197.176334 255.003849
30 39 38 0.411757 0.012547 0.575696 180.164294 257.412970
30 39 38 0.938557 0.035249 0.026194 205.151198 235.349877
30 39 38 0.630198 0.118530 0.251272 190.853074 248.003557
30 39 38 0.145174 0.742527 0.112300 196.123109 263.791185
30 39 38 0.944793 0.051114 0.004093 205.026129 233.350122
30 39 38 0.105094 0.846862 0.048044 200.140320 264.149801
30 39 38 0.471968 0.261198 0.266835 195.794539 254.028213
30 39 38 0.800447 0.067087 0.132467 194.078486 238.798533
30 39 38 0.769532 0.074185 0.156284 198.258274 239.130720
30 31 39 0.244912 0.018874 0.736214 198.814881 261.021270
30 31 39 0.347162 0.584367 0.068471 225.789723 237.126236
30 31 39 0.992350 0.006235 0.001416 205.916609 235.930477
30 31 39 0.065393 0.288471 0.646136 217.017237 255.768823
30 31 39 0.845893 0.122594 0.031513 211.995812 236.025487
30 31 39 0.386721 0.511252 0.102027 227.076750 235.521185
30 31 39 0.948191 0.025276 0.026532 205.410127 233.530239
30 31 39 0.110452 0.345258 0.544289 219.949597 254.227602
30 31 39 0.634310 0.256596 0.109095 215.134380 235.223674
30 31 39 0.123443 0.352963 0.523593 217.375481 254.196522
31 40 39 0.454340 0.321313 0.224348 232.212114 252.184612
31 40 39 0.210805 0.028295 0.760900 212.171058 263.971943
31 40 39 0.120463 0.851124 0.028413 243.642828 261.260204
31 40 39 0.920895 0.030399 0.048707 244.328114 231.712410
31 40 39 0.616652 0.096210 0.287138 231.704505 243.320131
31 40 39 0.466979 0.421248 0.111772 239.756594 248.720540
31 40 39 0.775776 0.089969 0.134255 239.596956 238.750914
31 40 39 0.710647 0.029260 0.260093 234.171960 244.654099
31 40 39 0.126865 0.392587 0.480548 225.595142 265.555995
31 40 39 0.234050 0.406629 0.359321 228.241641 263.804644
31 32 40 0.442496 0.122271 0.435233 250.075682 250.338125
31 32 40 0.570819 0.046294 0.382887 244.269042 247.470075
31 32 40 0.624937 0.117858 0.257205 250.893019 240.138736
31 32 40 0.449491 0.281981 0.268528 257.251665 239.412797
31 32 40 0.575588 0.093425 0.330987 245.258888 241.546519
31 32 40 0.123709 0.529621 0.346670 265.816694 243.827425
31 32 40 0.849395 0.048156 0.102449 245.644569 233.203815
31 32 40 0.878813 0.054374 0.066813 245.901646 235.346331
31 32 40 0.365424 0.422669 0.211907 262.737081 240.752637
31 32 40 0.468281 0.079149 0.452571 249.292695 251.283201
32 41 40 0.243130 0.196179 0.560691 260.055084 265.203521
32 41 40 0.017567 0.413572 0.568862 261.439877 269.687657
32 41 40 0.376914 0.284950 0.338136 274.920978 254.550653
32 41 40 0.921745 0.004906 0.073349 279.188535 236.008562
32 41 40 0.129558 0.004348 0.866094 249.527317 265.543587
32 41 40 0.406677 0.261891 0.331432 268.789901 255.137042
32 41 40 0.652364 0.070162 0.277474 272.100371 242.361249
32 41 40 0.176201 0.420470 0.403328 268.227993 261.060831
32 41 40 0.201638 0.138451 0.659911 256.474045 262.103294
32 41 40 0.335179 0.285034 0.379787 267.962620 255.462585
32 33 41 0.693833 0.122416 0.183751 290.208461 238.643854
32 33 41 0.505545 0.007966 0.486489 288.935472 250.082071
32 33 41 0.621319 0.212439 0.166242 294.321547 240.018155
32 33 41 0.006140 0.502753 0.491107 306.402296 248.901204
32 33 41 0.605166 0.033077 0.361757 284.737829 248.483672
32 33 41 0.836026 0.027958 0.136015 284.374097 235.728723
32 33 41 0.936570 0.029862 0.033568 288.591187 235.677597
32 33 41 0.736361 0.250519 0.013120 294.315347 229.110327
32 33 41 0.524438 0.128033 0.347529 291.339018 249.126496
32 33 41 0.518564 0.458597 0.022839 302.889558 230.076856
33 42 41 0.355741 0.584379 0.059880 327.770949 254.530415
33 42 41 0.554910 0.316296 0.128794 323.301428 250.297676
33 42 41 0.306138 0.049996 0.643866 303.744055 258.756118
33 42 41 0.352221 0.076243 0.571536 304.120083 254.369450
33 42 41 0.527239 0.235476 0.237285 319.385244 252.850820
33 42 41 0.930706 0.003985 0.065308 323.286479 231.783401
33 42 41 0.735413 0.225622 0.038965 327.076350 241.006744
33 42 41 0.173905 0.277844 0.548251 302.580676 262.509024
33 42 41 0.242358 0.358767 0.398876 313.846874 259.773477
33 42 41 0.147522 0.532857 0.319622 317.598038 261.379381
33 34 42 0.214909 0.502489 0.282602 346.350078 239.567620
33 34 42 0.946443 0.009662 0.043894 326.734373 230.982525
33 34 42 0.385884 0.241835 0.372281 337.950304 243.311557
33 34 42 0.413860 0.494870 0.091270 350.012765 231.686404
33 34 42 0.385063 0.305937 0.309000 341.853186 240.877659
33 34 42 0.137616 0.142867 0.719518 336.718961 254.868076
33 34 42 0.048936 0.120834 0.830231 334.383803 257.746728
33 34 42 0.997785 0.001856 0.000359 327.097644 229.094299
33 34 42 0.853711 0.102149 0.044140 328.037806 235.224434
33 34 42 0.133560 0.064609 0.801831 333.420720 261.287269
34 43 42 0.371339 0.119006 0.509654 346.563715 256.475736
34 43 42 0.884585 0.094010 0.021405 364.210094 234.757396
34 43 42 0.605553 0.021976 0.372471 354.120653 244.175628
34 43 42 0.032065 0.483780 0.484155 348.974376 266.431459
34 43 42 0.462479 0.052823 0.484698 348.309736 247.123726
34 43 42 0.115769 0.460740 0.423491 352.436788 261.520376
34 43 42 0.126002 0.783033 0.090964 367.048703 259.698789
34 43 42 0.110404 0.792562 0.097033 364.393039 259.561608
34 43 42 0.322371 0.611773 0.065856 369.372014 256.375754
34 43 42 0.862124 0.036266 0.101610 361.774437 233.162658
34 35 43 0.229559 0.358153 0.412288 383.074815 243.987025
34 35 43 0.283111 0.470224 0.246665 384.907533 236.291800
34 35 43 0.451736 0.324520 0.223745 381.626257 236.185449
34 35 43 0.868652 0.013505 0.117843 370.872083 235.819890
34 35 43 0.482972 0.310234 0.206794 380.567260 235.257102
34 35 43 0.503582 0.289956 0.206462 379.832828 238.002211
34 35 43 0.102842 0.248765 0.648393 382.241001 255.137239
34 35 43 0.753031 0.117666 0.129303 370.916024 231.501383
34 35 43 0.385481 0.322202 0.292317 380.854197 240.487778
34 35 43 0.401350 0.420144 0.178507 383.537187 235.020417
35 44 43 0.257165 0.568709 0.174126 404.567248 256.152072
35 44 43 0.278795 0.251550 0.469655 390.762511 251.220460
35 44 43 0.365628 0.346355 0.288017 395.118404 251.873801
35 44 43 0.419572 0.125283 0.455144 392.066645 251.097918
35 44 43 0.771824 0.049025 0.179151 400.382739 233.876508
35 44 43 0.903360 0.076044 0.020596 407.982087 231.550423
35 44 43 0.762871 0.129592 0.107537 405.266133 235.472913
35 44 43 0.178819 0.416381 0.404801 397.651770 254.035889
35 44 43 0.288617 0.397983 0.313400 401.022431 256.223657
35 44 43 0.514114 0.000330 0.485555 390.882172 246.988500
36 37 45 0.375365 0.122918 0.501717 86.887848 293.075165
36 37 45 0.409388 0.209644 0.380967 87.105370 287.482769
36 37 45 0.233358 0.593286 0.173356 107.363799 276.487045
36 37 45 0.302148 0.577347 0.120505 100.987767 275.557888
36 37 45 0.820951 0.080121 0.098929 81.892093 276.317501
36 37 45 0.721791 0.185307 0.092903 89.444698 276.953080
36 37 45 0.779374 0.219334 0.001292 87.499029 271.771771
36 37 45 0.246210 0.365354 0.388436 90.310594 291.673047
36 37 45 0.112474 0.533053 0.354473 102.784558 285.920491
36 37 45 0.866033 0.104437 0.029530 81.750436 274.199568
37 46 45 0.822385 0.016924 0.160691 114.262676 280.285516
37 46 45 0.715030 0.114598 0.170373 110.517367 283.048406
37 46 45 0.137219 0.468877 0.393904 102.841074 311.912321
37 46 45 0.176089 0.138596 0.685315 90.822125 307.558546
37 46 45 0.999691 0.000166 0.000143 122.044765 269.922181
37 46 45 0.492356 0.296119 0.211524 113.187488 293.543269
37 46 45 0.226719 0.568369 0.204913 112.162090 307.336923
37 46 45 0.028320 0.936958 0.034723 117.873481 310.689034
37 46 45 0.771125 0.077198 0.151678 112.541563 280.431423
37 46 45 0.954598 0.018857 0.026545 120.845878 273.004727
37 38 46 0.248645 0.242453 0.508902 131.363586 293.045842
37 38 46 0.006664 0.340620 0.652716 130.591123 298.308871
37 38 46 0.334373 0.010470 0.655157 119.512606 302.900766
37 38 46 0.450048 0.523541 0.026411 141.208782 271.895048
37 38 46 0.823972 0.140674 0.035354 125.469366 268.644664
37 38 46 0.141622 0.193229 0.665149 129.699830 300.095331
37 38 46 0.236890 0.160519 0.602591 129.065692 298.496176
37 38 46 0.966722 0.029043 0.004235 120.190142 269.744261
37 38 46 0.799273 0.176805 0.023921 131.463575 272.039668
37 38 46 0.652261 0.223919 0.123821 129.085942 277.995370
38 47 46 0.847445 0.126637 0.025919 162.432790 277.355887
38 47 46 0.826208 0.068257 0.105535 156.534141 279.454206
38 47 46 0.823223 0.176565 0.000213 158.927422 280.145625
38 47 46 0.585515 0.177971 0.236514 146.623030 287.101792
38 47 46 0.478901 0.489251 0.031848 162.470787 289.166255
38 47 46 0.295889 0.214813 0.489298 144.276450 300.935640
38 47 46 0.679655 0.235124 0.085221 157.742833 286.886599
38 47 46 0.649905 0.300190 0.049905 160.043555 286.396286
38 47 46 0.982658 0.007768 0.009574 160.624068 273.292993
38 47 46 0.298962 0.175358 0.525680 137.946531 300.212406
38 39 47 0.125697 0.441697 0.432606 178.372858 291.021121
38 39 47 0.764620 0.171703 0.063677 167.218713 272.573410
38 39 47 0.342027 0.331611 0.326362 173.163563 288.874910
38 39 47 0.016188 0.795302 0.188511 194.171159 279.321682
38 39 47 0.064190 0.608526 0.327284 185.569234 289.334467
38 39 47 0.702849 0.150222 0.146929 164.816313 277.254582
38 39 47 0.375383 0.070627 0.553990 163.801572 291.258169
38 39 47 0.382995 0.234658 0.382347 170.755333 285.255383
38 39 47 0.956671 0.012117 0.031212 157.233707 270.843254
38 39 47 0.959766 0.037273 0.002961 162.471647 272.205699
39 48 47 0.749484 0.062242 0.188273 198.992759 280.835755
39 48 47 0.394754 0.594912 0.010334 202.278424 297.035435
39 48 47 0.009221 0.944686 0.046093 201.459313 311.065377
39 48 47 0.725783 0.057634 0.216583 196.041848 280.971264
39 48 47 0.136821 0.667895 0.195284 192.628332 307.094532
39 48 47 0.046388 0.546842 0.406770 181.227910 312.386361
39 48 47 0.941349 0.007782 0.050869 205.213407 277.755502
39 48 47 0.728592 0.161682 0.109727 200.764340 284.278797
39 48 47 0.141436 0.685048 0.173517 195.212865 304.366867
39 48 47 0.463668 0.489662 0.046671 204.296521 288.958523
39 40 48 0.042658 0.655240 0.302102 227.337805 289.071058
39 40 48 0.561278 0.327609 0.111113 215.271121 272.212650
39 40 48 0.182598 0.314105 0.503297 214.366595 292.969842
39 40 48 0.781398 0.005890 0.212712 204.647123 281.106649
39 40 48 0.925917 0.019353 0.054730 200.051091 275.119926
39 40 48 0.834945 0.105053 0.060002 205.604468 274.314248
39 40 48 0.262563 0.580534 0.156904 228.948710 282.099102
39 40 48 0.727659 0.205444 0.066897 212.856485 275.256145
39 40 48 0.487696 0.175508 0.336796 211.281255 284.970309
39 40 48 0.995415 0.001683 0.002902 200.029004 270.019033
40 49 48 0.567537 0.347211 0.085252 242.232387 291.701773
40 49 48 0.319684 0.395239 0.285077 229.965426 298.576945
40 49 48 0.571334 0.013452 0.415214 229.280612 288.618918
40 49 48 0.642872 0.232558 0.124570 234.731737 284.786167
40 49 48 0.949161 0.049326 0.001513 243.480383 270.881797
40 49 48 0.205834 0.068231 0.725935 214.678755 304.770337
40 49 48 0.329589 0.237989 0.432422 226.294447 300.077548
40 49 48 0.444078 0.416927 0.138995 237.301374 293.983885
40 49 48 0.157811 0.131159 0.711030 215.808279 306.252301
40 49 48 0.133249 0.369022 0.497729 219.242491 304.274251
40 41 49 0.484433 0.038200 0.477368 242.533752 291.589669
40 41 49 0.524542 0.468054 0.007404 265.037319 271.507406
40 41 49 0.937555 0.019846 0.042599 243.117594 273.686616
40 41 49 0.563662 0.405591 0.030747 258.089287 272.964313
40 41 49 0.272499 0.695141 0.032360 274.248080 269.462637
40 41 49 0.686245 0.186600 0.127155 250.624127 274.616165
40 41 49 0.456543 0.125788 0.417669 249.557786 286.158384
40 41 49 0.875814 0.087266 0.036921 249.035301 271.490246
40 41 49 0.227519 0.057962 0.714519 245.203352 299.511369
40 41 49 0.559645 0.323836 0.116519 256.666204 273.352395
41 50 49 0.009390 0.532403 0.458207 267.591469 307.760092
41 50 49 0.105962 0.232724 0.661314 262.603537 306.690881
41 50 49 0.127199 0.456147 0.416654 268.900675 304.888526
41 50 49 0.634900 0.142155 0.222945 276.421114 285.917522
41 50 49 0.065266 0.886554 0.048180 282.663507 308.414759
41 50 49 0.318455 0.606569 0.074976 284.907703 298.534128
41 50 49 0.901274 0.054289 0.044437 285.416310 272.062953
41 50 49 0.396855 0.139834 0.463311 266.236379 293.463809
41 50 49 0.324428 0.170673 0.504899 267.139145 299.031486
41 50 49 0.001084 0.035072 0.963844 240.421037 310.381163
41 42 50 0.580434 0.276875 0.142691 295.810239 275.422971
41 42 50 0.813471 0.144179 0.042350 293.064212 273.347155
41 42 50 0.520062 0.441349 0.038588 303.045483 270.257847
41 42 50 0.813425 0.024584 0.161991 285.875393 275.605639
41 42 50 0.851000 0.036682 0.112318 290.855945 272.394826
41 42 50 0.774928 0.210236 0.014836 295.102648 271.638186
41 42 50 0.520515 0.303010 0.176475 302.332527 274.787130
41 42 50 0.166630 0.292502 0.540868 302.265314 295.021775
41 42 50 0.089719 0.227747 0.682534 302.022973 297.994145
41 42 50 0.063174 0.354524 0.582302 300.463694 294.525330
42 51 50 0.109620 0.595330 0.295051 315.922744 307.728484
42 51 50 0.273329 0.718886 0.007785 328.783115 299.902899
42 51 50 0.513014 0.295860 0.191126 322.817497 288.410373
42 51 50 0.180112 0.596361 0.223526 325.133267 304.801621
42 51 50 0.407415 0.306807 0.285777 317.710379 292.081842
42 51 50 0.656525 0.189869 0.153606 322.428062 283.378802
42 51 50 0.475951 0.029351 0.494697 308.609228 290.359506
42 51 50 0.190816 0.554423 0.254762 321.223081 303.010840
42 51 50 0.548646 0.163248 0.288107 320.356005 288.848696
42 51 50 0.136129 0.769827 0.094044 326.316101 306.448283
42 43 51 0.781827 0.208222 0.009951 338.665305 270.251247
42 43 51 0.132432 0.694924 0.172644 361.871666 272.076343
42 43 51 0.104458 0.577645 0.317898 354.856550 281.583817
42 43 51 0.965920 0.024425 0.009655 327.974552 267.809421
42 43 51 0.926308 0.003269 0.070424 331.391557 273.106499
42 43 51 0.798527 0.198953 0.002520 336.569940 267.175743
42 43 51 0.562138 0.247325 0.190537 341.331886 278.146896
42 43 51 0.852978 0.065426 0.081595 334.426697 274.080358
42 43 51 0.152409 0.310796 0.536796 344.419870 288.102481
42 43 51 0.711181 0.084527 0.204291 330.278540 274.763074
43 52 51 0.844406 0.103095 0.052499 372.114164 272.039235
43 52 51 0.919824 0.018207 0.061970 367.768371 271.753606
43 52 51 0.223986 0.319615 0.456399 351.726031 303.085379
43 52 51 0.187246 0.609209 0.203545 364.382477 300.848131
43 52 51 0.976864 0.003711 0.019425 370.866585 268.441318
43 52 51 0.144709 0.386993 0.468299 354.842016 306.427752
43 52 51 0.730961 0.054022 0.215017 361.965252 274.771084
43 52 51 0.580647 0.118835 0.300517 362.632361 285.133370
43 52 51 0.165956 0.755690 0.078354 368.330995 303.827697
43 52 51 0.413589 0.032692 0.553719 346.029673 292.532306
43 44 52 0.029401 0.589356 0.381243 397.129569 281.081761
43 44 52 0.532178 0.033351 0.434471 374.590130 283.738703
43 44 52 0.405213 0.251774 0.343014 381.431797 281.896456
43 44 52 0.373875 0.398607 0.227518 388.955459 276.392670
43 44 52 0.258615 0.076982 0.664403 379.172122 295.222192
43 44 52 0.249343 0.451449 0.299208 389.994828 280.574699
43 44 52 0.627209 0.107781 0.265010 378.456681 275.638849
43 44 52 0.134008 0.569034 0.296959 396.540272 280.936953
43 44 52 0.242334 0.161447 0.596219 378.412718 291.440013
43 44 52 0.067458 0.099629 0.832913 379.698798 304.778373
44 53 52 0.121348 0.278699 0.599953 387.788156 308.920538
44 53 52 0.782964 0.139919 0.077116 410.305020 276.803091
44 53 52 0.010928 0.027829 0.961243 374.909797 310.487876
44 53 52 0.071134 0.479185 0.449681 397.129098 310.267147
44 53 52 0.613758 0.190133 0.196109 406.496159 285.304970
44 53 52 0.031910 0.848687 0.119404 409.536915 312.229792
44 53 52 0.939606 0.038902 0.021492 412.850063 266.587504
44 53 52 0.599149 0.198585 0.202266 409.429066 284.672344
44 53 52 0.938538 0.052073 0.009389 415.948959 268.388346
44 53 52 0.455446 0.303090 0.241464 405.409228 289.403535
45 46 54 0.367739 0.146457 0.485804 84.804960 333.632051
45 46 54 0.991911 0.006143 0.001946 77.779725 314.005650
45 46 54 0.901615 0.062234 0.036150 80.024224 315.607971
45 46 54 0.612054 0.057777 0.330169 82.913999 327.866600
45 46 54 0.830077 0.036368 0.133555 80.392876 321.014848
45 46 54 0.710059 0.168554 0.121387 88.660143 318.337911
45 46 54 0.401776 0.029611 0.568613 80.995139 337.914642
45 46 54 0.007272 0.949202 0.043526 118.693024 316.536924
45 46 54 0.365626 0.610786 0.023588 106.335231 316.049838
45 46 54 0.114096 0.306400 0.579504 92.465678 338.139165
46 55 54 0.960968 0.013379 0.025653 119.230672 316.425290
46 55 54 0.487668 0.354810 0.157522 113.129126 333.762401
46 55 54 0.291959 0.588463 0.119578 113.828305 342.195123
46 55 54 0.207261 0.607242 0.185497 113.766307 350.559557
46 55 54 0.247606 0.163258 0.589136 95.912829 345.606451
46 55 54 0.608706 0.344962 0.046332 114.778725 330.802950
46 55 54 0.010358 0.825488 0.164153 111.906111 353.478917
46 55 54 0.039256 0.178147 0.782597 85.136259 350.145386
46 55 54 0.191484 0.058387 0.750128 88.206911 347.544915
46 55 54 0.370037 0.294796 0.335167 105.738021 336.868017
46 47 55 0.133941 0.133729 0.732330 124.910320 346.105978
46 47 55 0.921082 0.037989 0.040929 121.866717 312.265625
46 47 55 0.271644 0.279186 0.449170 132.165592 329.013838
46 47 55 0.665249 0.103717 0.231034 123.698381 323.111378
46 47 55 0.953388 0.024671 0.021941 120.715377 316.147911
46 47 55 0.826887 0.168945 0.004167 125.541892 316.185569
46 47 55 0.433329 0.418887 0.147784 136.374661 320.701298
46 47 55 0.226910 0.171187 0.601903 132.812737 338.336955
46 47 55 0.064872 0.733599 0.201529 151.508528 320.520781
46 47 55 0.555146 0.139704 0.305150 124.042481 329.150589
47 56 55 0.378892 0.338604 0.282504 154.178212 340.291216
47 56 55 0.366843 0.402303 0.230854 156.308371 337.726474
47 56 55 0.386857 0.279797 0.333346 152.916872 339.593885
47 56 55 0.528389 0.408998 0.062613 162.738689 329.734179
47 56 55 0.773473 0.024151 0.202376 152.129389 320.614476
47 56 55 0.341762 0.094820 0.563419 140.263880 339.422931
47 56 55 0.607698 0.093737 0.298565 151.155659 329.988414
47 56 55 0.989570 0.010038 0.000392 159.454836 311.076863
47 56 55 0.362698 0.443649 0.193653 155.290433 339.205318
47 56 55 0.028737 0.890934 0.080329 160.843481 355.623992
47 48 56 0.874408 0.114494 0.011098 167.188723 311.525488
47 48 56 0.405657 0.011109 0.583235 163.871198 338.750081
47 48 56 0.039261 0.244776 0.715963 174.081748 346.508301
47 48 56 0.997827 0.001844 0.000329 162.651717 314.522512
47 48 56 0.518733 0.172892 0.308375 170.267639 322.072855
47 48 56 0.251031 0.185220 0.563749 171.499582 338.136538
47 48 56 0.261855 0.636035 0.102111 186.799727 316.834914
47 48 56 0.486914 0.050998 0.462088 164.048432 333.002679
47 48 56 0.826087 0.112369 0.061544 163.779444 315.704621
47 48 56 0.457433 0.451230 0.091337 178.106920 312.517700
48 57 56 0.802238 0.076923 0.120839 194.500850 320.197837
48 57 56 0.306141 0.556951 0.136907 201.186024 340.968710
48 57 56 0.683736 0.316126 0.000139 202.399484 326.523453
48 57 56 0.884570 0.024589 0.090840 199.671172 315.498956
48 57 56 0.014793 0.921947 0.063260 202.887325 353.473557
48 57 56 0.306575 0.572141 0.121284 198.004556 342.924696
48 57 56 0.262063 0.622966 0.114971 196.527865 342.894924
48 57 56 0.658496 0.021169 0.320335 189.559959 327.037649
48 57 56 0.103155 0.892351 0.004494 207.142691 349.103757
48 57 56 0.317148 0.345933 0.336919 187.342052 342.596488
48 49 57 0.022678 0.135258 0.842064 212.993360 344.555460
48 49 57 0.423304 0.311799 0.264897 213.966344 324.329196
48 49 57 0.518305 0.320733 0.160962 213.239842 317.784521
48 49 57 0.338029 0.276742 0.385228 214.511202 330.378408
48 49 57 0.683583 0.052616 0.263801 205.771006 323.638230
48 49 57 0.541862 0.030858 0.427280 203.033595 332.290644
48 49 57 0.043334 0.486363 0.470303 226.916332 330.119017
48 49 57 0.190321 0.663268 0.146411 224.968887 318.047051
48 49 57 0.997743 0.000370 0.001887 205.644960 316.484708
48 49 57 0.923007 0.005940 0.071053 200.064275 317.837188
49 58 57 0.579839 0.144946 0.275215 232.862782 328.465722
49 58 57 0.534995 0.280066 0.184939 235.995576 332.480259
49 58 57 0.400613 0.019165 0.580222 219.727320 336.870158
49 58 57 0.477516 0.424786 0.097698 240.064483 335.281006
49 58 57 0.635665 0.244948 0.119386 237.362837 324.784152
49 58 57 0.035287 0.530622 0.434092 227.223204 351.032830
49 58 57 0.063283 0.849560 0.087157 239.734712 348.710257
49 58 57 0.221602 0.383418 0.394980 230.276703 343.015978
49 58 57 0.165849 0.264682 0.569470 217.727390 349.264411
49 58 57 0.271288 0.385576 0.343136 231.385953 342.901654
49 50 58 0.145688 0.750223 0.104089 280.392105 315.629570
49 50 58 0.292393 0.665483 0.042124 273.680821 315.297150
49 50 58 0.750923 0.111760 0.137317 251.258181 321.322132
49 50 58 0.186127 0.806598 0.007275 279.828478 312.190325
49 50 58 0.792790 0.165555 0.041655 249.647534 311.842185
49 50 58 0.451584 0.132091 0.416325 249.460650 329.252056
49 50 58 0.191750 0.398616 0.409634 261.999402 326.861859
49 50 58 0.644851 0.190518 0.164631 248.379812 318.466779
49 50 58 0.664869 0.069762 0.265369 247.937382 321.427505
49 50 58 0.939057 0.034600 0.026343 246.246174 309.710291
50 59 58 0.618827 0.129845 0.251328 277.798421 326.495114
50 59 58 0.051579 0.113961 0.834460 251.602117 351.621121
50 59 58 0.965842 0.019010 0.015149 288.106228 315.275808
50 59 58 0.227614 0.657578 0.114808 284.146130 342.241229
50 59 58 0.137269 0.762928 0.099803 281.682823 343.917147
50 59 58 0.761776 0.160899 0.077325 284.988782 323.050083
50 59 58 0.944171 0.015831 0.039998 287.502217 312.043659
50 59 58 0.283623 0.254778 0.461600 269.185762 342.180066
50 59 58 0.218025 0.607747 0.174228 277.728678 342.251945
50 59 58 0.574315 0.127910 0.297775 275.039529 327.452043
50 51 59 0.851049 0.000331 0.148620 289.115306 321.405978
50 51 59 0.006966 0.777212 0.215822 320.820990 319.882625
50 51 59 0.469310 0.411755 0.118936 309.513419 317.738323
50 51 59 0.914349 0.029719 0.055932 291.388048 312.008114
50 51 59 0.663998 0.168688 0.167314 294.768881 318.391004
50 51 59 0.847539 0.112873 0.039588 293.331152 312.608026
50 51 59 0.780496 0.213116 0.006389 297.342692 313.023573
50 51 59 0.298736 0.659306 0.041958 313.952549 313.795010
50 51 59 0.943762 0.028873 0.027364 287.095427 310.196270
50 51 59 0.014995 0.510980 0.474025 309.948449 329.583529
51 60 59 0.559618 0.063058 0.377324 313.470741 333.393628
51 60 59 0.639861 0.174094 0.186045 319.760368 328.022585
51 60 59 0.375945 0.496056 0.127999 321.525665 339.217676
51 60 59 0.761083 0.178007 0.060910 326.967304 321.161497
51 60 59 0.969564 0.020454 0.009983 326.808002 314.683737
51 60 59 0.239067 0.229174 0.531759 303.303348 340.704843
51 60 59 0.777074 0.061078 0.161848 323.868161 316.956862
51 60 59 0.129901 0.552505 0.317594 315.467105 346.854015
51 60 59 0.953851 0.002011 0.044138 330.236208 311.876703
51 60 59 0.130309 0.514908 0.354782 313.249460 349.620216
51 52 60 0.703516 0.239692 0.056792 339.596850 316.557483
51 52 60 0.683439 0.254746 0.061815 341.691075 312.282677
51 52 60 0.625001 0.106656 0.268343 334.356498 325.843854
51 52 60 0.409106 0.016910 0.573985 329.380057 336.723242
51 52 60 0.685411 0.115693 0.198896 334.679730 319.453738
51 52 60 0.501829 0.389399 0.108772 345.223435 316.123087
51 52 60 0.902519 0.071443 0.026039 337.959696 313.305811
51 52 60 0.759244 0.011060 0.229696 332.825977 319.255131
51 52 60 0.203003 0.123524 0.673473 337.650861 338.263957
51 52 60 0.110116 0.119802 0.770082 333.410443 342.102154
52 61 60 0.149818 0.315422 0.534761 346.951126 343.487420
52 61 60 0.245568 0.584856 0.169576 364.599275 340.910734
52 61 60 0.709679 0.092757 0.197565 364.647375 321.538328
52 61 60 0.028337 0.138846 0.832817 334.362608 350.990821
52 61 60 0.601243 0.158700 0.240057 364.223276 328.077376
52 61 60 0.322497 0.149600 0.527903 345.541343 337.375741
52 61 60 0.539358 0.395095 0.065547 366.447912 331.055831
52 61 60 0.128906 0.192744 0.678350 342.109485 349.066485
52 61 60 0.294954 0.687292 0.017754 368.433713 339.600713
52 61 60 0.259567 0.345181 0.395252 356.026190 342.915895
52 53 61 0.834282 0.152626 0.013092 377.712735 313.000072
52 53 61 0.498150 0.012279 0.489570 373.275641 329.701834
52 53 61 0.631895 0.195430 0.172676 382.086232 318.813552
52 53 61 0.724954 0.176131 0.098915 379.815534 317.585726
52 53 61 0.240805 0.436163 0.323031 392.999664 321.521199
52 53 61 0.643323 0.118802 0.237875 378.616848 321.801639
52 53 61 0.789322 0.204274 0.006404 386.224520 311.978868
52 53 61 0.245870 0.226351 0.527779 382.901363 331.731858
52 53 61 0.227566 0.366749 0.405685 389.260511 328.581640
52 53 61 0.877738 0.007490 0.114772 373.267276 316.869071
53 62 61 0.289290 0.224842 0.485868 393.510362 339.903874
53 62 61 0.571669 0.294009 0.134321 412.854348 329.681974
53 62 61 0.828640 0.035018 0.136342 414.305241 313.180336
53 62 61 0.627503 0.146280 0.226217 407.824439 327.452470
53 62 61 0.556621 0.234742 0.208637 408.937889 328.547711
53 62 61 0.579177 0.167618 0.253204 402.733394 329.541600
53 62 61 0.638281 0.136390 0.225329 408.775628 329.852350
53 62 61 0.574053 0.349047 0.076899 413.990984 328.021245
53 62 61 0.214015 0.219580 0.566406 389.195203 345.451991
53 62 61 0.412927 0.532802 0.054270 414.706130 331.390461
54 55 63 0.595085 0.326637 0.078279 93.531583 357.241035
54 55 63 0.368839 0.079980 0.551180 88.766472 376.666442
54 55 63 0.401867 0.566901 0.031232 101.605963 352.960658
54 55 63 0.879669 0.059925 0.060405 84.949138 356.175824
54 55 63 0.697364 0.234921 0.067715 86.129761 358.342674
54 55 63 0.297811 0.048121 0.654067 89.207861 381.724229
54 55 63 0.517584 0.452382 0.030034 102.120957 357.016623
54 55 63 0.015503 0.955342 0.029156 114.568437 357.996828
54 55 63 0.634118 0.344750 0.021131 93.982553 352.457437
54 55 63 0.241507 0.461795 0.296698 104.839216 364.603273
55 64 63 0.330409 0.306684 0.362907 106.892081 375.223898
55 64 63 0.535455 0.426010 0.038535 122.816047 375.759618
55 64 63 0.268186 0.246394 0.485420 106.225170 381.076017
55 64 63 0.225968 0.688897 0.085135 119.826403 379.678184
55 64 63 0.913872 0.067132 0.018996 118.700373 356.327058
55 64 63 0.029499 0.454027 0.516474 106.184598 389.316171
55 64 63 0.614722 0.294599 0.090680 119.117861 373.112682
55 64 63 0.159914 0.057192 0.782894 94.980316 382.502215
55 64 63 0.425168 0.503369 0.071463 121.771389 377.805953
55 64 63 0.062345 0.568221 0.369433 111.321666 390.993895
55 56 64 0.017585 0.634507 0.347907 150.880456 367.041724
55 56 64 0.412282 0.548641 0.039077 145.019245 356.468852
55 56 64 0.929700 0.020737 0.049563 124.687901 357.598677
55 56 64 0.432534 0.447630 0.119836 137.729323 361.617136
55 56 64 0.179085 0.177841 0.643074 135.248185 379.893961
55 56 64 0.130871 0.371925 0.497204 144.634644 375.199557
55 56 64 0.945564 0.017916 0.036520 122.273506 354.055636
55 56 64 0.583989 0.002556 0.413455 125.410297 369.727380
55 56 64 0.146519 0.363180 0.490300 138.516486 372.215933
55 56 64 0.027423 0.043048 0.929529 125.018899 385.746588
56 65 64 0.943933 0.053279 0.002788 163.774133 357.119557
56 65 64 0.099990 0.891137 0.008872 161.936896 388.783550
56 65 64 0.951437 0.017577 0.030986 162.015455 358.715766
56 65 64 0.048930 0.481836 0.469234 149.913946 386.908847
56 65 64 0.505180 0.016395 0.478425 146.818447 373.191924
56 65 64 0.182894 0.231122 0.585983 144.224934 382.756008
56 65 64 0.069020 0.553610 0.377370 150.875994 386.873223
56 65 64 0.338037 0.611910 0.050053 161.792896 378.409476
56 65 64 0.758291 0.051481 0.190228 155.901554 362.389251
56 65 64 0.727019 0.116105 0.156876 158.893046 363.902996
56 57 65 0.160822 0.139759 0.699420 172.354077 375.740919
56 57 65 0.134671 0.091103 0.774225 167.119985 381.066776
56 57 65 0.588156 0.215660 0.196184 174.372966 363.801835
56 57 65 0.346097 0.025542 0.628361 167.946037 378.697502
56 57 65 0.730173 0.060227 0.209600 169.310544 364.320802
56 57 65 0.906195 0.045314 0.048491 168.632704 353.881825
56 57 65 0.721936 0.048457 0.229607 168.499893 361.965472
56 57 65 0.239935 0.222615 0.537450 170.656698 375.908553
56 57 65 0.646771 0.172844 0.180385 173.644530 361.654808
56 57 65 0.009794 0.885954 0.104252 198.319345 359.424116
57 66 65 0.182317 0.602258 0.215426 197.353921 382.047074
57 66 65 0.238272 0.474867 0.286861 197.290182 381.894436
57 66 65 0.861335 0.060404 0.078262 204.159585 360.651683
57 66 65 0.671281 0.075921 0.252798 192.286641 365.930169
57 66 65 0.431265 0.103889 0.464846 191.569941 372.489322
57 66 65 0.747695 0.066911 0.185394 199.238163 361.696611
57 66 65 0.863956 0.041390 0.094654 202.447996 358.730240
57 66 65 0.210470 0.056488 0.733042 175.185419 381.213165
57 66 65 0.483047 0.269205 0.247749 195.105090 367.668040
57 66 65 0.429373 0.250214 0.320414 194.586749 375.717233
57 58 66 0.128594 0.016915 0.854491 206.000058 386.450852
57 58 66 0.274630 0.640407 0.084963 231.745100 355.070406
57 58 66 0.288206 0.278198 0.433596 218.765368 372.085568
57 58 66 0.181384 0.587622 0.230995 229.619649 359.170318
57 58 66 0.603170 0.161787 0.235043 214.651760 363.894587
57 58 66 0.885804 0.074992 0.039205 209.658824 355.529075
57 58 66 0.786481 0.044977 0.168542 207.937160 359.454953
57 58 66 0.204159 0.196117 0.599724 213.305438 375.838490
57 58 66 0.119553 0.740847 0.139600 234.123573 355.672864
57 58 66 0.741975 0.090025 0.168000 207.520840 359.498555
58 67 66 0.409460 0.112693 0.477847 230.343196 373.803779
58 67 66 0.421271 0.232148 0.346581 234.358742 376.066866
58 67 66 0.085020 0.531248 0.383732 234.719708 385.149817
58 67 66 0.744497 0.007203 0.248300 236.069393 363.817907
58 67 66 0.043042 0.152786 0.804173 214.674351 387.872925
58 67 66 0.341720 0.058066 0.600213 221.574014 373.570750
58 67 66 0.953570 0.034478 0.011952 247.566950 354.683385
58 67 66 0.560527 0.420004 0.019469 245.581874 367.607753
58 67 66 0.982186 0.003138 0.014676 241.687727 352.711855
58 67 66 0.027582 0.283556 0.688862 222.878621 387.080061
58 59 67 0.530292 0.313029 0.156680 261.974405 358.562867
58 59 67 0.063230 0.557424 0.379347 270.635212 365.434380
58 59 67 0.352360 0.433171 0.214469 265.845942 362.786670
58 59 67 0.160600 0.231222 0.608178 257.224104 375.923872
58 59 67 0.542226 0.365070 0.092705 260.246968 357.949743
58 59 67 0.620321 0.081398 0.298281 247.731023 365.621547
58 59 67 0.196263 0.124387 0.679350 252.137561 378.264728
58 59 67 0.046643 0.776220 0.177137 277.467905 360.366725
58 59 67 0.085926 0.816667 0.097407 281.306258 360.318382
58 59 67 0.101844 0.421365 0.476790 261.949413 370.842026
59 68 67 0.666609 0.043116 0.290276 275.371607 365.934757
59 68 67 0.248340 0.216170 0.535490 267.093543 381.007802
59 68 67 0.030562 0.123690 0.845748 256.754076 389.849588
59 68 67 0.807019 0.010717 0.182264 278.124680 361.718531
59 68 67 0.179828 0.730545 0.089626 283.352170 384.892925
59 68 67 0.087340 0.195586 0.717074 259.086822 383.321443
59 68 67 0.517239 0.246815 0.235946 279.704015 371.602871
59 68 67 0.730484 0.189149 0.080368 283.754959 363.690518
59 68 67 0.368794 0.240326 0.390880 274.358347 374.573034
59 68 67 0.746157 0.127719 0.126123 284.326617 359.652916
59 60 68 0.778324 0.127517 0.094159 295.507415 352.971958
59 60 68 0.196821 0.086768 0.716410 287.570455 375.607828
59 60 68 0.820704 0.175029 0.004267 291.370801 351.276019
59 60 68 0.438370 0.163574 0.398055 294.382954 369.489497
59 60 68 0.133381 0.199271 0.667349 296.270730 375.488829
59 60 68 0.090468 0.584127 0.325405 314.579021 365.359456
59 60 68 0.664596 0.221123 0.114281 294.707162 357.409443
59 60 68 0.182116 0.559501 0.258383 310.398416 363.699053
59 60 68 0.287710 0.381833 0.330457 301.381262 364.396677
59 60 68 0.125076 0.498683 0.376241 305.114130 366.373838
60 69 68 0.150447 0.154947 0.694606 300.849844 384.285099
60 69 68 0.118900 0.380622 0.500479 305.907862 384.882501
60 69 68 0.260285 0.153478 0.586237 306.446573 380.898119
60 69 68 0.476149 0.308744 0.215107 318.597844 375.356502
60 69 68 0.739561 0.220785 0.039653 330.344221 363.005925
60 69 68 0.249018 0.516150 0.234832 315.321061 378.371928
60 69 68 0.437708 0.472743 0.089549 324.358326 375.654646
60 69 68 0.862804 0.054089 0.083106 326.967340 360.173680
60 69 68 0.418549 0.143876 0.437575 310.252082 373.103421
60 69 68 0.361554 0.045213 0.593233 303.443653 376.360871
60 61 69 0.858805 0.036810 0.104385 331.789470 359.027068
60 61 69 0.145384 0.757465 0.097151 359.283578 358.073399
60 61 69 0.942950 0.030796 0.026254 332.136817 352.194884
60 61 69 0.627238 0.018289 0.354473 329.627567 364.175631
60 61 69 0.063742 0.043827 0.892431 328.567361 385.459005
60 61 69 0.530757 0.426501 0.042741 342.202711 351.083958
60 61 69 0.803799 0.025010 0.171191 329.338486 355.643853
60 61 69 0.209869 0.660751 0.129380 356.647508 358.010075
60 61 69 0.905508 0.028370 0.066122 329.721056 356.971412
60 61 69 0.935074 0.051760 0.013166 333.442656 353.225395
61 70 69 0.266131 0.303632 0.430237 351.414588 376.469389
61 70 69 0.551039 0.213063 0.235897 360.123546 366.399707
61 70 69 0.558536 0.316444 0.125020 365.022917 370.557000
61 70 69 0.158530 0.610277 0.231193 354.625374 382.525724
61 70 69 0.394506 0.146439 0.459055 350.240522 375.524597
61 70 69 0.161803 0.143033 0.695164 336.741140 383.620169
61 70 69 0.959614 0.038079 0.002308 376.204094 356.444413
61 70 69 0.515743 0.168731 0.315526 354.956392 372.331269
61 70 69 0.754023 0.234617 0.011360 370.903142 362.854500
61 70 69 0.472227 0.131334 0.396439 352.620266 369.372774
61 62 70 0.373646 0.522732 0.103622 393.460150 357.604866
61 62 70 0.385370 0.145977 0.468653 376.537535 367.923255
61 62 70 0.370685 0.394235 0.235080 388.869203 363.325651
61 62 70 0.672496 0.010075 0.317429 373.742014 363.017984
61 62 70 0.175955 0.147773 0.676273 370.101920 375.802554
61 62 70 0.065606 0.849590 0.084804 408.246053 354.463844
61 62 70 0.369500 0.594438 0.036062 400.749153 352.146785
61 62 70 0.480648 0.313857 0.205495 381.911917 355.821694
61 62 70 0.042340 0.243836 0.713824 379.935747 378.087479
61 62 70 0.831480 0.044686 0.123834 373.225969 354.019173
62 71 70 0.582048 0.224292 0.193660 406.119574 364.681619
62 71 70 0.861941 0.015313 0.122745 409.020172 354.611076
62 71 70 0.744548 0.111816 0.143636 406.613167 359.111638
62 71 70 0.183730 0.225800 0.590470 386.924338 381.430541
62 71 70 0.082182 0.051874 0.865944 375.380519 382.382907
62 71 70 0.675210 0.004929 0.319862 401.178567 358.715689
62 71 70 0.004460 0.986314 0.009226 411.175647 386.532276
62 71 70 0.891192 0.062563 0.046245 411.391627 357.906395
62 71 70 0.457994 0.086340 0.455666 395.094237 369.749371
62 71 70 0.974466 0.017257 0.008278 417.364275 353.086243
63 64 72 0.207435 0.423721 0.368843 105.545718 398.837625
63 64 72 0.581048 0.210942 0.208011 99.144568 397.504600
63 64 72 0.828814 0.095376 0.075810 93.775860 395.682651
63 64 72 0.998776 0.000398 0.000827 88.289488 389.679463
63 64 72 0.818962 0.090420 0.090617 91.766221 393.907815
63 64 72 0.597335 0.167942 0.234723 94.483610 398.036206
63 64 72 0.636983 0.121474 0.241543 93.199912 398.995396
63 64 72 0.862812 0.097985 0.039202 91.124587 392.728841
63 64 72 0.936947 0.011356 0.051697 89.588633 391.665106
63 64 72 0.378603 0.185325 0.436072 97.198693 400.384120
64 73 72 0.366162 0.600025 0.033813 131.179942 409.959839
64 73 72 0.660178 0.282201 0.057621 128.208114 395.670143
64 73 72 0.842231 0.115908 0.041861 126.817582 394.345840
64 73 72 0.726703 0.248137 0.025160 124.839706 394.969260
64 73 72 0.534220 0.085311 0.380469 112.691088 402.556193
64 73 72 0.702617 0.189066 0.108317 124.398341 397.799410
64 73 72 0.923319 0.007994 0.068687 124.037320 390.927408
64 73 72 0.472746 0.283870 0.243383 121.413409 404.291095
64 73 72 0.155255 0.316212 0.528533 112.691960 413.242273
64 73 72 0.272321 0.474321 0.253358 116.457163 407.617398
64 65 73 0.617032 0.191597 0.191371 137.543351 393.466028
64 65 73 0.832023 0.034858 0.133119 130.667370 395.559276
64 65 73 0.591886 0.387117 0.020997 143.542742 390.037136
64 65 73 0.831775 0.063945 0.104280 127.353950 392.736151
64 65 73 0.814472 0.104863 0.080666 132.869628 391.961245
64 65 73 0.727436 0.021434 0.251131 127.289798 398.468813
64 65 73 0.555445 0.022866 0.421689 131.929707 404.385986
64 65 73 0.057218 0.175111 0.767671 140.259607 410.070327
64 65 73 0.418120 0.044015 0.537865 136.432404 402.810238
64 65 73 0.478113 0.266544 0.255343 142.068291 399.942770
65 74 73 0.333521 0.330023 0.336456 157.348394 406.143500
65 74 73 0.677904 0.201378 0.120719 161.859152 397.623428
65 74 73 0.299707 0.422398 0.277895 162.913150 407.779619
65 74 73 0.337989 0.339624 0.322387 156.151338 409.127670
65 74 73 0.879412 0.059759 0.060829 163.486182 389.944978
65 74 73 0.142343 0.181618 0.676039 144.501765 409.141969
65 74 73 0.862601 0.040521 0.096878 162.708514 392.035908
65 74 73 0.385463 0.305967 0.308570 156.764373 407.796855
65 74 73 0.620041 0.083644 0.296315 158.007730 402.041344
65 74 73 0.147890 0.676149 0.175962 165.407037 412.472077
65 66 74 0.670835 0.147857 0.181307 170.047401 396.204089
65 66 74 0.935878 0.063539 0.000584 171.130434 389.546598
65 66 74 0.718793 0.061149 0.220059 166.290865 396.899997
65 66 74 0.818227 0.103378 0.078395 173.388495 393.301163
65 66 74 0.297658 0.310131 0.392210 181.467584 401.504019
65 66 74 0.483654 0.441412 0.074934 183.418086 391.427887
65 66 74 0.739337 0.032291 0.228372 169.507838 396.292404
65 66 74 0.157331 0.074641 0.768028 171.070625 410.153864
65 66 74 0.333823 0.017657 0.648520 172.677203 407.556198
65 66 74 0.663657 0.292972 0.043371 177.734756 393.768269
66 75 74 0.625351 0.028852 0.345797 192.536367 399.685518
66 75 74 0.634177 0.285840 0.079984 204.682656 399.828964
66 75 74 0.845287 0.115884 0.038829 208.012747 395.292764
66 75 74 0.223341 0.328536 0.448123 190.524513 411.650011
66 75 74 0.049650 0.179924 0.770426 179.898153 417.709378
66 75 74 0.564223 0.029119 0.406658 194.354558 401.602230
66 75 74 0.712393 0.101271 0.186337 198.707818 395.606974
66 75 74 0.143001 0.383775 0.473224 193.455295 412.671457
66 75 74 0.403743 0.369631 0.226626 200.166653 405.268834
66 75 74 0.552468 0.235101 0.212431 200.410501 403.362470
66 67 75 0.709022 0.266920 0.024059 217.903588 385.991994
66 67 75 0.779190 0.111926 0.108884 213.312140 395.325383
66 67 75 0.606927 0.337217 0.055856 220.640732 392.353468
66 67 75 0.276318 0.201089 0.522593 217.455122 403.727681
66 67 75 0.207954 0.529758 0.262288 227.762914 393.888005
66 67 75 0.648244 0.243333 0.108422 218.326697 392.625679
66 67 75 0.112874 0.761271 0.125855 243.233421 393.025513
66 67 75 0.162634 0.727622 0.109744 240.905473 392.665275
66 67 75 0.936389 0.008604 0.055007 207.589471 391.542608
66 67 75 0.188559 0.645900 0.165541 233.623322 394.916705
67 76 75 0.951685 0.016696 0.031619 249.741641 393.539349
67 76 75 0.891535 0.054311 0.054154 247.039397 394.503803
67 76 75 0.260229 0.149173 0.590597 225.456181 409.488729
67 76 75 0.792503 0.187296 0.020201 247.244400 390.654788
67 76 75 0.660580 0.258204 0.081216 245.648037 397.947906
67 76 75 0.412612 0.471697 0.115691 240.937299 408.252676
67 76 75 0.592882 0.052000 0.355118 234.732800 401.947405
67 76 75 0.105444 0.299838 0.594718 229.339030 413.476181
67 76 75 0.569027 0.086958 0.344015 235.150972 403.551588
67 76 75 0.688467 0.195178 0.116355 244.012803 399.052637
67 68 76 0.959155 0.017119 0.023726 250.939685 395.679498
67 68 76 0.584726 0.182553 0.232721 254.275188 394.319557
67 68 76 0.807056 0.003852 0.189092 251.459092 395.235945
67 68 76 0.476520 0.263128 0.260352 257.128615 397.578994
67 68 76 0.460072 0.321882 0.218046 261.768762 399.725546
67 68 76 0.146136 0.076057 0.777807 249.799995 414.725115
67 68 76 0.890823 0.108497 0.000680 250.836460 389.907032
67 68 76 0.092582 0.459864 0.447553 259.195719 400.823967
67 68 76 0.184395 0.408604 0.407001 264.083624 399.182872
67 68 76 0.708002 0.264894 0.027104 255.629563 392.408082
68 77 76 0.248398 0.400184 0.351419 272.170422 413.685962
68 77 76 0.663319 0.103467 0.233214 275.706245 400.927643
68 77 76 0.844085 0.154896 0.001019 282.079197 392.897871
68 77 76 0.424035 0.528874 0.047090 284.020093 405.379985
68 77 76 0.557271 0.269398 0.173331 281.498919 401.718758
68 77 76 0.193006 0.619129 0.187866 277.145576 411.556871
68 77 76 0.166621 0.194731 0.638648 260.312380 412.354422
68 77 76 0.223433 0.615350 0.161216 279.134752 413.321722
68 77 76 0.668838 0.215744 0.115418 285.112581 398.726249
68 77 76 0.342697 0.018730 0.638573 257.014343 405.669433
68 69 77 0.596708 0.245417 0.157875 295.442417 391.336655
68 69 77 0.804397 0.155643 0.039960 290.011640 390.977408
68 69 77 0.530648 0.413262 0.056090 306.466028 388.543611
68 69 77 0.656514 0.275389 0.068097 294.822895 388.138669
68 69 77 0.129256 0.443940 0.426804 305.245710 399.124388
68 69 77 0.112090 0.839298 0.048612 319.259050 391.536863
68 69 77 0.598825 0.158670 0.242504 294.801129 394.769194
68 69 77 0.913004 0.001687 0.085308 284.173272 392.993352
68 69 77 0.966195 0.014051 0.019754 287.041366 391.882132
68 69 77 0.780659 0.094370 0.124971 291.465525 391.200728
69 78 77 0.939979 0.056398 0.003624 326.096365 390.095732
69 78 77 0.218762 0.397778 0.383460 305.819599 406.929615
69 78 77 0.187376 0.470469 0.342156 311.314815 409.506141
69 78 77 0.694113 0.009517 0.296371 313.203092 396.704737
69 78 77 0.024455 0.782393 0.193152 319.771596 413.062812
69 78 77 0.747251 0.211184 0.041566 325.529325 396.807943
69 78 77 0.327977 0.117600 0.554423 303.643189 408.607269
69 78 77 0.801962 0.160435 0.037603 326.870489 397.745022
69 78 77 0.417644 0.427208 0.155148 320.673876 403.999149
69 78 77 0.406547 0.028718 0.564736 302.615163 407.117754
69 70 78 0.857655 0.005817 0.136528 324.335581 391.353119
69 70 78 0.998722 0.000034 0.001245 327.338739 386.830216
69 70 78 0.750742 0.236670 0.012588 334.787523 387.209866
69 70 78 0.172032 0.650207 0.177761 352.054043 395.918173
69 70 78 0.989110 0.006450 0.004439 329.363709 388.142723
69 70 78 0.910686 0.086941 0.002373 332.388111 390.705713
69 70 78 0.914707 0.031861 0.053431 324.667431 392.505043
69 70 78 0.982043 0.000217 0.017740 329.205142 391.070604
69 70 78 0.025287 0.524771 0.449942 346.657536 399.330956
69 70 78 0.336597 0.096944 0.566460 329.813498 402.167413
70 79 78 0.571802 0.379496 0.048702 362.952021 399.549013
70 79 78 0.022271 0.373149 0.604579 336.910131 413.598419
70 79 78 0.748543 0.198420 0.053037 358.968911 388.856688
70 79 78 0.934019 0.027041 0.038940 366.751690 391.690931
70 79 78 0.581414 0.066266 0.352321 353.584732 398.549181
70 79 78 0.401350 0.236246 0.362404 352.584114 403.075061
70 79 78 0.713700 0.161639 0.124660 364.802057 396.641093
70 79 78 0.414485 0.354916 0.230599 355.253084 402.028444
70 79 78 0.465475 0.175951 0.358575 354.390317 401.671886
70 79 78 0.589152 0.114165 0.296683 353.705628 399.311701
70 71 79 0.529917 0.189461 0.280622 375.404009 393.674099
70 71 79 0.260139 0.360231 0.379629 380.664040 396.895451
70 71 79 0.060039 0.420005 0.519956 387.302754 398.763527
70 71 79 0.440951 0.208851 0.350199 377.184873 393.020279
70 71 79 0.370697 0.196520 0.432783 371.809382 399.458813
70 71 79 0.441137 0.187674 0.371189 372.916142 399.135574
70 71 79 0.757128 0.212811 0.030062 374.779080 384.895335
70 71 79 0.066851 0.385377 0.547772 382.633699 400.911122
70 71 79 0.833377 0.166091 0.000532 374.385678 386.062605
70 71 79 0.616469 0.176879 0.206652 374.865818 389.533598
71 80 79 0.728273 0.203122 0.068605 407.200542 389.428932
71 80 79 0.537357 0.011732 0.450910 388.253686 400.967080
71 80 79 0.362222 0.389036 0.248741 393.490398 399.687050
71 80 79 0.870659 0.094611 0.034730 406.493527 392.478359
71 80 79 0.444855 0.307636 0.247509 392.355724 400.170857
71 80 79 0.591157 0.185560 0.223283 396.798613 397.968793
71 80 79 0.378490 0.572356 0.049154 401.530100 398.969008
71 80 79 0.408171 0.304397 0.287432 390.235808 397.753756
71 80 79 0.658503 0.308414 0.033083 403.365226 394.739184
71 80 79 0.125539 0.592045 0.282416 389.643567 409.237428
