0 1 9 0.839235 0.070099 0.090666 119.738201 168.360276
0 1 9 0.841214 0.044055 0.114731 116.988192 170.947601
0 1 9 0.495038 0.012331 0.492631 113.070072 175.869911
0 1 9 0.747530 0.139466 0.113004 117.439411 165.426079
0 1 9 0.683985 0.143012 0.173004 117.365255 163.559896
0 1 9 0.037463 0.024251 0.938286 105.255374 179.689065
0 1 9 0.097239 0.760573 0.142188 136.926554 166.110637
0 1 9 0.083658 0.875735 0.040608 143.617886 163.299505
0 1 9 0.235043 0.464604 0.300354 129.846538 171.532708
0 1 9 0.155771 0.392357 0.451872 125.791450 168.061331
1 10 9 0.413705 0.092636 0.493659 126.146033 175.733990
1 10 9 0.070514 0.756703 0.172783 134.478339 178.857627
1 10 9 0.038312 0.430612 0.531076 118.969963 180.121843
1 10 9 0.047656 0.531529 0.420816 127.826807 180.280386
1 10 9 0.821275 0.118558 0.060167 144.169914 164.038469
1 10 9 0.636040 0.016295 0.347665 132.940460 170.478461
1 10 9 0.275435 0.360870 0.363695 127.647131 177.110365
1 10 9 0.318902 0.046410 0.634689 123.253877 175.392011
1 10 9 0.672886 0.098747 0.228368 135.059290 170.464404
1 10 9 0.048792 0.757349 0.193859 137.655369 182.092562
1 2 10 0.387111 0.321138 0.291751 156.008049 168.011192
1 2 10 0.356143 0.409687 0.234170 158.408714 166.306271
1 2 10 0.766274 0.115804 0.117922 150.473451 168.219396
1 2 10 0.886876 0.059729 0.053395 151.226918 164.125490
1 2 10 0.254267 0.260761 0.484971 152.559564 168.763837
1 2 10 0.097532 0.747041 0.155427 171.306651 169.056120
1 2 10 0.889816 0.071697 0.038488 147.361430 159.762443
1 2 10 0.474549 0.386689 0.138762 158.099921 166.270094
1 2 10 0.562763 0.115916 0.321321 147.203246 165.307342
1 2 10 0.691306 0.100871 0.207822 151.108062 165.670139
2 11 10 0.008296 0.679810 0.311894 162.196444 175.993400
2 11 10 0.946429 0.001921 0.051650 173.844424 165.919005
2 11 10 0.365982 0.542401 0.091617 176.872407 173.405124
2 11 10 0.972077 0.009472 0.018450 181.004066 161.261999
2 11 10 0.473455 0.074396 0.452149 163.037714 169.850560
2 11 10 0.018787 0.522128 0.459085 157.464099 177.710684
2 11 10 0.622847 0.040930 0.336224 164.398606 171.485189
2 11 10 0.174892 0.586461 0.238647 172.087215 175.191244
2 11 10 0.103663 0.863473 0.032864 175.044502 172.829029
2 11 10 0.896096 0.050701 0.053203 175.976557 165.626196
2 3 11 0.532671 0.396643 0.070686 192.343617 163.870994
2 3 11 0.237002 0.716237 0.046762 204.751054 160.569610
2 3 11 0.321084 0.298102 0.380814 187.739807 166.311640
2 3 11 0.563378 0.384848 0.051774 190.905130 166.693159
2 3 11 0.083671 0.667059 0.249271 203.927828 165.416353
2 3 11 0.922442 0.074470 0.003088 182.686550 161.469047
2 3 11 0.240518 0.170589 0.588893 181.466210 170.597324
2 3 11 0.854710 0.049423 0.095867 182.355682 160.362207
2 3 11 0.232040 0.113951 0.654008 178.494489 175.875155
2 3 11 0.629951 0.264131 0.105918 189.327419 160.999884
3 12 11 0.016887 0.487495 0.495618 189.263533 177.003049
3 12 11 0.429849 0.519787 0.050363 215.062332 168.899042
3 12 11 0.895204 0.038720 0.066075 210.726564 161.766172
3 12 11 0.159217 0.777720 0.063063 212.943834 175.798186
3 12 11 0.270325 0.068420 0.661255 193.861832 169.221808
3 12 11 0.183685 0.374667 0.441648 197.819517 177.888541
3 12 11 0.581950 0.230991 0.187059 205.948530 169.358814
3 12 11 0.578625 0.240101 0.181274 209.686156 166.894471
3 12 11 0.046013 0.533637 0.420351 195.018939 174.535378
3 12 11 0.494804 0.328930 0.176265 209.711784 170.906737
3 4 12 0.244415 0.350728 0.404858 226.264846 165.139132
3 4 12 0.823875 0.087793 0.088332 217.704780 164.269237
3 4 12 0.538586 0.442647 0.018767 227.690335 163.261336
3 4 12 0.708092 0.195336 0.096572 220.010644 162.462742
3 4 12 0.625203 0.127347 0.247450 217.654122 164.439232
3 4 12 0.291172 0.622598 0.086229 231.226019 163.806774
3 4 12 0.676740 0.023632 0.299629 211.044535 165.778518
3 4 12 0.030566 0.580291 0.389143 234.017751 169.631097
3 4 12 0.378744 0.373377 0.247879 228.829696 165.279436
3 4 12 0.403328 0.586416 0.010256 231.235902 158.853538
4 13 12 0.596402 0.274066 0.129532 242.594125 167.110530
4 13 12 0.705466 0.205599 0.088935 238.346017 162.921346
4 13 12 0.378841 0.589522 0.031637 245.134888 169.489472
4 13 12 0.334959 0.614248 0.050792 245.342630 169.592198
4 13 12 0.078807 0.630458 0.290735 235.214289 175.797666
4 13 12 0.063059 0.350714 0.586227 226.236869 173.026786
4 13 12 0.170162 0.491892 0.337946 235.676195 175.230205
4 13 12 0.918218 0.031065 0.050717 245.262840 162.590355
4 13 12 0.079505 0.301325 0.619170 225.779406 173.812116
4 13 12 0.429654 0.363731 0.206615 244.567567 172.239112
4 5 13 0.003830 0.526881 0.469288 265.343644 166.298157
4 5 13 0.169806 0.005728 0.824466 242.749606 176.045116
4 5 13 0.780354 0.053002 0.166644 249.218344 160.816124
4 5 13 0.583144 0.146980 0.269877 251.938386 166.225387
4 5 13 0.800961 0.134131 0.064908 254.793172 161.317934
4 5 13 0.970766 0.022671 0.006562 245.601563 160.308687
4 5 13 0.220072 0.381318 0.398610 261.399145 170.079792
4 5 13 0.443123 0.430250 0.126627 263.722756 163.333619
4 5 13 0.849266 0.036873 0.113861 248.256736 165.768869
4 5 13 0.470166 0.083679 0.446156 250.169891 169.577249
5 14 13 0.928559 0.059142 0.012299 282.343607 162.957132
5 14 13 0.368834 0.246843 0.384323 268.459080 170.729298
5 14 13 0.738778 0.187038 0.074184 281.485025 168.476999
5 14 13 0.963580 0.023806 0.012615 281.056609 160.801115
5 14 13 0.964999 0.000928 0.034073 281.267577 160.799940
5 14 13 0.369938 0.593053 0.037009 281.178660 166.630045
5 14 13 0.643540 0.020060 0.336400 269.615109 168.261661
5 14 13 0.639573 0.296770 0.063657 281.093976 165.734966
5 14 13 0.926661 0.029201 0.044139 278.797280 161.545477
5 14 13 0.648744 0.250349 0.100908 278.890289 167.627193
5 6 14 0.437474 0.447148 0.115378 295.680314 162.818875
5 6 14 0.646126 0.004499 0.349375 281.667054 164.527356
5 6 14 0.674501 0.255748 0.069751 290.736497 160.332447
5 6 14 0.869804 0.089596 0.040600 284.275884 162.380400
5 6 14 0.611783 0.078192 0.310025 284.856868 167.510729
5 6 14 0.630448 0.016708 0.352844 282.474212 164.587215
5 6 14 0.307289 0.077330 0.615381 285.476764 167.277986
5 6 14 0.788790 0.034188 0.177022 287.146418 161.731205
5 6 14 0.894888 0.015143 0.089968 279.699922 163.497283
5 6 14 0.038423 0.245296 0.716281 295.262592 171.901980
6 15 14 0.627074 0.062276 0.310650 304.660244 165.954188
6 15 14 0.946162 0.008539 0.045299 315.334518 158.838313
6 15 14 0.044866 0.104560 0.850573 292.086287 169.628060
6 15 14 0.854637 0.124929 0.020435 317.702015 160.458871
6 15 14 0.617961 0.342742 0.039297 315.423209 167.042517
6 15 14 0.025822 0.805032 0.169146 318.533073 174.327586
6 15 14 0.148345 0.440248 0.411407 308.281024 173.579940
6 15 14 0.907829 0.026823 0.065348 315.783504 163.431689
6 15 14 0.979640 0.012407 0.007952 318.593631 156.633987
6 15 14 0.642274 0.097018 0.260707 307.981231 164.944939
6 7 15 0.808220 0.184262 0.007518 322.932767 162.365202
6 7 15 0.674482 0.043220 0.282297 318.777627 166.088771
6 7 15 0.061486 0.443050 0.495464 334.458270 164.208027
6 7 15 0.275718 0.354376 0.369906 330.616554 166.596940
6 7 15 0.704606 0.266536 0.028859 324.870278 163.190348
6 7 15 0.761201 0.039796 0.199003 316.636465 161.769060
6 7 15 0.557956 0.050502 0.391542 320.006066 165.638775
6 7 15 0.079055 0.394007 0.526938 335.011216 167.222699
6 7 15 0.287051 0.190896 0.522053 326.539142 163.437387
6 7 15 0.980212 0.003470 0.016318 314.874869 160.576723
7 16 15 0.212538 0.066875 0.720586 326.893187 166.923101
7 16 15 0.430487 0.163828 0.405684 339.482516 164.023219
7 16 15 0.110306 0.185105 0.704589 333.582519 171.099242
7 16 15 0.653830 0.176792 0.169378 350.464197 160.892215
7 16 15 0.320144 0.469440 0.210416 346.872725 170.372987
7 16 15 0.582263 0.074810 0.342926 346.941692 168.404969
7 16 15 0.692021 0.233677 0.074301 348.089759 160.127259
7 16 15 0.606219 0.285815 0.107966 352.630680 161.423767
7 16 15 0.153257 0.524472 0.322272 345.129987 170.636632
7 16 15 0.594080 0.269514 0.136406 347.980247 162.748903
7 8 16 0.334879 0.223480 0.441640 363.888906 164.326533
7 8 16 0.226059 0.749701 0.024240 373.064548 157.880260
7 8 16 0.201979 0.725592 0.072428 378.213171 161.749119
7 8 16 0.505725 0.307692 0.186583 364.142664 156.549705
7 8 16 0.157906 0.086198 0.755896 361.861461 168.488089
7 8 16 0.474391 0.491888 0.033720 368.903058 157.085156
7 8 16 0.109424 0.759637 0.130939 378.230949 159.285319
7 8 16 0.724321 0.114948 0.160731 352.928527 157.416578
7 8 16 0.560842 0.142671 0.296486 359.434853 159.047885
7 8 16 0.531361 0.245362 0.223277 363.313648 161.412819
8 17 16 0.872890 0.008245 0.118865 377.614314 156.523994
8 17 16 0.988491 0.010832 0.000677 383.624062 159.544752
8 17 16 0.988031 0.000056 0.011914 385.489586 161.787916
8 17 16 0.900995 0.054115 0.044890 384.814821 157.745813
8 17 16 0.108267 0.119965 0.771768 367.846125 169.623672
8 17 16 0.709094 0.260471 0.030435 385.942270 160.591519
8 17 16 0.657290 0.165998 0.176712 384.346091 163.160962
8 17 16 0.049830 0.413066 0.537105 374.708842 173.144787
8 17 16 0.265502 0.368882 0.365617 381.983021 166.288254
8 17 16 0.555414 0.387498 0.057088 388.367231 164.132932
9 10 18 0.435150 0.423752 0.141098 117.115934 179.692249
9 10 18 0.842842 0.016322 0.140836 100.691729 182.955067
9 10 18 0.233173 0.396733 0.370094 116.105892 186.654762
9 10 18 0.186385 0.617471 0.196144 125.095281 186.188804
9 10 18 0.326660 0.050035 0.623305 96.045440 195.056025
9 10 18 0.241650 0.347654 0.410696 116.311335 186.082750
9 10 18 0.453019 0.033965 0.513016 99.553914 194.596018
9 10 18 0.754775 0.158542 0.086683 112.078054 181.782985
9 10 18 0.924952 0.054013 0.021034 107.674322 177.067561
9 10 18 0.416111 0.240863 0.343025 106.808479 187.514972
10 19 18 0.565656 0.036816 0.397528 122.406488 186.541768
10 19 18 0.807095 0.184581 0.008324 137.987511 183.944802
10 19 18 0.806875 0.070608 0.122517 134.014598 180.995367
10 19 18 0.541517 0.220250 0.238233 130.099192 190.837831
10 19 18 0.286900 0.095448 0.617652 109.668046 193.859088
10 19 18 0.416861 0.050349 0.532791 116.136180 192.080937
10 19 18 0.263716 0.648938 0.087347 130.572990 195.467098
10 19 18 0.733742 0.143615 0.122642 131.587116 185.323865
10 19 18 0.724803 0.052386 0.222811 130.534014 184.380219
10 19 18 0.348653 0.531858 0.119489 132.010741 192.576242
10 11 19 0.378970 0.578745 0.042285 160.564324 175.775702
10 11 19 0.304413 0.062388 0.633199 135.229267 192.888108
10 11 19 0.572000 0.410667 0.017332 154.118120 179.069681
10 11 19 0.273813 0.522096 0.204091 155.984642 183.544102
10 11 19 0.552053 0.167572 0.280375 144.832882 185.273159
10 11 19 0.345677 0.115541 0.538782 134.535093 188.372489
10 11 19 0.009445 0.664838 0.325717 161.905582 184.514393
10 11 19 0.823086 0.163249 0.013665 148.891223 178.777282
10 11 19 0.269210 0.149750 0.581040 140.940709 192.046496
10 11 19 0.417417 0.225821 0.356762 143.308949 187.563868
11 20 19 0.850261 0.083502 0.066237 167.297415 183.048345
11 20 19 0.682061 0.200919 0.117020 169.102042 185.566515
11 20 19 0.883842 0.097132 0.019026 174.535127 178.951877
11 20 19 0.638820 0.169332 0.191848 169.301910 184.196136
11 20 19 0.592514 0.403239 0.004247 173.161434 182.515924
11 20 19 0.191414 0.654694 0.153892 163.624837 195.849927
11 20 19 0.071236 0.246599 0.682165 142.945414 201.887229
11 20 19 0.244753 0.007337 0.747909 143.914032 195.290218
11 20 19 0.471200 0.092398 0.436403 154.720087 189.788267
11 20 19 0.587784 0.129830 0.282386 160.086151 186.769274
11 12 20 0.719578 0.272428 0.007993 184.179422 177.494251
11 12 20 0.382498 0.195267 0.422234 179.072160 186.793932
11 12 20 0.550247 0.370279 0.079474 185.802100 179.413051
11 12 20 0.783789 0.097833 0.118378 178.997063 181.041892
11 12 20 0.934134 0.018464 0.047403 173.525983 175.875679
11 12 20 0.056482 0.853363 0.090155 208.307600 179.416112
11 12 20 0.365717 0.068424 0.565858 171.462246 186.948173
11 12 20 0.945561 0.042941 0.011499 176.494115 177.412062
11 12 20 0.115062 0.826543 0.058395 200.876439 177.525625
11 12 20 0.017128 0.428296 0.554576 189.474890 188.315283
12 21 20 0.287966 0.312427 0.399607 193.114212 193.561153
12 21 20 0.053884 0.145952 0.800164 170.992501 198.948012
12 21 20 0.044405 0.425409 0.530185 183.034756 197.935192
12 21 20 0.388806 0.536458 0.074737 203.776728 191.042202
12 21 20 0.092345 0.247414 0.660242 177.611565 199.535445
12 21 20 0.883178 0.044460 0.072362 207.533857 175.291366
12 21 20 0.774441 0.116418 0.109141 205.064211 181.056798
12 21 20 0.826954 0.066939 0.106107 206.323415 176.702979
12 21 20 0.800479 0.093360 0.106161 209.443494 181.059670
12 21 20 0.797593 0.137817 0.064590 207.690666 180.069237
12 13 21 0.013397 0.419199 0.567404 223.957978 191.915211
12 13 21 0.778527 0.067045 0.154428 212.394025 177.437867
12 13 21 0.536643 0.223494 0.239862 218.683431 183.443781
12 13 21 0.325123 0.378325 0.296552 223.856053 180.464912
12 13 21 0.393079 0.173894 0.433027 213.555263 187.528545
12 13 21 0.592770 0.144071 0.263159 219.197500 182.325394
12 13 21 0.826981 0.000587 0.172432 208.562899 178.749864
12 13 21 0.150175 0.182209 0.667617 215.417309 192.785963
12 13 21 0.272283 0.455828 0.271888 226.244206 183.824611
12 13 21 0.010580 0.254421 0.734998 215.062727 194.935783
13 22 21 0.927278 0.042120 0.030602 244.551133 178.702909
13 22 21 0.327082 0.514171 0.158748 238.577894 188.200422
13 22 21 0.220917 0.136696 0.642387 221.278423 191.821255
13 22 21 0.713136 0.038389 0.248474 237.671932 181.566594
13 22 21 0.575692 0.259902 0.164406 239.087096 184.606543
13 22 21 0.654806 0.235744 0.109450 239.175161 181.721683
13 22 21 0.138266 0.234763 0.626972 219.325628 194.104858
13 22 21 0.267249 0.667361 0.065390 241.132205 190.231268
13 22 21 0.845727 0.103517 0.050756 243.009993 179.541248
13 22 21 0.189995 0.526529 0.283476 233.557533 193.343047
13 14 22 0.833978 0.107235 0.058786 249.116330 177.499644
13 14 22 0.990992 0.001726 0.007282 243.695050 176.129181
13 14 22 0.262888 0.303909 0.433203 260.767396 183.751171
13 14 22 0.746212 0.151629 0.102159 251.417057 176.336640
13 14 22 0.094875 0.300972 0.604153 259.014326 187.953995
13 14 22 0.376002 0.204709 0.419289 252.786266 185.481458
13 14 22 0.546912 0.056234 0.396854 250.940039 184.273970
13 14 22 0.293128 0.109050 0.597823 246.996655 190.210323
13 14 22 0.338963 0.547322 0.113715 272.255116 176.271628
13 14 22 0.354104 0.551592 0.094304 268.148831 176.494352
14 23 22 0.644664 0.274120 0.081216 281.713655 186.151600
14 23 22 0.684191 0.264042 0.051767 284.089313 179.658119
14 23 22 0.354078 0.510152 0.135770 280.024176 187.668268
14 23 22 0.994016 0.002416 0.003568 285.086072 176.040588
14 23 22 0.540727 0.003568 0.455705 268.884904 187.215858
14 23 22 0.122740 0.328713 0.548546 263.106646 194.650931
14 23 22 0.704170 0.191778 0.104051 280.581066 180.843094
14 23 22 0.553568 0.317519 0.128913 280.893458 183.558395
14 23 22 0.022273 0.537964 0.439763 269.629022 197.530421
14 23 22 0.305906 0.216559 0.477535 266.051100 189.733361
14 15 23 0.919746 0.073903 0.006351 289.457443 172.263612
14 15 23 0.839965 0.112305 0.047730 292.532604 175.592925
14 15 23 0.598605 0.349857 0.051538 298.057739 175.901000
14 15 23 0.151780 0.724298 0.123922 312.764950 177.578281
14 15 23 0.075438 0.762283 0.162279 313.244120 179.693876
14 15 23 0.569400 0.056119 0.374481 289.426629 182.555525
14 15 23 0.621922 0.300583 0.077495 296.482326 173.874900
14 15 23 0.790138 0.045617 0.164245 287.611129 175.198195
14 15 23 0.514033 0.362425 0.123542 299.509900 175.022740
14 15 23 0.535501 0.223963 0.240536 293.021342 180.156523
15 24 23 0.118328 0.088615 0.793057 293.339009 194.434619
15 24 23 0.079519 0.221953 0.698528 298.658504 192.356626
15 24 23 0.558161 0.177772 0.264067 314.025797 182.237156
15 24 23 0.091443 0.486555 0.422002 307.899152 197.315134
15 24 23 0.275852 0.721263 0.002885 323.331575 191.357347
15 24 23 0.995620 0.001674 0.002706 319.992969 174.157744
15 24 23 0.455866 0.497192 0.046942 320.318682 190.594167
15 24 23 0.370623 0.023684 0.605694 302.194560 191.380698
15 24 23 0.043592 0.785331 0.171076 318.284575 194.581505
15 24 23 0.509191 0.048996 0.441814 306.252055 184.349410
15 16 24 0.621740 0.091705 0.286554 323.812530 181.531600
15 16 24 0.948260 0.022689 0.029051 318.803228 176.684544
15 16 24 0.640948 0.027234 0.331818 321.026893 185.039640
15 16 24 0.046127 0.833082 0.120790 354.847253 176.462845
15 16 24 0.578295 0.293453 0.128252 334.092230 177.128043
15 16 24 0.548493 0.051973 0.399533 323.069116 183.284471
15 16 24 0.022734 0.110816 0.866449 327.730357 195.228145
15 16 24 0.112822 0.033005 0.854174 323.239447 197.413915
15 16 24 0.057313 0.076818 0.865869 324.800323 194.829440
15 16 24 0.753151 0.115784 0.131065 325.998459 173.103515
16 25 24 0.591195 0.203125 0.205680 354.982509 183.286171
16 25 24 0.975487 0.001530 0.022984 362.758372 173.018727
16 25 24 0.146679 0.088383 0.764939 333.416531 194.315047
16 25 24 0.013001 0.810172 0.176827 354.114756 199.474428
16 25 24 0.581805 0.207002 0.211194 352.762928 183.693725
16 25 24 0.339730 0.442049 0.218222 354.485446 189.251041
16 25 24 0.863280 0.053890 0.082830 353.273715 174.882891
16 25 24 0.985174 0.001484 0.013341 360.029728 174.688853
16 25 24 0.479902 0.154019 0.366080 350.145144 181.962406
16 25 24 0.605177 0.360415 0.034409 360.066208 183.965065
16 17 25 0.698439 0.059012 0.242549 362.342161 180.110924
16 17 25 0.371426 0.621802 0.006773 377.581296 172.549983
16 17 25 0.933837 0.059534 0.006629 362.665864 171.726174
16 17 25 0.272729 0.131624 0.595646 368.109475 189.035618
16 17 25 0.952940 0.043292 0.003768 362.961520 171.229813
16 17 25 0.897357 0.036692 0.065951 360.364736 175.067753
16 17 25 0.962043 0.009248 0.028709 360.559739 174.653015
16 17 25 0.929255 0.058370 0.012375 363.576338 169.722616
16 17 25 0.436716 0.165049 0.398235 366.261665 181.121857
16 17 25 0.760862 0.065471 0.173667 364.893013 177.100003
17 26 25 0.536524 0.299927 0.163549 390.184882 186.476811
17 26 25 0.885144 0.112005 0.002851 396.427463 179.425035
17 26 25 0.498508 0.132903 0.368589 382.219480 180.500747
17 26 25 0.296845 0.659590 0.043565 398.859420 191.841470
17 26 25 0.391568 0.378075 0.230357 395.456051 187.429748
17 26 25 0.116820 0.263420 0.619761 380.601586 192.009220
17 26 25 0.504954 0.129138 0.365907 384.748231 187.642624
17 26 25 0.851282 0.125649 0.023069 397.462557 175.502273
17 26 25 0.570594 0.138555 0.290852 388.527506 183.780035
17 26 25 0.783092 0.096541 0.120367 390.248410 179.292254
18 19 27 0.041040 0.137675 0.821286 93.380204 226.868095
18 19 27 0.459993 0.296370 0.243637 100.073257 211.229111
18 19 27 0.547074 0.285802 0.167125 103.389140 206.875732
18 19 27 0.475398 0.184170 0.340432 94.599530 215.444431
18 19 27 0.095132 0.774356 0.130512 118.915016 206.009204
18 19 27 0.052974 0.926965 0.020061 129.593151 202.442653
18 19 27 0.604614 0.289071 0.106315 98.205156 201.679769
18 19 27 0.394553 0.316760 0.288687 99.671254 211.031433
18 19 27 0.977314 0.018534 0.004152 93.936420 200.347798
18 19 27 0.827794 0.045633 0.126574 91.255098 206.392222
19 28 27 0.599412 0.030054 0.370534 113.230818 214.551043
19 28 27 0.167063 0.149078 0.683859 97.188777 229.597184
19 28 27 0.411563 0.329369 0.259067 115.695507 224.218195
19 28 27 0.110819 0.707498 0.181683 118.599489 234.886827
19 28 27 0.650110 0.061357 0.288533 117.710667 213.931818
19 28 27 0.716315 0.267287 0.016398 129.315255 208.997707
19 28 27 0.198168 0.675047 0.126785 115.498369 229.225312
19 28 27 0.722434 0.003699 0.273867 115.244758 211.908444
19 28 27 0.599815 0.395468 0.004716 125.109821 215.201987
19 28 27 0.213235 0.720451 0.066314 125.586918 231.117071
19 20 28 0.509845 0.462016 0.028138 146.648023 200.508794
19 20 28 0.161445 0.775508 0.063047 157.687893 201.399149
19 20 28 0.714097 0.275463 0.010439 137.560651 203.064583
19 20 28 0.276330 0.178204 0.545466 133.777797 220.946386
19 20 28 0.628419 0.247615 0.123966 134.893611 206.222960
19 20 28 0.572605 0.353492 0.073903 138.635907 200.227688
19 20 28 0.832392 0.091575 0.076033 133.311435 205.761153
19 20 28 0.918520 0.020544 0.060936 131.129221 202.197513
19 20 28 0.477387 0.418523 0.104091 142.881261 200.604489
19 20 28 0.810688 0.020494 0.168819 130.493386 208.177953
20 29 28 0.779316 0.215282 0.005402 164.421042 209.420369
20 29 28 0.505986 0.308752 0.185262 154.588846 219.009592
20 29 28 0.633198 0.219195 0.147606 158.813801 217.445511
20 29 28 0.719126 0.203220 0.077654 165.049759 208.812788
20 29 28 0.961340 0.031956 0.006704 170.443975 201.908169
20 29 28 0.572904 0.172072 0.255024 155.424539 215.064344
20 29 28 0.003461 0.944192 0.052347 158.431334 237.283274
20 29 28 0.814316 0.070008 0.115676 164.291372 206.810804
20 29 28 0.104282 0.511463 0.384255 147.417651 233.436609
20 29 28 0.091625 0.188582 0.719793 138.670821 233.036209
20 21 29 0.522010 0.096821 0.381169 169.740019 215.011291
20 21 29 0.473232 0.055292 0.471476 167.414667 217.237731
20 21 29 0.060702 0.678505 0.260794 194.950695 206.745741
20 21 29 0.531916 0.198298 0.269786 172.314174 210.330577
20 21 29 0.168540 0.533323 0.298137 186.906654 214.151672
20 21 29 0.228270 0.233717 0.538013 173.306463 218.429086
20 21 29 0.207089 0.406206 0.386705 177.147428 214.086013
20 21 29 0.285321 0.514472 0.200207 186.319204 205.360502
20 21 29 0.456172 0.020442 0.523387 166.845628 218.979909
20 21 29 0.181422 0.368626 0.449952 179.705604 215.287408
21 30 29 0.507197 0.332527 0.160276 196.640736 221.874995
21 30 29 0.807063 0.029667 0.163270 199.933323 205.486030
21 30 29 0.478651 0.406084 0.115265 199.593599 214.649402
21 30 29 0.307721 0.464432 0.227847 194.886937 225.210346
21 30 29 0.019549 0.492217 0.488234 182.843259 234.694043
21 30 29 0.096079 0.385734 0.518187 180.658498 233.584255
21 30 29 0.628695 0.078067 0.293238 193.087515 209.237031
21 30 29 0.449719 0.061625 0.488655 184.583181 220.930789
21 30 29 0.751655 0.078255 0.170089 196.341545 208.503411
21 30 29 0.030259 0.957676 0.012065 204.554272 233.921821
21 22 30 0.261625 0.270575 0.467800 217.914228 215.081970
21 22 30 0.892717 0.013195 0.094087 204.790148 203.586883
21 22 30 0.548127 0.037324 0.414548 205.386282 214.359322
21 22 30 0.089547 0.249309 0.661144 214.343311 224.697505
21 22 30 0.706485 0.101324 0.192191 207.648030 207.376450
21 22 30 0.824391 0.037935 0.137674 208.553479 207.689320
21 22 30 0.561144 0.222431 0.216425 213.918217 207.783686
21 22 30 0.752023 0.019966 0.228011 206.987420 207.034691
21 22 30 0.117486 0.476714 0.405799 224.344803 212.721936
21 22 30 0.549470 0.350463 0.100068 217.453987 205.256250
22 31 30 0.860377 0.083531 0.056092 241.574070 202.692679
22 31 30 0.765737 0.087904 0.146358 240.826043 209.095483
22 31 30 0.928345 0.049225 0.022430 240.539626 202.201510
22 31 30 0.163033 0.647285 0.189682 238.962411 230.906012
22 31 30 0.748795 0.118257 0.132948 240.260502 205.959269
22 31 30 0.630769 0.197143 0.172088 241.095454 213.469120
22 31 30 0.708400 0.252737 0.038862 247.975280 208.281314
22 31 30 0.149952 0.423514 0.426533 226.896177 227.692746
22 31 30 0.157904 0.187143 0.654953 214.589696 229.289609
22 31 30 0.057503 0.539568 0.402928 227.801470 232.249149
22 23 31 0.660766 0.311669 0.027565 257.073794 200.130997
22 23 31 0.374792 0.382592 0.242617 261.551147 208.617618
22 23 31 0.621559 0.051070 0.327371 246.627026 209.544095
22 23 31 0.671732 0.213449 0.114819 255.205055 201.735652
22 23 31 0.426170 0.153206 0.420624 254.480554 216.664561
22 23 31 0.935693 0.008631 0.055676 246.963668 201.627267
22 23 31 0.978050 0.007279 0.014671 242.294648 201.220706
22 23 31 0.761460 0.200828 0.037713 253.973534 197.147886
22 23 31 0.230157 0.750549 0.019293 275.214103 200.942570
22 23 31 0.722185 0.043132 0.234683 246.038455 204.983181
23 32 31 0.283580 0.206145 0.510274 266.540207 221.021333
23 32 31 0.442152 0.022562 0.535286 264.576071 218.394072
23 32 31 0.891897 0.053985 0.054118 281.878242 201.684945
23 32 31 0.035563 0.040014 0.924422 245.970736 232.813198
23 32 31 0.411583 0.034316 0.554101 268.446357 218.221309
23 32 31 0.765122 0.126142 0.108735 284.487297 210.260166
23 32 31 0.265737 0.701274 0.032989 283.926898 226.745840
23 32 31 0.667797 0.208819 0.123383 277.795699 207.498952
23 32 31 0.317139 0.619758 0.063103 284.498009 224.519771
23 32 31 0.787696 0.020663 0.191642 281.869961 205.168700
23 24 32 0.856019 0.032864 0.111117 287.125925 201.813495
23 24 32 0.035856 0.426139 0.538006 301.256310 216.243561
23 24 32 0.781933 0.004859 0.213208 290.387702 206.120873
23 24 32 0.473839 0.245072 0.281089 294.371945 207.733819
23 24 32 0.121231 0.401027 0.477742 303.255374 217.583017
23 24 32 0.726436 0.116734 0.156830 289.583150 206.558314
23 24 32 0.795372 0.033207 0.171422 286.867653 206.961854
23 24 32 0.888725 0.102375 0.008900 291.184532 200.618768
23 24 32 0.727950 0.013123 0.258927 285.041887 208.844820
23 24 32 0.658262 0.025702 0.316035 286.480772 209.593114
24 33 32 0.254338 0.625498 0.120164 319.119398 220.861335
24 33 32 0.879961 0.090770 0.029270 320.345421 199.064268
24 33 32 0.750660 0.095849 0.153491 320.074571 207.122656
24 33 32 0.778976 0.118153 0.102871 321.841954 207.671032
24 33 32 0.406330 0.301237 0.292433 313.635137 213.702549
24 33 32 0.877558 0.031155 0.091287 321.775436 201.148964
24 33 32 0.449089 0.190538 0.360373 311.850826 219.333602
24 33 32 0.582758 0.231564 0.185678 318.217796 213.433439
24 33 32 0.498927 0.394239 0.106834 321.509294 213.767850
24 33 32 0.682030 0.127962 0.190007 318.644096 211.552073
24 25 33 0.140726 0.495930 0.363344 344.981160 209.718679
24 25 33 0.821533 0.122849 0.055618 327.488622 204.050818
24 25 33 0.269735 0.301536 0.428729 337.917765 215.757635
24 25 33 0.441266 0.198862 0.359873 335.964312 210.017054
24 25 33 0.706462 0.235548 0.057989 332.646854 201.463985
24 25 33 0.950593 0.044177 0.005231 328.154864 200.817281
24 25 33 0.919934 0.007202 0.072864 325.464618 199.304454
24 25 33 0.896650 0.041987 0.061363 326.162162 202.318067
24 25 33 0.324664 0.376447 0.298889 341.467941 207.367245
24 25 33 0.121875 0.133220 0.744905 335.607948 221.177024
25 34 33 0.795708 0.201457 0.002835 360.775759 207.192113
25 34 33 0.606996 0.002905 0.390099 348.654249 210.893443
25 34 33 0.385490 0.241764 0.372746 350.522577 216.045804
25 34 33 0.382404 0.050586 0.567010 340.380977 216.065449
25 34 33 0.285384 0.142931 0.571685 345.400147 222.978958
25 34 33 0.340241 0.477188 0.182571 360.892838 216.991969
25 34 33 0.156194 0.345523 0.498283 345.562752 232.744759
25 34 33 0.822595 0.034988 0.142417 354.842370 206.678388
25 34 33 0.745582 0.138267 0.116151 362.458084 207.299507
25 34 33 0.844740 0.020474 0.134786 358.071569 203.634494
25 26 34 0.196730 0.316023 0.487248 378.391861 214.310039
25 26 34 0.869253 0.105318 0.025429 369.015685 199.358345
25 26 34 0.438388 0.195009 0.366603 371.306506 209.309624
25 26 34 0.380624 0.572635 0.046741 388.753531 200.541854
25 26 34 0.715820 0.183971 0.100209 372.735697 200.538695
25 26 34 0.672400 0.326885 0.000715 376.863206 197.728281
25 26 34 0.674989 0.037512 0.287499 366.823203 210.059007
25 26 34 0.799891 0.045262 0.154846 363.001511 204.535398
25 26 34 0.338185 0.055417 0.606399 368.564437 214.606106
25 26 34 0.566526 0.421781 0.011693 380.147499 201.695747
26 35 34 0.366622 0.151428 0.481950 386.510454 214.922096
26 35 34 0.936837 0.009968 0.053195 403.825767 199.263199
26 35 34 0.073400 0.384454 0.542146 385.037816 231.460445
26 35 34 0.659567 0.004817 0.335616 392.377336 209.990936
26 35 34 0.890556 0.009573 0.099871 402.050376 199.407353
26 35 34 0.509342 0.061254 0.429404 389.791576 215.346119
26 35 34 0.816892 0.166272 0.016836 406.574288 200.276843
26 35 34 0.708262 0.125610 0.166128 397.193718 204.310933
26 35 34 0.291314 0.215091 0.493596 388.630073 223.558248
26 35 34 0.612133 0.085587 0.302280 395.604002 209.499559
27 28 36 0.625982 0.069042 0.304976 81.868279 249.014652
27 28 36 0.554161 0.291088 0.154750 92.586079 239.730610
27 28 36 0.639026 0.127150 0.233823 84.474774 244.195813
27 28 36 0.347979 0.077221 0.574800 82.942203 259.204541
27 28 36 0.235825 0.544917 0.219258 104.954290 242.811201
27 28 36 0.857211 0.027592 0.115197 82.769975 238.478958
27 28 36 0.489627 0.416550 0.093823 104.824665 237.593477
27 28 36 0.878298 0.001408 0.120294 85.206840 240.357193
27 28 36 0.929172 0.021235 0.049593 81.329043 239.441893
27 28 36 0.217810 0.164839 0.617351 87.567484 258.629845
28 37 36 0.388681 0.002093 0.609227 98.109732 261.408092
28 37 36 0.139964 0.447334 0.412702 102.898426 270.072176
28 37 36 0.929968 0.038194 0.031838 122.298933 238.045760
28 37 36 0.308939 0.185392 0.505669 97.810072 266.604070
28 37 36 0.371827 0.416177 0.211997 113.355186 257.959408
28 37 36 0.374903 0.234492 0.390605 106.991376 264.054817
28 37 36 0.039191 0.870337 0.090471 115.946641 274.604333
28 37 36 0.108251 0.583652 0.308097 108.443933 269.426546
28 37 36 0.070163 0.183303 0.746534 88.812485 271.042929
28 37 36 0.310728 0.503445 0.185827 114.796752 263.333279
28 29 37 0.736004 0.179727 0.084270 135.185940 237.682624
28 29 37 0.372574 0.323955 0.303470 137.070288 245.241521
28 29 37 0.892299 0.032376 0.075326 125.113945 241.896970
28 29 37 0.826494 0.023863 0.149643 126.639781 241.098302
28 29 37 0.105151 0.023348 0.871501 125.363161 268.054465
28 29 37 0.938932 0.054029 0.007039 126.187662 236.997156
28 29 37 0.124139 0.262805 0.613056 132.428800 258.863859
28 29 37 0.112764 0.134090 0.753146 125.826693 266.684543
28 29 37 0.092853 0.043613 0.863535 121.072704 267.207593
28 29 37 0.992688 0.001061 0.006251 125.481550 238.174492
29 38 37 0.303219 0.527379 0.169403 153.756009 261.216591
29 38 37 0.116410 0.681018 0.202572 149.567765 268.099786
29 38 37 0.631792 0.002565 0.365643 148.999593 250.746680
29 38 37 0.244520 0.256802 0.498678 140.372350 263.410652
29 38 37 0.198697 0.473718 0.327586 146.690351 268.131857
29 38 37 0.813441 0.073737 0.112821 156.047916 242.524792
29 38 37 0.923357 0.047973 0.028670 160.793000 236.039199
29 38 37 0.539942 0.320113 0.139944 157.251308 255.978753
29 38 37 0.805326 0.076754 0.117920 154.904213 243.102315
29 38 37 0.283148 0.171462 0.545390 139.203314 262.617192
29 30 38 0.886204 0.097448 0.016348 166.930802 234.122793
29 30 38 0.768643 0.079116 0.152241 165.623183 239.261050
29 30 38 0.973983 0.010757 0.015260 162.048359 234.195706
29 30 38 0.828325 0.084779 0.086897 167.193724 240.197697
29 30 38 0.995798 0.001857 0.002345 165.177576 237.887780
29 30 38 0.359931 0.239976 0.400093 172.228441 252.093363
29 30 38 0.908733 0.024556 0.066711 162.865001 232.751231
29 30 38 0.437134 0.066869 0.495997 163.379250 255.786619
29 30 38 0.146712 0.796996 0.056292 194.702670 237.818614
29 30 38 0.250427 0.191380 0.558193 169.137456 254.309309
30 39 38 0.563156 0.178290 0.258554 194.006869 253.431116
30 39 38 0.918761 0.067398 0.013841 201.362077 240.209031
30 39 38 0.343071 0.108574 0.548356 180.262064 263.295529
30 39 38 0.225226 0.187284 0.587489 182.346328 264.277379
30 39 38 0.671452 0.231818 0.096730 201.148480 247.691874
30 39 38 0.088402 0.287865 0.623733 173.384472 272.469067
30 39 38 0.482077 0.291942 0.225981 195.527707 251.958324
30 39 38 0.693296 0.280693 0.026011 200.966505 248.064621
30 39 38 0.195894 0.734025 0.070081 199.285882 267.538392
30 39 38 0.655882 0.166849 0.177269 195.689280 250.739668
30 31 39 0.223226 0.421558 0.355216 224.173561 251.051411
30 31 39 0.909949 0.007703 0.082348 203.806015 238.307131
30 31 39 0.686078 0.074017 0.239905 206.585278 241.134861
30 31 39 0.239754 0.669196 0.091051 231.664625 237.453098
30 31 39 0.696655 0.198928 0.104417 214.014031 237.331733
30 31 39 0.469159 0.492314 0.038527 220.040939 236.315378
30 31 39 0.699493 0.124071 0.176436 210.610091 245.710600
30 31 39 0.941252 0.018279 0.040469 205.931864 233.972797
30 31 39 0.801699 0.013308 0.184993 202.357766 243.538813
30 31 39 0.812947 0.035596 0.151457 204.861853 242.288578
31 40 39 0.355092 0.265974 0.378934 226.615873 258.572661
31 40 39 0.957437 0.021459 0.021104 247.030246 232.355136
31 40 39 0.439296 0.180190 0.380515 230.056040 255.579267
31 40 39 0.300070 0.233735 0.466195 225.784819 263.255990
31 40 39 0.249136 0.048170 0.702695 217.068860 265.312518
31 40 39 0.710540 0.078021 0.211438 232.796676 250.445003
31 40 39 0.131668 0.214593 0.653738 219.578997 270.874958
31 40 39 0.108297 0.792877 0.098825 241.692568 271.044373
31 40 39 0.264170 0.089491 0.646339 216.317435 265.922411
31 40 39 0.922540 0.030585 0.046875 245.048414 235.637166
31 32 40 0.687050 0.116368 0.196582 251.574304 242.482254
31 32 40 0.395090 0.325408 0.279502 258.930491 241.947330
31 32 40 0.103985 0.351110 0.544905 257.917491 257.482520
31 32 40 0.611584 0.162711 0.225705 250.100019 241.602136
31 32 40 0.763869 0.104313 0.131818 248.950399 239.563425
31 32 40 0.071707 0.046161 0.882132 242.410512 269.106690
31 32 40 0.431797 0.546593 0.021610 269.265890 235.782154
31 32 40 0.993129 0.003034 0.003837 245.477509 235.281195
31 32 40 0.630763 0.225269 0.143968 253.873088 236.914310
31 32 40 0.371200 0.151841 0.476959 248.609112 252.325793
32 41 40 0.784693 0.040169 0.175138 278.709888 245.495070
32 41 40 0.339224 0.467576 0.193200 277.351866 258.272747
32 41 40 0.353344 0.130539 0.516118 266.373068 260.649998
32 41 40 0.806395 0.048634 0.144971 279.350719 240.313171
32 41 40 0.567567 0.118488 0.313946 270.762297 252.663890
32 41 40 0.515730 0.044077 0.440193 264.935682 255.466423
32 41 40 0.307423 0.293683 0.398894 268.663486 262.868823
32 41 40 0.005974 0.572366 0.421660 269.508502 273.435050
32 41 40 0.820418 0.016313 0.163269 280.677302 239.514508
32 41 40 0.511166 0.047788 0.441046 265.325575 257.380937
32 33 41 0.975211 0.011204 0.013585 284.098733 234.937484
32 33 41 0.296656 0.044468 0.658876 289.516868 261.750913
32 33 41 0.654773 0.314555 0.030671 296.452698 235.510768
32 33 41 0.805948 0.078847 0.115206 289.121577 233.984205
32 33 41 0.884490 0.091395 0.024115 288.628997 235.137862
32 33 41 0.959052 0.021425 0.019523 287.137275 237.794359
32 33 41 0.995290 0.003084 0.001627 284.188238 232.104294
32 33 41 0.837378 0.049288 0.113334 288.880966 236.324756
32 33 41 0.388704 0.059275 0.552021 288.067750 255.021892
32 33 41 0.901548 0.000674 0.097778 280.934220 238.058469
33 42 41 0.279712 0.535273 0.185014 320.433989 261.120499
33 42 41 0.595670 0.247080 0.157250 322.935002 244.351404
33 42 41 0.509904 0.032017 0.458078 311.491321 249.623035
33 42 41 0.767855 0.099116 0.133028 323.755255 244.049636
33 42 41 0.045288 0.567316 0.387396 310.393754 274.878881
33 42 41 0.747409 0.113107 0.139484 324.243774 241.266475
33 42 41 0.493881 0.426111 0.080008 324.534224 252.267687
33 42 41 0.924821 0.017036 0.058144 328.966531 233.776941
33 42 41 0.598430 0.129621 0.271949 314.209185 248.669922
33 42 41 0.046792 0.661093 0.292115 320.028327 269.431892
33 34 42 0.379256 0.373684 0.247061 341.802417 241.548583
33 34 42 0.407462 0.543717 0.048821 347.469811 235.771873
33 34 42 0.384178 0.065893 0.549930 332.781444 252.593432
33 34 42 0.801135 0.197956 0.000909 336.033314 233.194939
33 34 42 0.342849 0.266818 0.390333 336.233009 244.859196
33 34 42 0.197918 0.043222 0.758860 330.169159 266.710230
33 34 42 0.237814 0.408084 0.354102 346.547897 243.368049
33 34 42 0.852297 0.080330 0.067373 330.847388 231.137363
33 34 42 0.930966 0.018716 0.050318 331.726292 235.934658
33 34 42 0.315308 0.218418 0.466273 338.704181 250.261204
34 43 42 0.387056 0.434967 0.177977 364.109015 258.205983
34 43 42 0.022240 0.079974 0.897786 329.266009 272.580598
34 43 42 0.884698 0.084389 0.030913 367.478626 239.442121
34 43 42 0.024426 0.552727 0.422847 353.464988 271.458154
34 43 42 0.020879 0.138518 0.840603 336.632996 275.341531
34 43 42 0.484903 0.007227 0.507870 349.152165 252.276494
34 43 42 0.453292 0.117342 0.429366 349.671404 252.586514
34 43 42 0.145232 0.616187 0.238582 359.545687 262.893565
34 43 42 0.680130 0.171800 0.148070 362.465989 246.399011
34 43 42 0.985561 0.004216 0.010223 373.423994 232.017601
34 35 43 0.220751 0.335807 0.443442 385.490899 250.278500
34 35 43 0.800937 0.082608 0.116455 371.261942 236.512327
34 35 43 0.914652 0.062927 0.022422 369.947456 232.149768
34 35 43 0.998089 0.000632 0.001279 370.915420 233.113179
34 35 43 0.670633 0.317494 0.011873 383.962278 232.605895
34 35 43 0.591057 0.149931 0.259012 376.684859 242.821927
34 35 43 0.476651 0.261001 0.262348 381.570773 243.842026
34 35 43 0.043012 0.439829 0.517159 389.841113 251.004255
34 35 43 0.598090 0.197985 0.203924 376.760854 243.543942
34 35 43 0.997899 0.000047 0.002054 368.079826 229.363381
35 44 43 0.898193 0.041175 0.060632 407.493962 231.575182
35 44 43 0.151372 0.568411 0.280216 402.621938 266.575560
35 44 43 0.917424 0.040601 0.041974 410.136856 236.426065
35 44 43 0.560348 0.027898 0.411754 393.864963 248.350153
35 44 43 0.332284 0.371117 0.296599 408.253385 260.174303
35 44 43 0.551198 0.084393 0.364408 398.988365 248.218068
35 44 43 0.741380 0.107264 0.151356 405.783174 242.690770
35 44 43 0.641723 0.007490 0.350787 400.306504 243.394979
35 44 43 0.321394 0.186090 0.492515 392.937131 254.641248
35 44 43 0.359013 0.592727 0.048260 411.443614 255.755158
36 37 45 0.614969 0.245285 0.139746 91.380886 280.717792
36 37 45 0.389158 0.212529 0.398314 87.044683 290.589296
36 37 45 0.488792 0.259141 0.252067 90.089919 286.334748
36 37 45 0.863213 0.056286 0.080501 81.094076 281.218252
36 37 45 0.036411 0.345021 0.618569 97.135344 301.341907
36 37 45 0.797385 0.185158 0.017457 87.297649 279.634836
36 37 45 0.662488 0.010654 0.326858 78.229196 290.467117
36 37 45 0.130393 0.125645 0.743962 83.687005 304.333051
36 37 45 0.484181 0.258381 0.257437 88.480103 287.557507
36 37 45 0.971267 0.026131 0.002603 78.746596 278.045428
37 46 45 0.573393 0.283697 0.142909 113.809866 291.330492
37 46 45 0.647562 0.143336 0.209102 111.438717 288.926593
37 46 45 0.066217 0.523393 0.410390 105.868868 311.976559
37 46 45 0.564103 0.083788 0.352109 102.126971 291.525213
37 46 45 0.513657 0.354768 0.131576 119.327850 297.365690
37 46 45 0.222618 0.148766 0.628616 99.418765 310.318515
37 46 45 0.065221 0.622143 0.312636 107.240025 312.664964
37 46 45 0.177860 0.252451 0.569689 98.789182 311.472159
37 46 45 0.700237 0.229082 0.070681 120.235145 287.017100
37 46 45 0.623809 0.283508 0.092684 119.590382 290.167047
37 38 46 0.760998 0.108939 0.130063 122.584785 280.070761
37 38 46 0.112841 0.754145 0.133014 144.710110 282.147804
37 38 46 0.162680 0.053696 0.783623 122.090013 304.670918
37 38 46 0.595740 0.272962 0.131299 134.099358 281.499764
37 38 46 0.131772 0.233310 0.634919 125.478849 305.367724
37 38 46 0.701756 0.238515 0.059730 130.953699 276.710292
37 38 46 0.892171 0.062800 0.045029 120.646294 279.960861
37 38 46 0.575541 0.041881 0.382578 122.725112 289.602554
37 38 46 0.356507 0.589741 0.053752 143.519272 277.011362
37 38 46 0.402749 0.594643 0.002609 145.916241 277.590214
38 47 46 0.489803 0.106611 0.403586 144.789087 298.970560
38 47 46 0.269194 0.638229 0.092577 159.154912 308.289807
38 47 46 0.630490 0.258928 0.110582 157.091000 288.283845
38 47 46 0.139321 0.237291 0.623387 137.004245 312.367758
38 47 46 0.020320 0.928688 0.050992 160.768340 323.951445
38 47 46 0.516618 0.180598 0.302783 149.583493 294.389590
38 47 46 0.437279 0.393790 0.168931 156.317010 297.987632
38 47 46 0.630349 0.206354 0.163297 157.424451 289.164114
38 47 46 0.818405 0.057037 0.124559 156.142085 281.891692
38 47 46 0.946000 0.016750 0.037250 161.938274 280.912368
38 39 47 0.212769 0.447950 0.339281 179.642367 293.807907
38 39 47 0.851738 0.091180 0.057083 165.750432 279.420828
38 39 47 0.558746 0.080069 0.361185 165.217604 287.774807
38 39 47 0.749006 0.050045 0.200948 160.860435 282.523843
38 39 47 0.427408 0.023674 0.548918 161.491015 298.664263
38 39 47 0.904008 0.037480 0.058512 165.625521 281.559875
38 39 47 0.322687 0.506786 0.170526 181.225595 281.875874
38 39 47 0.084827 0.914290 0.000883 197.233587 272.476974
38 39 47 0.889368 0.098398 0.012234 162.200517 273.705005
38 39 47 0.528374 0.330333 0.141293 173.542527 279.491160
39 48 47 0.843565 0.060302 0.096133 200.267598 283.549557
39 48 47 0.175406 0.504643 0.319951 190.452321 307.074563
39 48 47 0.967669 0.026770 0.005561 198.693444 275.540979
39 48 47 0.641728 0.348354 0.009918 201.111883 292.205739
39 48 47 0.865069 0.005907 0.129025 201.152567 283.480129
39 48 47 0.830713 0.051582 0.117705 198.614774 283.026004
39 48 47 0.586011 0.156614 0.257375 197.965321 295.272671
39 48 47 0.658992 0.282192 0.058815 198.612018 288.329889
39 48 47 0.945670 0.012542 0.041788 202.081458 275.706913
39 48 47 0.225109 0.240104 0.534787 180.634428 306.736571
39 40 48 0.155955 0.720369 0.123676 231.569147 282.149656
39 40 48 0.958284 0.038843 0.002873 206.485785 276.194762
39 40 48 0.532240 0.385314 0.082446 219.364834 279.432434
39 40 48 0.221804 0.417242 0.360954 220.399954 289.052707
39 40 48 0.471870 0.018147 0.509984 207.211668 298.868753
39 40 48 0.275565 0.196491 0.527944 207.943675 300.051723
39 40 48 0.362738 0.255266 0.381996 211.016129 290.448084
39 40 48 0.979819 0.019184 0.000997 204.506407 274.236674
39 40 48 0.759495 0.104798 0.135707 205.395198 280.817317
39 40 48 0.687112 0.073650 0.239238 204.062745 285.932022
40 49 48 0.017906 0.063223 0.918871 206.711172 317.482677
40 49 48 0.999891 0.000067 0.000042 242.062838 275.808193
40 49 48 0.041647 0.161925 0.796428 213.343832 316.378256
40 49 48 0.328066 0.241367 0.430567 222.742883 301.047980
40 49 48 0.631674 0.238549 0.129778 235.777256 291.451182
40 49 48 0.343294 0.306391 0.350315 228.315177 301.076967
40 49 48 0.180241 0.578474 0.241285 229.175990 310.534755
40 49 48 0.017783 0.027422 0.954795 205.498664 313.992662
40 49 48 0.843944 0.081165 0.074891 242.055085 281.020780
40 49 48 0.016969 0.241813 0.741218 211.409419 314.180078
40 41 49 0.810276 0.146703 0.043020 250.052998 276.371783
40 41 49 0.674972 0.112109 0.212919 251.358406 280.170174
40 41 49 0.820164 0.012815 0.167020 242.018302 278.599066
40 41 49 0.952075 0.000118 0.047807 243.529560 277.828433
40 41 49 0.995123 0.001043 0.003834 241.290485 274.232848
40 41 49 0.770523 0.034121 0.195356 244.311704 281.464111
40 41 49 0.271673 0.144034 0.584292 252.886638 300.508186
40 41 49 0.144506 0.412069 0.443425 264.584046 291.761258
40 41 49 0.179447 0.764881 0.055672 276.441538 275.978970
40 41 49 0.862867 0.074829 0.062304 244.481906 276.667479
41 50 49 0.692966 0.073998 0.233035 277.366470 284.938144
41 50 49 0.307725 0.086670 0.605605 261.750434 303.979759
41 50 49 0.253497 0.110133 0.636370 263.162122 306.624037
41 50 49 0.034332 0.760052 0.205616 279.663355 316.227337
41 50 49 0.431771 0.042095 0.526134 265.674531 293.333034
41 50 49 0.167913 0.046929 0.785158 253.159406 311.635194
41 50 49 0.847431 0.050767 0.101802 282.788683 283.633186
41 50 49 0.484398 0.183386 0.332215 272.148779 296.068114
41 50 49 0.434193 0.388968 0.176838 280.443301 298.115713
41 50 49 0.632987 0.094304 0.272708 275.611410 289.274222
41 42 50 0.328220 0.343824 0.327955 300.440951 285.146946
41 42 50 0.643006 0.271969 0.085025 296.358544 279.786230
41 42 50 0.100314 0.612389 0.287296 313.226475 285.122576
41 42 50 0.957226 0.018559 0.024215 287.892429 276.444666
41 42 50 0.216147 0.157597 0.626256 294.943030 299.641173
41 42 50 0.667988 0.166188 0.165823 295.557741 279.903265
41 42 50 0.051876 0.695395 0.252729 317.400504 282.558617
41 42 50 0.677743 0.085844 0.236414 287.252601 284.201722
41 42 50 0.026182 0.786569 0.187248 319.832062 279.453997
41 42 50 0.627475 0.168072 0.204453 295.862503 285.049838
42 51 50 0.942225 0.049343 0.008432 330.703007 272.530599
42 51 50 0.955079 0.027660 0.017261 328.805846 274.520310
42 51 50 0.312865 0.436824 0.250311 320.613827 301.295591
42 51 50 0.381028 0.044302 0.574670 306.298900 298.687797
42 51 50 0.181802 0.417042 0.401156 312.231968 308.804084
42 51 50 0.937928 0.025776 0.036296 325.116161 280.071875
42 51 50 0.033242 0.094489 0.872269 294.754953 317.340932
42 51 50 0.242796 0.375646 0.381558 313.201312 306.972992
42 51 50 0.129075 0.147209 0.723716 300.329116 309.480987
42 51 50 0.859624 0.007992 0.132385 325.222232 280.006222
42 43 51 0.389568 0.595652 0.014780 353.058810 273.240788
42 43 51 0.352484 0.241516 0.406000 337.372915 291.836297
42 43 51 0.275905 0.674913 0.049182 358.429869 271.390561
42 43 51 0.789930 0.139558 0.070511 335.172851 275.693320
42 43 51 0.374014 0.560569 0.065416 355.777043 279.913569
42 43 51 0.614893 0.357435 0.027671 344.446128 272.556410
42 43 51 0.404153 0.181169 0.414679 338.973701 288.297019
42 43 51 0.154810 0.148757 0.696432 336.297516 301.935542
42 43 51 0.959829 0.031226 0.008945 329.476360 270.394927
42 43 51 0.438038 0.472623 0.089340 350.136309 279.204125
43 52 51 0.259701 0.273105 0.467194 352.140634 301.912275
43 52 51 0.843546 0.140498 0.015955 374.015394 275.025019
43 52 51 0.238546 0.579626 0.181828 364.967641 309.203300
43 52 51 0.207745 0.444214 0.348042 355.166088 306.968726
43 52 51 0.628780 0.125769 0.245450 362.642642 289.542743
43 52 51 0.110961 0.119763 0.769276 339.546947 308.458963
43 52 51 0.826858 0.168316 0.004826 373.868106 279.310302
43 52 51 0.584471 0.025903 0.389626 358.519976 288.907204
43 52 51 0.600257 0.365032 0.034711 372.466583 290.447827
43 52 51 0.360781 0.221458 0.417760 354.542946 302.215633
43 44 52 0.126910 0.239158 0.633931 382.942900 300.092298
43 44 52 0.945562 0.046428 0.008010 370.491256 270.266581
43 44 52 0.937984 0.020541 0.041475 372.458285 273.136371
43 44 52 0.469111 0.424854 0.106035 393.662959 276.584684
43 44 52 0.023836 0.396516 0.579647 391.704977 298.152258
43 44 52 0.653548 0.125490 0.220962 377.511083 280.873710
43 44 52 0.319282 0.060449 0.620269 375.846897 302.333907
43 44 52 0.090463 0.479009 0.430528 397.265384 293.432686
43 44 52 0.324603 0.097424 0.577973 375.921909 298.895995
43 44 52 0.228907 0.748493 0.022600 401.762692 269.446858
44 53 52 0.367419 0.394326 0.238255 403.408988 303.189798
44 53 52 0.688980 0.212143 0.098877 412.340219 286.921447
44 53 52 0.307072 0.656074 0.036854 416.054156 303.484036
44 53 52 0.915186 0.057837 0.026977 417.565355 277.167479
44 53 52 0.144529 0.315402 0.540070 391.185425 311.872507
44 53 52 0.957000 0.031265 0.011735 416.728070 273.068195
44 53 52 0.689961 0.079250 0.230789 406.105546 285.623103
44 53 52 0.245272 0.707046 0.047682 412.879073 306.436994
44 53 52 0.734673 0.262436 0.002891 416.365737 281.500663
44 53 52 0.339711 0.212713 0.447577 395.189633 299.879882
45 46 54 0.084927 0.123600 0.791474 86.852274 346.930559
45 46 54 0.950972 0.016130 0.032898 80.481001 317.322677
45 46 54 0.544810 0.066750 0.388440 85.496374 328.852994
45 46 54 0.282655 0.187102 0.530242 96.448841 337.593661
45 46 54 0.303685 0.441458 0.254857 96.990864 329.405462
45 46 54 0.307451 0.650121 0.042428 107.321089 318.374943
45 46 54 0.349719 0.416971 0.233310 98.663926 324.250567
45 46 54 0.007869 0.445239 0.546892 101.746498 338.321565
45 46 54 0.622823 0.296537 0.080641 94.670940 321.033926
45 46 54 0.414943 0.372377 0.212680 97.654754 322.033184
46 55 54 0.170165 0.468965 0.360870 107.855858 348.186054
46 55 54 0.842711 0.149166 0.008123 122.649424 321.343654
46 55 54 0.839678 0.075175 0.085147 117.798656 324.528078
46 55 54 0.807320 0.029347 0.163333 115.502742 328.314214
46 55 54 0.402822 0.303377 0.293801 109.683791 338.192237
46 55 54 0.579541 0.407585 0.012874 118.920345 333.777797
46 55 54 0.083472 0.206589 0.709939 94.794870 347.183401
46 55 54 0.210235 0.572999 0.216767 118.263034 345.623355
46 55 54 0.030306 0.909674 0.060020 120.606636 355.089245
46 55 54 0.864175 0.129737 0.006088 120.081811 326.851495
46 47 55 0.777999 0.189346 0.032655 129.229172 315.685803
46 47 55 0.622578 0.090914 0.286508 124.737159 328.235567
46 47 55 0.838591 0.110796 0.050613 128.304361 321.492611
46 47 55 0.924364 0.026938 0.048698 120.582053 319.920541
46 47 55 0.266947 0.282256 0.450797 133.043257 334.561927
46 47 55 0.732304 0.254186 0.013510 130.933655 319.255434
46 47 55 0.436226 0.116412 0.447362 124.357949 334.609869
46 47 55 0.300834 0.609076 0.090089 149.128392 319.623902
46 47 55 0.834249 0.147191 0.018560 127.056638 317.645988
46 47 55 0.710883 0.088062 0.201055 128.978901 327.065798
47 56 55 0.345447 0.064707 0.589845 136.665705 338.582506
47 56 55 0.131348 0.556084 0.312568 150.187729 348.253051
47 56 55 0.387106 0.317146 0.295748 155.087406 339.994097
47 56 55 0.793521 0.041439 0.165041 162.313318 328.430305
47 56 55 0.727423 0.124331 0.148246 155.252006 324.350875
47 56 55 0.891027 0.103689 0.005283 163.642912 320.545592
47 56 55 0.295308 0.317609 0.387083 148.501417 344.050400
47 56 55 0.651617 0.171022 0.177361 158.950618 333.588071
47 56 55 0.241524 0.519578 0.238899 156.244528 346.876678
47 56 55 0.950648 0.031016 0.018336 163.476298 319.588717
47 48 56 0.573699 0.313084 0.113217 175.631557 318.807392
47 48 56 0.577257 0.036944 0.385799 165.449861 329.932068
47 48 56 0.581481 0.391973 0.026546 178.960596 315.716651
47 48 56 0.701553 0.072401 0.226046 168.819188 327.760135
47 48 56 0.095450 0.870673 0.033877 191.352038 319.611716
47 48 56 0.991942 0.003413 0.004644 161.986540 318.766221
47 48 56 0.070184 0.020338 0.909478 168.746941 354.265198
47 48 56 0.709161 0.084086 0.206753 166.311594 326.492783
47 48 56 0.137635 0.805628 0.056737 194.020911 318.942934
47 48 56 0.978957 0.018030 0.003013 164.899359 320.274894
48 57 56 0.673234 0.278425 0.048341 203.143641 331.259687
48 57 56 0.401293 0.096353 0.502353 182.131393 339.216152
48 57 56 0.327920 0.144965 0.527115 183.609146 341.976913
48 57 56 0.594600 0.246645 0.158755 194.312857 332.107958
48 57 56 0.311299 0.617166 0.071535 200.530765 348.164165
48 57 56 0.609599 0.068238 0.322163 190.537473 332.396001
48 57 56 0.102960 0.119961 0.777079 176.239054 350.125889
48 57 56 0.455840 0.051891 0.492269 187.108329 332.053108
48 57 56 0.811201 0.058697 0.130102 195.497027 324.070146
48 57 56 0.478962 0.347551 0.173487 199.318863 337.048299
48 49 57 0.305141 0.342874 0.351985 218.734839 329.121084
48 49 57 0.485613 0.438184 0.076204 217.643043 317.471433
48 49 57 0.410161 0.170466 0.419374 208.448108 332.255315
48 49 57 0.777055 0.101040 0.121905 203.977381 324.277209
48 49 57 0.757663 0.198605 0.043733 211.867875 319.933008
48 49 57 0.407999 0.261753 0.330248 212.412450 325.106468
48 49 57 0.245475 0.269320 0.485205 213.290796 331.107622
48 49 57 0.643302 0.347325 0.009373 216.734921 313.316546
48 49 57 0.347488 0.499912 0.152600 221.186177 322.865244
48 49 57 0.319342 0.279226 0.401432 211.650349 331.261605
49 58 57 0.766559 0.058604 0.174838 236.813431 323.265014
49 58 57 0.176213 0.663604 0.160182 238.529661 348.188043
49 58 57 0.667023 0.266681 0.066297 243.009810 332.546387
49 58 57 0.228234 0.074140 0.697626 217.523779 344.814187
49 58 57 0.012914 0.157231 0.829855 212.569764 352.107558
49 58 57 0.260200 0.056927 0.682873 213.153006 345.275446
49 58 57 0.410512 0.500596 0.088892 238.474994 336.486993
49 58 57 0.922874 0.053824 0.023303 241.072651 319.562450
49 58 57 0.200398 0.758876 0.040725 238.422209 340.644012
49 58 57 0.904378 0.078886 0.016736 239.776409 317.279969
49 50 58 0.723037 0.114969 0.161994 248.540545 321.764802
49 50 58 0.658809 0.308683 0.032509 259.808386 313.433909
49 50 58 0.909590 0.029573 0.060837 245.585134 315.200195
49 50 58 0.334233 0.503137 0.162630 265.993796 321.289492
49 50 58 0.969658 0.016295 0.014047 248.094250 318.099823
49 50 58 0.329611 0.647221 0.023168 271.372614 315.325592
49 50 58 0.955508 0.006221 0.038271 243.549288 316.737309
49 50 58 0.526513 0.324689 0.148797 258.124658 322.789746
49 50 58 0.560042 0.418948 0.021010 261.689057 317.193549
49 50 58 0.182896 0.547950 0.269154 268.879609 326.555895
50 59 58 0.761689 0.147077 0.091234 286.341236 326.877898
50 59 58 0.704741 0.278796 0.016463 283.323104 326.127284
50 59 58 0.570531 0.157041 0.272429 274.091544 331.042743
50 59 58 0.621974 0.048470 0.329556 276.070777 331.716391
50 59 58 0.126068 0.080039 0.793894 255.495196 348.044626
50 59 58 0.300840 0.511699 0.187461 281.111327 339.345697
50 59 58 0.471416 0.409843 0.118741 284.266799 336.556593
50 59 58 0.608155 0.005056 0.386789 268.531791 334.416141
50 59 58 0.311634 0.371244 0.317122 274.046600 343.572207
50 59 58 0.008806 0.862696 0.128498 279.996253 352.402338
50 51 59 0.101691 0.389329 0.508979 303.440604 335.955163
50 51 59 0.837632 0.019587 0.142781 289.153037 322.814328
50 51 59 0.623771 0.123778 0.252451 293.095028 325.412856
50 51 59 0.146899 0.069943 0.783158 288.170836 345.676623
50 51 59 0.677831 0.133363 0.188806 292.975727 320.642248
50 51 59 0.304608 0.595646 0.099745 310.925452 320.123540
50 51 59 0.908005 0.025656 0.066340 289.294266 316.672428
50 51 59 0.497047 0.270176 0.232776 300.737517 323.145429
50 51 59 0.343288 0.332886 0.323826 299.394433 326.807469
50 51 59 0.252155 0.584550 0.163295 312.147140 319.669210
51 60 59 0.609150 0.361345 0.029504 326.571881 332.750009
51 60 59 0.274167 0.622118 0.103715 323.423206 344.896799
51 60 59 0.603435 0.142094 0.254471 318.667946 333.288098
51 60 59 0.807819 0.162717 0.029464 325.760394 322.210190
51 60 59 0.100266 0.158166 0.741568 293.718789 345.843974
51 60 59 0.302595 0.044955 0.652450 301.365534 342.208151
51 60 59 0.586297 0.164820 0.248883 317.475240 331.337739
51 60 59 0.217745 0.022466 0.759789 296.503812 344.153375
51 60 59 0.994519 0.000389 0.005093 329.678903 316.998077
51 60 59 0.829941 0.000716 0.169343 321.378656 321.054366
51 52 60 0.763016 0.121572 0.115412 334.726498 320.942285
51 52 60 0.315133 0.371460 0.313407 341.881199 328.195352
51 52 60 0.857958 0.072065 0.069977 330.632946 318.674805
51 52 60 0.905296 0.001751 0.092953 327.146180 317.253261
51 52 60 0.591770 0.236964 0.171266 339.561387 320.590045
51 52 60 0.422513 0.108254 0.469233 334.371171 334.911508
51 52 60 0.359201 0.473814 0.166984 347.553331 325.151798
51 52 60 0.737568 0.166917 0.095516 335.350828 317.590804
51 52 60 0.806082 0.141715 0.052202 340.592651 316.344010
51 52 60 0.427925 0.242724 0.329351 340.863146 329.599314
52 61 60 0.986289 0.007494 0.006217 369.105243 312.667536
52 61 60 0.476488 0.497838 0.025674 370.131303 336.874621
52 61 60 0.231675 0.084682 0.683643 337.932416 346.082971
52 61 60 0.761292 0.153933 0.084776 368.872702 324.481560
52 61 60 0.528210 0.074811 0.396979 353.772360 332.786390
52 61 60 0.895510 0.100391 0.004100 369.402994 316.685564
52 61 60 0.831638 0.012710 0.155652 360.391237 322.143035
52 61 60 0.289593 0.359583 0.350824 357.219567 341.049181
52 61 60 0.428350 0.488088 0.083562 364.107680 338.894944
52 61 60 0.280305 0.469852 0.249843 361.631053 345.114434
52 53 61 0.737035 0.242737 0.020228 382.412627 318.609793
52 53 61 0.127055 0.626205 0.246740 398.009977 325.471841
52 53 61 0.773997 0.180088 0.045915 378.077523 320.108971
52 53 61 0.004268 0.149859 0.845873 375.503776 348.593928
52 53 61 0.692226 0.124244 0.183529 373.622133 323.661326
52 53 61 0.664869 0.197473 0.137658 380.955288 320.069773
52 53 61 0.727980 0.172241 0.099778 376.634816 318.841675
52 53 61 0.229407 0.032889 0.737704 371.678888 342.996033
52 53 61 0.640768 0.327961 0.031271 386.683876 315.520595
52 53 61 0.384929 0.514307 0.100764 394.315735 322.905415
53 62 61 0.930176 0.035568 0.034256 414.119988 320.103260
53 62 61 0.228613 0.226019 0.545367 390.295334 345.266030
53 62 61 0.234494 0.325192 0.440314 393.427900 343.102420
53 62 61 0.468752 0.096017 0.435231 396.050473 335.328023
53 62 61 0.217735 0.688268 0.093997 411.342038 342.533707
53 62 61 0.805025 0.131055 0.063921 418.004002 320.034553
53 62 61 0.507514 0.300593 0.191893 402.204737 334.880705
53 62 61 0.943295 0.046696 0.010008 414.071901 321.160821
53 62 61 0.884664 0.083802 0.031534 413.376399 325.044530
53 62 61 0.611030 0.127480 0.261490 400.894089 330.459767
54 55 63 0.213039 0.778305 0.008656 116.724135 356.092062
54 55 63 0.842016 0.015115 0.142869 87.520078 360.495967
54 55 63 0.000690 0.463520 0.535789 101.589231 371.211295
54 55 63 0.346256 0.137544 0.516201 95.231099 367.615738
54 55 63 0.633670 0.178663 0.187667 93.694396 360.156042
54 55 63 0.863670 0.026904 0.109426 87.545279 358.058484
54 55 63 0.597760 0.094422 0.307818 92.083024 364.909977
54 55 63 0.449184 0.432298 0.118518 104.242908 354.906862
54 55 63 0.458570 0.282444 0.258986 96.112233 363.590483
54 55 63 0.366654 0.228525 0.404821 97.591613 368.167721
55 64 63 0.751067 0.226572 0.022361 125.842671 360.476104
55 64 63 0.728955 0.127349 0.143696 119.751006 363.832159
55 64 63 0.363055 0.296223 0.340722 115.960501 375.128892
55 64 63 0.668315 0.249874 0.081811 125.272280 364.832082
55 64 63 0.981721 0.008218 0.010061 122.723024 354.125554
55 64 63 0.494698 0.243981 0.261321 116.156203 371.627031
55 64 63 0.393626 0.241891 0.364482 117.745653 373.391102
55 64 63 0.640978 0.276945 0.082076 120.447942 364.424713
55 64 63 0.774471 0.191843 0.033686 124.993889 358.686890
55 64 63 0.755133 0.210154 0.034714 122.916589 361.656285
55 56 64 0.320598 0.005307 0.674095 129.702755 372.033317
55 56 64 0.454785 0.009190 0.536025 128.733414 371.202542
55 56 64 0.830593 0.147944 0.021463 132.576182 354.941734
55 56 64 0.412410 0.491002 0.096588 145.029834 359.242957
55 56 64 0.430720 0.285413 0.283867 137.089918 362.589802
55 56 64 0.400643 0.481859 0.117498 142.799676 355.795012
55 56 64 0.094597 0.016793 0.888610 129.439672 379.489553
55 56 64 0.839284 0.058013 0.102703 128.202832 358.909782
55 56 64 0.156130 0.223938 0.619931 141.804700 370.504620
55 56 64 0.149565 0.075008 0.775427 136.894304 376.258146
56 65 64 0.101051 0.431670 0.467279 154.272899 378.816251
56 65 64 0.646001 0.190289 0.163709 165.171214 361.059824
56 65 64 0.205376 0.330524 0.464101 150.778294 378.539399
56 65 64 0.791331 0.167315 0.041354 167.302560 359.620259
56 65 64 0.194665 0.022266 0.783069 139.994308 378.838632
56 65 64 0.105612 0.475703 0.418685 153.297274 380.530058
56 65 64 0.343703 0.566621 0.089675 166.178899 376.775254
56 65 64 0.143951 0.387783 0.468265 152.061555 380.363058
56 65 64 0.389174 0.365990 0.244835 160.094413 373.174481
56 65 64 0.138441 0.630140 0.231419 161.040696 381.701447
56 57 65 0.163527 0.242559 0.593914 177.902190 370.706016
56 57 65 0.892559 0.049682 0.057758 168.615416 353.095174
56 57 65 0.512129 0.397538 0.090333 183.034370 356.421033
56 57 65 0.193842 0.278370 0.527788 179.095091 371.472829
56 57 65 0.960048 0.003260 0.036692 166.391530 357.900472
56 57 65 0.487438 0.453734 0.058828 185.548777 354.103111
56 57 65 0.889849 0.083030 0.027121 171.201627 355.786699
56 57 65 0.633554 0.017196 0.349250 166.469656 369.965840
56 57 65 0.521852 0.400555 0.077593 182.956933 359.529023
56 57 65 0.631095 0.048621 0.320284 167.390485 364.855244
57 66 65 0.130700 0.533751 0.335549 193.221933 381.153865
57 66 65 0.822405 0.077863 0.099732 201.298681 359.394334
57 66 65 0.001145 0.283510 0.715345 181.214298 384.156656
57 66 65 0.853482 0.085788 0.060730 207.419424 360.549393
57 66 65 0.561112 0.356684 0.082204 199.005800 369.848281
57 66 65 0.261505 0.228041 0.510454 189.381871 379.346061
57 66 65 0.305743 0.532844 0.161413 205.350738 372.406273
57 66 65 0.431714 0.277591 0.290695 196.359199 370.806565
57 66 65 0.911371 0.003651 0.084978 202.361318 355.008802
57 66 65 0.270947 0.660819 0.068234 205.692411 373.495735
57 58 66 0.686668 0.042578 0.270754 210.084642 360.403627
57 58 66 0.299464 0.322018 0.378519 220.467075 366.364045
57 58 66 0.902662 0.011788 0.085551 205.296106 357.392828
57 58 66 0.440319 0.074070 0.485611 208.242046 370.486183
57 58 66 0.635667 0.078270 0.286063 208.055334 361.949702
57 58 66 0.041919 0.956215 0.001866 241.868227 351.544694
57 58 66 0.989068 0.001783 0.009148 206.515382 355.473333
57 58 66 0.632407 0.328707 0.038886 221.843605 352.569965
57 58 66 0.503493 0.407573 0.088934 221.136287 356.420601
57 58 66 0.059396 0.559757 0.380847 226.256378 364.054481
58 67 66 0.376425 0.322657 0.300918 235.119932 371.337245
58 67 66 0.676293 0.003837 0.319871 235.926176 363.461243
58 67 66 0.425559 0.329150 0.245290 241.721568 369.144506
58 67 66 0.741495 0.163124 0.095381 242.627494 362.429250
58 67 66 0.907948 0.042604 0.049449 243.091108 354.492717
58 67 66 0.644968 0.012384 0.342648 232.947201 364.793659
58 67 66 0.187873 0.389999 0.422128 228.694131 370.925255
58 67 66 0.633226 0.004064 0.362710 232.760896 365.867202
58 67 66 0.449484 0.351327 0.199190 239.409534 367.721828
58 67 66 0.632923 0.100626 0.266452 235.400773 364.093248
58 59 67 0.544328 0.319247 0.136424 253.612577 354.703136
58 59 67 0.593425 0.053428 0.353147 249.305316 366.073365
58 59 67 0.383773 0.179582 0.436645 252.198175 368.707811
58 59 67 0.539210 0.349103 0.111688 257.043340 357.303662
58 59 67 0.803633 0.000195 0.196172 243.029030 361.487274
58 59 67 0.942292 0.042529 0.015180 245.955413 351.787084
58 59 67 0.990878 0.002833 0.006289 244.268590 354.233358
58 59 67 0.920546 0.046488 0.032966 244.533990 353.536296
58 59 67 0.004631 0.926438 0.068931 276.706561 354.565240
58 59 67 0.840872 0.114484 0.044644 250.886616 355.133037
59 68 67 0.216258 0.239585 0.544157 264.517072 379.458304
59 68 67 0.959185 0.028262 0.012554 288.788905 352.153322
59 68 67 0.006666 0.713155 0.280179 275.561224 382.823554
59 68 67 0.437006 0.406493 0.156500 281.429782 369.608185
59 68 67 0.112115 0.016068 0.871817 256.224937 377.833684
59 68 67 0.430502 0.077117 0.492381 262.953953 373.928193
59 68 67 0.572797 0.334108 0.093094 283.539415 367.229633
59 68 67 0.603667 0.027017 0.369316 271.094876 365.401079
59 68 67 0.003779 0.813770 0.182450 277.031776 383.975758
59 68 67 0.295798 0.148533 0.555669 263.253674 369.639647
59 60 68 0.524121 0.186224 0.289655 290.600722 363.115465
59 60 68 0.845515 0.023776 0.130708 290.848428 357.946127
59 60 68 0.100017 0.009114 0.890869 284.747662 383.075872
59 60 68 0.460693 0.296215 0.243092 297.641815 359.104151
59 60 68 0.679160 0.059547 0.261293 289.308802 364.539040
59 60 68 0.613330 0.081562 0.305108 289.291212 363.031960
59 60 68 0.256486 0.016999 0.726515 286.284619 375.009974
59 60 68 0.010535 0.069035 0.920430 286.020362 378.575442
59 60 68 0.044212 0.605832 0.349956 312.311377 362.949851
59 60 68 0.134923 0.104648 0.760429 290.011697 380.137160
60 69 68 0.928458 0.010547 0.060996 325.017753 355.806303
60 69 68 0.797311 0.034527 0.168162 319.102266 360.011773
60 69 68 0.275408 0.566467 0.158125 316.737047 376.392321
60 69 68 0.919577 0.026888 0.053535 324.678237 356.018118
60 69 68 0.939030 0.047154 0.013816 328.046154 356.245939
60 69 68 0.689790 0.216490 0.093720 322.312929 362.567170
60 69 68 0.931139 0.064716 0.004145 328.664893 355.660118
60 69 68 0.844087 0.123451 0.032462 324.522820 361.499860
60 69 68 0.278384 0.028016 0.693599 297.828328 376.831417
60 69 68 0.974843 0.020548 0.004609 330.345890 356.325791
60 61 69 0.767149 0.184961 0.047891 330.048847 356.149348
60 61 69 0.921954 0.049202 0.028844 331.237787 356.595266
60 61 69 0.337825 0.351615 0.310559 335.975730 361.306262
60 61 69 0.677549 0.272830 0.049620 332.859234 350.166415
60 61 69 0.062437 0.376691 0.560872 339.460409 372.917077
60 61 69 0.317476 0.678049 0.004475 353.201269 351.781433
60 61 69 0.656796 0.251674 0.091531 337.916890 357.901607
60 61 69 0.862176 0.020684 0.117139 323.658534 355.361073
60 61 69 0.831398 0.130813 0.037790 334.201639 351.396143
60 61 69 0.767622 0.003538 0.228840 326.905530 357.259563
61 70 69 0.218039 0.730167 0.051794 361.260040 382.424456
61 70 69 0.838360 0.054220 0.107420 365.069729 358.446685
61 70 69 0.978866 0.005063 0.016071 365.968670 354.766671
61 70 69 0.971020 0.007657 0.021323 368.993293 354.595345
61 70 69 0.220221 0.463519 0.316261 348.799881 375.295894
61 70 69 0.507810 0.346462 0.145728 360.708270 369.001936
61 70 69 0.332502 0.135936 0.531562 342.218122 371.806958
61 70 69 0.629958 0.155075 0.214966 357.142882 363.429891
61 70 69 0.275062 0.502596 0.222342 353.310399 376.111819
61 70 69 0.038626 0.595243 0.366131 348.554867 381.795385
61 62 70 0.489831 0.182800 0.327369 374.069598 363.740438
61 62 70 0.258508 0.679898 0.061594 397.473047 354.581291
61 62 70 0.936818 0.015993 0.047189 369.481555 354.738405
61 62 70 0.695925 0.020463 0.283613 365.528266 362.225113
61 62 70 0.869386 0.018733 0.111881 371.336162 357.758840
61 62 70 0.883316 0.090877 0.025808 370.577773 354.158200
61 62 70 0.469349 0.383710 0.146940 383.660688 358.058095
61 62 70 0.588733 0.265889 0.145378 379.502361 361.241348
61 62 70 0.868116 0.123878 0.008006 373.514452 351.372382
61 62 70 0.102293 0.640208 0.257498 392.917195 360.818329
62 71 70 0.959878 0.019390 0.020732 408.855370 355.336744
62 71 70 0.323958 0.052532 0.623510 377.987598 372.132197
62 71 70 0.426209 0.496160 0.077631 404.454613 368.616396
62 71 70 0.455168 0.117941 0.426890 389.490062 372.205264
62 71 70 0.237202 0.282742 0.480056 385.784422 374.810018
62 71 70 0.219348 0.078566 0.702086 379.217016 373.535243
62 71 70 0.123739 0.749539 0.126722 399.559433 376.429032
62 71 70 0.373536 0.215248 0.411216 391.820903 371.476563
62 71 70 0.409442 0.004428 0.586130 380.805448 368.619361
62 71 70 0.757815 0.194697 0.047489 403.471294 361.459525
63 64 72 0.309731 0.195905 0.494364 104.043414 393.243020
63 64 72 0.474207 0.247948 0.277845 107.353498 391.346370
63 64 72 0.277401 0.274555 0.448044 108.635365 391.202683
63 64 72 0.780457 0.138722 0.080821 98.744179 383.679535
63 64 72 0.972735 0.018014 0.009251 91.587110 380.040255
63 64 72 0.759759 0.072916 0.167326 94.717033 384.510723
63 64 72 0.531058 0.308468 0.160474 107.898482 385.503792
63 64 72 0.202027 0.380045 0.417928 115.359143 391.556391
63 64 72 0.802852 0.093571 0.103577 100.584991 386.459847
63 64 72 0.583598 0.240485 0.175917 107.746248 389.192539
64 73 72 0.331950 0.160518 0.507532 121.845736 396.928209
64 73 72 0.428583 0.086032 0.485385 117.536391 394.542118
64 73 72 0.656145 0.308573 0.035281 134.582872 385.220043
64 73 72 0.251019 0.481833 0.267148 126.689955 397.413118
64 73 72 0.752826 0.146746 0.100427 130.951210 390.173659
64 73 72 0.111964 0.234149 0.653887 118.287796 401.885162
64 73 72 0.912928 0.033839 0.053232 136.697445 383.246116
64 73 72 0.592718 0.052919 0.354363 127.036778 392.762061
64 73 72 0.147252 0.058004 0.794743 108.705046 398.504996
64 73 72 0.555214 0.053563 0.391223 117.824991 393.510218
64 65 73 0.862878 0.101215 0.035908 132.224199 382.287591
64 65 73 0.858232 0.066579 0.075189 134.402941 385.115766
64 65 73 0.682822 0.264232 0.052946 142.115812 385.502164
64 65 73 0.712397 0.250965 0.036638 140.128037 382.483292
64 65 73 0.012076 0.607335 0.380589 156.640481 394.365196
64 65 73 0.741853 0.120379 0.137767 140.057472 384.734780
64 65 73 0.523349 0.190978 0.285673 143.545855 388.445806
64 65 73 0.034274 0.605659 0.360068 159.582852 395.539991
64 65 73 0.845518 0.080574 0.073908 136.111818 386.803715
64 65 73 0.497906 0.388661 0.113433 147.185481 386.991940
65 74 73 0.545602 0.037384 0.417014 161.856388 393.423377
65 74 73 0.490956 0.125828 0.383216 160.967076 391.688281
65 74 73 0.527782 0.150823 0.321395 162.462437 394.474591
65 74 73 0.926185 0.057889 0.015926 167.712207 385.141311
65 74 73 0.150238 0.507673 0.342090 163.014121 400.108195
65 74 73 0.037488 0.322141 0.640371 151.752228 404.623820
65 74 73 0.754615 0.042267 0.203118 164.034522 389.982135
65 74 73 0.717388 0.068468 0.214144 167.390843 393.289263
65 74 73 0.186052 0.409025 0.404922 162.774350 400.495644
65 74 73 0.569060 0.304934 0.126006 164.720846 392.406412
65 66 74 0.886752 0.092957 0.020291 175.290239 383.871127
65 66 74 0.490920 0.500565 0.008515 189.432281 383.780601
65 66 74 0.553249 0.230396 0.216355 178.737386 386.309028
65 66 74 0.637385 0.331482 0.031133 184.564360 385.212550
65 66 74 0.244006 0.184445 0.571548 179.630484 394.784332
65 66 74 0.372987 0.038995 0.588017 173.456634 399.096536
65 66 74 0.358141 0.632894 0.008965 195.133578 384.795194
65 66 74 0.414541 0.180522 0.404936 177.612140 389.104149
65 66 74 0.727972 0.220865 0.051163 179.729596 383.405344
65 66 74 0.333272 0.487889 0.178839 189.570590 385.766682
66 75 74 0.899614 0.084759 0.015627 208.336845 389.093536
66 75 74 0.184830 0.733813 0.081356 211.629081 397.186484
66 75 74 0.832796 0.074610 0.092594 203.640507 388.737025
66 75 74 0.759710 0.127673 0.112617 204.635987 385.871582
66 75 74 0.093372 0.397664 0.508964 190.795253 401.559572
66 75 74 0.958955 0.003599 0.037446 204.025547 379.583942
66 75 74 0.163984 0.696639 0.139377 207.926645 400.990678
66 75 74 0.720599 0.239669 0.039732 206.716104 384.589631
66 75 74 0.567515 0.368812 0.063673 209.686298 395.403053
66 75 74 0.484381 0.078095 0.437525 196.175085 395.214752
66 67 75 0.152389 0.846122 0.001489 243.616693 383.189372
66 67 75 0.970157 0.002413 0.027429 210.871833 385.281486
66 67 75 0.591608 0.186003 0.222389 214.326230 387.737343
66 67 75 0.714846 0.147581 0.137573 213.895513 382.842669
66 67 75 0.935485 0.033769 0.030746 207.195439 381.386473
66 67 75 0.722067 0.119997 0.157936 211.316113 384.494694
66 67 75 0.777667 0.088193 0.134141 215.043843 385.418673
66 67 75 0.504255 0.338126 0.157619 223.287412 387.267859
66 67 75 0.149842 0.462230 0.387928 228.494683 390.853149
66 67 75 0.908572 0.031970 0.059458 208.926458 385.479666
67 76 75 0.086209 0.083268 0.830524 216.416995 401.185320
67 76 75 0.879404 0.077925 0.042671 243.585312 387.973074
67 76 75 0.002659 0.755988 0.241353 242.776672 403.392075
67 76 75 0.751980 0.188620 0.059401 246.848672 390.101904
67 76 75 0.220445 0.414755 0.364800 232.714832 399.111564
67 76 75 0.438308 0.324193 0.237500 237.896201 395.343265
67 76 75 0.766601 0.095151 0.138248 245.052263 387.155039
67 76 75 0.210483 0.762528 0.026989 245.331409 398.002933
67 76 75 0.494732 0.235226 0.270042 236.749509 392.178689
67 76 75 0.313745 0.384625 0.301630 237.384166 397.258560
67 68 76 0.737288 0.016180 0.246532 246.262471 388.733777
67 68 76 0.292204 0.460018 0.247777 263.781413 388.300748
67 68 76 0.140611 0.478904 0.380485 266.130527 390.910539
67 68 76 0.804438 0.182699 0.012863 255.255837 387.232380
67 68 76 0.244332 0.201915 0.553753 257.528222 394.660867
67 68 76 0.354376 0.487219 0.158404 268.787134 387.468222
67 68 76 0.588221 0.069293 0.342486 251.556090 388.366075
67 68 76 0.814925 0.050018 0.135058 249.316543 389.889686
67 68 76 0.158480 0.506693 0.334827 266.170937 392.563107
67 68 76 0.543334 0.092834 0.363832 249.488095 394.565853
68 77 76 0.985991 0.001396 0.012613 282.181920 382.355932
68 77 76 0.354050 0.414191 0.231758 275.324993 397.924447
68 77 76 0.745539 0.203926 0.050535 281.639089 387.816283
68 77 76 0.705550 0.178867 0.115583 279.574449 389.447486
68 77 76 0.154702 0.057445 0.787853 257.560793 400.629105
68 77 76 0.159046 0.704455 0.136499 280.060787 401.048430
68 77 76 0.862700 0.046819 0.090481 280.070212 386.051172
68 77 76 0.829098 0.043729 0.127173 277.938188 389.963431
68 77 76 0.206781 0.323244 0.469975 268.330531 400.342260
68 77 76 0.752280 0.198376 0.049343 283.753915 390.616844
68 69 77 0.676078 0.103126 0.220796 286.903138 388.392599
68 69 77 0.821871 0.152935 0.025193 289.859030 383.344039
68 69 77 0.150267 0.354187 0.495547 296.517356 397.408331
68 69 77 0.329129 0.488239 0.182632 302.792599 388.424563
68 69 77 0.063428 0.925354 0.011218 318.216837 383.369549
68 69 77 0.359692 0.094290 0.546018 286.086083 392.485857
68 69 77 0.123634 0.705308 0.171059 313.508854 386.870651
68 69 77 0.108051 0.464592 0.427357 303.366311 389.764751
68 69 77 0.240016 0.124516 0.635468 286.731222 397.764227
68 69 77 0.356342 0.367441 0.276217 299.055251 389.475619
69 78 77 0.794552 0.059682 0.145766 315.269074 385.929773
69 78 77 0.183775 0.046306 0.769919 292.451337 399.047774
69 78 77 0.594652 0.268728 0.136621 319.539105 390.533485
69 78 77 0.252431 0.422116 0.325453 307.685989 398.298546
69 78 77 0.595770 0.208311 0.195919 313.465915 391.575191
69 78 77 0.841985 0.095737 0.062278 315.919080 385.795184
69 78 77 0.396159 0.415821 0.188021 312.662017 396.395227
69 78 77 0.571628 0.214483 0.213889 312.026653 395.812737
69 78 77 0.779904 0.035635 0.184461 315.909211 389.548995
69 78 77 0.082760 0.598039 0.319200 314.075561 400.269784
69 70 78 0.171575 0.379794 0.448631 337.307998 391.680838
69 70 78 0.025865 0.403373 0.570762 336.514434 393.663760
69 70 78 0.066856 0.854682 0.078462 354.415294 383.754252
69 70 78 0.551442 0.104670 0.343888 320.130171 389.157804
69 70 78 0.452954 0.012749 0.534297 323.251333 388.780688
69 70 78 0.023453 0.499595 0.476951 339.590533 391.294732
69 70 78 0.876537 0.015282 0.108181 320.489703 383.635874
69 70 78 0.390275 0.411318 0.198407 337.229098 388.084297
69 70 78 0.534404 0.298545 0.167051 333.452867 384.669319
69 70 78 0.229513 0.420919 0.349568 336.291787 390.444677
70 79 78 0.425823 0.268913 0.305264 349.399510 393.874494
70 79 78 0.082144 0.128599 0.789258 329.362537 400.619835
70 79 78 0.351552 0.017639 0.630809 335.594370 395.942229
70 79 78 0.812416 0.090895 0.096689 358.255992 383.695125
70 79 78 0.187006 0.531388 0.281606 348.690564 401.548534
70 79 78 0.855557 0.078782 0.065661 359.858693 385.721646
70 79 78 0.837378 0.128176 0.034446 359.028561 384.547358
70 79 78 0.942068 0.030711 0.027221 363.511981 384.209560
70 79 78 0.251669 0.004993 0.743338 327.947512 393.862364
70 79 78 0.848023 0.099968 0.052008 357.954460 383.988254
70 71 79 0.122673 0.485925 0.391401 378.929893 390.873377
70 71 79 0.081291 0.060558 0.858151 361.829248 395.452625
70 71 79 0.024262 0.372980 0.602758 374.244935 393.162449
70 71 79 0.112782 0.257340 0.629878 367.882631 392.518403
70 71 79 0.638591 0.342421 0.018989 376.950918 381.772224
70 71 79 0.772311 0.179468 0.048221 366.964561 383.084412
70 71 79 0.075564 0.911614 0.012823 397.366620 380.569031
70 71 79 0.867839 0.068429 0.063732 364.908391 381.653454
70 71 79 0.183962 0.576737 0.239301 383.752799 387.756473
70 71 79 0.386074 0.294791 0.319135 369.230795 391.744411
71 80 79 0.206098 0.031700 0.762202 365.269794 396.050609
71 80 79 0.991700 0.001044 0.007256 405.514616 380.174049
71 80 79 0.063402 0.707812 0.228786 385.443933 398.800941
71 80 79 0.879251 0.078703 0.042046 402.487603 378.037618
71 80 79 0.758185 0.184939 0.056876 397.582953 387.849087
71 80 79 0.192650 0.214674 0.592676 374.874426 395.979618
71 80 79 0.884432 0.088040 0.027528 400.945421 385.721807
71 80 79 0.322165 0.110163 0.567672 374.643397 397.693355
71 80 79 0.065576 0.380335 0.554088 371.468365 397.419566
71 80 79 0.239432 0.721684 0.038884 394.388581 397.464118
