0 1 9 0.685421 0.313962 0.000618 97.540407 142.830793
0 1 9 0.775716 0.097230 0.127055 93.278801 144.741629
0 1 9 0.458696 0.332117 0.209187 100.897646 144.182399
0 1 9 0.691698 0.108858 0.199444 93.700116 152.305054
0 1 9 0.472365 0.243691 0.283943 90.943760 149.098053
0 1 9 0.661315 0.261120 0.077566 97.636645 143.061494
0 1 9 0.621526 0.201821 0.176652 94.992358 149.785465
0 1 9 0.053514 0.547233 0.399254 108.090139 152.318805
0 1 9 0.827511 0.067025 0.105464 89.951077 144.644204
0 1 9 0.673734 0.031302 0.294964 84.127681 149.460829
1 10 9 0.242051 0.485772 0.272177 109.157120 160.460361
1 10 9 0.556577 0.227010 0.216413 115.805410 151.516882
1 10 9 0.385155 0.563948 0.050897 122.076741 155.223758
1 10 9 0.694622 0.028800 0.276578 113.637511 152.607833
1 10 9 0.105581 0.709939 0.184480 115.116321 163.962458
1 10 9 0.341271 0.504446 0.154284 119.851133 158.816056
1 10 9 0.189120 0.110016 0.700864 92.017711 161.152205
1 10 9 0.163926 0.306399 0.529675 101.452108 163.567244
1 10 9 0.025400 0.253982 0.720618 89.740246 168.613721
1 10 9 0.175142 0.270639 0.554218 100.366861 162.780218
1 2 10 0.418535 0.409428 0.172036 143.201868 148.446879
1 2 10 0.823411 0.038255 0.138334 128.797243 143.054049
1 2 10 0.608758 0.138262 0.252980 133.001244 148.481175
1 2 10 0.215534 0.116543 0.667923 128.678885 158.428341
1 2 10 0.301685 0.431971 0.266344 145.990621 149.495391
1 2 10 0.325881 0.023733 0.650386 128.066327 160.786885
1 2 10 0.393685 0.382441 0.223874 143.911770 147.242992
1 2 10 0.813771 0.018847 0.167382 125.995623 143.912213
1 2 10 0.661342 0.197988 0.140670 132.660139 145.374145
1 2 10 0.492614 0.025840 0.481547 127.812858 148.782942
2 11 10 0.117088 0.494129 0.388783 146.817814 163.109428
2 11 10 0.092537 0.028399 0.879064 128.289305 164.224695
2 11 10 0.122074 0.776762 0.101164 158.643989 165.010712
2 11 10 0.313978 0.610317 0.075705 161.146779 160.871737
2 11 10 0.141830 0.103674 0.754495 133.779584 165.575562
2 11 10 0.080291 0.305057 0.614652 135.280558 166.102155
2 11 10 0.981740 0.008982 0.009279 163.845616 143.615387
2 11 10 0.931848 0.042520 0.025632 165.691377 145.049919
2 11 10 0.367880 0.292329 0.339790 147.972488 160.798672
2 11 10 0.148838 0.235885 0.615278 134.953726 162.613568
2 3 11 0.137225 0.340885 0.521890 178.472010 151.424157
2 3 11 0.533358 0.137633 0.329008 168.158509 150.231293
2 3 11 0.758344 0.015711 0.225945 165.853921 147.270401
2 3 11 0.665051 0.178857 0.156092 175.609539 147.453031
2 3 11 0.909521 0.029563 0.060916 167.865793 142.750368
2 3 11 0.164629 0.404986 0.430384 183.811901 152.190479
2 3 11 0.481899 0.056638 0.461463 165.800667 156.543506
2 3 11 0.213332 0.268935 0.517733 176.418371 153.283720
2 3 11 0.830323 0.004127 0.165550 164.586746 145.186389
2 3 11 0.949782 0.037562 0.012656 167.207845 143.145783
3 12 11 0.437686 0.176256 0.386057 190.177833 154.953833
3 12 11 0.499182 0.310703 0.190115 199.760345 156.268512
3 12 11 0.850718 0.132899 0.016382 200.551298 145.628177
3 12 11 0.544353 0.042605 0.413042 186.344301 153.738428
3 12 11 0.436710 0.031843 0.531447 179.768358 156.193545
3 12 11 0.165688 0.074183 0.760130 172.322824 160.791909
3 12 11 0.315053 0.638765 0.046182 201.744228 160.000900
3 12 11 0.564825 0.077928 0.357247 190.406432 149.824277
3 12 11 0.803027 0.157465 0.039509 201.145218 147.220061
3 12 11 0.267058 0.694184 0.038758 200.719736 159.148792
3 4 12 0.142502 0.696377 0.161120 230.160034 146.623119
3 4 12 0.986169 0.006498 0.007333 207.566335 142.603045
3 4 12 0.370458 0.037963 0.591579 202.598827 157.772838
3 4 12 0.906694 0.057069 0.036238 205.710232 146.770155
3 4 12 0.149108 0.420088 0.430804 221.304251 151.643890
3 4 12 0.424961 0.466086 0.108953 221.801582 144.069652
3 4 12 0.310659 0.101733 0.587608 204.963963 157.043052
3 4 12 0.676373 0.023801 0.299826 206.552717 152.495079
3 4 12 0.344269 0.484872 0.170859 221.074249 146.753371
3 4 12 0.506369 0.245368 0.248262 215.197137 147.596710
4 13 12 0.638106 0.152524 0.209370 235.903007 150.466657
4 13 12 0.339456 0.181039 0.479505 224.023346 156.810675
4 13 12 0.962357 0.019052 0.018591 240.508982 145.702781
4 13 12 0.029054 0.490151 0.480795 226.169576 165.126883
4 13 12 0.324909 0.607579 0.067512 240.858389 158.799017
4 13 12 0.430986 0.023467 0.545547 221.347525 154.485256
4 13 12 0.385422 0.352852 0.261726 233.404485 158.394782
4 13 12 0.589423 0.051730 0.358848 226.573531 151.870709
4 13 12 0.280965 0.256017 0.463018 224.680818 160.074632
4 13 12 0.143844 0.706080 0.150076 236.789202 167.224740
4 5 13 0.067382 0.219685 0.712933 250.425693 160.383414
4 5 13 0.300215 0.399873 0.299913 256.175131 147.894137
4 5 13 0.999749 0.000141 0.000110 243.413679 143.248834
4 5 13 0.205123 0.710140 0.084737 270.537685 144.047955
4 5 13 0.695505 0.020967 0.283527 242.908938 151.188128
4 5 13 0.841355 0.124931 0.033714 243.928616 144.504430
4 5 13 0.297081 0.145475 0.557444 248.027198 157.709652
4 5 13 0.385817 0.275398 0.338785 253.375832 149.651671
4 5 13 0.559621 0.432786 0.007593 257.670915 143.516550
4 5 13 0.137431 0.104248 0.758321 246.253180 160.213378
5 14 13 0.362718 0.631182 0.006101 284.324115 156.866481
5 14 13 0.896037 0.065643 0.038321 281.397088 150.835975
5 14 13 0.643307 0.000190 0.356503 266.043797 152.708899
5 14 13 0.576980 0.208534 0.214486 275.303260 154.006550
5 14 13 0.384791 0.083242 0.531967 264.392820 157.951736
5 14 13 0.325990 0.554261 0.119750 276.070857 159.002180
5 14 13 0.425714 0.209856 0.364430 268.855941 154.101064
5 14 13 0.154135 0.650606 0.195259 276.602669 162.600257
5 14 13 0.975035 0.002462 0.022503 278.172104 144.547884
5 14 13 0.863342 0.007906 0.128752 274.143382 145.545596
5 6 14 0.137994 0.521122 0.340884 305.389750 152.563701
5 6 14 0.994445 0.004350 0.001206 282.746810 142.327848
5 6 14 0.527613 0.049552 0.422835 282.735046 152.604445
5 6 14 0.072075 0.410383 0.517542 300.650235 158.397880
5 6 14 0.256414 0.211892 0.531694 292.483507 157.572361
5 6 14 0.480130 0.129796 0.390074 288.765816 150.199061
5 6 14 0.143116 0.515104 0.341779 304.565310 151.128659
5 6 14 0.614722 0.378145 0.007133 296.727308 145.398680
5 6 14 0.894039 0.103189 0.002771 289.503664 145.697206
5 6 14 0.686022 0.293061 0.020917 295.456242 145.872242
6 15 14 0.554580 0.050267 0.395152 308.659906 154.027135
6 15 14 0.604520 0.121125 0.274355 312.663737 154.368326
6 15 14 0.219841 0.739017 0.041142 322.481696 163.170019
6 15 14 0.738058 0.100492 0.161450 314.899153 148.417634
6 15 14 0.970479 0.016386 0.013135 320.864251 145.757031
6 15 14 0.715480 0.012301 0.272219 310.456011 147.615289
6 15 14 0.698019 0.010279 0.291702 309.491179 150.860262
6 15 14 0.771834 0.043223 0.184943 312.269410 151.129819
6 15 14 0.596435 0.138239 0.265326 314.048655 156.780945
6 15 14 0.259203 0.024169 0.716629 297.019482 159.889193
6 7 15 0.804932 0.074131 0.120937 324.109285 146.120233
6 7 15 0.081320 0.249053 0.669627 334.032748 162.562987
6 7 15 0.067177 0.643415 0.289408 342.472637 153.465441
6 7 15 0.853876 0.030866 0.115258 323.820852 148.890407
6 7 15 0.901413 0.082317 0.016270 321.712997 144.029252
6 7 15 0.828889 0.113122 0.057989 322.404449 145.111639
6 7 15 0.926353 0.039019 0.034627 319.694014 140.183361
6 7 15 0.632966 0.191836 0.175198 326.217841 144.848679
6 7 15 0.434250 0.456363 0.109388 337.488493 149.059795
6 7 15 0.996383 0.001002 0.002615 317.783996 145.128816
7 16 15 0.666610 0.025347 0.308043 351.157537 154.760231
7 16 15 0.868253 0.004354 0.127393 350.973651 147.967801
7 16 15 0.833230 0.075450 0.091320 355.217667 149.532891
7 16 15 0.621332 0.355360 0.023308 359.184773 152.414053
7 16 15 0.752294 0.164458 0.083249 358.322152 152.594497
7 16 15 0.079958 0.123197 0.796845 336.154043 168.523088
7 16 15 0.229339 0.455273 0.315388 353.201727 164.107530
7 16 15 0.741887 0.071703 0.186410 356.123516 148.345505
7 16 15 0.762392 0.115703 0.121906 355.120136 153.071820
7 16 15 0.756492 0.156788 0.086720 356.557119 153.122173
7 8 16 0.150863 0.575754 0.273383 383.063219 150.617730
7 8 16 0.592344 0.225455 0.182201 363.393559 149.444490
7 8 16 0.267785 0.000521 0.731693 363.560264 160.995119
7 8 16 0.425347 0.469820 0.104834 373.231469 149.057168
7 8 16 0.589816 0.241335 0.168849 367.087717 149.573392
7 8 16 0.520298 0.097160 0.382543 367.206810 156.254561
7 8 16 0.800561 0.029083 0.170355 354.861478 148.298046
7 8 16 0.806671 0.145314 0.048015 366.329789 149.120290
7 8 16 0.517552 0.370706 0.111742 370.454053 148.408057
7 8 16 0.146033 0.249416 0.604551 371.664761 159.235286
8 17 16 0.261901 0.031509 0.706590 373.577679 159.588721
8 17 16 0.869592 0.031014 0.099394 394.165254 150.965020
8 17 16 0.478557 0.159437 0.362006 385.290582 156.337029
8 17 16 0.325255 0.542405 0.132340 395.352563 156.452481
8 17 16 0.686843 0.146715 0.166441 392.095431 154.970142
8 17 16 0.206673 0.090928 0.702399 375.712785 159.806080
8 17 16 0.440197 0.447472 0.112332 395.368664 157.568356
8 17 16 0.889677 0.030962 0.079361 388.261242 151.673934
8 17 16 0.574278 0.204967 0.220755 392.942091 153.664161
8 17 16 0.183731 0.490235 0.326034 388.540984 163.412724
9 10 18 0.488273 0.229792 0.281935 84.301160 180.331069
9 10 18 0.360157 0.560246 0.079596 101.062453 166.931638
9 10 18 0.252681 0.480119 0.267200 98.485944 172.790022
9 10 18 0.536126 0.052983 0.410891 76.673297 184.870411
9 10 18 0.939235 0.049623 0.011142 75.911128 166.513821
9 10 18 0.567424 0.240597 0.191979 87.247639 175.292613
9 10 18 0.068226 0.078915 0.852859 76.879416 197.263618
9 10 18 0.584773 0.013114 0.402113 76.281886 180.617274
9 10 18 0.091805 0.273834 0.634361 86.071942 188.238746
9 10 18 0.474888 0.465902 0.059210 99.052725 166.819157
10 19 18 0.513685 0.273441 0.212874 110.473144 184.170681
10 19 18 0.963331 0.002807 0.033862 119.420057 168.507813
10 19 18 0.621079 0.328335 0.050587 112.957349 181.212771
10 19 18 0.939497 0.035848 0.024655 122.356244 167.091785
10 19 18 0.608281 0.009352 0.382367 102.245926 177.779088
10 19 18 0.658771 0.135471 0.205757 108.763058 178.806813
10 19 18 0.259877 0.201910 0.538213 93.225818 193.007789
10 19 18 0.466531 0.505275 0.028194 112.936759 185.029888
10 19 18 0.793143 0.007624 0.199233 109.114708 174.173091
10 19 18 0.571376 0.227957 0.200667 108.399249 183.248488
10 11 19 0.880107 0.100398 0.019495 124.513579 169.986224
10 11 19 0.712430 0.118518 0.169052 122.609178 174.446376
10 11 19 0.071696 0.629000 0.299304 140.651733 178.338927
10 11 19 0.553134 0.323155 0.123710 134.418297 172.668779
10 11 19 0.866158 0.122193 0.011650 127.184409 165.472068
10 11 19 0.931597 0.051270 0.017133 120.180928 166.663880
10 11 19 0.912525 0.056731 0.030744 125.383467 171.347879
10 11 19 0.066415 0.900445 0.033140 155.316413 168.191911
10 11 19 0.042109 0.131788 0.826103 119.929208 195.970536
10 11 19 0.350555 0.202882 0.446563 124.992971 179.871459
11 20 19 0.394082 0.055606 0.550312 135.621515 184.331062
11 20 19 0.081083 0.197160 0.721757 124.793501 202.285070
11 20 19 0.997426 0.000387 0.002187 162.833816 168.050690
11 20 19 0.366083 0.564198 0.069719 155.171571 189.983897
11 20 19 0.721924 0.129145 0.148931 155.109503 178.302777
11 20 19 0.010676 0.359363 0.629962 129.812709 206.997049
11 20 19 0.468541 0.177953 0.353506 144.413309 188.390196
11 20 19 0.461756 0.217431 0.320812 145.355033 185.550388
11 20 19 0.118841 0.498291 0.382868 141.412922 200.766056
11 20 19 0.779098 0.086860 0.134042 156.368451 176.684843
11 12 20 0.610349 0.148302 0.241349 165.504980 174.655247
11 12 20 0.287260 0.116317 0.596423 162.500674 188.866355
11 12 20 0.180684 0.176931 0.642384 167.579643 188.787311
11 12 20 0.072601 0.665263 0.262136 186.483929 175.502141
11 12 20 0.004245 0.448942 0.546812 176.584945 184.300895
11 12 20 0.323259 0.462508 0.214233 180.350023 179.670206
11 12 20 0.383040 0.474351 0.142609 177.375026 174.094794
11 12 20 0.459796 0.380138 0.160066 177.691810 172.488739
11 12 20 0.519037 0.061296 0.419666 162.918887 183.551997
11 12 20 0.781215 0.059660 0.159125 164.207788 175.195298
12 21 20 0.631627 0.268979 0.099394 195.853284 181.299128
12 21 20 0.972913 0.013850 0.013237 203.979135 170.536565
12 21 20 0.738891 0.115825 0.145284 195.319555 175.562787
12 21 20 0.215017 0.057899 0.727084 169.949078 195.279064
12 21 20 0.465398 0.400778 0.133824 194.763434 188.882689
12 21 20 0.558394 0.076637 0.364969 186.599827 184.505902
12 21 20 0.325835 0.429535 0.244630 191.786975 192.440725
12 21 20 0.095066 0.572717 0.332217 184.895763 201.191812
12 21 20 0.419712 0.037503 0.542785 175.815880 189.266041
12 21 20 0.489572 0.311897 0.198531 194.776006 182.650522
12 13 21 0.769659 0.032867 0.197474 206.808378 173.963387
12 13 21 0.532674 0.162909 0.304417 208.014672 178.511144
12 13 21 0.426695 0.007820 0.565485 201.755721 188.523655
12 13 21 0.524211 0.053705 0.422084 201.937280 180.983857
12 13 21 0.600606 0.046848 0.352546 204.257296 179.721098
12 13 21 0.956780 0.039801 0.003418 206.568235 165.600163
12 13 21 0.137855 0.046252 0.815893 201.755333 190.169711
12 13 21 0.601085 0.306410 0.092506 214.497803 171.310361
12 13 21 0.628179 0.148180 0.223641 212.047169 176.620436
12 13 21 0.292293 0.426149 0.281558 216.007428 175.399820
13 22 21 0.697961 0.009099 0.292940 231.619413 179.107539
13 22 21 0.111011 0.360363 0.528626 219.181729 200.489183
13 22 21 0.049154 0.920791 0.030055 241.484960 200.408605
13 22 21 0.084757 0.376707 0.538536 219.535126 200.187359
13 22 21 0.327002 0.229239 0.443759 221.992818 188.005977
13 22 21 0.853975 0.061682 0.084343 239.876838 173.776048
13 22 21 0.656610 0.149527 0.193863 230.217847 178.118560
13 22 21 0.041924 0.579313 0.378763 223.871938 201.116124
13 22 21 0.511153 0.305117 0.183729 233.924453 181.570891
13 22 21 0.149032 0.312083 0.538885 216.956490 196.276764
13 14 22 0.271190 0.456188 0.272622 265.008688 178.445435
13 14 22 0.000568 0.990425 0.009007 285.872976 167.834569
13 14 22 0.457004 0.026969 0.516027 241.517201 186.450911
13 14 22 0.321415 0.110086 0.568499 249.063548 184.571456
13 14 22 0.527581 0.328751 0.143668 256.591270 173.515631
13 14 22 0.568999 0.107009 0.323991 248.380626 178.609116
13 14 22 0.913892 0.025891 0.060217 243.286879 171.605693
13 14 22 0.518180 0.131329 0.350491 251.356041 178.997768
13 14 22 0.959390 0.004057 0.036552 244.701594 167.977283
13 14 22 0.039873 0.807464 0.152662 278.196148 173.326242
14 23 22 0.534263 0.265710 0.200027 276.837709 179.030283
14 23 22 0.559789 0.178243 0.261968 273.148132 181.846709
14 23 22 0.827285 0.022131 0.150583 279.782360 171.606851
14 23 22 0.255104 0.662081 0.082814 284.028886 194.850773
14 23 22 0.476974 0.049284 0.473741 270.270996 187.068422
14 23 22 0.357945 0.155767 0.486288 262.574247 188.861051
14 23 22 0.963363 0.013119 0.023519 282.131811 169.071252
14 23 22 0.712077 0.114217 0.173705 281.005824 174.672027
14 23 22 0.195162 0.288281 0.516557 262.294774 195.829192
14 23 22 0.093866 0.144256 0.761879 252.655087 198.012524
14 15 23 0.546769 0.173901 0.279331 296.255378 178.017268
14 15 23 0.004096 0.377715 0.618189 304.673869 191.390210
14 15 23 0.263548 0.177944 0.558508 295.553052 190.697629
14 15 23 0.294018 0.569511 0.136471 307.613836 173.252497
14 15 23 0.765780 0.085271 0.148949 290.458925 169.111618
14 15 23 0.633766 0.051767 0.314467 287.009712 178.756148
14 15 23 0.540904 0.112974 0.346122 292.709918 177.942276
14 15 23 0.067580 0.096624 0.835796 289.538930 199.638562
14 15 23 0.306606 0.625281 0.068114 312.279815 169.998350
14 15 23 0.061500 0.369565 0.568935 303.881908 190.374386
15 24 23 0.473382 0.304499 0.222119 317.926462 183.907384
15 24 23 0.921414 0.000240 0.078346 325.248363 168.283975
15 24 23 0.160952 0.109558 0.729490 301.533561 196.510528
15 24 23 0.665614 0.046789 0.287597 310.676808 181.656599
15 24 23 0.930399 0.044312 0.025288 325.273622 173.658863
15 24 23 0.774091 0.220878 0.005031 322.510314 178.475264
15 24 23 0.030660 0.459434 0.509905 310.206175 201.312698
15 24 23 0.568110 0.196597 0.235293 316.735091 186.526295
15 24 23 0.952157 0.016777 0.031065 321.660634 170.120708
15 24 23 0.798647 0.104412 0.096941 324.332878 172.962092
15 16 24 0.953919 0.041060 0.005022 330.245800 169.977277
15 16 24 0.633657 0.126276 0.240067 330.263942 177.590428
15 16 24 0.208292 0.252622 0.539085 339.824901 184.789693
15 16 24 0.499250 0.114868 0.385882 331.240355 178.001871
15 16 24 0.121080 0.859468 0.019452 360.764324 165.513205
15 16 24 0.557958 0.139273 0.302768 332.883698 181.409046
15 16 24 0.906928 0.082105 0.010967 327.504114 173.393934
15 16 24 0.378882 0.509491 0.111627 347.538795 172.374276
15 16 24 0.133442 0.801104 0.065453 361.590315 173.033174
15 16 24 0.619392 0.082367 0.298241 332.155923 177.464025
16 25 24 0.814810 0.016064 0.169127 365.260109 174.389073
16 25 24 0.178935 0.702634 0.118431 365.343637 195.195130
16 25 24 0.131554 0.164355 0.704091 343.014732 200.743109
16 25 24 0.588335 0.305119 0.106546 364.816203 179.555884
16 25 24 0.360060 0.043401 0.596539 347.435446 189.730256
16 25 24 0.137476 0.049415 0.813109 336.882297 196.599179
16 25 24 0.306497 0.468391 0.225112 361.161608 189.720713
16 25 24 0.011534 0.769512 0.218954 360.812947 199.235379
16 25 24 0.321382 0.252305 0.426313 354.046572 191.543642
16 25 24 0.128710 0.404042 0.467248 351.628786 195.265762
16 17 25 0.529977 0.361732 0.108291 379.814911 165.421360
16 17 25 0.742342 0.141439 0.116219 371.818624 173.241890
16 17 25 0.745951 0.212930 0.041119 378.218112 171.396854
16 17 25 0.512475 0.372745 0.114780 384.098095 166.650136
16 17 25 0.289326 0.118783 0.591892 374.052801 182.176508
16 17 25 0.950131 0.011558 0.038311 372.362339 172.907278
16 17 25 0.499654 0.040920 0.459426 370.768876 183.339007
16 17 25 0.951220 0.019464 0.029316 368.721436 169.965694
16 17 25 0.877368 0.085261 0.037371 371.270649 169.022035
16 17 25 0.773717 0.061709 0.164574 372.272818 169.046060
17 26 25 0.768736 0.043104 0.188161 396.605455 175.910229
17 26 25 0.768718 0.225989 0.005294 407.792593 172.938377
17 26 25 0.516154 0.374587 0.109260 400.424216 185.215710
17 26 25 0.448471 0.550981 0.000548 407.760726 184.942338
17 26 25 0.955194 0.011265 0.033541 404.604434 171.591225
17 26 25 0.697817 0.165697 0.136486 403.212160 178.899644
17 26 25 0.800484 0.063993 0.135524 402.315249 174.702758
17 26 25 0.021740 0.255507 0.722754 382.791972 199.719285
17 26 25 0.715060 0.102743 0.182197 394.958293 179.460029
17 26 25 0.081337 0.524258 0.394405 397.467961 197.248494
18 19 27 0.629114 0.245428 0.125458 83.423184 210.233616
18 19 27 0.671342 0.062815 0.265842 77.037721 214.781413
18 19 27 0.727944 0.235368 0.036688 80.587638 207.210731
18 19 27 0.668621 0.175055 0.156323 80.900524 209.602600
18 19 27 0.292397 0.192622 0.514981 81.699121 227.099511
18 19 27 0.339232 0.544767 0.116001 92.411060 212.206002
18 19 27 0.778458 0.083118 0.138425 77.158030 212.993979
18 19 27 0.991407 0.002258 0.006336 71.604784 205.714076
18 19 27 0.517321 0.405695 0.076984 87.895737 206.575310
18 19 27 0.728888 0.212752 0.058360 83.353985 207.354545
19 28 27 0.761045 0.062730 0.176225 107.444082 212.796337
19 28 27 0.834494 0.004109 0.161397 105.789728 213.163860
19 28 27 0.829385 0.059808 0.110807 111.388577 214.066105
19 28 27 0.183098 0.554606 0.262296 102.477396 243.085183
19 28 27 0.965030 0.005562 0.029408 111.664563 204.832435
19 28 27 0.865685 0.014220 0.120095 106.972466 210.136861
19 28 27 0.254911 0.739755 0.005334 111.457039 233.651193
19 28 27 0.214992 0.483937 0.301071 100.631770 240.083008
19 28 27 0.124379 0.842555 0.033066 112.018896 243.419759
19 28 27 0.548794 0.251881 0.199325 107.408200 223.687596
19 20 28 0.670433 0.309914 0.019653 127.619387 205.135000
19 20 28 0.313386 0.244159 0.442455 121.846333 227.366068
19 20 28 0.985073 0.002282 0.012644 111.842130 203.717398
19 20 28 0.170900 0.446288 0.382812 133.712666 223.632257
19 20 28 0.666326 0.012524 0.321150 113.824122 219.674087
19 20 28 0.376589 0.026772 0.596639 115.696124 230.413098
19 20 28 0.321654 0.265891 0.412455 124.072459 220.654174
19 20 28 0.860248 0.099630 0.040122 116.503076 206.941715
19 20 28 0.408489 0.402326 0.189185 129.572648 214.984501
19 20 28 0.165381 0.304481 0.530139 124.260086 226.939000
20 29 28 0.925194 0.056725 0.018082 156.648911 205.991067
20 29 28 0.914601 0.077280 0.008118 160.290629 209.603471
20 29 28 0.477651 0.506534 0.015814 156.251848 227.271720
20 29 28 0.245446 0.536861 0.217693 146.341324 237.680048
20 29 28 0.563900 0.161800 0.274300 147.403740 222.278208
20 29 28 0.614845 0.370575 0.014580 156.233098 218.206017
20 29 28 0.977074 0.021590 0.001335 153.404686 205.185594
20 29 28 0.136763 0.185748 0.677488 127.077030 242.604716
20 29 28 0.280949 0.232084 0.486967 137.170331 238.892632
20 29 28 0.080301 0.470477 0.449222 140.393211 246.270080
20 21 29 0.449589 0.374186 0.176225 170.626937 215.270537
20 21 29 0.209451 0.289269 0.501280 169.515856 225.587613
20 21 29 0.091735 0.357752 0.550512 170.708038 223.776660
20 21 29 0.878015 0.035611 0.086375 156.940464 212.971835
20 21 29 0.437023 0.352399 0.210578 175.195122 211.765248
20 21 29 0.153279 0.366425 0.480296 170.629401 224.330384
20 21 29 0.809948 0.075643 0.114409 159.453261 210.939409
20 21 29 0.142556 0.654074 0.203370 183.632362 212.588065
20 21 29 0.995323 0.004277 0.000400 158.246856 204.345952
20 21 29 0.871416 0.104167 0.024416 164.167813 205.263382
21 30 29 0.985340 0.003672 0.010989 199.510744 202.646981
21 30 29 0.912037 0.005832 0.082131 195.036454 209.844053
21 30 29 0.323122 0.215007 0.461871 180.735485 232.464137
21 30 29 0.940052 0.012642 0.047307 195.054728 203.354750
21 30 29 0.208801 0.675101 0.116098 196.695212 235.913270
21 30 29 0.254145 0.738006 0.007849 201.074721 234.325208
21 30 29 0.260758 0.426928 0.312314 189.160953 236.860247
21 30 29 0.472819 0.341033 0.186147 196.427272 230.303943
21 30 29 0.775068 0.049555 0.175376 195.227870 213.991888
21 30 29 0.176619 0.243450 0.579931 178.052423 242.529330
21 22 30 0.844698 0.057568 0.097734 199.675702 208.837653
21 22 30 0.991343 0.005172 0.003485 199.768864 206.706256
21 22 30 0.642015 0.315073 0.042912 214.716949 204.366781
21 22 30 0.963079 0.021705 0.015216 201.440238 201.423713
21 22 30 0.291111 0.129689 0.579200 204.438803 228.027522
21 22 30 0.124527 0.201299 0.674174 210.424209 232.747101
21 22 30 0.335147 0.629266 0.035588 225.610589 205.585125
21 22 30 0.804856 0.132230 0.062914 204.977369 205.114482
21 22 30 0.617141 0.070785 0.312074 201.412161 219.926638
21 22 30 0.921136 0.035468 0.043396 198.879356 205.756772
22 31 30 0.540059 0.377132 0.082809 236.712248 222.921529
22 31 30 0.292096 0.314424 0.393480 228.016318 237.211842
22 31 30 0.252027 0.622745 0.125228 237.282981 237.583478
22 31 30 0.181972 0.753510 0.064517 240.517237 240.278549
22 31 30 0.360150 0.208780 0.431071 223.418684 230.188391
22 31 30 0.021961 0.657536 0.320503 225.275656 246.747230
22 31 30 0.128376 0.018102 0.853522 211.859278 238.129526
22 31 30 0.605945 0.000677 0.393379 227.009614 220.689953
22 31 30 0.041739 0.859739 0.098522 240.575672 243.261970
22 31 30 0.572420 0.281149 0.146431 237.029468 220.955726
22 23 31 0.313890 0.380207 0.305903 261.136506 213.058792
22 23 31 0.466666 0.047518 0.485817 245.224249 222.008320
22 23 31 0.862394 0.007510 0.130096 242.412044 206.483172
22 23 31 0.081910 0.201125 0.716965 252.391638 235.276693
22 23 31 0.441791 0.271039 0.287170 253.628440 215.020392
22 23 31 0.933739 0.014894 0.051367 242.817533 202.955558
22 23 31 0.874502 0.087002 0.038496 245.511542 201.375839
22 23 31 0.381844 0.600123 0.018033 267.317229 199.638588
22 23 31 0.973429 0.001135 0.025436 242.798811 200.796597
22 23 31 0.167020 0.023144 0.809836 244.281942 236.844734
23 32 31 0.470751 0.307639 0.221610 277.901929 222.484029
23 32 31 0.903399 0.023723 0.072878 285.901327 202.417970
23 32 31 0.897405 0.097943 0.004652 287.203334 210.356252
23 32 31 0.797717 0.094517 0.107766 283.123131 212.657645
23 32 31 0.940334 0.040773 0.018893 289.129098 204.071293
23 32 31 0.116617 0.072527 0.810856 251.522806 241.251618
23 32 31 0.164175 0.745686 0.090139 283.244795 238.352589
23 32 31 0.292707 0.395552 0.311741 274.982259 236.096573
23 32 31 0.639840 0.344853 0.015307 287.449076 220.358800
23 32 31 0.528995 0.395698 0.075307 282.804874 225.643544
23 24 32 0.343626 0.174019 0.482355 298.260922 223.421780
23 24 32 0.497560 0.463502 0.038938 310.336038 204.281195
23 24 32 0.172083 0.300046 0.527870 301.103889 224.524204
23 24 32 0.283871 0.503111 0.213018 307.453155 213.288142
23 24 32 0.607018 0.148164 0.244818 292.475287 210.443701
23 24 32 0.420356 0.324244 0.255400 299.275002 215.891239
23 24 32 0.726498 0.179963 0.093539 294.219141 209.177020
23 24 32 0.224424 0.449959 0.325617 305.660760 212.868968
23 24 32 0.347905 0.168023 0.484073 293.506858 224.729869
23 24 32 0.482758 0.229457 0.287785 296.954871 213.259964
24 33 32 0.311162 0.481762 0.207076 322.283432 228.947671
24 33 32 0.986811 0.000487 0.012702 328.474788 202.082872
24 33 32 0.853100 0.003604 0.143296 323.912231 208.879398
24 33 32 0.359682 0.366628 0.273690 320.836614 226.368064
24 33 32 0.013932 0.547468 0.438600 312.245561 243.457855
24 33 32 0.932882 0.006119 0.061000 325.606408 204.800938
24 33 32 0.035008 0.668530 0.296461 314.788780 245.693175
24 33 32 0.852215 0.015652 0.132133 324.260496 209.971991
24 33 32 0.437612 0.442991 0.119397 323.527848 225.504866
24 33 32 0.765385 0.161292 0.073323 327.304541 209.176956
24 25 33 0.454573 0.308246 0.237181 341.769056 212.214068
24 25 33 0.778788 0.145404 0.075808 335.253497 206.983299
24 25 33 0.865612 0.059110 0.075279 335.302063 204.670044
24 25 33 0.532006 0.253394 0.214600 340.068860 209.237806
24 25 33 0.274967 0.063422 0.661611 332.006274 230.611463
24 25 33 0.632686 0.038376 0.328939 333.526818 215.849308
24 25 33 0.487820 0.080849 0.431330 335.392243 219.141540
24 25 33 0.320382 0.374320 0.305299 349.103161 214.470459
24 25 33 0.571617 0.328339 0.100044 342.572108 207.370976
24 25 33 0.905905 0.075238 0.018857 332.251521 209.401076
25 34 33 0.534920 0.039611 0.425470 352.214764 224.132820
25 34 33 0.573745 0.412402 0.013853 372.361796 221.034279
25 34 33 0.606714 0.117034 0.276252 359.012927 219.211611
25 34 33 0.490824 0.219921 0.289255 358.461733 222.475107
25 34 33 0.173209 0.586247 0.240544 362.774141 237.230153
25 34 33 0.581886 0.245731 0.172383 364.178809 216.875619
25 34 33 0.494264 0.231830 0.273906 357.668968 222.769070
25 34 33 0.054648 0.316182 0.629170 344.866641 239.964038
25 34 33 0.774197 0.161942 0.063861 370.611106 212.327671
25 34 33 0.453761 0.488476 0.057762 371.232475 227.020753
25 26 34 0.606682 0.390679 0.002639 388.450524 198.808701
25 26 34 0.183221 0.810524 0.006256 407.305107 198.626986
25 26 34 0.682803 0.252792 0.064406 386.338436 205.778191
25 26 34 0.276666 0.497043 0.226291 393.310107 208.769858
25 26 34 0.979850 0.012573 0.007577 370.524392 203.604120
25 26 34 0.535706 0.062447 0.401847 373.975561 220.153593
25 26 34 0.925185 0.008227 0.066587 372.814346 206.095985
25 26 34 0.763609 0.156036 0.080356 378.620294 204.928903
25 26 34 0.752555 0.174253 0.073192 379.658984 205.489216
25 26 34 0.952094 0.007242 0.040664 373.061968 201.809417
26 35 34 0.090216 0.580748 0.329036 400.546978 237.129537
26 35 34 0.356991 0.293992 0.349017 405.995964 226.990530
26 35 34 0.600161 0.370344 0.029495 413.129196 216.676630
26 35 34 0.076986 0.718174 0.204840 407.784344 239.230771
26 35 34 0.475442 0.361733 0.162825 412.061046 224.642032
26 35 34 0.584500 0.202949 0.212552 403.901480 216.676569
26 35 34 0.177341 0.311026 0.511633 394.470207 237.782828
26 35 34 0.546927 0.275626 0.177446 407.643947 223.573510
26 35 34 0.772621 0.025986 0.201394 406.326502 212.058203
26 35 34 0.713644 0.023482 0.262874 405.964506 213.924853
27 28 36 0.210684 0.614226 0.175090 100.787936 253.795126
27 28 36 0.031072 0.847717 0.121211 112.476754 253.586914
27 28 36 0.411076 0.443085 0.145839 91.982493 257.368398
27 28 36 0.783850 0.157736 0.058414 78.875882 251.106604
27 28 36 0.064902 0.512510 0.422588 96.770495 265.049948
27 28 36 0.393085 0.129963 0.476952 78.709075 271.531635
27 28 36 0.487369 0.503136 0.009495 93.038753 247.950132
27 28 36 0.340533 0.326755 0.332713 89.828617 266.242015
27 28 36 0.538649 0.099536 0.361816 75.474262 264.349623
27 28 36 0.216399 0.721829 0.061772 100.724784 251.124331
28 37 36 0.730376 0.213687 0.055937 113.813822 259.761043
28 37 36 0.378629 0.139553 0.481818 99.439377 272.995500
28 37 36 0.446358 0.387447 0.166195 110.412566 270.547135
28 37 36 0.246216 0.058226 0.695558 89.403873 277.070179
28 37 36 0.936133 0.006216 0.057651 109.082513 252.616791
28 37 36 0.908225 0.028080 0.063695 114.912410 251.672726
28 37 36 0.642314 0.125091 0.232595 109.068654 263.915958
28 37 36 0.955653 0.002825 0.041522 110.233320 250.411718
28 37 36 0.647176 0.049947 0.302877 101.192605 263.106200
28 37 36 0.056463 0.588915 0.354622 104.822545 284.970846
28 29 37 0.130610 0.802600 0.066790 149.261135 251.212698
28 29 37 0.368720 0.617102 0.014178 135.980922 249.462049
28 29 37 0.858770 0.015539 0.125691 114.789993 254.096735
28 29 37 0.632686 0.195431 0.171884 123.054596 254.661012
28 29 37 0.561550 0.302360 0.136090 131.911132 256.342938
28 29 37 0.549442 0.223191 0.227367 123.084288 257.068687
28 29 37 0.335483 0.618086 0.046432 140.803655 250.754606
28 29 37 0.145254 0.561541 0.293205 139.932141 263.210840
28 29 37 0.277760 0.580045 0.142194 140.483299 253.405771
28 29 37 0.547661 0.312976 0.139363 131.600072 252.970130
29 38 37 0.271680 0.169846 0.558474 135.438547 275.075707
29 38 37 0.521816 0.349661 0.128523 154.579256 267.080281
29 38 37 0.186803 0.253042 0.560154 139.240701 279.471973
29 38 37 0.882783 0.082104 0.035113 155.862354 250.731471
29 38 37 0.826832 0.038161 0.135007 151.576553 254.221974
29 38 37 0.607206 0.095406 0.297388 146.746457 263.382018
29 38 37 0.157916 0.125587 0.716498 128.650344 283.348874
29 38 37 0.351629 0.016785 0.631586 135.837601 276.905844
29 38 37 0.468270 0.497311 0.034419 157.446253 270.086609
29 38 37 0.214900 0.388298 0.396802 145.760837 281.876260
29 30 38 0.218361 0.003571 0.778068 158.314229 279.657013
29 30 38 0.732530 0.149871 0.117600 166.545706 255.342845
29 30 38 0.877341 0.059381 0.063278 158.586234 252.552909
29 30 38 0.413085 0.551431 0.035484 178.262682 248.872611
29 30 38 0.334801 0.470148 0.195052 179.282846 256.962945
29 30 38 0.987952 0.001507 0.010541 155.398520 249.705052
29 30 38 0.834518 0.046705 0.118777 158.472704 253.040147
29 30 38 0.081859 0.759824 0.158317 195.121274 251.762344
29 30 38 0.711103 0.200979 0.087918 166.135683 251.647722
29 30 38 0.373684 0.203891 0.422424 166.651977 263.701038
30 39 38 0.200381 0.504388 0.295231 190.284246 279.951190
30 39 38 0.467449 0.304734 0.227817 189.769605 272.785315
30 39 38 0.012572 0.363127 0.624302 176.103951 290.360716
30 39 38 0.660904 0.306479 0.032617 199.072074 263.595910
30 39 38 0.940129 0.044872 0.014999 199.905689 250.878897
30 39 38 0.938232 0.031384 0.030384 198.415055 248.712143
30 39 38 0.598135 0.025687 0.376178 186.041415 265.332778
30 39 38 0.547968 0.139857 0.312176 186.715725 267.130416
30 39 38 0.188836 0.714491 0.096673 195.948643 278.321938
30 39 38 0.851162 0.029376 0.119462 196.327505 252.343154
30 31 39 0.025488 0.498496 0.476016 222.681186 270.977532
30 31 39 0.763593 0.034874 0.201533 203.935512 256.702402
30 31 39 0.103704 0.834879 0.061417 236.598906 248.237297
30 31 39 0.450017 0.111101 0.438882 208.010700 264.987825
30 31 39 0.877668 0.024215 0.098117 205.700216 253.235143
30 31 39 0.729596 0.066568 0.203836 207.275982 256.682520
30 31 39 0.613141 0.286257 0.100601 216.201669 252.756596
30 31 39 0.986878 0.008116 0.005006 203.497175 246.258496
30 31 39 0.462438 0.061388 0.476173 203.416724 264.567051
30 31 39 0.581027 0.189641 0.229332 210.544319 256.562197
31 40 39 0.336404 0.314405 0.349191 229.183816 274.983113
31 40 39 0.677353 0.012601 0.310047 231.130690 258.843254
31 40 39 0.014323 0.420220 0.565458 216.742895 287.123840
31 40 39 0.709769 0.240242 0.049989 236.838678 255.102143
31 40 39 0.609716 0.132577 0.257707 235.912043 262.929652
31 40 39 0.302634 0.253174 0.444192 224.486742 272.800851
31 40 39 0.971176 0.000890 0.027934 247.142743 245.416420
31 40 39 0.466211 0.268342 0.265447 231.101438 269.683845
31 40 39 0.769176 0.091821 0.139003 237.228656 253.311292
31 40 39 0.485857 0.443117 0.071026 240.680994 270.074946
31 32 40 0.952480 0.035937 0.011583 244.741718 250.998895
31 32 40 0.960928 0.004742 0.034329 239.341024 248.184170
31 32 40 0.665398 0.141310 0.193292 249.083424 255.323198
31 32 40 0.654755 0.045515 0.299730 245.925506 256.187338
31 32 40 0.302930 0.650734 0.046336 268.958516 248.761451
31 32 40 0.268620 0.427860 0.303519 262.020401 257.775777
31 32 40 0.301147 0.380543 0.318310 258.751613 261.646297
31 32 40 0.114945 0.327407 0.557648 257.670372 270.278970
31 32 40 0.241871 0.409968 0.348161 258.105340 262.713738
31 32 40 0.264729 0.429571 0.305700 262.163306 257.125994
32 41 40 0.499600 0.243849 0.256551 275.864576 262.901859
32 41 40 0.914232 0.013818 0.071950 284.306440 247.640019
32 41 40 0.091184 0.266617 0.642199 259.700953 284.791410
32 41 40 0.144139 0.643533 0.212328 277.302211 278.203630
32 41 40 0.554885 0.034603 0.410512 269.829500 269.605400
32 41 40 0.278138 0.425500 0.296362 273.391697 273.859837
32 41 40 0.763033 0.158097 0.078870 288.053109 253.151967
32 41 40 0.696535 0.296450 0.007015 288.810877 258.262461
32 41 40 0.459879 0.006687 0.533434 266.880590 270.121700
32 41 40 0.471421 0.042576 0.486003 266.483065 274.270505
32 33 41 0.648737 0.010657 0.340606 284.286826 259.367744
32 33 41 0.580622 0.326893 0.092485 300.422546 252.768292
32 33 41 0.119163 0.057771 0.823066 289.030984 280.074142
32 33 41 0.188211 0.374656 0.437133 306.014672 263.874743
32 33 41 0.832009 0.021147 0.146844 284.287536 253.771653
32 33 41 0.101355 0.017772 0.880872 286.576970 285.002344
32 33 41 0.400976 0.445484 0.153539 303.456946 250.830826
32 33 41 0.446221 0.091458 0.462322 288.585085 263.953585
32 33 41 0.737402 0.238483 0.024114 300.069186 241.268155
32 33 41 0.277697 0.470714 0.251589 309.699840 258.725885
33 42 41 0.365442 0.207538 0.427020 311.956443 271.329137
33 42 41 0.399800 0.370413 0.229788 319.468195 271.140906
33 42 41 0.264844 0.370414 0.364741 315.254963 273.938651
33 42 41 0.464540 0.193023 0.342437 314.281249 266.263873
33 42 41 0.584485 0.413502 0.002013 332.397929 259.236027
33 42 41 0.322180 0.202892 0.474928 309.424847 273.029923
33 42 41 0.172965 0.156741 0.670295 302.064242 279.278572
33 42 41 0.867788 0.097564 0.034648 331.348333 250.245041
33 42 41 0.206509 0.338631 0.454860 310.227907 280.214406
33 42 41 0.190583 0.633154 0.176263 321.737995 279.353424
33 34 42 0.090688 0.235305 0.674008 343.042106 272.697368
33 34 42 0.462405 0.226349 0.311246 340.401670 253.733695
33 34 42 0.416275 0.562928 0.020797 354.998171 243.657212
33 34 42 0.467748 0.485405 0.046847 352.773760 247.425926
33 34 42 0.695729 0.065303 0.238968 333.738355 253.443476
33 34 42 0.417138 0.387473 0.195389 344.785478 254.224362
33 34 42 0.586317 0.046305 0.367378 334.791083 261.733282
33 34 42 0.615055 0.157564 0.227381 334.397836 254.716898
33 34 42 0.726967 0.125715 0.147319 335.435324 252.152066
33 34 42 0.888720 0.054541 0.056739 333.664960 247.449572
34 43 42 0.607430 0.108413 0.284157 363.464667 259.927059
34 43 42 0.594356 0.119538 0.286106 365.624033 262.835021
34 43 42 0.042578 0.707046 0.250376 364.216020 283.115751
34 43 42 0.010088 0.316549 0.673364 343.567268 288.400157
34 43 42 0.275451 0.080951 0.643597 345.335441 278.083337
34 43 42 0.428950 0.292840 0.278210 361.947322 267.265227
34 43 42 0.519223 0.017151 0.463626 354.897094 263.411449
34 43 42 0.590694 0.378609 0.030697 376.467628 257.368097
34 43 42 0.827380 0.081037 0.091582 373.709871 250.396555
34 43 42 0.320302 0.617904 0.061794 371.382915 271.781534
34 35 43 0.370641 0.056171 0.573188 375.977852 268.539558
34 35 43 0.864850 0.027950 0.107200 377.379054 249.234145
34 35 43 0.247680 0.176766 0.575554 377.504379 264.018320
34 35 43 0.832582 0.008372 0.159046 374.213619 253.055840
34 35 43 0.686147 0.213329 0.100524 384.858710 244.608286
34 35 43 0.564224 0.337600 0.098175 391.930490 250.024359
34 35 43 0.438994 0.047532 0.513475 374.503239 263.988324
34 35 43 0.515439 0.355064 0.129497 389.198413 250.036283
34 35 43 0.052840 0.514587 0.432573 403.371614 258.326633
34 35 43 0.541893 0.132335 0.325772 380.098867 256.714485
35 44 43 0.490949 0.434587 0.074464 410.803599 263.483970
35 44 43 0.274615 0.616103 0.109282 411.265627 276.119084
35 44 43 0.090430 0.865301 0.044268 414.210846 281.610834
35 44 43 0.913318 0.068535 0.018147 414.908048 248.784616
35 44 43 0.893209 0.073037 0.033754 416.907943 248.838186
35 44 43 0.494527 0.195783 0.309691 404.235318 263.711725
35 44 43 0.266894 0.231706 0.501400 396.600176 275.040988
35 44 43 0.389594 0.210096 0.400310 400.798907 268.488733
35 44 43 0.418166 0.488718 0.093116 411.776400 269.223912
35 44 43 0.830345 0.012700 0.156955 409.281548 249.817952
36 37 45 0.600927 0.099569 0.299504 88.805581 296.586509
36 37 45 0.296288 0.146429 0.557283 90.756207 303.461284
36 37 45 0.637724 0.298125 0.064151 96.640033 289.139816
36 37 45 0.914879 0.069034 0.016087 82.030751 284.993497
36 37 45 0.303614 0.263224 0.433162 95.877350 304.006774
36 37 45 0.113688 0.005838 0.880473 90.290323 312.799441
36 37 45 0.091784 0.347208 0.561008 97.893811 302.949836
36 37 45 0.507042 0.198843 0.294116 91.517250 293.727512
36 37 45 0.771551 0.094141 0.134308 89.308102 292.038881
36 37 45 0.786428 0.165276 0.048296 88.200599 291.384045
37 46 45 0.217085 0.013959 0.768956 100.030318 312.905742
37 46 45 0.849059 0.079966 0.070975 117.695849 289.418561
37 46 45 0.364674 0.173374 0.461952 104.050802 307.352049
37 46 45 0.923086 0.019372 0.057542 115.479403 289.484073
37 46 45 0.505229 0.020562 0.474210 104.614349 300.763750
37 46 45 0.382113 0.012090 0.605798 100.938635 305.073306
37 46 45 0.277608 0.113333 0.609060 105.595049 310.220177
37 46 45 0.591081 0.056651 0.352268 108.042748 300.121913
37 46 45 0.038754 0.446013 0.515233 110.018356 316.837005
37 46 45 0.504894 0.220411 0.274695 114.509351 299.291739
37 38 46 0.384457 0.125301 0.490242 126.831473 302.654971
37 38 46 0.077080 0.118724 0.804196 129.357411 314.630965
37 38 46 0.947880 0.032048 0.020071 126.989777 285.147335
37 38 46 0.127911 0.102815 0.769274 134.031805 310.730909
37 38 46 0.043618 0.718920 0.237462 149.520885 294.821899
37 38 46 0.105506 0.776977 0.117518 154.983936 292.525904
37 38 46 0.800779 0.088025 0.111196 122.857723 290.484692
37 38 46 0.624576 0.228057 0.147368 129.437383 292.761448
37 38 46 0.856432 0.017175 0.126393 123.111415 288.181229
37 38 46 0.135730 0.675528 0.188742 146.544025 296.876283
38 47 46 0.688814 0.267158 0.044028 161.875780 298.760833
38 47 46 0.502435 0.281347 0.216218 153.616356 307.230922
38 47 46 0.648023 0.272078 0.079899 161.939501 299.019976
38 47 46 0.420131 0.176174 0.403694 147.961968 309.518467
38 47 46 0.995370 0.000031 0.004599 159.314491 289.004708
38 47 46 0.994296 0.003823 0.001881 161.738741 287.384159
38 47 46 0.399190 0.504898 0.095912 160.083778 306.201245
38 47 46 0.790854 0.143344 0.065802 163.424321 291.385190
38 47 46 0.838365 0.047300 0.114335 156.289717 296.981414
38 47 46 0.288293 0.214849 0.496858 145.837222 314.616899
38 39 47 0.386017 0.226359 0.387623 174.419050 303.333435
38 39 47 0.283514 0.106845 0.609641 169.184731 309.790954
38 39 47 0.194916 0.419193 0.385891 184.205307 297.984446
38 39 47 0.706755 0.199578 0.093667 170.416276 290.431136
38 39 47 0.056661 0.675152 0.268188 191.310699 298.830017
38 39 47 0.296190 0.664343 0.039467 187.722904 288.556770
38 39 47 0.921245 0.005948 0.072807 158.538543 289.885575
38 39 47 0.228588 0.607936 0.163476 188.706445 299.317257
38 39 47 0.125193 0.465627 0.409181 184.378253 304.088159
38 39 47 0.027846 0.532071 0.440083 184.174453 300.240859
39 48 47 0.408777 0.528511 0.062712 201.146311 309.468459
39 48 47 0.959836 0.028926 0.011238 198.448771 287.958457
39 48 47 0.373913 0.551704 0.074384 202.100086 309.833736
39 48 47 0.559885 0.061083 0.379032 192.360018 302.794679
39 48 47 0.600459 0.079872 0.319669 192.560263 303.497648
39 48 47 0.675375 0.124248 0.200376 196.223498 300.268140
39 48 47 0.713431 0.222746 0.063823 202.615636 300.365269
39 48 47 0.865433 0.084958 0.049609 200.348553 292.531440
39 48 47 0.738377 0.125864 0.135759 201.305456 296.951969
39 48 47 0.996615 0.001684 0.001702 202.681665 284.360218
39 40 48 0.654696 0.239511 0.105793 210.561477 293.216839
39 40 48 0.278151 0.129305 0.592544 207.471327 307.496722
39 40 48 0.410223 0.471211 0.118566 222.799183 292.156302
39 40 48 0.968554 0.026050 0.005396 202.337414 288.843892
39 40 48 0.619862 0.226659 0.153479 209.129255 293.120108
39 40 48 0.056426 0.100991 0.842583 209.697997 317.806977
39 40 48 0.000388 0.184782 0.814830 216.140767 314.740172
39 40 48 0.127588 0.371323 0.501089 219.694825 309.220644
39 40 48 0.090676 0.523483 0.385841 226.006644 302.899216
39 40 48 0.881967 0.062038 0.055995 207.262211 294.045450
40 49 48 0.163155 0.405225 0.431620 223.794389 316.498715
40 49 48 0.177248 0.206354 0.616398 218.868753 313.800982
40 49 48 0.510646 0.111673 0.377681 226.066045 306.336743
40 49 48 0.676608 0.108369 0.215023 233.570006 299.531798
40 49 48 0.138709 0.432581 0.428710 226.325580 318.949568
40 49 48 0.416788 0.246073 0.337139 231.088898 302.456112
40 49 48 0.362532 0.297718 0.339751 229.097795 310.389818
40 49 48 0.825128 0.048404 0.126468 239.819248 294.143841
40 49 48 0.996510 0.000703 0.002787 246.251107 286.636841
40 49 48 0.789590 0.098557 0.111852 235.943961 298.283700
40 41 49 0.656323 0.154249 0.189428 249.992025 296.610958
40 41 49 0.210576 0.219236 0.570188 251.406913 304.494797
40 41 49 0.477286 0.348143 0.174570 260.981098 292.751834
40 41 49 0.944436 0.007941 0.047623 244.173378 289.915225
40 41 49 0.646863 0.009370 0.343767 241.616826 300.350414
40 41 49 0.392005 0.350373 0.257622 260.278130 294.867324
40 41 49 0.771123 0.187423 0.041454 252.226787 290.246600
40 41 49 0.942766 0.010112 0.047122 243.450446 289.259124
40 41 49 0.930103 0.020126 0.049771 245.559233 294.566583
40 41 49 0.724270 0.208660 0.067070 250.830484 290.611116
41 50 49 0.180397 0.323558 0.496045 262.870376 318.718073
41 50 49 0.037610 0.034921 0.927469 245.187821 321.813298
41 50 49 0.613464 0.024504 0.362032 272.820658 300.039689
41 50 49 0.202317 0.125905 0.671778 258.550557 315.270290
41 50 49 0.394142 0.112481 0.493376 267.653302 307.055124
41 50 49 0.194097 0.386545 0.419358 271.388058 312.114757
41 50 49 0.447398 0.226421 0.326181 269.915647 307.084004
41 50 49 0.998012 0.001367 0.000622 287.981042 285.202792
41 50 49 0.570155 0.298660 0.131185 279.898143 301.182015
41 50 49 0.417241 0.237413 0.345345 271.245152 308.695120
41 42 50 0.617848 0.197661 0.184491 296.838853 292.773570
41 42 50 0.003784 0.700178 0.296038 315.857793 299.413941
41 42 50 0.038432 0.937069 0.024499 324.632284 288.570209
41 42 50 0.100377 0.395433 0.504190 302.877026 310.075244
41 42 50 0.125231 0.534670 0.340099 309.181322 298.084064
41 42 50 0.241706 0.510282 0.248012 313.520605 299.133578
41 42 50 0.986543 0.006009 0.007449 286.282669 288.353547
41 42 50 0.873313 0.011387 0.115300 285.770261 293.872258
41 42 50 0.579664 0.412085 0.008250 298.720601 288.915620
41 42 50 0.830628 0.155936 0.013436 298.344243 288.618365
42 51 50 0.942641 0.036975 0.020384 329.147846 290.227037
42 51 50 0.626819 0.174100 0.199081 323.652762 299.204122
42 51 50 0.881384 0.008620 0.109995 325.702997 292.064965
42 51 50 0.390379 0.224558 0.385064 314.158060 310.203550
42 51 50 0.221396 0.639895 0.138709 325.820220 314.421646
42 51 50 0.220242 0.564472 0.215286 324.321155 314.208991
42 51 50 0.835828 0.123738 0.040434 326.237634 292.013576
42 51 50 0.333027 0.114555 0.552418 308.156599 307.099500
42 51 50 0.197832 0.462057 0.340111 316.122063 316.065144
42 51 50 0.392679 0.534474 0.072847 327.667990 307.622371
42 43 51 0.909735 0.062795 0.027470 331.016331 285.070819
42 43 51 0.070056 0.067429 0.862514 334.380437 318.394733
42 43 51 0.022935 0.623082 0.353983 359.051067 299.648194
42 43 51 0.468144 0.391410 0.140446 345.594548 287.492513
42 43 51 0.462122 0.103361 0.434517 332.529847 300.752588
42 43 51 0.122241 0.039888 0.837871 330.314270 316.466301
42 43 51 0.662860 0.207649 0.129492 339.540367 292.275850
42 43 51 0.556240 0.225153 0.218606 335.124296 295.024684
42 43 51 0.285554 0.393191 0.321256 341.409693 297.700569
42 43 51 0.402284 0.315393 0.282324 343.859953 296.017885
43 52 51 0.705113 0.170526 0.124361 365.231900 295.624671
43 52 51 0.850399 0.148571 0.001029 375.210816 294.200394
43 52 51 0.517265 0.103790 0.378945 358.321732 302.532225
43 52 51 0.826486 0.004331 0.169183 361.586174 296.522677
43 52 51 0.462039 0.479124 0.058837 368.283851 308.831535
43 52 51 0.314804 0.501695 0.183501 359.968442 309.583444
43 52 51 0.633860 0.167158 0.198983 362.584227 297.621971
43 52 51 0.461315 0.318729 0.219956 356.841453 307.478929
43 52 51 0.550740 0.083532 0.365728 353.433406 302.749883
43 52 51 0.671032 0.126424 0.202544 359.837268 297.019339
43 44 52 0.862282 0.084531 0.053187 379.199130 289.705754
43 44 52 0.390532 0.186892 0.422576 375.821947 299.537083
43 44 52 0.234170 0.001945 0.763885 368.179011 310.086459
43 44 52 0.679610 0.281591 0.038799 384.587534 287.169293
43 44 52 0.526547 0.225264 0.248189 381.348467 295.677490
43 44 52 0.970462 0.008940 0.020598 372.887599 288.329674
43 44 52 0.395409 0.049590 0.555001 373.509145 309.348595
43 44 52 0.281558 0.053016 0.665426 370.377921 309.368734
43 44 52 0.992161 0.004701 0.003139 374.695807 286.317681
43 44 52 0.757573 0.005127 0.237300 370.237421 297.963373
44 53 52 0.372979 0.536944 0.090077 408.682842 307.084402
44 53 52 0.300081 0.420756 0.279163 397.660193 310.987525
44 53 52 0.361631 0.241986 0.396383 393.706690 308.434722
44 53 52 0.215693 0.220544 0.563763 384.902761 317.833011
44 53 52 0.519363 0.114106 0.366531 395.788142 304.588273
44 53 52 0.307756 0.523917 0.168327 406.795167 308.203956
44 53 52 0.337143 0.304947 0.357910 398.501876 310.596353
44 53 52 0.629708 0.264848 0.105444 405.353518 302.914992
44 53 52 0.030351 0.452219 0.517430 387.447094 321.329865
44 53 52 0.884368 0.060769 0.054862 416.604637 288.508611
45 46 54 0.960781 0.035789 0.003430 92.604370 315.105148
45 46 54 0.393173 0.300047 0.306780 110.052312 325.667434
45 46 54 0.841564 0.063747 0.094689 97.205059 317.080286
45 46 54 0.858023 0.138123 0.003854 95.498673 316.819525
45 46 54 0.124046 0.158863 0.717090 106.700055 332.136205
45 46 54 0.721581 0.236801 0.041618 99.485245 318.375439
45 46 54 0.131762 0.570789 0.297449 117.021922 322.858281
45 46 54 0.689284 0.192163 0.118554 101.078341 316.589762
45 46 54 0.644419 0.256935 0.098646 103.191169 316.513941
45 46 54 0.585728 0.117381 0.296891 100.054629 318.952899
46 55 54 0.988337 0.011097 0.000566 129.337860 322.952300
46 55 54 0.647057 0.257372 0.095572 128.979040 325.406108
46 55 54 0.524468 0.272452 0.203080 127.897564 330.017675
46 55 54 0.023253 0.057780 0.918966 108.786387 340.111443
46 55 54 0.631426 0.237495 0.131079 129.125775 327.316219
46 55 54 0.390506 0.475492 0.134002 131.100350 328.029015
46 55 54 0.306105 0.069619 0.624277 113.750861 333.849033
46 55 54 0.398040 0.194651 0.407309 121.077098 331.165508
46 55 54 0.702123 0.252375 0.045502 130.651206 325.801760
46 55 54 0.474789 0.430811 0.094400 133.645696 329.506482
46 47 55 0.248701 0.588547 0.162752 154.511185 322.259091
46 47 55 0.643330 0.016043 0.340626 132.798954 326.898065
46 47 55 0.253126 0.251831 0.495043 144.067483 327.283342
46 47 55 0.018564 0.599825 0.381611 155.111234 328.294975
46 47 55 0.014549 0.071767 0.913684 140.122863 337.557494
46 47 55 0.883048 0.013376 0.103575 130.301823 318.209970
46 47 55 0.368245 0.472091 0.159664 146.393367 323.714629
46 47 55 0.989478 0.003405 0.007117 130.097804 320.427500
46 47 55 0.952052 0.007377 0.040571 129.625962 320.052616
46 47 55 0.320340 0.238103 0.441557 142.521942 326.369196
47 56 55 0.712100 0.161823 0.126077 164.900288 322.797193
47 56 55 0.333552 0.212952 0.453496 150.916465 336.388572
47 56 55 0.410180 0.108352 0.481468 155.805957 332.848430
47 56 55 0.851658 0.003936 0.144406 163.667079 320.353284
47 56 55 0.033409 0.583295 0.383296 161.588451 341.331356
47 56 55 0.322142 0.162286 0.515573 155.912571 331.093956
47 56 55 0.453447 0.366420 0.180132 166.959492 331.184127
47 56 55 0.987039 0.003379 0.009582 169.096887 322.502993
47 56 55 0.267357 0.295424 0.437218 160.140907 336.062139
47 56 55 0.834919 0.120894 0.044188 167.004455 319.857601
47 48 56 0.282736 0.381442 0.335821 186.153424 327.531604
47 48 56 0.219769 0.206315 0.573916 182.790288 331.875971
47 48 56 0.128580 0.285950 0.585470 184.788607 334.871590
47 48 56 0.115597 0.453209 0.431194 190.935681 329.464872
47 48 56 0.915794 0.003844 0.080362 169.342983 323.273863
47 48 56 0.442980 0.236484 0.320536 178.356745 323.555688
47 48 56 0.242071 0.163723 0.594206 177.365496 331.694282
47 48 56 0.117247 0.285084 0.597669 184.861277 334.632508
47 48 56 0.735639 0.191247 0.073114 174.304238 322.406501
47 48 56 0.654677 0.037290 0.308033 173.663442 328.935264
48 57 56 0.668258 0.158865 0.172877 200.716571 327.432190
48 57 56 0.599286 0.003930 0.396784 195.545563 326.320203
48 57 56 0.679352 0.134413 0.186234 200.201949 322.324095
48 57 56 0.261163 0.712684 0.026153 203.783867 336.544499
48 57 56 0.833032 0.121980 0.044989 199.951369 324.979738
48 57 56 0.863606 0.121717 0.014677 203.688011 326.259543
48 57 56 0.400624 0.257020 0.342356 195.523717 334.418598
48 57 56 0.271266 0.202445 0.526290 193.442576 335.625797
48 57 56 0.765668 0.031729 0.202603 194.968016 327.971478
48 57 56 0.067132 0.572520 0.360348 198.832091 342.199422
48 49 57 0.670259 0.257570 0.072170 214.513400 324.441176
48 49 57 0.237434 0.118937 0.643629 212.576684 334.556940
48 49 57 0.888570 0.034548 0.076883 205.048851 324.173860
48 49 57 0.147122 0.449757 0.403121 227.087094 330.901310
48 49 57 0.389968 0.182770 0.427263 213.819609 334.655801
48 49 57 0.102901 0.754410 0.142689 235.974629 323.268593
48 49 57 0.205434 0.145274 0.649292 215.364425 337.036559
48 49 57 0.216338 0.239320 0.544342 219.753084 329.550664
48 49 57 0.862193 0.127979 0.009828 206.407744 321.866416
48 49 57 0.481553 0.219104 0.299343 215.003001 327.315939
49 58 57 0.566287 0.009266 0.424447 233.961104 330.190067
49 58 57 0.601984 0.026125 0.371891 234.000328 327.715897
49 58 57 0.716785 0.019616 0.263599 231.816329 332.729101
49 58 57 0.487255 0.450859 0.061886 238.620432 334.209103
49 58 57 0.182618 0.542161 0.275221 236.437364 338.033927
49 58 57 0.273837 0.653999 0.072163 245.916027 338.607787
49 58 57 0.534341 0.396975 0.068684 241.819215 329.664822
49 58 57 0.663273 0.253848 0.082879 240.668902 331.177045
49 58 57 0.664790 0.326985 0.008224 246.309440 329.685720
49 58 57 0.920119 0.072946 0.006934 243.958833 325.205025
49 50 58 0.703601 0.102731 0.193668 249.028360 330.504828
49 50 58 0.798513 0.133335 0.068153 250.077318 323.762223
49 50 58 0.849477 0.043543 0.106980 248.024366 321.890335
49 50 58 0.615121 0.251373 0.133505 254.104969 328.782254
49 50 58 0.973728 0.011637 0.014635 245.663372 318.896008
49 50 58 0.337828 0.401342 0.260830 262.461539 326.781011
49 50 58 0.862816 0.113868 0.023317 247.027081 318.887609
49 50 58 0.102084 0.744243 0.153673 275.371274 325.444472
49 50 58 0.112479 0.093108 0.794414 248.663275 336.813818
49 50 58 0.986221 0.002715 0.011065 243.245648 318.941464
50 59 58 0.968237 0.026323 0.005439 286.537902 317.321350
50 59 58 0.658575 0.043888 0.297537 276.742858 332.184991
50 59 58 0.981480 0.004976 0.013544 282.875398 322.896696
50 59 58 0.492369 0.345206 0.162426 279.356640 332.283883
50 59 58 0.715273 0.056266 0.228461 275.150899 328.924233
50 59 58 0.025120 0.272649 0.702231 256.948849 342.144952
50 59 58 0.336317 0.446964 0.216718 277.458366 335.967166
50 59 58 0.873843 0.067367 0.058790 284.266123 323.196937
50 59 58 0.414561 0.406014 0.179425 275.062291 333.527770
50 59 58 0.551949 0.227241 0.220810 281.642671 334.942295
50 51 59 0.570778 0.105104 0.324118 292.377075 330.796988
50 51 59 0.431301 0.207439 0.361260 293.484556 333.795418
50 51 59 0.278686 0.587424 0.133890 306.414815 324.465865
50 51 59 0.651788 0.187261 0.160952 291.783920 322.535769
50 51 59 0.875390 0.019631 0.104979 284.838177 326.850159
50 51 59 0.794308 0.016867 0.188825 287.285901 324.661884
50 51 59 0.131461 0.805068 0.063470 319.263289 323.914753
50 51 59 0.301726 0.489073 0.209201 304.708096 329.280415
50 51 59 0.046187 0.877585 0.076228 321.498426 324.296063
50 51 59 0.381661 0.252002 0.366337 294.222136 332.745879
51 60 59 0.067541 0.452789 0.479669 305.248144 344.831023
51 60 59 0.752150 0.154527 0.093323 319.115356 327.274377
51 60 59 0.388805 0.033898 0.577297 301.432993 334.798407
51 60 59 0.628908 0.021634 0.349458 310.318315 333.754523
51 60 59 0.662333 0.233236 0.104431 321.725204 330.939444
51 60 59 0.732554 0.013001 0.254444 317.409988 325.122091
51 60 59 0.087290 0.835293 0.077416 318.342418 342.993370
51 60 59 0.135494 0.755841 0.108665 315.350994 343.362396
51 60 59 0.035660 0.445461 0.518878 304.279135 345.379079
51 60 59 0.297308 0.358686 0.344006 311.512084 338.409219
51 52 60 0.159919 0.146132 0.693948 328.732585 335.197902
51 52 60 0.442317 0.338086 0.219597 338.698751 327.976241
51 52 60 0.235484 0.325664 0.438852 337.616900 332.416158
51 52 60 0.696062 0.162961 0.140977 327.214914 325.305931
51 52 60 0.925879 0.036172 0.037949 328.927014 319.995454
51 52 60 0.590322 0.386940 0.022738 340.380468 319.277567
51 52 60 0.095405 0.531204 0.373391 343.643539 330.825836
51 52 60 0.164630 0.054586 0.780785 325.444255 343.850442
51 52 60 0.429159 0.153217 0.417624 328.310589 333.024791
51 52 60 0.740501 0.140963 0.118536 333.329519 322.986949
52 61 60 0.117137 0.276188 0.606674 338.974511 342.748510
52 61 60 0.060547 0.448387 0.491066 341.027111 347.403683
52 61 60 0.716622 0.131936 0.151442 356.984264 329.018667
52 61 60 0.481137 0.380207 0.138656 359.931236 337.030536
52 61 60 0.409650 0.046609 0.543741 338.184605 333.983918
52 61 60 0.815408 0.074083 0.110509 366.153905 322.787571
52 61 60 0.628037 0.173555 0.198408 354.777208 331.156947
52 61 60 0.341732 0.392175 0.266092 351.293742 337.175896
52 61 60 0.066947 0.546855 0.386198 346.014055 349.177972
52 61 60 0.726607 0.250792 0.022601 364.255894 329.193442
52 53 61 0.519300 0.344392 0.136307 379.486967 322.491798
52 53 61 0.531878 0.390998 0.077123 386.910977 326.637267
52 53 61 0.300002 0.358113 0.341886 380.348225 332.119628
52 53 61 0.725977 0.153411 0.120612 374.336888 326.183127
52 53 61 0.923292 0.058994 0.017713 374.271114 319.417119
52 53 61 0.474406 0.148464 0.377131 370.383724 333.526166
52 53 61 0.129959 0.249822 0.620220 374.082598 339.500189
52 53 61 0.909261 0.046293 0.044446 369.760606 322.927031
52 53 61 0.275841 0.566342 0.157816 390.439053 324.418335
52 53 61 0.517926 0.243224 0.238850 375.643046 333.322304
53 62 61 0.293662 0.173794 0.532544 381.169531 341.329290
53 62 61 0.572620 0.096163 0.331217 390.080824 333.383720
53 62 61 0.627177 0.305710 0.067113 404.464624 334.330423
53 62 61 0.864335 0.014071 0.121594 404.934540 329.774912
53 62 61 0.312837 0.374470 0.312693 389.152444 338.700564
53 62 61 0.689282 0.171767 0.138951 400.630319 329.147160
53 62 61 0.758474 0.066803 0.174723 397.844627 324.417208
53 62 61 0.928352 0.020199 0.051449 407.585255 322.821423
53 62 61 0.049490 0.160812 0.789699 374.810872 345.978951
53 62 61 0.586152 0.311796 0.102052 405.224784 333.081714
54 55 63 0.054515 0.089492 0.855994 119.430129 352.082772
54 55 63 0.765609 0.114923 0.119469 109.812494 339.144366
54 55 63 0.142228 0.634429 0.223344 127.776795 342.391675
54 55 63 0.971217 0.025258 0.003525 104.148882 337.309624
54 55 63 0.732460 0.198445 0.069094 109.751013 340.462414
54 55 63 0.531820 0.141063 0.327117 113.521973 343.941692
54 55 63 0.272309 0.132900 0.594792 116.804687 346.209589
54 55 63 0.666048 0.240117 0.093835 110.611566 336.797541
54 55 63 0.480031 0.105445 0.414524 113.241512 344.020020
54 55 63 0.428176 0.029651 0.542173 109.803977 348.167482
55 64 63 0.586584 0.297336 0.116080 138.556256 346.272196
55 64 63 0.202882 0.177578 0.619540 126.768330 351.910795
55 64 63 0.433459 0.206449 0.360092 130.581555 347.882153
55 64 63 0.786891 0.165733 0.047376 138.398812 339.102973
55 64 63 0.229548 0.151662 0.618790 125.535235 353.216773
55 64 63 0.150514 0.759108 0.090378 143.509960 350.107517
55 64 63 0.586929 0.217542 0.195529 137.095712 349.059244
55 64 63 0.155708 0.407569 0.436723 130.921839 348.033486
55 64 63 0.594506 0.405065 0.000429 142.467073 340.804709
55 64 63 0.865514 0.031242 0.103244 136.209306 340.655434
55 56 64 0.051725 0.467418 0.480857 160.969581 347.127176
55 56 64 0.337868 0.485335 0.176798 157.699890 341.159972
55 56 64 0.906951 0.018349 0.074700 141.370677 338.972990
55 56 64 0.162879 0.528823 0.308298 162.601263 343.319589
55 56 64 0.191428 0.671598 0.136974 164.078749 342.681117
55 56 64 0.457337 0.383322 0.159341 155.699356 341.420638
55 56 64 0.686423 0.094723 0.218854 146.037856 344.441050
55 56 64 0.730922 0.108508 0.160570 142.099031 341.444917
55 56 64 0.342084 0.074249 0.583668 149.498911 347.713268
55 56 64 0.428988 0.447709 0.123304 157.514498 340.016283
56 65 64 0.887830 0.068587 0.043583 172.233285 341.366709
56 65 64 0.217042 0.027958 0.755000 152.744281 349.228739
56 65 64 0.876884 0.103026 0.020090 176.576618 343.076789
56 65 64 0.494737 0.197728 0.307535 171.412682 349.211605
56 65 64 0.065265 0.881250 0.053485 179.501518 354.213560
56 65 64 0.837335 0.017211 0.145454 171.840782 346.000408
56 65 64 0.344067 0.226751 0.429182 166.683754 346.394656
56 65 64 0.377308 0.552934 0.069758 178.351897 352.489393
56 65 64 0.770644 0.104726 0.124630 171.272684 344.071664
56 65 64 0.652838 0.202468 0.144694 168.788927 347.449883
56 57 65 0.770242 0.022255 0.207504 181.272829 344.387199
56 57 65 0.375181 0.478877 0.145942 193.067042 344.642377
56 57 65 0.304155 0.431545 0.264300 189.919266 343.308085
56 57 65 0.508768 0.086290 0.404942 180.206983 347.062275
56 57 65 0.479589 0.079389 0.441023 182.265633 344.144582
56 57 65 0.338144 0.078647 0.583209 181.670179 347.084747
56 57 65 0.957993 0.029314 0.012693 177.936938 342.655975
56 57 65 0.554293 0.203295 0.242412 184.978040 343.938722
56 57 65 0.648094 0.051623 0.300283 180.366655 343.745887
56 57 65 0.555722 0.370122 0.074155 190.684016 345.592190
57 66 65 0.215999 0.660552 0.123450 210.500655 352.529395
57 66 65 0.756925 0.032037 0.211038 203.520286 344.078735
57 66 65 0.977243 0.004975 0.017781 210.242795 340.575578
57 66 65 0.211074 0.735225 0.053701 214.000618 352.641818
57 66 65 0.497192 0.321293 0.181514 200.492543 346.251619
57 66 65 0.010715 0.590298 0.398987 200.470913 354.806040
57 66 65 0.156987 0.042757 0.800256 185.736931 353.919551
57 66 65 0.480522 0.305583 0.213895 205.752026 347.178062
57 66 65 0.491044 0.275270 0.233687 208.383149 348.418667
57 66 65 0.093867 0.470889 0.435244 200.142608 352.160869
57 58 66 0.970442 0.024650 0.004908 210.908218 343.858743
57 58 66 0.928708 0.039643 0.031649 216.101530 344.412870
57 58 66 0.071047 0.327888 0.601065 223.698531 349.849986
57 58 66 0.527651 0.330407 0.141943 225.555404 346.950105
57 58 66 0.556237 0.027192 0.416571 210.955437 345.546158
57 58 66 0.984589 0.004874 0.010537 208.461447 340.001262
57 58 66 0.863794 0.104634 0.031572 211.172591 343.125367
57 58 66 0.762015 0.113971 0.124014 216.308017 344.336182
57 58 66 0.264381 0.215011 0.520608 220.439426 347.643785
57 58 66 0.111562 0.438371 0.450067 227.656023 347.889967
58 67 66 0.963941 0.021333 0.014726 242.274997 344.414388
58 67 66 0.134665 0.171200 0.694136 226.690549 353.638120
58 67 66 0.871225 0.059915 0.068860 245.624055 343.673392
58 67 66 0.852782 0.120630 0.026588 245.743859 345.847216
58 67 66 0.981258 0.016058 0.002684 251.936853 347.426986
58 67 66 0.068030 0.275202 0.656768 227.317937 357.481698
58 67 66 0.051279 0.008392 0.940329 220.051797 352.758102
58 67 66 0.908606 0.081346 0.010048 243.517323 347.560013
58 67 66 0.725240 0.119614 0.155146 243.565061 347.626654
58 67 66 0.401008 0.002466 0.596526 231.086937 351.694341
58 59 67 0.607857 0.078883 0.313260 253.863909 349.356588
58 59 67 0.713016 0.176120 0.110864 253.410889 344.261591
58 59 67 0.709624 0.234716 0.055660 256.931042 342.097860
58 59 67 0.183125 0.054188 0.762686 251.741469 353.950843
58 59 67 0.443267 0.193522 0.363211 253.215383 349.055481
58 59 67 0.070746 0.030165 0.899089 254.374671 355.345963
58 59 67 0.882642 0.043014 0.074344 247.856725 344.317921
58 59 67 0.950100 0.016512 0.033388 250.396117 344.234098
58 59 67 0.552226 0.284114 0.163659 257.124318 346.320263
58 59 67 0.580350 0.017464 0.402186 246.534201 346.250130
59 68 67 0.353089 0.636202 0.010709 282.741044 351.296730
59 68 67 0.266521 0.102047 0.631433 262.538201 354.385591
59 68 67 0.058036 0.168102 0.773862 259.454595 355.254159
59 68 67 0.832446 0.045372 0.122182 282.958729 344.796361
59 68 67 0.491627 0.101530 0.406842 273.764997 352.677863
59 68 67 0.891960 0.049220 0.058820 282.735746 346.606306
59 68 67 0.443784 0.176543 0.379674 272.725406 352.394121
59 68 67 0.472156 0.411634 0.116210 280.455450 349.017935
59 68 67 0.588318 0.065373 0.346310 276.647824 351.911420
59 68 67 0.754349 0.232450 0.013201 285.770976 348.603448
59 60 68 0.831259 0.033637 0.135104 283.885017 346.081163
59 60 68 0.936444 0.039100 0.024456 283.811951 346.762123
59 60 68 0.997790 0.000835 0.001374 285.046943 345.907306
59 60 68 0.441601 0.390534 0.167865 299.093920 349.191863
59 60 68 0.073046 0.755399 0.171555 312.283529 343.809563
59 60 68 0.700651 0.262396 0.036953 296.280473 343.608654
59 60 68 0.625826 0.077504 0.296670 284.691158 352.400330
59 60 68 0.154026 0.337548 0.508426 298.638288 352.264605
59 60 68 0.346881 0.201606 0.451512 291.863117 350.841295
59 60 68 0.848693 0.040633 0.110674 284.673019 346.756924
60 69 68 0.518786 0.100296 0.380918 305.272304 353.020770
60 69 68 0.768515 0.018250 0.213235 312.773357 346.749968
60 69 68 0.909595 0.030001 0.060403 321.223224 347.279149
60 69 68 0.198516 0.362025 0.439459 302.270211 360.094951
60 69 68 0.200009 0.421144 0.378847 306.786499 355.611653
60 69 68 0.096515 0.471286 0.432199 305.202711 360.782342
60 69 68 0.172281 0.825104 0.002615 317.674244 361.913682
60 69 68 0.347666 0.468879 0.183455 313.351096 357.329081
60 69 68 0.522547 0.413747 0.063706 313.093393 353.281934
60 69 68 0.250805 0.710783 0.038412 318.782656 359.044458
60 61 69 0.954415 0.044971 0.000614 319.384365 346.277914
60 61 69 0.935493 0.024962 0.039545 323.266393 346.074840
60 61 69 0.523037 0.013863 0.463100 322.474012 355.884057
60 61 69 0.022298 0.479144 0.498558 336.906601 355.255804
60 61 69 0.646017 0.252837 0.101146 328.856932 350.458444
60 61 69 0.434553 0.323725 0.241722 333.285917 350.281803
60 61 69 0.809645 0.177960 0.012395 324.703783 348.110392
60 61 69 0.959066 0.016478 0.024456 323.084614 349.784421
60 61 69 0.882828 0.084563 0.032609 328.506384 347.963886
60 61 69 0.443043 0.097756 0.459201 324.133634 355.764151
61 70 69 0.861280 0.068322 0.070398 357.233558 352.142040
61 70 69 0.283984 0.705000 0.011016 355.321894 361.375016
61 70 69 0.036579 0.221076 0.742345 327.312311 360.974713
61 70 69 0.709465 0.121003 0.169532 353.225061 351.742663
61 70 69 0.891568 0.003450 0.104982 355.230615 347.988767
61 70 69 0.663097 0.138431 0.198472 351.895128 353.696347
61 70 69 0.608812 0.185605 0.205583 349.113694 357.049237
61 70 69 0.571431 0.059363 0.369206 343.318125 354.054639
61 70 69 0.336143 0.344721 0.319135 346.493974 363.634026
61 70 69 0.116401 0.447785 0.435814 338.967229 361.217799
61 62 70 0.364785 0.491843 0.143371 381.328231 351.474193
61 62 70 0.729065 0.245642 0.025293 369.495147 348.619185
61 62 70 0.909968 0.010466 0.079566 365.030801 348.525034
61 62 70 0.674659 0.110337 0.215004 365.539931 351.930658
61 62 70 0.016415 0.817508 0.166077 389.256987 349.016211
61 62 70 0.206087 0.654343 0.139570 384.715801 351.749864
61 62 70 0.235944 0.705145 0.058911 391.039468 348.357751
61 62 70 0.229734 0.655556 0.114710 389.771200 348.242361
61 62 70 0.590801 0.052917 0.356282 357.744813 354.446058
61 62 70 0.358156 0.502084 0.139760 377.378452 348.483522
62 71 70 0.688778 0.163362 0.147860 393.203486 354.094149
62 71 70 0.796338 0.071586 0.132075 394.006057 356.460870
62 71 70 0.311779 0.291456 0.396766 377.453735 363.347868
62 71 70 0.396217 0.169205 0.434579 379.340645 359.835034
62 71 70 0.429477 0.543159 0.027364 396.917764 354.605324
62 71 70 0.816460 0.151857 0.031683 399.352606 354.352629
62 71 70 0.779714 0.154382 0.065904 393.252506 351.527828
62 71 70 0.910522 0.034992 0.054487 399.929274 347.289586
62 71 70 0.664140 0.133257 0.202602 390.020710 354.378919
62 71 70 0.759972 0.029393 0.210635 388.715784 353.189021
63 64 72 0.558413 0.118924 0.322662 119.811168 357.387732
63 64 72 0.885514 0.067062 0.047424 116.180925 352.487942
63 64 72 0.386580 0.242867 0.370553 127.680884 360.567273
63 64 72 0.097687 0.541903 0.360410 138.378825 352.239232
63 64 72 0.460727 0.192744 0.346529 126.569144 357.355968
63 64 72 0.388504 0.522618 0.088878 135.120432 355.822240
63 64 72 0.338628 0.056257 0.605115 124.321571 359.056346
63 64 72 0.659340 0.159252 0.181408 126.073422 355.648878
63 64 72 0.720856 0.213765 0.065379 123.085403 350.341915
63 64 72 0.742341 0.031465 0.226194 120.202377 352.892919
64 73 72 0.863920 0.089931 0.046150 152.837869 352.721536
64 73 72 0.624198 0.283838 0.091964 145.818785 358.221295
64 73 72 0.174832 0.387118 0.438050 141.415405 363.755548
64 73 72 0.518783 0.242841 0.238376 145.209765 360.975751
64 73 72 0.357526 0.483039 0.159435 144.929015 362.620238
64 73 72 0.931944 0.053299 0.014757 149.641853 350.315206
64 73 72 0.467569 0.306908 0.225524 146.410089 358.107917
64 73 72 0.318205 0.364969 0.316826 143.454621 357.656477
64 73 72 0.771331 0.056695 0.171974 144.873200 357.754016
64 73 72 0.628510 0.027942 0.343548 143.154477 356.842395
64 65 73 0.156868 0.825827 0.017306 173.235227 352.719994
64 65 73 0.383965 0.541768 0.074267 166.676880 352.131876
64 65 73 0.865032 0.010075 0.124894 153.421377 353.716911
64 65 73 0.224097 0.401721 0.374182 165.598968 360.025029
64 65 73 0.207018 0.137825 0.655156 161.214606 361.673821
64 65 73 0.994505 0.005479 0.000015 153.518508 355.786057
64 65 73 0.575862 0.176752 0.247387 156.579933 354.462616
64 65 73 0.925342 0.039104 0.035553 149.435771 355.746017
64 65 73 0.230781 0.280746 0.488473 163.141357 360.011251
64 65 73 0.727658 0.203484 0.068858 156.623535 353.374229
65 74 73 0.699427 0.195571 0.105002 180.197837 356.995816
65 74 73 0.353038 0.161627 0.485335 173.720670 359.215736
65 74 73 0.755684 0.175913 0.068403 182.305983 360.264756
65 74 73 0.719320 0.169819 0.110861 182.283616 356.440783
65 74 73 0.347325 0.650144 0.002530 188.839381 359.206847
65 74 73 0.770398 0.133839 0.095764 182.871807 353.176158
65 74 73 0.380739 0.349092 0.270169 176.935731 358.896807
65 74 73 0.303359 0.395355 0.301287 175.991961 363.689362
65 74 73 0.308417 0.689650 0.001934 189.078436 361.759201
65 74 73 0.550382 0.378152 0.071466 183.155493 359.679389
65 66 74 0.707161 0.175472 0.117367 187.745187 353.035302
65 66 74 0.895004 0.056970 0.048025 185.715456 348.764516
65 66 74 0.196235 0.164998 0.638767 195.945007 362.349698
65 66 74 0.642335 0.172626 0.185039 189.500528 355.879401
65 66 74 0.363812 0.315180 0.321007 192.543056 359.574294
65 66 74 0.905698 0.018703 0.075600 184.200667 353.943812
65 66 74 0.439270 0.126565 0.434165 187.321877 360.235588
65 66 74 0.295635 0.120116 0.584249 190.978664 360.565274
65 66 74 0.373646 0.593209 0.033145 201.958525 352.978623
65 66 74 0.203004 0.671785 0.125211 204.936727 354.417523
66 75 74 0.918138 0.063227 0.018635 217.632099 359.320841
66 75 74 0.632499 0.193377 0.174124 212.462774 356.193272
66 75 74 0.581629 0.181358 0.237012 213.825830 361.454237
66 75 74 0.411858 0.270639 0.317503 209.520356 363.600429
66 75 74 0.356816 0.453538 0.189646 212.247772 357.692890
66 75 74 0.513237 0.340563 0.146200 213.386673 362.779671
66 75 74 0.291673 0.002322 0.706005 195.109295 358.570718
66 75 74 0.280745 0.273347 0.445908 203.530741 363.602579
66 75 74 0.253547 0.598761 0.147692 217.177043 360.911724
66 75 74 0.373592 0.004093 0.622315 199.493846 359.982320
66 67 75 0.134554 0.852218 0.013229 244.849663 352.044623
66 67 75 0.267520 0.234014 0.498466 228.267959 359.105333
66 67 75 0.585120 0.300736 0.114145 224.897738 355.574047
66 67 75 0.326132 0.541331 0.132537 232.417271 359.129616
66 67 75 0.279350 0.460662 0.259989 234.782377 357.337161
66 67 75 0.897783 0.029371 0.072845 221.007474 352.139577
66 67 75 0.745315 0.047152 0.207533 217.185984 357.492850
66 67 75 0.070400 0.073234 0.856366 221.279515 359.126550
66 67 75 0.596184 0.094930 0.308886 217.545850 358.982890
66 67 75 0.622368 0.046161 0.331471 222.902081 360.501661
67 76 75 0.268165 0.499507 0.232327 245.715037 363.528258
67 76 75 0.305008 0.085668 0.609324 231.120829 362.572346
67 76 75 0.416666 0.321371 0.261963 243.762760 362.940292
67 76 75 0.077078 0.851674 0.071248 251.166744 366.687930
67 76 75 0.228517 0.655668 0.115815 249.715459 366.939971
67 76 75 0.172471 0.232188 0.595341 233.987958 366.499232
67 76 75 0.548376 0.170248 0.281377 238.950164 358.012592
67 76 75 0.605923 0.233066 0.161012 247.069940 363.446427
67 76 75 0.395758 0.128688 0.475554 238.810734 361.872198
67 76 75 0.744803 0.154090 0.101107 250.049323 361.108208
67 68 76 0.049251 0.662896 0.287853 272.739272 361.768680
67 68 76 0.060673 0.402093 0.537234 264.946313 363.189346
67 68 76 0.420190 0.363021 0.216789 265.769094 361.683386
67 68 76 0.546829 0.076319 0.376851 253.700658 360.917277
67 68 76 0.522082 0.344243 0.133675 263.922844 358.255412
67 68 76 0.698183 0.250975 0.050842 262.456900 358.835699
67 68 76 0.247165 0.682092 0.070743 271.003993 359.489237
67 68 76 0.135305 0.376115 0.488580 265.769033 359.589745
67 68 76 0.866406 0.113379 0.020215 254.640443 355.963079
67 68 76 0.429464 0.435699 0.134837 264.160621 355.777945
68 77 76 0.330197 0.114015 0.555789 265.529879 362.883850
68 77 76 0.029564 0.294623 0.675812 260.474038 370.570988
68 77 76 0.900234 0.083581 0.016185 279.177797 361.618209
68 77 76 0.215536 0.213594 0.570870 265.687970 368.439457
68 77 76 0.834302 0.086570 0.079128 282.217647 361.405090
68 77 76 0.949167 0.021349 0.029484 281.562777 359.603264
68 77 76 0.959495 0.024100 0.016405 284.477783 357.763519
68 77 76 0.561835 0.270015 0.168150 278.615092 363.253755
68 77 76 0.053677 0.133750 0.812573 257.770817 368.778828
68 77 76 0.892469 0.004846 0.102685 282.556308 359.216472
68 69 77 0.436970 0.197281 0.365749 291.919588 363.050814
68 69 77 0.767986 0.151887 0.080127 286.468399 357.644920
68 69 77 0.827320 0.054417 0.118262 284.216565 360.434413
68 69 77 0.092693 0.239139 0.668169 288.287051 367.148619
68 69 77 0.844872 0.012275 0.142854 282.170715 362.176782
68 69 77 0.165828 0.096110 0.738062 282.751410 367.156746
68 69 77 0.652249 0.055505 0.292246 288.071551 360.108904
68 69 77 0.157886 0.687660 0.154454 308.273492 363.400273
68 69 77 0.297088 0.184040 0.518872 291.050364 362.596874
68 69 77 0.737338 0.201044 0.061618 289.517809 361.183273
69 78 77 0.393335 0.151908 0.454758 306.078712 366.495779
69 78 77 0.355979 0.012591 0.631430 289.813418 364.601744
69 78 77 0.486324 0.362636 0.151040 315.415534 366.077172
69 78 77 0.160469 0.493124 0.346407 306.662792 368.991942
69 78 77 0.057901 0.496254 0.445845 300.911113 368.499028
69 78 77 0.008326 0.811027 0.180647 308.044789 376.730325
69 78 77 0.093378 0.189951 0.716671 292.284812 369.064399
69 78 77 0.240861 0.169214 0.589925 297.140202 366.305321
69 78 77 0.368045 0.398039 0.233916 311.652561 369.152174
69 78 77 0.076717 0.008455 0.914828 284.444857 370.209514
69 70 78 0.847674 0.097635 0.054691 320.051331 361.039307
69 70 78 0.151882 0.327590 0.520528 332.059789 370.234667
69 70 78 0.566266 0.130442 0.303291 321.510611 365.832396
69 70 78 0.882112 0.081994 0.035894 320.742934 361.896936
69 70 78 0.659661 0.005835 0.334504 318.031694 369.639457
69 70 78 0.066664 0.643275 0.290061 337.391830 367.045884
69 70 78 0.164439 0.467652 0.367909 332.615616 365.098033
69 70 78 0.869084 0.029832 0.101084 314.750736 363.743152
69 70 78 0.865368 0.038576 0.096056 318.679457 358.238805
69 70 78 0.605428 0.333640 0.060933 329.026476 363.118333
70 79 78 0.754321 0.192705 0.052975 347.746074 368.656054
70 79 78 0.943931 0.018492 0.037577 353.263649 363.966145
70 79 78 0.867168 0.038664 0.094168 347.661100 367.398966
70 79 78 0.968776 0.014843 0.016381 352.006782 367.652142
70 79 78 0.775958 0.106589 0.117453 348.996499 367.834395
70 79 78 0.509449 0.079295 0.411257 337.526379 371.531613
70 79 78 0.313708 0.175174 0.511118 332.617669 371.134112
70 79 78 0.060889 0.277240 0.661871 329.003610 377.070998
70 79 78 0.941354 0.023304 0.035343 351.921155 367.317288
70 79 78 0.540074 0.054718 0.405209 336.262811 368.268944
70 71 79 0.253136 0.544201 0.202662 374.514098 366.659477
70 71 79 0.313923 0.227122 0.458956 360.252815 370.122959
70 71 79 0.528842 0.148159 0.322999 358.205181 369.945732
70 71 79 0.257778 0.496508 0.245714 369.557218 367.859604
70 71 79 0.862594 0.038508 0.098898 355.256654 368.145246
70 71 79 0.696396 0.141203 0.162401 357.370855 371.206571
70 71 79 0.902219 0.011241 0.086540 353.002488 366.193240
70 71 79 0.060955 0.570365 0.368679 373.077846 372.591447
70 71 79 0.651257 0.293771 0.054972 364.632205 368.691132
70 71 79 0.111115 0.273620 0.615266 361.120591 374.757199
71 80 79 0.646626 0.135767 0.217607 382.687875 373.425155
71 80 79 0.136563 0.755400 0.108038 380.147605 379.348742
71 80 79 0.638535 0.073719 0.287746 378.573150 372.232942
71 80 79 0.628222 0.024002 0.347775 379.065010 373.384735
71 80 79 0.738491 0.089845 0.171664 385.310303 372.271474
71 80 79 0.926602 0.050247 0.023151 392.343940 370.663878
71 80 79 0.121728 0.207324 0.670949 364.277426 376.477336
71 80 79 0.365912 0.373465 0.260623 375.210087 373.089538
71 80 79 0.144634 0.802233 0.053134 381.335863 380.617427
71 80 79 0.666354 0.055432 0.278214 379.813679 371.356009
