0 1 9 0.838198 0.088690 0.073112 102.654509 146.117766
0 1 9 0.102827 0.254027 0.643147 101.006584 160.711286
0 1 9 0.399723 0.140732 0.459545 101.025566 157.242979
0 1 9 0.069969 0.375785 0.554246 107.820193 157.023016
0 1 9 0.499030 0.257408 0.243561 102.694851 150.032975
0 1 9 0.772552 0.130437 0.097011 101.845184 144.727889
0 1 9 0.773852 0.117548 0.108600 102.692929 146.397356
0 1 9 0.839485 0.117997 0.042518 104.740092 144.472531
0 1 9 0.975794 0.014424 0.009783 100.787518 143.509195
0 1 9 0.906194 0.085794 0.008012 102.252399 144.124980
1 10 9 0.991968 0.001119 0.006913 137.655784 146.558254
1 10 9 0.404588 0.392146 0.203266 123.395277 157.398804
1 10 9 0.228936 0.648603 0.122460 124.010200 162.050149
1 10 9 0.109300 0.488531 0.402169 115.350308 163.288281
1 10 9 0.060419 0.784658 0.154923 123.572138 163.023659
1 10 9 0.341928 0.112102 0.545971 107.771498 162.071940
1 10 9 0.390331 0.064966 0.544703 107.466083 156.406753
1 10 9 0.062090 0.322498 0.615412 104.445373 169.353107
1 10 9 0.235163 0.114002 0.650836 100.855081 164.068691
1 10 9 0.137277 0.209475 0.653247 103.679731 164.359909
1 2 10 0.085970 0.719414 0.194616 156.623272 147.788916
1 2 10 0.588323 0.136047 0.275630 137.562489 149.469510
1 2 10 0.295619 0.242438 0.461943 138.184084 156.018665
1 2 10 0.954790 0.029303 0.015907 136.179857 149.150085
1 2 10 0.038182 0.746676 0.215142 162.383063 148.418982
1 2 10 0.462309 0.027315 0.510376 132.033619 160.020375
1 2 10 0.158566 0.798250 0.043184 162.386026 148.306964
1 2 10 0.862628 0.021508 0.115864 134.125665 144.261941
1 2 10 0.740030 0.249636 0.010334 143.963905 142.251617
1 2 10 0.273605 0.677600 0.048795 157.347289 145.732803
2 11 10 0.606490 0.296392 0.097117 166.250917 151.427450
2 11 10 0.559121 0.242562 0.198317 162.560768 152.613424
2 11 10 0.508951 0.475131 0.015919 168.439474 152.252933
2 11 10 0.936098 0.009447 0.054455 169.210619 145.188688
2 11 10 0.513388 0.144377 0.342235 155.296263 155.298875
2 11 10 0.073680 0.206853 0.719467 139.592041 167.746447
2 11 10 0.997322 0.001049 0.001629 171.020835 143.887581
2 11 10 0.987662 0.006254 0.006084 170.460357 143.771180
2 11 10 0.980907 0.008833 0.010260 172.823146 141.186856
2 11 10 0.983023 0.000345 0.016632 172.546330 140.248004
2 3 11 0.919037 0.023011 0.057952 174.667746 144.873137
2 3 11 0.566161 0.400929 0.032911 184.156926 143.722496
2 3 11 0.969827 0.021573 0.008599 169.885919 141.455382
2 3 11 0.269358 0.477865 0.252777 189.166953 149.402900
2 3 11 0.113511 0.835770 0.050719 201.354698 142.387295
2 3 11 0.504361 0.054268 0.441372 171.961997 148.774411
2 3 11 0.206724 0.553160 0.240116 189.184156 148.048222
2 3 11 0.998530 0.001311 0.000158 171.738221 144.837185
2 3 11 0.252399 0.525083 0.222518 188.899854 145.684665
2 3 11 0.177057 0.118804 0.704139 175.474501 158.395219
3 12 11 0.566342 0.259994 0.173664 203.316285 156.310012
3 12 11 0.655015 0.085345 0.259640 196.601141 147.206051
3 12 11 0.640856 0.125511 0.233633 198.476097 150.079937
3 12 11 0.879066 0.019126 0.101808 203.472493 145.721087
3 12 11 0.868748 0.008663 0.122589 200.187232 145.000465
3 12 11 0.780369 0.154542 0.065089 203.876793 151.071718
3 12 11 0.741371 0.096747 0.161882 200.754103 148.983302
3 12 11 0.027626 0.025122 0.947252 164.811240 165.187512
3 12 11 0.320591 0.656872 0.022537 206.305087 158.394619
3 12 11 0.905637 0.001053 0.093309 204.135171 149.261490
3 4 12 0.041134 0.276215 0.682651 216.038304 158.027957
3 4 12 0.541601 0.037611 0.420788 209.186121 154.936323
3 4 12 0.924783 0.015455 0.059762 205.922031 145.591404
3 4 12 0.610474 0.152975 0.236551 212.206687 143.567270
3 4 12 0.856456 0.126459 0.017084 210.875781 145.345971
3 4 12 0.394054 0.111216 0.494729 210.152264 155.422154
3 4 12 0.971815 0.018332 0.009853 209.330329 142.409139
3 4 12 0.323408 0.115676 0.560915 213.343867 155.704480
3 4 12 0.562579 0.270310 0.167112 214.504627 146.639576
3 4 12 0.374911 0.524607 0.100482 224.894003 141.078528
4 13 12 0.290862 0.593890 0.115247 240.900295 155.080452
4 13 12 0.308214 0.651445 0.040341 239.712590 159.409654
4 13 12 0.768168 0.035025 0.196807 235.078815 148.456821
4 13 12 0.354843 0.080061 0.565096 217.089589 158.086564
4 13 12 0.283923 0.517542 0.198534 237.903577 155.320553
4 13 12 0.228882 0.546614 0.224504 235.605076 161.416058
4 13 12 0.214943 0.021634 0.763423 218.517039 160.565922
4 13 12 0.072498 0.152027 0.775475 217.510144 164.308077
4 13 12 0.044291 0.592637 0.363072 226.419970 165.759790
4 13 12 0.431509 0.252805 0.315685 228.686957 154.294666
4 5 13 0.607588 0.143884 0.248528 250.975585 148.777486
4 5 13 0.052389 0.732353 0.215258 274.508145 145.677873
4 5 13 0.524919 0.395900 0.079181 260.716129 144.517393
4 5 13 0.835150 0.122380 0.042470 249.183614 144.496300
4 5 13 0.178767 0.393063 0.428170 257.592011 156.660331
4 5 13 0.438419 0.304192 0.257388 254.477279 147.235951
4 5 13 0.428803 0.296086 0.275111 252.880119 149.338539
4 5 13 0.542586 0.155992 0.301422 249.137704 149.918201
4 5 13 0.820571 0.055867 0.123562 240.456791 145.883444
4 5 13 0.974434 0.015454 0.010112 242.182534 143.442187
5 14 13 0.173377 0.319215 0.507407 261.965256 159.076080
5 14 13 0.079469 0.245874 0.674656 257.050601 164.750540
5 14 13 0.561822 0.400093 0.038085 283.277417 153.182197
5 14 13 0.297709 0.377929 0.324362 272.654898 155.610971
5 14 13 0.398542 0.283237 0.318221 273.387228 155.109739
5 14 13 0.129528 0.869440 0.001031 286.843026 163.088071
5 14 13 0.267216 0.463688 0.269096 271.517187 159.178536
5 14 13 0.388743 0.193717 0.417540 266.460875 156.321958
5 14 13 0.072085 0.322233 0.605682 256.437919 163.906590
5 14 13 0.636331 0.114617 0.249052 275.588240 154.706161
5 6 14 0.385771 0.577368 0.036861 301.981891 142.435239
5 6 14 0.823362 0.031593 0.145045 286.046422 145.288259
5 6 14 0.663786 0.225530 0.110684 292.208582 147.907879
5 6 14 0.609641 0.030252 0.360108 285.989999 147.699601
5 6 14 0.802068 0.038699 0.159233 281.766059 142.375894
5 6 14 0.289351 0.476440 0.234208 300.726559 147.667515
5 6 14 0.620490 0.015481 0.364029 283.721876 148.360564
5 6 14 0.580387 0.415338 0.004275 294.845533 141.634558
5 6 14 0.621501 0.265224 0.113274 294.407230 144.610520
5 6 14 0.549949 0.280157 0.169894 292.548378 144.009431
6 15 14 0.583915 0.389979 0.026106 321.520226 150.950327
6 15 14 0.091016 0.656791 0.252192 315.587970 161.970310
6 15 14 0.485495 0.104018 0.410487 308.855951 154.353990
6 15 14 0.980569 0.018850 0.000580 319.023570 143.806141
6 15 14 0.024854 0.625087 0.350058 309.092349 165.410596
6 15 14 0.512805 0.279331 0.207864 314.350262 151.931600
6 15 14 0.068894 0.453841 0.477265 306.726866 164.271442
6 15 14 0.003255 0.097671 0.899074 292.196927 164.343523
6 15 14 0.117111 0.826333 0.056557 320.558977 159.518981
6 15 14 0.594792 0.293931 0.111277 315.039672 150.509163
6 7 15 0.772312 0.012840 0.214849 321.332488 146.782346
6 7 15 0.989091 0.001210 0.009699 318.086241 141.690382
6 7 15 0.254209 0.668762 0.077029 344.643080 147.105432
6 7 15 0.407542 0.102428 0.490030 326.317037 156.600354
6 7 15 0.174635 0.507972 0.317393 342.459901 151.117760
6 7 15 0.935954 0.050746 0.013299 319.325625 142.444339
6 7 15 0.684874 0.164897 0.150229 325.151714 146.311465
6 7 15 0.073637 0.111705 0.814658 327.985321 161.647793
6 7 15 0.350140 0.026376 0.623484 319.509229 155.774237
6 7 15 0.975324 0.000902 0.023774 321.522125 140.761468
7 16 15 0.772417 0.143517 0.084066 356.620121 147.437835
7 16 15 0.531349 0.140136 0.328515 350.936927 153.650783
7 16 15 0.091368 0.545767 0.362865 350.303087 164.857456
7 16 15 0.179092 0.092781 0.728128 330.356831 160.036267
7 16 15 0.387478 0.178002 0.434519 347.136052 156.655205
7 16 15 0.934041 0.044176 0.021782 357.586388 144.698366
7 16 15 0.420298 0.102533 0.477169 343.771697 158.487157
7 16 15 0.967762 0.013107 0.019131 358.224431 147.167992
7 16 15 0.469954 0.026393 0.503654 340.986829 152.324147
7 16 15 0.971256 0.010987 0.017758 358.239380 142.791168
7 8 16 0.506142 0.222555 0.271303 368.859099 148.371792
7 8 16 0.884712 0.007962 0.107326 361.724632 146.727962
7 8 16 0.166868 0.768649 0.064483 386.759842 142.688038
7 8 16 0.529547 0.330730 0.139723 377.461268 152.262757
7 8 16 0.784466 0.101996 0.113538 364.393700 144.008005
7 8 16 0.183031 0.195153 0.621817 370.304930 154.509917
7 8 16 0.023796 0.089322 0.886882 372.439906 156.265780
7 8 16 0.478766 0.471619 0.049615 380.496679 143.022900
7 8 16 0.629332 0.226962 0.143705 368.757448 145.830363
7 8 16 0.748342 0.035311 0.216347 361.443439 148.683385
8 17 16 0.984601 0.015334 0.000065 398.278376 141.852935
8 17 16 0.756813 0.176824 0.066363 397.934995 149.105363
8 17 16 0.613163 0.145411 0.241426 392.911321 151.475021
8 17 16 0.201691 0.439455 0.358854 389.274493 158.078171
8 17 16 0.334453 0.295797 0.369750 388.451142 160.384876
8 17 16 0.670862 0.003023 0.326115 389.375098 148.258703
8 17 16 0.167264 0.097507 0.735230 374.255504 162.780724
8 17 16 0.442648 0.331460 0.225892 392.138901 154.005674
8 17 16 0.728143 0.068256 0.203601 392.013615 148.436693
8 17 16 0.858613 0.081389 0.059998 396.565010 147.660032
9 10 18 0.285699 0.579003 0.135298 112.792124 167.926686
9 10 18 0.270887 0.119893 0.609219 84.671071 189.539317
9 10 18 0.184899 0.084582 0.730519 91.417416 189.522307
9 10 18 0.056919 0.153055 0.790026 89.058216 190.345486
9 10 18 0.034570 0.654873 0.310557 116.670619 177.285495
9 10 18 0.286775 0.366849 0.346376 102.792374 182.300066
9 10 18 0.636101 0.243685 0.120214 92.503267 171.370911
9 10 18 0.668586 0.291627 0.039787 98.056593 169.779806
9 10 18 0.630283 0.050729 0.318988 91.867731 176.571088
9 10 18 0.042990 0.008260 0.948750 79.131206 202.332913
10 19 18 0.977731 0.002845 0.019425 126.184119 165.358405
10 19 18 0.339993 0.010746 0.649261 98.156360 190.326493
10 19 18 0.587257 0.369012 0.043731 118.789274 180.367758
10 19 18 0.931610 0.017951 0.050440 123.431654 168.119842
10 19 18 0.974775 0.017040 0.008185 127.535004 171.491552
10 19 18 0.582790 0.220303 0.196906 119.523095 179.989048
10 19 18 0.913673 0.019304 0.067023 123.701148 168.087931
10 19 18 0.324765 0.475479 0.199757 113.283848 188.716048
10 19 18 0.095300 0.660629 0.244071 112.573933 199.110901
10 19 18 0.109106 0.415635 0.475259 103.459550 197.945327
10 11 19 0.122540 0.229694 0.647766 131.333786 186.957679
10 11 19 0.244508 0.662560 0.092933 150.045710 166.220827
10 11 19 0.680385 0.059289 0.260326 127.287705 176.681316
10 11 19 0.296277 0.001924 0.701799 122.911104 192.412492
10 11 19 0.738532 0.016847 0.244621 124.064008 176.284541
10 11 19 0.042673 0.825478 0.131850 158.358612 170.759619
10 11 19 0.298570 0.613702 0.087729 149.055689 167.444264
10 11 19 0.550167 0.013287 0.436546 124.168248 182.002379
10 11 19 0.783054 0.060671 0.156275 124.725276 171.009643
10 11 19 0.909496 0.016253 0.074252 125.322962 165.543139
11 20 19 0.598414 0.309600 0.091985 159.880832 179.944644
11 20 19 0.119480 0.559192 0.321327 149.347623 197.567407
11 20 19 0.813285 0.113393 0.073322 164.236040 173.264759
11 20 19 0.371489 0.488054 0.140456 157.257937 190.996939
11 20 19 0.454905 0.115820 0.429275 144.221396 182.702835
11 20 19 0.990094 0.003134 0.006772 163.765880 165.718289
11 20 19 0.823955 0.063922 0.112122 160.502288 174.185082
11 20 19 0.123065 0.531710 0.345225 145.551703 194.227697
11 20 19 0.789010 0.108213 0.102776 163.415902 172.184447
11 20 19 0.566924 0.323762 0.109314 160.500987 180.575549
11 12 20 0.659378 0.155013 0.185609 171.049532 169.684685
11 12 20 0.653200 0.196704 0.150095 173.146178 172.020199
11 12 20 0.212859 0.627244 0.159897 188.620799 174.848456
11 12 20 0.737236 0.076529 0.186235 167.255208 171.715387
11 12 20 0.907388 0.039753 0.052859 167.316129 168.228191
11 12 20 0.707080 0.243210 0.049710 172.018272 170.532134
11 12 20 0.067552 0.864884 0.067564 201.285269 167.325224
11 12 20 0.541121 0.451870 0.007009 181.956683 166.698796
11 12 20 0.022397 0.268026 0.709577 172.533701 194.166584
11 12 20 0.355846 0.507447 0.136707 186.912563 168.017097
12 21 20 0.349871 0.224784 0.425345 184.224368 189.312042
12 21 20 0.920162 0.033688 0.046150 201.384675 166.262360
12 21 20 0.870607 0.043096 0.086296 201.336077 167.543185
12 21 20 0.629759 0.334012 0.036229 199.646448 180.162744
12 21 20 0.894520 0.098704 0.006776 201.723457 169.897736
12 21 20 0.889340 0.058776 0.051884 201.907863 170.669501
12 21 20 0.313223 0.327477 0.359300 185.171402 190.895705
12 21 20 0.297415 0.647962 0.054623 200.008902 190.111257
12 21 20 0.074448 0.851190 0.074362 195.846142 197.531793
12 21 20 0.569594 0.278808 0.151599 197.004196 179.372625
12 13 21 0.709883 0.033039 0.257078 207.505693 176.569452
12 13 21 0.133094 0.490779 0.376126 221.741580 176.385066
12 13 21 0.202349 0.004577 0.793074 201.073098 192.798093
12 13 21 0.834205 0.036894 0.128901 207.849815 170.039323
12 13 21 0.880862 0.067034 0.052103 208.169354 166.761990
12 13 21 0.623873 0.068244 0.307883 206.799331 177.952364
12 13 21 0.190846 0.085839 0.723315 205.655165 188.882356
12 13 21 0.155554 0.736075 0.108372 233.987952 169.965309
12 13 21 0.405313 0.236886 0.357801 214.780397 180.695070
12 13 21 0.043592 0.553221 0.403187 228.440431 175.895293
13 22 21 0.335770 0.209057 0.455172 224.053553 186.072543
13 22 21 0.546257 0.096590 0.357153 226.861771 181.126357
13 22 21 0.429226 0.058484 0.512289 221.712745 183.463939
13 22 21 0.349190 0.105507 0.545303 216.970578 189.860785
13 22 21 0.322918 0.116765 0.560316 218.594320 185.913880
13 22 21 0.378136 0.549311 0.072553 238.578466 187.684874
13 22 21 0.308828 0.640689 0.050483 239.262137 187.996346
13 22 21 0.763587 0.084704 0.151709 237.580335 176.619482
13 22 21 0.859559 0.072327 0.068114 239.289103 167.947119
13 22 21 0.125425 0.034659 0.839916 206.423512 197.266664
13 14 22 0.224415 0.527391 0.248193 265.335712 172.261759
13 14 22 0.559148 0.210473 0.230380 254.439438 174.623693
13 14 22 0.642939 0.179566 0.177495 247.763871 166.955399
13 14 22 0.797292 0.013434 0.189274 241.906184 171.888298
13 14 22 0.005328 0.712110 0.282562 272.956299 173.249805
13 14 22 0.090418 0.641830 0.267752 268.217047 176.328241
13 14 22 0.108092 0.650580 0.241328 270.973358 174.940543
13 14 22 0.451171 0.530125 0.018705 264.488433 165.956155
13 14 22 0.991813 0.004059 0.004127 242.583934 164.253508
13 14 22 0.165336 0.578607 0.256057 265.957441 170.501055
14 23 22 0.189737 0.491912 0.318352 271.843986 191.061019
14 23 22 0.759810 0.029902 0.210288 275.790321 173.826659
14 23 22 0.916808 0.037752 0.045440 282.155749 167.224467
14 23 22 0.287197 0.524948 0.187855 276.794018 190.433853
14 23 22 0.883059 0.062576 0.054365 284.518786 167.149677
14 23 22 0.710992 0.272219 0.016790 283.206992 172.567202
14 23 22 0.348941 0.618093 0.032966 283.835600 190.210521
14 23 22 0.742885 0.020915 0.236200 275.314306 172.133501
14 23 22 0.006383 0.287265 0.706352 257.688965 200.934436
14 23 22 0.665457 0.250077 0.084467 278.478128 174.342364
14 15 23 0.133944 0.251270 0.614786 293.953359 182.947660
14 15 23 0.843462 0.021859 0.134679 280.991849 169.532740
14 15 23 0.021361 0.943914 0.034724 320.147167 169.077513
14 15 23 0.694722 0.293699 0.011579 302.277949 166.408192
14 15 23 0.156118 0.497131 0.346750 305.527718 177.907317
14 15 23 0.754558 0.017937 0.227505 288.283831 174.668221
14 15 23 0.965250 0.005276 0.029474 284.052513 163.761643
14 15 23 0.210360 0.257337 0.532303 295.808557 183.089653
14 15 23 0.157305 0.603197 0.239498 309.245934 180.247206
14 15 23 0.740343 0.207270 0.052387 293.949220 166.726274
15 24 23 0.154905 0.014412 0.830683 294.787834 193.002946
15 24 23 0.744155 0.017347 0.238498 314.571422 169.154280
15 24 23 0.501563 0.305368 0.193069 317.706289 185.871204
15 24 23 0.804519 0.039661 0.155820 318.749915 173.913470
15 24 23 0.694593 0.198791 0.106616 321.465388 175.843419
15 24 23 0.765697 0.182616 0.051687 321.054410 175.014721
15 24 23 0.761361 0.098809 0.139831 317.646852 175.863021
15 24 23 0.554336 0.283801 0.161863 319.853727 181.561008
15 24 23 0.016104 0.844206 0.139690 318.749744 200.228408
15 24 23 0.392731 0.290235 0.317034 312.896177 186.809099
15 16 24 0.371248 0.594873 0.033879 350.542419 163.863729
15 16 24 0.297727 0.341907 0.360366 339.798800 176.225225
15 16 24 0.974851 0.006590 0.018560 331.200457 168.034309
15 16 24 0.054723 0.812661 0.132616 358.458959 169.901631
15 16 24 0.007437 0.390969 0.601594 340.203130 182.158595
15 16 24 0.420870 0.531504 0.047625 346.291887 166.520292
15 16 24 0.605767 0.036053 0.358180 329.393741 175.593040
15 16 24 0.088117 0.641851 0.270032 353.947932 176.441923
15 16 24 0.867496 0.122296 0.010208 329.710954 168.279128
15 16 24 0.540806 0.106039 0.353155 332.093895 174.967512
16 25 24 0.800189 0.139195 0.060616 363.174307 173.387808
16 25 24 0.417230 0.356913 0.225857 357.454047 182.077360
16 25 24 0.746439 0.203072 0.050489 365.965257 172.506785
16 25 24 0.859646 0.009369 0.130984 363.432476 170.833126
16 25 24 0.483466 0.158479 0.358055 352.915169 179.831041
16 25 24 0.421731 0.154543 0.423726 350.296871 179.079515
16 25 24 0.387053 0.594508 0.018439 366.687574 186.156738
16 25 24 0.854527 0.110792 0.034681 368.028676 167.111628
16 25 24 0.276780 0.164362 0.558859 344.307380 192.165082
16 25 24 0.033644 0.234419 0.731937 337.078700 200.607073
16 17 25 0.168273 0.144280 0.687446 374.599088 187.981672
16 17 25 0.664500 0.126790 0.208710 371.054978 173.550077
16 17 25 0.938178 0.021254 0.040568 368.623131 166.407266
16 17 25 0.847161 0.078086 0.074754 370.791040 169.047791
16 17 25 0.873130 0.078171 0.048699 371.082025 165.820311
16 17 25 0.298138 0.165809 0.536053 373.718943 178.397266
16 17 25 0.661024 0.103293 0.235684 368.637174 170.584490
16 17 25 0.748119 0.041317 0.210564 368.352758 169.593682
16 17 25 0.451110 0.006192 0.542698 368.437434 184.903483
16 17 25 0.173970 0.729107 0.096923 395.705985 166.349435
17 26 25 0.590008 0.390636 0.019357 409.432954 181.602651
17 26 25 0.931346 0.052473 0.016181 402.281051 168.614657
17 26 25 0.498300 0.243850 0.257849 401.109600 179.002509
17 26 25 0.255371 0.513664 0.230965 404.088294 188.149711
17 26 25 0.141563 0.421319 0.437118 393.986257 192.626730
17 26 25 0.968904 0.027924 0.003172 405.503583 166.442761
17 26 25 0.276963 0.284658 0.438378 390.106983 188.643399
17 26 25 0.706259 0.052746 0.240995 398.059010 178.294863
17 26 25 0.730658 0.027094 0.242248 397.016660 170.939909
17 26 25 0.171747 0.291514 0.536739 388.191275 193.711124
18 19 27 0.801023 0.118928 0.080049 83.343245 201.570305
18 19 27 0.769009 0.081623 0.149368 86.622942 208.109710
18 19 27 0.310595 0.077980 0.611425 80.498614 229.450727
18 19 27 0.235679 0.200204 0.564117 88.148498 224.194697
18 19 27 0.665106 0.143845 0.191049 85.766652 210.231489
18 19 27 0.252472 0.699868 0.047660 103.538101 204.549822
18 19 27 0.301357 0.150991 0.547652 86.629119 225.728929
18 19 27 0.884023 0.021934 0.094043 78.799636 207.383940
18 19 27 0.234117 0.300746 0.465138 92.626126 222.282197
18 19 27 0.296801 0.013156 0.690043 81.418301 228.868915
19 28 27 0.414443 0.330455 0.255102 107.792836 225.032911
19 28 27 0.214515 0.172242 0.613244 94.608795 234.215601
19 28 27 0.192716 0.625820 0.181464 111.176030 241.027362
19 28 27 0.271449 0.273941 0.454610 100.470597 232.397834
19 28 27 0.358993 0.617027 0.023980 116.725022 228.994147
19 28 27 0.046458 0.869140 0.084402 112.041453 243.553337
19 28 27 0.296194 0.649262 0.054544 116.877716 231.885051
19 28 27 0.540169 0.212542 0.247289 107.748822 217.448710
19 28 27 0.547820 0.377747 0.074434 117.223124 220.023712
19 28 27 0.453195 0.126465 0.420340 100.946143 228.411253
19 20 28 0.397081 0.128765 0.474154 120.971506 225.277574
19 20 28 0.538126 0.116485 0.345390 119.605642 216.821763
19 20 28 0.891146 0.010264 0.098590 117.796121 202.390047
19 20 28 0.770853 0.131393 0.097755 120.039989 206.519024
19 20 28 0.031997 0.375788 0.592215 133.989090 228.676755
19 20 28 0.287788 0.437452 0.274760 136.079722 216.177883
19 20 28 0.407402 0.436898 0.155700 135.283816 208.615784
19 20 28 0.361991 0.329303 0.308707 132.880370 217.981038
19 20 28 0.068806 0.071551 0.859642 123.678157 238.864335
19 20 28 0.070842 0.595194 0.333964 143.195638 215.741012
20 29 28 0.955532 0.042201 0.002267 157.278332 206.190762
20 29 28 0.788905 0.027715 0.183380 150.898578 208.238785
20 29 28 0.974720 0.009185 0.016095 158.272222 202.043050
20 29 28 0.368197 0.399484 0.232318 148.007004 228.638945
20 29 28 0.883662 0.028244 0.088095 158.881654 207.349907
20 29 28 0.682375 0.287996 0.029629 158.754423 217.832530
20 29 28 0.255040 0.067478 0.677482 134.163982 234.312870
20 29 28 0.028880 0.153284 0.817835 128.613432 241.723743
20 29 28 0.314062 0.047192 0.638746 133.954140 234.200160
20 29 28 0.438511 0.225640 0.335849 146.071586 223.170259
20 21 29 0.508543 0.282793 0.208664 167.427886 208.801859
20 21 29 0.677207 0.204746 0.118047 168.555215 203.916107
20 21 29 0.460044 0.009248 0.530707 161.989106 228.622366
20 21 29 0.308580 0.623198 0.068222 184.678643 205.902082
20 21 29 0.785911 0.026109 0.187980 163.433853 212.572291
20 21 29 0.056780 0.926165 0.017055 198.227914 200.340898
20 21 29 0.673351 0.115927 0.210722 161.221215 213.857882
20 21 29 0.074585 0.831268 0.094147 192.114199 201.987064
20 21 29 0.207321 0.337069 0.455610 169.558592 219.570339
20 21 29 0.553842 0.106211 0.339947 162.328433 218.994188
21 30 29 0.293920 0.072733 0.633347 173.019591 232.167139
21 30 29 0.933463 0.024179 0.042358 196.963287 204.280527
21 30 29 0.367388 0.147584 0.485028 178.846311 224.897552
21 30 29 0.849826 0.088256 0.061918 197.197046 210.198838
21 30 29 0.458717 0.507123 0.034160 197.673723 221.201517
21 30 29 0.193553 0.443740 0.362707 186.676350 237.183875
21 30 29 0.427629 0.462170 0.110202 195.369582 224.039695
21 30 29 0.153264 0.548531 0.298205 188.681466 233.655920
21 30 29 0.271916 0.122854 0.605230 175.587272 237.062846
21 30 29 0.994196 0.001560 0.004244 202.091122 197.068977
21 22 30 0.756984 0.202861 0.040154 209.638379 206.435939
21 22 30 0.265536 0.422849 0.311615 216.575083 215.114402
21 22 30 0.013736 0.876873 0.109391 232.132347 200.945260
21 22 30 0.537982 0.315067 0.146952 212.298045 208.366766
21 22 30 0.180585 0.292646 0.526770 215.247346 223.593626
21 22 30 0.385310 0.431104 0.183586 216.885554 209.055914
21 22 30 0.623305 0.201330 0.175364 207.809003 206.779002
21 22 30 0.921763 0.036115 0.042121 199.625531 200.077480
21 22 30 0.259183 0.598073 0.142745 226.175751 204.104188
21 22 30 0.112827 0.212261 0.674912 207.902970 231.013797
22 31 30 0.795707 0.026526 0.177768 236.384496 209.940471
22 31 30 0.791377 0.190659 0.017964 240.560710 206.300722
22 31 30 0.556228 0.330424 0.113348 237.601115 219.425957
22 31 30 0.312674 0.313810 0.373516 227.828684 227.101528
22 31 30 0.689656 0.078516 0.231829 230.228323 210.492199
22 31 30 0.307069 0.137906 0.555025 215.687515 228.666445
22 31 30 0.644297 0.083103 0.272600 231.621285 214.525509
22 31 30 0.900054 0.034945 0.065001 237.446085 206.391895
22 31 30 0.431111 0.215781 0.353107 230.066376 224.032995
22 31 30 0.363619 0.406252 0.230129 229.559549 225.404507
22 23 31 0.755549 0.234251 0.010199 251.097281 199.095298
22 23 31 0.093213 0.721855 0.184933 275.260573 202.997201
22 23 31 0.857544 0.030182 0.112274 242.946643 203.702656
22 23 31 0.710158 0.265678 0.024164 255.370574 201.625994
22 23 31 0.189243 0.424579 0.386178 262.206926 214.427554
22 23 31 0.822743 0.143157 0.034100 249.229397 202.712231
22 23 31 0.020340 0.312868 0.666793 254.136055 230.898866
22 23 31 0.773565 0.196269 0.030166 248.735772 201.914245
22 23 31 0.739760 0.165826 0.094413 251.463673 205.659676
22 23 31 0.941035 0.012481 0.046484 243.444245 201.733730
23 32 31 0.945170 0.052099 0.002731 286.497643 204.682905
23 32 31 0.527255 0.236520 0.236226 271.757673 220.258730
23 32 31 0.712943 0.007698 0.279359 273.871343 210.846937
23 32 31 0.271189 0.670238 0.058574 282.894791 228.355232
23 32 31 0.563285 0.246369 0.190346 276.231962 216.767485
23 32 31 0.919741 0.027842 0.052418 287.405939 202.603890
23 32 31 0.659485 0.045525 0.294990 270.165426 209.749963
23 32 31 0.801513 0.126302 0.072185 284.313714 211.431963
23 32 31 0.805428 0.025708 0.168864 277.100170 206.684929
23 32 31 0.357491 0.491570 0.150939 275.591798 225.103201
23 24 32 0.417652 0.336389 0.245959 301.903808 211.929338
23 24 32 0.803396 0.174119 0.022485 291.426917 203.230296
23 24 32 0.009271 0.831929 0.158799 318.052807 201.306099
23 24 32 0.875814 0.118517 0.005670 292.949493 195.304633
23 24 32 0.530809 0.352437 0.116754 300.635890 203.339060
23 24 32 0.634553 0.168040 0.197408 293.213425 211.611142
23 24 32 0.272185 0.646645 0.081170 312.882696 201.849279
23 24 32 0.703628 0.232569 0.063803 295.930405 200.755383
23 24 32 0.322234 0.539438 0.138327 306.579259 206.282901
23 24 32 0.447316 0.498497 0.054187 306.448047 201.313495
24 33 32 0.459799 0.423936 0.116264 326.040130 219.394925
24 33 32 0.143384 0.658192 0.198423 317.598081 237.629002
24 33 32 0.135162 0.143390 0.721448 297.844467 232.648969
24 33 32 0.782564 0.118010 0.099425 323.158809 204.911632
24 33 32 0.327533 0.458342 0.214125 316.659821 225.734868
24 33 32 0.884099 0.110104 0.005797 327.699919 203.056938
24 33 32 0.633850 0.071796 0.294354 315.986022 211.481649
24 33 32 0.949988 0.003748 0.046264 321.892534 200.257209
24 33 32 0.731337 0.265346 0.003317 328.083336 213.850651
24 33 32 0.692996 0.062757 0.244247 318.194316 210.376049
24 25 33 0.935088 0.036047 0.028865 325.245358 201.388281
24 25 33 0.761432 0.115782 0.122786 331.172424 202.886601
24 25 33 0.056487 0.891111 0.052402 362.495490 201.248005
24 25 33 0.948864 0.046457 0.004679 328.039057 197.729321
24 25 33 0.591071 0.146796 0.262133 332.835816 209.120303
24 25 33 0.926153 0.001936 0.071911 325.722360 200.838124
24 25 33 0.674835 0.227872 0.097293 334.659805 206.207925
24 25 33 0.115048 0.838459 0.046493 362.298290 199.624085
24 25 33 0.161141 0.380205 0.458655 343.138540 217.539929
24 25 33 0.121261 0.692964 0.185775 356.170491 208.746446
25 34 33 0.654874 0.305625 0.039502 370.152431 210.138921
25 34 33 0.631105 0.152146 0.216749 360.871239 216.549085
25 34 33 0.090923 0.435028 0.474048 352.611080 234.242611
25 34 33 0.799656 0.041064 0.159281 363.256280 210.608549
25 34 33 0.162135 0.476694 0.361171 355.700832 233.250374
25 34 33 0.626923 0.283908 0.089170 366.284366 212.083112
25 34 33 0.531836 0.299586 0.168578 363.562826 218.031566
25 34 33 0.215360 0.556882 0.227758 359.396681 232.591391
25 34 33 0.701012 0.100429 0.198559 360.535887 208.437080
25 34 33 0.632256 0.244628 0.123116 362.347743 214.405316
25 26 34 0.130435 0.563154 0.306410 394.507772 210.686639
25 26 34 0.797513 0.195746 0.006741 375.455915 198.106297
25 26 34 0.445700 0.539321 0.014979 392.823453 199.592181
25 26 34 0.386554 0.073143 0.540303 371.632843 221.479575
25 26 34 0.105401 0.554515 0.340084 393.734571 210.181565
25 26 34 0.436805 0.262846 0.300349 383.303895 209.829276
25 26 34 0.709386 0.209884 0.080730 380.924749 201.407311
25 26 34 0.432195 0.209889 0.357917 380.079178 212.497436
25 26 34 0.869774 0.021292 0.108934 366.485023 203.338609
25 26 34 0.749636 0.116861 0.133503 374.354619 200.659283
26 35 34 0.141726 0.407015 0.451259 399.452979 233.921105
26 35 34 0.804381 0.115964 0.079655 412.819832 205.493436
26 35 34 0.484536 0.299657 0.215807 407.902566 214.869800
26 35 34 0.832873 0.075099 0.092029 411.501077 203.652530
26 35 34 0.735181 0.210853 0.053966 413.774491 209.192427
26 35 34 0.085232 0.207762 0.707005 387.304491 235.645888
26 35 34 0.494173 0.046227 0.459600 391.097749 217.506665
26 35 34 0.802421 0.151835 0.045744 414.821046 202.460056
26 35 34 0.963599 0.019634 0.016767 414.983463 200.662059
26 35 34 0.381409 0.480064 0.138527 410.319224 222.987333
27 28 36 0.088092 0.045383 0.866525 83.091534 280.812094
27 28 36 0.620108 0.244219 0.135673 91.457375 247.812123
27 28 36 0.375245 0.209522 0.415233 90.944497 261.854878
27 28 36 0.216538 0.273258 0.510204 95.280258 266.880402
27 28 36 0.126670 0.509545 0.363785 100.083463 256.678395
27 28 36 0.692395 0.043754 0.263851 81.785106 255.819870
27 28 36 0.073839 0.103921 0.822240 88.794272 275.686087
27 28 36 0.411311 0.302447 0.286242 93.497784 255.806223
27 28 36 0.604358 0.108896 0.286747 85.235448 253.969870
27 28 36 0.554516 0.433583 0.011901 96.589787 243.306782
28 37 36 0.038172 0.245687 0.716141 96.262432 282.725685
28 37 36 0.216625 0.696065 0.087310 122.935234 275.177793
28 37 36 0.496437 0.388518 0.115046 116.761213 263.162910
28 37 36 0.906037 0.079724 0.014239 119.424425 245.760758
28 37 36 0.953664 0.029904 0.016432 116.726424 246.542485
28 37 36 0.498186 0.490140 0.011674 118.842984 263.039463
28 37 36 0.624716 0.079459 0.295826 107.827624 258.923942
28 37 36 0.669125 0.099156 0.231719 111.242809 258.645861
28 37 36 0.921632 0.041221 0.037147 116.616618 247.065625
28 37 36 0.744298 0.221435 0.034266 118.790377 255.181622
28 29 37 0.800276 0.052335 0.147390 123.461998 247.658405
28 29 37 0.661120 0.231964 0.106917 129.840120 247.815761
28 29 37 0.466021 0.093818 0.440160 124.106409 264.099796
28 29 37 0.635673 0.172050 0.192276 124.587783 251.950652
28 29 37 0.344228 0.483495 0.172277 135.673349 250.409750
28 29 37 0.060258 0.072594 0.867148 126.220479 278.590974
28 29 37 0.075764 0.526409 0.397827 139.397608 260.526661
28 29 37 0.527315 0.304944 0.167741 133.837723 251.590543
28 29 37 0.696470 0.188174 0.115357 122.994601 247.173755
28 29 37 0.299374 0.380733 0.319893 135.913410 256.526387
29 38 37 0.167273 0.467901 0.364826 147.066251 275.655868
29 38 37 0.943876 0.048332 0.007791 155.125634 244.756499
29 38 37 0.456663 0.404121 0.139215 153.196011 265.913160
29 38 37 0.247025 0.309717 0.443258 142.888893 272.615129
29 38 37 0.151991 0.241757 0.606252 140.028717 275.397171
29 38 37 0.794716 0.053793 0.151491 155.647352 249.539421
29 38 37 0.740200 0.146764 0.113037 157.577597 256.440852
29 38 37 0.196280 0.111312 0.692407 135.334639 274.001153
29 38 37 0.756766 0.204053 0.039181 160.652062 255.209447
29 38 37 0.105085 0.179535 0.715381 131.425709 277.307430
29 30 38 0.720602 0.246432 0.032967 167.018766 243.977476
29 30 38 0.685587 0.230246 0.084167 164.602473 245.053130
29 30 38 0.037248 0.794703 0.168049 191.713210 248.715661
29 30 38 0.265563 0.007269 0.727168 161.668125 269.456752
29 30 38 0.632815 0.097321 0.269864 163.881994 256.390193
29 30 38 0.687102 0.251748 0.061150 169.739629 244.642625
29 30 38 0.805354 0.066475 0.128171 159.904385 246.401086
29 30 38 0.318922 0.508558 0.172521 178.226708 249.084489
29 30 38 0.808609 0.157989 0.033401 165.542149 241.943996
29 30 38 0.054946 0.015818 0.929236 161.321733 282.708926
30 39 38 0.830057 0.010359 0.159583 192.105801 248.302731
30 39 38 0.444055 0.171657 0.384288 182.821196 266.281090
30 39 38 0.753839 0.034552 0.211609 189.722317 256.752654
30 39 38 0.090099 0.902438 0.007463 199.633662 282.472216
30 39 38 0.102030 0.370517 0.527453 178.242830 281.292259
30 39 38 0.227750 0.736359 0.035892 200.171175 278.132530
30 39 38 0.351044 0.644445 0.004511 204.278433 272.198509
30 39 38 0.315844 0.318036 0.366120 182.630608 271.838878
30 39 38 0.506978 0.474142 0.018880 201.798579 263.741055
30 39 38 0.188768 0.152410 0.658821 178.010907 279.651756
30 31 39 0.569895 0.007469 0.422636 201.612751 256.986886
30 31 39 0.900829 0.035716 0.063455 202.700593 244.004619
30 31 39 0.531611 0.178516 0.289873 208.823736 259.158197
30 31 39 0.258300 0.298221 0.443478 213.262288 264.075012
30 31 39 0.679398 0.044910 0.275692 203.090036 253.110840
30 31 39 0.659439 0.152300 0.188260 203.653656 247.131737
30 31 39 0.578724 0.416413 0.004863 218.543229 241.211814
30 31 39 0.712770 0.050111 0.237119 202.667799 255.237592
30 31 39 0.200148 0.391922 0.407929 217.471413 258.852641
30 31 39 0.391161 0.494190 0.114649 223.387932 242.304771
31 40 39 0.025569 0.748054 0.226377 231.840096 284.536088
31 40 39 0.401860 0.350191 0.247950 229.930520 267.000115
31 40 39 0.583844 0.240046 0.176110 232.149217 263.773939
31 40 39 0.337877 0.503200 0.158923 236.771917 270.486006
31 40 39 0.221873 0.711467 0.066660 241.115638 275.341960
31 40 39 0.060589 0.255335 0.684077 213.432092 281.121416
31 40 39 0.687381 0.236795 0.075824 239.026836 257.866130
31 40 39 0.026843 0.086761 0.886396 205.656171 281.348829
31 40 39 0.652598 0.268181 0.079221 234.871592 257.957845
31 40 39 0.135999 0.628068 0.235933 232.285662 277.983366
31 32 40 0.223950 0.023233 0.752817 239.228032 271.223872
31 32 40 0.632780 0.066848 0.300372 241.732852 253.937237
31 32 40 0.260132 0.163512 0.576356 244.111381 267.499524
31 32 40 0.045671 0.047489 0.906840 241.194343 285.035229
31 32 40 0.946120 0.018133 0.035747 240.797566 243.997612
31 32 40 0.722395 0.027654 0.249951 242.331357 253.121753
31 32 40 0.337541 0.393663 0.268796 260.480448 249.561420
31 32 40 0.440194 0.034381 0.525425 243.344052 267.536293
31 32 40 0.915624 0.008647 0.075729 240.310298 244.454049
31 32 40 0.903554 0.062688 0.033758 243.428635 244.927741
32 41 40 0.337886 0.308476 0.353638 270.148122 271.908344
32 41 40 0.477416 0.192433 0.330151 267.604665 265.565945
32 41 40 0.782960 0.071833 0.145206 276.898132 250.879912
32 41 40 0.470482 0.417089 0.112429 278.501433 265.073784
32 41 40 0.595755 0.102838 0.301406 273.139797 257.095824
32 41 40 0.261060 0.093494 0.645446 255.394870 274.689124
32 41 40 0.121205 0.321747 0.557048 260.038536 277.958308
32 41 40 0.255005 0.511466 0.233530 272.223086 271.059984
32 41 40 0.097126 0.593040 0.309834 269.592340 278.003720
32 41 40 0.145409 0.317244 0.537347 263.181362 273.999823
32 33 41 0.554861 0.001111 0.444028 285.567055 261.415987
32 33 41 0.312545 0.575056 0.112400 309.102608 249.236659
32 33 41 0.025280 0.749362 0.225358 315.679993 248.115409
32 33 41 0.567992 0.115470 0.316538 289.204034 251.392534
32 33 41 0.949686 0.019659 0.030655 287.725934 245.057238
32 33 41 0.786397 0.163070 0.050533 289.614184 243.933745
32 33 41 0.935064 0.036945 0.027992 284.502166 240.602567
32 33 41 0.813343 0.038380 0.148277 284.740362 248.112303
32 33 41 0.852078 0.052790 0.095133 285.572659 246.592485
32 33 41 0.792333 0.080277 0.127391 284.127324 247.860406
33 42 41 0.137371 0.783564 0.079065 321.757911 273.414501
33 42 41 0.087732 0.715698 0.196570 322.807552 283.291122
33 42 41 0.528098 0.167199 0.304702 313.916345 258.960445
33 42 41 0.135512 0.177270 0.687218 298.416211 275.911558
33 42 41 0.974944 0.002527 0.022528 330.175954 238.623346
33 42 41 0.018783 0.139925 0.841292 292.335482 279.575775
33 42 41 0.293754 0.353926 0.352320 311.576967 269.910444
33 42 41 0.831761 0.006533 0.161705 319.398015 241.565404
33 42 41 0.567907 0.363350 0.068743 326.152399 256.500977
33 42 41 0.487644 0.164965 0.347391 311.532917 258.851389
33 34 42 0.023116 0.523062 0.453821 346.247433 258.969021
33 34 42 0.906671 0.082500 0.010830 329.093042 238.635313
33 34 42 0.106116 0.193446 0.700439 333.445283 267.263447
33 34 42 0.400252 0.430454 0.169293 343.865407 248.125422
33 34 42 0.698879 0.294559 0.006562 343.793548 240.208972
33 34 42 0.641585 0.238938 0.119478 339.404184 245.863101
33 34 42 0.951508 0.018167 0.030326 328.636785 239.709238
33 34 42 0.613512 0.222671 0.163817 337.328311 246.344071
33 34 42 0.641738 0.063986 0.294276 334.493718 254.238959
33 34 42 0.231702 0.240108 0.528190 336.903856 263.384957
34 43 42 0.520345 0.459714 0.019942 371.868592 261.496102
34 43 42 0.676381 0.037015 0.286603 358.622364 252.403800
34 43 42 0.943794 0.038021 0.018185 371.487407 240.225414
34 43 42 0.386233 0.387474 0.226294 358.832048 266.311859
34 43 42 0.490537 0.195299 0.314164 356.469304 262.520838
34 43 42 0.618493 0.108922 0.272585 359.968470 260.195610
34 43 42 0.825150 0.052476 0.122374 366.073941 248.088310
34 43 42 0.556573 0.146284 0.297143 358.413725 257.468506
34 43 42 0.188596 0.246644 0.564761 344.688800 275.088615
34 43 42 0.582669 0.059238 0.358093 356.951941 258.024565
34 35 43 0.116194 0.640896 0.242910 395.933823 251.079538
34 35 43 0.985579 0.006262 0.008159 371.730173 241.746726
34 35 43 0.285574 0.123179 0.591247 378.419952 263.328342
34 35 43 0.259106 0.601330 0.139564 397.841881 246.435834
34 35 43 0.350130 0.516087 0.133783 393.463666 243.790420
34 35 43 0.524194 0.220160 0.255646 381.975726 246.684847
34 35 43 0.136214 0.423354 0.440432 391.477733 258.970018
34 35 43 0.245022 0.530968 0.224010 395.295566 250.446897
34 35 43 0.604838 0.172777 0.222384 380.838931 250.281450
34 35 43 0.155309 0.190592 0.654099 382.672195 267.400592
35 44 43 0.691014 0.277446 0.031540 417.854672 251.398896
35 44 43 0.132952 0.368083 0.498965 393.573675 277.308242
35 44 43 0.647805 0.213040 0.139155 410.545115 253.637646
35 44 43 0.891484 0.087144 0.021372 415.213621 244.380023
35 44 43 0.405844 0.173565 0.420592 398.682851 267.053039
35 44 43 0.759539 0.201071 0.039389 414.681263 249.912698
35 44 43 0.831046 0.056168 0.112786 412.316800 247.183010
35 44 43 0.388088 0.544029 0.067883 415.100467 263.468805
35 44 43 0.136021 0.036241 0.827738 380.004832 273.115461
35 44 43 0.733613 0.260541 0.005847 417.276148 250.942270
36 37 45 0.087874 0.391174 0.520951 105.048350 301.480362
36 37 45 0.118798 0.516039 0.365163 109.149902 297.427235
36 37 45 0.301011 0.117394 0.581595 97.400172 303.483760
36 37 45 0.349071 0.074658 0.576271 95.277093 300.771730
36 37 45 0.467910 0.335569 0.196521 100.529472 287.787159
36 37 45 0.366190 0.523820 0.109990 106.642020 285.120083
36 37 45 0.295470 0.209549 0.494981 94.764135 298.779599
36 37 45 0.280787 0.679268 0.039945 109.459980 285.565539
36 37 45 0.544330 0.091796 0.363874 93.566070 291.689449
36 37 45 0.253089 0.307052 0.439859 100.357485 294.529746
37 46 45 0.034851 0.466551 0.498598 109.669978 314.114387
37 46 45 0.347966 0.627456 0.024578 126.939895 303.896001
37 46 45 0.266611 0.502729 0.230660 118.344947 305.753090
37 46 45 0.804643 0.064810 0.130548 117.373978 291.235098
37 46 45 0.716004 0.062437 0.221559 117.535743 286.756167
37 46 45 0.497968 0.031290 0.470742 111.467561 301.333189
37 46 45 0.607664 0.044770 0.347566 112.635412 299.862305
37 46 45 0.369977 0.088296 0.541727 109.980193 303.436996
37 46 45 0.603775 0.169628 0.226597 115.906062 295.504933
37 46 45 0.994853 0.003365 0.001782 121.083945 282.674433
37 38 46 0.241173 0.656807 0.102020 148.240620 286.273094
37 38 46 0.591555 0.071007 0.337438 127.465135 292.365978
37 38 46 0.541490 0.362804 0.095706 139.355284 285.963919
37 38 46 0.593243 0.061273 0.345484 126.887172 296.501407
37 38 46 0.210323 0.062862 0.726815 128.846634 304.728391
37 38 46 0.277113 0.534896 0.187991 145.480549 289.892224
37 38 46 0.339608 0.054759 0.605633 133.495906 304.097942
37 38 46 0.302673 0.591211 0.106115 147.321639 287.668190
37 38 46 0.354199 0.098484 0.547316 127.995860 305.585560
37 38 46 0.637144 0.174402 0.188454 128.717240 291.040519
38 47 46 0.017552 0.766779 0.215669 158.987521 321.679645
38 47 46 0.155911 0.016745 0.827344 136.950987 312.965518
38 47 46 0.056986 0.200104 0.742910 138.597187 315.827141
38 47 46 0.371256 0.200247 0.428497 146.074531 304.807858
38 47 46 0.614109 0.128725 0.257166 154.916579 296.166642
38 47 46 0.868132 0.112187 0.019681 160.703173 287.032002
38 47 46 0.413246 0.456365 0.130389 159.061010 302.104344
38 47 46 0.087128 0.695101 0.217771 159.309009 318.039443
38 47 46 0.908011 0.074267 0.017722 162.074777 289.692409
38 47 46 0.927654 0.069744 0.002602 161.994164 290.063252
38 39 47 0.958961 0.036945 0.004094 165.187798 281.550599
38 39 47 0.526843 0.074376 0.398781 166.911206 298.819467
38 39 47 0.079221 0.022022 0.898757 170.111475 315.057059
38 39 47 0.650149 0.202224 0.147626 172.452276 289.308284
38 39 47 0.093238 0.535638 0.371124 186.163201 297.787409
38 39 47 0.668449 0.178232 0.153319 168.243519 291.645484
38 39 47 0.459914 0.216325 0.323761 175.826395 295.650101
38 39 47 0.475395 0.248410 0.276195 175.314985 291.786364
38 39 47 0.813314 0.052784 0.133902 163.330546 283.236067
38 39 47 0.152895 0.656025 0.191080 186.632336 289.718609
39 48 47 0.173229 0.302679 0.524092 181.139355 316.303895
39 48 47 0.594887 0.293845 0.111267 194.425061 298.885596
39 48 47 0.822493 0.136804 0.040704 198.457667 293.850045
39 48 47 0.368642 0.509947 0.121411 197.032606 311.669498
39 48 47 0.672651 0.146158 0.181191 194.077904 293.247048
39 48 47 0.043003 0.449373 0.507625 184.727530 314.748221
39 48 47 0.140432 0.722298 0.137270 198.967586 311.933132
39 48 47 0.069103 0.682386 0.248511 193.776256 317.436493
39 48 47 0.095512 0.835014 0.069474 204.835402 317.647108
39 48 47 0.971623 0.023417 0.004959 202.241091 287.342987
39 40 48 0.323359 0.027891 0.648750 202.969760 307.414267
39 40 48 0.683725 0.174499 0.141776 208.509803 287.850675
39 40 48 0.973812 0.009346 0.016842 199.267938 284.653260
39 40 48 0.903181 0.052488 0.044331 204.017151 286.431782
39 40 48 0.617176 0.299624 0.083200 211.067108 288.486475
39 40 48 0.799002 0.152711 0.048287 208.870964 284.464834
39 40 48 0.894012 0.096196 0.009792 203.332645 284.736228
39 40 48 0.722068 0.184191 0.093741 210.968823 289.695266
39 40 48 0.372819 0.292023 0.335158 210.216753 296.352764
39 40 48 0.148428 0.399765 0.451807 215.797081 299.082184
40 49 48 0.987060 0.012081 0.000859 239.276208 283.886832
40 49 48 0.683234 0.315237 0.001529 242.985259 295.207072
40 49 48 0.349172 0.012108 0.638720 220.067235 307.408491
40 49 48 0.071336 0.388963 0.539701 220.111768 319.556723
40 49 48 0.480508 0.340529 0.178963 233.472809 301.321396
40 49 48 0.281153 0.651661 0.067187 241.884351 307.681502
40 49 48 0.349545 0.335594 0.314861 230.625771 310.220405
40 49 48 0.118845 0.235842 0.645313 216.956280 315.318401
40 49 48 0.985795 0.006189 0.008016 244.475242 287.263160
40 49 48 0.232722 0.347721 0.419557 225.503714 313.915184
40 41 49 0.571670 0.087341 0.340989 248.179251 300.610456
40 41 49 0.569639 0.138761 0.291599 250.045821 293.914598
40 41 49 0.077343 0.768516 0.154141 273.054755 291.809604
40 41 49 0.595724 0.121302 0.282974 244.843023 296.657924
40 41 49 0.104270 0.449744 0.445986 262.078745 298.207348
40 41 49 0.361924 0.040533 0.597543 245.963007 307.988839
40 41 49 0.715628 0.026675 0.257697 243.537992 295.491836
40 41 49 0.310870 0.647237 0.041893 271.617988 289.129164
40 41 49 0.459713 0.221741 0.318546 248.308909 293.692734
40 41 49 0.041866 0.603886 0.354247 265.164122 295.184371
41 50 49 0.091558 0.798109 0.110334 278.493512 316.999279
41 50 49 0.050225 0.432814 0.516960 266.555014 319.277062
41 50 49 0.350370 0.448415 0.201215 276.221468 305.634817
41 50 49 0.054215 0.197335 0.748450 253.857674 315.283688
41 50 49 0.104374 0.515695 0.379931 271.686677 316.951188
41 50 49 0.893224 0.064854 0.041922 280.975315 292.898391
41 50 49 0.302475 0.531428 0.166096 280.960677 308.251764
41 50 49 0.645391 0.172283 0.182326 278.509025 293.398342
41 50 49 0.996954 0.001726 0.001320 284.819303 283.898709
41 50 49 0.523886 0.153699 0.322415 271.085752 301.544603
41 42 50 0.024218 0.206573 0.769209 293.804017 310.323925
41 42 50 0.676596 0.088646 0.234759 289.461687 292.951873
41 42 50 0.632247 0.331034 0.036719 299.724150 285.700376
41 42 50 0.862089 0.036675 0.101236 285.321145 291.637496
41 42 50 0.895363 0.064456 0.040181 285.944725 285.455813
41 42 50 0.404504 0.076058 0.519438 290.400367 298.820571
41 42 50 0.098712 0.152455 0.748833 294.079344 313.851865
41 42 50 0.865334 0.050341 0.084324 285.957257 285.895430
41 42 50 0.459226 0.104597 0.436176 293.135652 302.136111
41 42 50 0.084277 0.014868 0.900856 287.225612 316.759332
42 51 50 0.741230 0.138132 0.120637 322.395595 298.380803
42 51 50 0.059850 0.842419 0.097731 324.173987 321.465749
42 51 50 0.591911 0.088726 0.319363 309.173514 298.737821
42 51 50 0.211092 0.386571 0.402337 312.802484 309.752816
42 51 50 0.192660 0.326131 0.481209 307.472514 314.200631
42 51 50 0.954476 0.004479 0.041044 323.370386 285.501324
42 51 50 0.893008 0.096376 0.010616 326.052751 285.820385
42 51 50 0.543854 0.392288 0.063858 327.233490 300.416442
42 51 50 0.015085 0.582767 0.402149 308.227510 321.715230
42 51 50 0.636447 0.123439 0.240114 317.459306 296.207850
42 43 51 0.810706 0.154803 0.034491 332.735283 284.844081
42 43 51 0.192490 0.758831 0.048679 365.567927 285.824710
42 43 51 0.817759 0.140517 0.041723 335.364962 285.314653
42 43 51 0.625210 0.245678 0.129112 340.279607 287.467301
42 43 51 0.192746 0.406725 0.400530 346.939015 299.298340
42 43 51 0.149332 0.493521 0.357147 350.240884 296.704477
42 43 51 0.690088 0.278148 0.031764 339.120305 286.554858
42 43 51 0.846965 0.114492 0.038543 330.336351 285.703775
42 43 51 0.334862 0.099278 0.565860 330.847422 302.353835
42 43 51 0.852529 0.003349 0.144122 324.370215 286.868270
43 52 51 0.296029 0.569516 0.134455 363.495285 312.421852
43 52 51 0.423528 0.575502 0.000970 370.939409 306.889700
43 52 51 0.054260 0.612765 0.332975 352.837306 318.213992
43 52 51 0.610787 0.310144 0.079069 367.597433 295.835149
43 52 51 0.531686 0.007623 0.460691 351.973728 300.746812
43 52 51 0.756682 0.042764 0.200553 364.164673 295.256847
43 52 51 0.293694 0.144423 0.561884 346.396152 309.668525
43 52 51 0.473042 0.378211 0.148747 365.151981 303.236346
43 52 51 0.275553 0.308292 0.416155 350.450487 312.028125
43 52 51 0.682017 0.225458 0.092526 366.729100 295.253637
43 44 52 0.218144 0.186640 0.595216 377.214401 303.421100
43 44 52 0.289660 0.547202 0.163138 396.365127 292.645731
43 44 52 0.129235 0.501301 0.369464 392.239213 292.341660
43 44 52 0.480462 0.172275 0.347263 378.326023 295.566892
43 44 52 0.307807 0.030978 0.661215 373.394581 312.431224
43 44 52 0.117155 0.660783 0.222063 397.986977 294.093416
43 44 52 0.556642 0.268204 0.175154 385.915784 288.836959
43 44 52 0.573002 0.000117 0.426881 369.140911 300.756661
43 44 52 0.246570 0.655222 0.098208 401.592661 286.149907
43 44 52 0.165595 0.805684 0.028721 406.360828 284.941451
44 53 52 0.263158 0.651168 0.085674 410.217391 312.586327
44 53 52 0.994432 0.001910 0.003657 417.514191 282.547273
44 53 52 0.240711 0.519235 0.240054 400.974031 311.353772
44 53 52 0.613928 0.329152 0.056921 413.399155 298.833304
44 53 52 0.985745 0.003901 0.010354 418.042453 282.429980
44 53 52 0.334389 0.479704 0.185907 404.686325 310.738514
44 53 52 0.693732 0.044698 0.261570 405.742405 291.832673
44 53 52 0.398475 0.382443 0.219082 405.774795 310.008835
44 53 52 0.120930 0.593877 0.285193 400.087307 320.953811
44 53 52 0.987360 0.002069 0.010571 420.212164 284.815445
45 46 54 0.262998 0.413121 0.323882 111.878714 324.104767
45 46 54 0.281798 0.284075 0.434127 110.360692 323.864683
45 46 54 0.020223 0.113935 0.865842 112.246872 338.882440
45 46 54 0.367298 0.338895 0.293807 114.464414 320.684290
45 46 54 0.284049 0.144621 0.571330 106.622328 327.760049
45 46 54 0.332409 0.027763 0.639828 102.074490 331.848723
45 46 54 0.444475 0.046051 0.509473 106.918196 328.597953
45 46 54 0.635794 0.096704 0.267502 99.410528 321.562983
45 46 54 0.610372 0.216020 0.173608 105.180241 319.079707
45 46 54 0.550789 0.416697 0.032514 106.959238 314.829487
46 55 54 0.317158 0.455780 0.227062 128.923637 333.527787
46 55 54 0.967553 0.019861 0.012586 131.036016 316.169088
46 55 54 0.827979 0.035825 0.136196 127.190874 324.273308
46 55 54 0.363655 0.105950 0.530395 118.517631 331.059216
46 55 54 0.780659 0.108064 0.111277 130.422874 321.752880
46 55 54 0.306991 0.577527 0.115482 134.353067 331.517257
46 55 54 0.218794 0.207747 0.573459 119.803110 338.329709
46 55 54 0.586634 0.184888 0.228478 128.760729 328.699511
46 55 54 0.570704 0.385631 0.043665 133.623381 328.568246
46 55 54 0.421006 0.521307 0.057687 133.028344 331.712367
46 47 55 0.624837 0.350097 0.025065 147.555106 317.234217
46 47 55 0.572178 0.135342 0.292480 140.434381 324.223625
46 47 55 0.490919 0.211528 0.297552 139.437086 321.888426
46 47 55 0.811546 0.026237 0.162217 131.950477 321.133695
46 47 55 0.927091 0.013631 0.059278 129.279029 315.141036
46 47 55 0.490552 0.024832 0.484616 134.347740 328.619252
46 47 55 0.668730 0.127924 0.203346 134.211293 325.394791
46 47 55 0.895825 0.070750 0.033425 132.501621 319.060776
46 47 55 0.090716 0.039567 0.869717 138.298292 338.711204
46 47 55 0.514838 0.012221 0.472941 134.978864 328.154146
47 56 55 0.489042 0.133220 0.377738 160.879594 329.946362
47 56 55 0.552368 0.419588 0.028043 172.019908 332.221907
47 56 55 0.692600 0.011666 0.295734 156.814013 319.094537
47 56 55 0.049848 0.930198 0.019954 175.145340 342.048978
47 56 55 0.320582 0.044270 0.635148 149.579062 336.135718
47 56 55 0.516157 0.453716 0.030127 173.643016 331.547247
47 56 55 0.670800 0.126694 0.202506 162.932112 325.458581
47 56 55 0.657587 0.197120 0.145292 163.820155 326.751433
47 56 55 0.510933 0.313092 0.175975 166.340824 328.749929
47 56 55 0.023707 0.393670 0.582622 158.358886 340.752560
47 48 56 0.575992 0.207858 0.216150 179.757855 324.593991
47 48 56 0.087344 0.352099 0.560557 183.884745 333.721480
47 48 56 0.602602 0.144049 0.253349 175.949595 327.607716
47 48 56 0.764897 0.059171 0.175932 172.265305 322.259926
47 48 56 0.459639 0.511140 0.029221 182.697460 322.199711
47 48 56 0.703507 0.137332 0.159161 175.549434 321.258254
47 48 56 0.775443 0.086438 0.138119 171.167295 319.590311
47 48 56 0.396577 0.055397 0.548026 180.288310 333.058035
47 48 56 0.560505 0.378540 0.060955 178.552900 325.557678
47 48 56 0.140077 0.653191 0.206732 192.697277 324.807253
48 57 56 0.980823 0.017882 0.001295 204.971081 318.248946
48 57 56 0.809437 0.156536 0.034027 205.886187 324.783912
48 57 56 0.472550 0.106857 0.420593 189.261859 329.364803
48 57 56 0.767837 0.028656 0.203508 194.310520 326.257987
48 57 56 0.325208 0.669343 0.005449 206.927924 336.214123
48 57 56 0.794416 0.107962 0.097623 198.925293 325.312967
48 57 56 0.785349 0.069870 0.144781 199.032209 326.946063
48 57 56 0.183119 0.251835 0.565046 187.798536 339.920069
48 57 56 0.652551 0.221877 0.125571 199.290523 327.476512
48 57 56 0.810191 0.043177 0.146632 200.261810 326.631951
48 49 57 0.195115 0.207792 0.597093 216.684865 336.761591
48 49 57 0.791948 0.007212 0.200840 206.210446 326.482624
48 49 57 0.763805 0.025074 0.211121 204.350522 324.859958
48 49 57 0.631576 0.097416 0.271009 210.405170 328.401873
48 49 57 0.745162 0.011745 0.243094 207.216845 322.862970
48 49 57 0.751307 0.131973 0.116720 212.182877 323.977022
48 49 57 0.817525 0.151153 0.031323 209.451271 320.135445
48 49 57 0.452893 0.379673 0.167433 216.324405 326.355615
48 49 57 0.626637 0.124984 0.248379 210.329655 325.348160
48 49 57 0.645154 0.220311 0.134535 213.878269 323.737863
49 58 57 0.475630 0.386757 0.137613 240.276140 334.761577
49 58 57 0.958622 0.018439 0.022940 242.277810 320.604467
49 58 57 0.195746 0.686437 0.117817 244.132308 341.029933
49 58 57 0.307139 0.202092 0.490769 228.299348 337.090158
49 58 57 0.306530 0.522999 0.170471 240.669993 336.666055
49 58 57 0.999344 0.000061 0.000595 241.679249 316.781494
49 58 57 0.476504 0.189872 0.333624 231.741715 334.590714
49 58 57 0.234734 0.449886 0.315380 230.202025 338.964664
49 58 57 0.193919 0.083693 0.722388 222.365758 338.574653
49 58 57 0.252488 0.308840 0.438672 230.463066 341.449669
49 50 58 0.626586 0.118959 0.254455 246.959854 329.791365
49 50 58 0.189812 0.055187 0.755001 248.322184 337.264120
49 50 58 0.742776 0.206279 0.050944 254.018173 319.964392
49 50 58 0.318185 0.134953 0.546862 247.840001 335.724847
49 50 58 0.341949 0.502379 0.155672 270.624975 323.060613
49 50 58 0.181299 0.119673 0.699028 252.386557 340.950951
49 50 58 0.008654 0.523402 0.467944 262.009093 334.639008
49 50 58 0.520914 0.457816 0.021270 265.625029 321.529369
49 50 58 0.067035 0.881585 0.051380 280.149433 316.923051
49 50 58 0.271388 0.722338 0.006275 274.445755 319.417212
50 59 58 0.021949 0.421026 0.557025 264.048041 349.648671
50 59 58 0.756863 0.012132 0.231005 276.664077 329.067473
50 59 58 0.735277 0.110463 0.154260 274.311731 324.268172
50 59 58 0.352441 0.642259 0.005300 285.598790 336.292460
50 59 58 0.639362 0.202179 0.158459 280.576218 330.067075
50 59 58 0.199066 0.092503 0.708430 255.260433 340.093811
50 59 58 0.671174 0.226995 0.101831 281.875646 329.838153
50 59 58 0.444482 0.360278 0.195240 277.167868 331.868923
50 59 58 0.396779 0.189654 0.413567 268.799735 336.913768
50 59 58 0.033070 0.952313 0.014617 283.994713 350.218593
50 51 59 0.529669 0.282442 0.187889 296.532432 330.143671
50 51 59 0.665792 0.005516 0.328692 286.315238 328.100312
50 51 59 0.690832 0.196695 0.112474 291.654340 325.717232
50 51 59 0.458867 0.535967 0.005166 312.711288 320.837170
50 51 59 0.887604 0.077890 0.034507 287.914147 322.111390
50 51 59 0.726105 0.227279 0.046616 298.770109 321.396118
50 51 59 0.297473 0.661799 0.040727 312.662561 318.419753
50 51 59 0.920574 0.015745 0.063681 287.251463 322.127713
50 51 59 0.070913 0.291659 0.637428 295.974242 338.184534
50 51 59 0.299166 0.135736 0.565098 288.057964 335.412039
51 60 59 0.913104 0.032876 0.054020 322.831756 328.399324
51 60 59 0.194977 0.297399 0.507624 304.064856 343.761216
51 60 59 0.094198 0.812587 0.093215 319.930185 350.783123
51 60 59 0.221609 0.273480 0.504911 307.134114 344.066248
51 60 59 0.211015 0.510081 0.278904 315.466783 344.169567
51 60 59 0.243921 0.327966 0.428113 307.217823 344.309146
51 60 59 0.292166 0.703048 0.004786 325.738520 342.404886
51 60 59 0.739145 0.214887 0.045968 329.338858 327.592469
51 60 59 0.481976 0.314432 0.203592 319.123186 335.989627
51 60 59 0.350354 0.017352 0.632294 300.021937 342.388320
51 52 60 0.416828 0.550089 0.033083 349.000243 320.802023
51 52 60 0.020790 0.263921 0.715288 334.788258 339.851539
51 52 60 0.056285 0.649620 0.294096 351.420707 330.310733
51 52 60 0.451395 0.440578 0.108027 343.672949 325.139916
51 52 60 0.051833 0.335636 0.612531 337.733923 341.511509
51 52 60 0.522732 0.293171 0.184097 335.530542 328.831568
51 52 60 0.947059 0.028306 0.024635 334.141739 321.599795
51 52 60 0.596514 0.130414 0.273072 332.379403 329.427513
51 52 60 0.193067 0.349026 0.457907 338.169182 336.189412
51 52 60 0.732706 0.027064 0.240231 329.037411 329.091927
52 61 60 0.102508 0.577066 0.320426 351.872934 351.062259
52 61 60 0.258031 0.524009 0.217960 356.630471 348.006390
52 61 60 0.180388 0.359471 0.460141 346.864189 346.040416
52 61 60 0.977730 0.019287 0.002983 368.958933 324.942663
52 61 60 0.363020 0.270793 0.366188 348.573853 342.441496
52 61 60 0.455297 0.048733 0.495970 345.208134 340.243562
52 61 60 0.305376 0.450970 0.243654 356.672375 345.819156
52 61 60 0.974255 0.009369 0.016377 367.887570 322.865895
52 61 60 0.610082 0.173041 0.216877 358.971317 335.441867
52 61 60 0.705361 0.251461 0.043178 365.186604 331.667963
52 53 61 0.762116 0.187156 0.050728 373.576094 324.180297
52 53 61 0.065367 0.527175 0.407458 392.095150 338.882112
52 53 61 0.783201 0.144149 0.072651 374.603822 321.293878
52 53 61 0.643970 0.095714 0.260316 370.877053 329.823918
52 53 61 0.948834 0.048053 0.003114 368.831297 325.079676
52 53 61 0.229334 0.765794 0.004872 402.645117 323.907503
52 53 61 0.371831 0.136740 0.491429 371.515913 336.716126
52 53 61 0.395034 0.329510 0.275456 382.827751 331.385604
52 53 61 0.261772 0.321594 0.416634 380.012935 338.597952
52 53 61 0.750430 0.002114 0.247456 370.180646 327.843507
53 62 61 0.381936 0.061102 0.556962 384.065049 342.783905
53 62 61 0.661558 0.329381 0.009061 408.872477 332.706096
53 62 61 0.905645 0.064512 0.029843 413.428013 322.108194
53 62 61 0.498323 0.253601 0.248076 400.129854 338.940129
53 62 61 0.723839 0.044673 0.231488 399.278192 332.524339
53 62 61 0.646184 0.041916 0.311900 396.781612 335.464154
53 62 61 0.689023 0.129425 0.181552 403.031069 337.086754
53 62 61 0.462586 0.416099 0.121315 407.747517 341.631723
53 62 61 0.968619 0.014235 0.017146 412.507606 323.615911
53 62 61 0.532156 0.248235 0.219609 401.032736 342.761427
54 55 63 0.290482 0.391868 0.317650 124.390403 350.662843
54 55 63 0.327837 0.438896 0.233267 122.031218 345.832330
54 55 63 0.279191 0.456043 0.264766 120.311035 349.793095
54 55 63 0.433413 0.506463 0.060124 124.001851 341.032991
54 55 63 0.896119 0.088928 0.014953 110.986443 341.663490
54 55 63 0.570063 0.282747 0.147190 118.629302 340.489413
54 55 63 0.898513 0.097079 0.004408 110.105829 341.229103
54 55 63 0.381707 0.468036 0.150257 123.727980 340.795999
54 55 63 0.060089 0.897875 0.042036 136.568946 341.475078
54 55 63 0.240012 0.423585 0.336403 122.051620 349.180054
55 64 63 0.770176 0.112555 0.117269 140.145703 343.423640
55 64 63 0.946561 0.037237 0.016203 141.027894 342.679650
55 64 63 0.781014 0.005402 0.213584 133.110270 346.848084
55 64 63 0.760934 0.103291 0.135775 135.386828 347.308707
55 64 63 0.085231 0.343405 0.571364 133.815499 355.722977
55 64 63 0.950798 0.045170 0.004031 139.138108 340.436346
55 64 63 0.926484 0.011593 0.061923 136.527918 339.899860
55 64 63 0.055437 0.712352 0.232212 146.529658 358.577355
55 64 63 0.709856 0.099540 0.190604 138.135923 347.141637
55 64 63 0.226565 0.337637 0.435798 128.283798 353.653037
55 56 64 0.355617 0.471949 0.172434 159.789968 348.318591
55 56 64 0.547599 0.232046 0.220355 147.409636 347.832939
55 56 64 0.189448 0.050442 0.760111 149.357155 355.889407
55 56 64 0.101684 0.366332 0.531984 158.287896 354.259652
55 56 64 0.474584 0.489795 0.035621 158.470824 344.145421
55 56 64 0.482258 0.362941 0.154801 156.713179 344.930039
55 56 64 0.257301 0.053617 0.689082 154.207845 354.294219
55 56 64 0.190737 0.468630 0.340634 159.454325 351.302041
55 56 64 0.848196 0.065852 0.085952 143.300727 344.884142
55 56 64 0.329830 0.172269 0.497901 152.628491 349.235726
56 65 64 0.473482 0.431615 0.094904 175.436240 354.120812
56 65 64 0.300242 0.602051 0.097706 175.883085 355.304474
56 65 64 0.096179 0.610047 0.293774 173.951077 353.985431
56 65 64 0.965643 0.002419 0.031937 174.459984 342.964243
56 65 64 0.855955 0.080795 0.063250 175.933472 344.743986
56 65 64 0.580945 0.092781 0.326274 166.726137 353.023614
56 65 64 0.125302 0.813343 0.061355 178.231445 361.352499
56 65 64 0.108525 0.321181 0.570294 163.476822 357.913839
56 65 64 0.345115 0.464093 0.190792 177.235949 354.040103
56 65 64 0.637445 0.276596 0.085960 177.164351 348.723244
56 57 65 0.769304 0.182634 0.048062 185.155187 343.775937
56 57 65 0.188976 0.298202 0.512822 192.397901 352.444256
56 57 65 0.744098 0.063703 0.192199 182.428588 347.234501
56 57 65 0.991524 0.001515 0.006961 180.074133 346.068495
56 57 65 0.799777 0.037786 0.162437 180.479058 344.131463
56 57 65 0.916372 0.059697 0.023932 179.106912 344.274738
56 57 65 0.946551 0.006490 0.046960 176.992389 346.045949
56 57 65 0.238214 0.274019 0.487767 186.500449 353.576784
56 57 65 0.952713 0.022825 0.024461 176.168954 343.452124
56 57 65 0.620652 0.206696 0.172652 185.054610 345.318546
57 66 65 0.133348 0.086400 0.780252 188.995315 360.721412
57 66 65 0.307697 0.159826 0.532477 195.013262 357.213805
57 66 65 0.073694 0.207374 0.718932 191.662417 359.496582
57 66 65 0.520833 0.258324 0.220843 208.318135 351.751949
57 66 65 0.123785 0.186623 0.689591 196.747694 362.594111
57 66 65 0.299848 0.174456 0.525697 198.380804 357.464646
57 66 65 0.540825 0.191684 0.267491 203.499677 355.939202
57 66 65 0.343093 0.317188 0.339719 204.505100 359.131717
57 66 65 0.846958 0.076262 0.076780 204.988740 349.964079
57 66 65 0.555240 0.258246 0.186515 209.373580 350.973229
57 58 66 0.021257 0.070137 0.908606 218.735125 364.575336
57 58 66 0.701603 0.110513 0.187884 215.933055 348.928767
57 58 66 0.404307 0.561888 0.033805 229.530513 345.780418
57 58 66 0.251374 0.207978 0.540647 225.840804 358.206055
57 58 66 0.980621 0.014196 0.005184 213.653516 348.202869
57 58 66 0.953996 0.025126 0.020878 212.074190 341.808685
57 58 66 0.975293 0.013657 0.011050 212.578451 343.121175
57 58 66 0.091393 0.195141 0.713465 220.829880 357.234543
57 58 66 0.368026 0.248039 0.383934 222.118088 351.178572
57 58 66 0.454834 0.183296 0.361870 220.600728 353.759790
58 67 66 0.402850 0.210700 0.386451 233.796288 357.497315
58 67 66 0.316371 0.449716 0.233913 242.349122 360.171270
58 67 66 0.460920 0.335534 0.203546 243.229456 355.319759
58 67 66 0.111120 0.130308 0.758572 223.014791 360.356701
58 67 66 0.129719 0.586977 0.283304 240.153466 364.656121
58 67 66 0.882322 0.101619 0.016059 244.962364 350.425735
58 67 66 0.534121 0.035994 0.429885 235.235913 354.534858
58 67 66 0.079104 0.060140 0.860757 222.787137 362.779319
58 67 66 0.665755 0.200398 0.133847 242.429276 355.664136
58 67 66 0.182598 0.339148 0.478253 233.424348 361.970283
58 59 67 0.715407 0.233045 0.051548 255.943510 345.413458
58 59 67 0.783459 0.199870 0.016671 251.371355 347.204511
58 59 67 0.199794 0.636712 0.163494 271.449873 352.358628
58 59 67 0.898167 0.099291 0.002542 249.302028 345.843396
58 59 67 0.173734 0.335444 0.490821 260.691341 357.097710
58 59 67 0.271112 0.422739 0.306149 263.422826 354.206838
58 59 67 0.735471 0.112395 0.152134 251.568887 347.239121
58 59 67 0.536290 0.138493 0.325216 253.074195 355.883604
58 59 67 0.893337 0.068818 0.037845 249.421520 346.147740
58 59 67 0.654715 0.209894 0.135391 257.778730 346.489954
59 68 67 0.098759 0.179333 0.721909 259.252677 363.415144
59 68 67 0.235028 0.311520 0.453452 272.098919 363.069237
59 68 67 0.238968 0.137530 0.623502 264.238186 359.553262
59 68 67 0.188967 0.708958 0.102075 282.486387 367.770564
59 68 67 0.803771 0.023365 0.172864 277.137666 355.349589
59 68 67 0.231849 0.706494 0.061657 285.342009 365.719385
59 68 67 0.346194 0.172366 0.481439 267.978127 358.664823
59 68 67 0.735909 0.022551 0.241540 277.069014 354.697527
59 68 67 0.822530 0.176743 0.000727 285.275589 352.211936
59 68 67 0.320108 0.001940 0.677952 259.837875 362.131706
59 60 68 0.297892 0.439379 0.262729 303.014871 353.313812
59 60 68 0.644360 0.074745 0.280895 285.918882 357.658514
59 60 68 0.377080 0.581824 0.041096 306.655246 351.631048
59 60 68 0.874353 0.120948 0.004699 291.664528 349.039059
59 60 68 0.713598 0.230211 0.056191 296.195678 348.434752
59 60 68 0.028346 0.654840 0.316815 310.284416 355.401894
59 60 68 0.169517 0.320800 0.509683 296.029932 358.774234
59 60 68 0.983657 0.004648 0.011695 285.122874 349.188092
59 60 68 0.449639 0.218404 0.331957 295.232705 354.254120
59 60 68 0.674863 0.192493 0.132643 291.344436 350.765533
60 69 68 0.094314 0.297193 0.608493 299.479674 363.773069
60 69 68 0.659578 0.008873 0.331550 310.704623 357.236174
60 69 68 0.346720 0.030182 0.623098 298.383858 365.790028
60 69 68 0.818760 0.096896 0.084344 322.549646 355.993486
60 69 68 0.599647 0.339984 0.060369 319.729980 361.335373
60 69 68 0.714785 0.081441 0.203775 313.358527 357.776709
60 69 68 0.494293 0.374331 0.131376 320.090963 362.077881
60 69 68 0.794097 0.070329 0.135574 316.444795 352.992155
60 69 68 0.708154 0.003745 0.288101 313.582349 358.255934
60 69 68 0.615341 0.373617 0.011042 322.580349 361.360039
60 61 69 0.810883 0.099140 0.089977 329.809392 354.584508
60 61 69 0.331268 0.654819 0.013913 349.896719 354.033692
60 61 69 0.085815 0.686779 0.227406 349.765177 360.205371
60 61 69 0.409315 0.170693 0.419992 326.877080 359.807729
60 61 69 0.374400 0.055524 0.570077 328.230840 366.884090
60 61 69 0.884645 0.018005 0.097350 325.488133 355.572687
60 61 69 0.674942 0.302025 0.023033 335.129015 352.008659
60 61 69 0.522865 0.025805 0.451330 324.572661 365.150049
60 61 69 0.276791 0.339596 0.383613 336.432507 367.625206
60 61 69 0.040687 0.611682 0.347631 350.568559 358.613707
61 70 69 0.963341 0.002450 0.034208 362.913255 354.335362
61 70 69 0.652158 0.259718 0.088125 360.033324 361.255375
61 70 69 0.419979 0.539712 0.040309 363.670915 368.022411
61 70 69 0.984093 0.015187 0.000719 368.220945 355.623400
61 70 69 0.977542 0.000980 0.021478 361.160140 354.204612
61 70 69 0.164344 0.449245 0.386411 348.258897 367.508670
61 70 69 0.821330 0.167845 0.010826 363.792007 359.615158
61 70 69 0.242107 0.310888 0.447005 342.497024 370.389947
61 70 69 0.365885 0.012893 0.621223 333.416945 367.598304
61 70 69 0.898918 0.002626 0.098456 357.670959 353.909831
61 62 70 0.584916 0.333670 0.081414 378.045959 358.230427
61 62 70 0.075606 0.234268 0.690126 371.170866 365.222248
61 62 70 0.355502 0.506845 0.137653 383.297460 358.287647
61 62 70 0.190393 0.630365 0.179242 393.632813 361.079598
61 62 70 0.440605 0.496284 0.063111 382.523349 357.437674
61 62 70 0.015297 0.919504 0.065199 401.800512 353.484252
61 62 70 0.874321 0.096665 0.029014 367.749932 357.236256
61 62 70 0.792112 0.141530 0.066358 373.919153 355.723183
61 62 70 0.212165 0.525143 0.262692 387.429850 363.327290
61 62 70 0.304122 0.194070 0.501809 370.525027 366.783257
62 71 70 0.674690 0.136205 0.189105 399.823539 363.531616
62 71 70 0.841368 0.016018 0.142613 400.505903 354.620588
62 71 70 0.887629 0.086900 0.025470 407.670364 356.424738
62 71 70 0.658801 0.014650 0.326549 388.389795 362.314098
62 71 70 0.635351 0.225938 0.138711 398.213985 361.228530
62 71 70 0.009739 0.005874 0.984387 363.371575 376.396390
62 71 70 0.929336 0.008425 0.062239 404.810069 353.958065
62 71 70 0.579106 0.222375 0.198519 395.451755 365.422583
62 71 70 0.245302 0.686573 0.068125 402.866113 371.380650
62 71 70 0.015578 0.416222 0.568200 376.310089 376.975360
63 64 72 0.100640 0.696127 0.203233 142.204977 358.934816
63 64 72 0.407008 0.454729 0.138263 136.169404 359.017831
63 64 72 0.245111 0.456963 0.297926 138.032036 363.737352
63 64 72 0.423611 0.111246 0.465143 129.006043 364.262852
63 64 72 0.930412 0.029031 0.040556 115.662507 361.590248
63 64 72 0.814688 0.116561 0.068751 120.926324 363.789523
63 64 72 0.279623 0.341402 0.378975 135.200360 367.044917
63 64 72 0.146053 0.104926 0.749021 130.767920 368.970788
63 64 72 0.677367 0.268617 0.054016 128.788105 359.125760
63 64 72 0.497156 0.156744 0.346100 125.401013 363.704115
64 73 72 0.899035 0.057933 0.043032 145.959031 363.846920
64 73 72 0.184585 0.800702 0.014714 159.610456 374.403651
64 73 72 0.459334 0.172916 0.367750 142.103547 370.245122
64 73 72 0.825663 0.144092 0.030245 152.435167 365.498718
64 73 72 0.735804 0.118785 0.145411 148.986586 364.008201
64 73 72 0.577196 0.141862 0.280942 146.243205 366.067830
64 73 72 0.563234 0.075494 0.361271 142.847496 370.555341
64 73 72 0.675192 0.260557 0.064251 155.303497 366.702156
64 73 72 0.125365 0.809184 0.065452 158.543425 375.643437
64 73 72 0.152851 0.665990 0.181159 153.728569 372.344525
64 65 73 0.130420 0.133525 0.736054 163.821893 373.110838
64 65 73 0.392426 0.351628 0.255946 166.557995 363.730294
64 65 73 0.384772 0.610738 0.004489 172.293606 359.474759
64 65 73 0.309807 0.013165 0.677028 159.343068 370.797759
64 65 73 0.625870 0.112678 0.261451 155.271733 364.221618
64 65 73 0.891696 0.016466 0.091838 151.792564 365.050304
64 65 73 0.529182 0.169639 0.301179 158.771019 366.711288
64 65 73 0.477786 0.047387 0.474828 159.457732 364.326192
64 65 73 0.936492 0.027195 0.036313 149.049292 362.136946
64 65 73 0.180263 0.022924 0.796813 160.628514 376.343363
65 74 73 0.361878 0.305883 0.332239 177.756321 370.342499
65 74 73 0.523226 0.251894 0.224880 181.517608 372.586807
65 74 73 0.207331 0.110593 0.682076 168.047647 375.018834
65 74 73 0.971992 0.025224 0.002783 184.074251 362.059034
65 74 73 0.751806 0.152410 0.095785 177.846305 367.757233
65 74 73 0.475897 0.454243 0.069859 184.047295 367.087425
65 74 73 0.857041 0.136978 0.005981 184.825162 362.763554
65 74 73 0.733548 0.077072 0.189380 181.519205 365.945637
65 74 73 0.799551 0.145370 0.055079 182.441496 364.693834
65 74 73 0.643037 0.153550 0.203414 182.592122 366.596374
65 66 74 0.289604 0.350370 0.360026 201.572974 367.762024
65 66 74 0.370143 0.589469 0.040388 204.497023 365.140932
65 66 74 0.175847 0.473621 0.350532 204.133297 370.282382
65 66 74 0.503570 0.334883 0.161547 197.908993 366.968363
65 66 74 0.291813 0.642053 0.066134 207.395720 359.892587
65 66 74 0.817526 0.022675 0.159799 190.141233 364.951190
65 66 74 0.140178 0.854323 0.005500 213.005419 366.258433
65 66 74 0.491379 0.073440 0.435181 187.460393 366.816381
65 66 74 0.289360 0.334976 0.375664 194.132065 366.103292
65 66 74 0.064855 0.444796 0.490348 200.995296 370.373823
66 75 74 0.292592 0.658436 0.048972 217.659989 376.694007
66 75 74 0.366831 0.273634 0.359535 211.850043 374.251049
66 75 74 0.711560 0.015252 0.273188 206.613718 368.426082
66 75 74 0.231586 0.623170 0.145244 216.961158 377.750879
66 75 74 0.831065 0.094930 0.074005 215.599200 364.203783
66 75 74 0.424953 0.093251 0.481797 202.266823 371.378040
66 75 74 0.720920 0.161875 0.117205 213.314119 366.758110
66 75 74 0.258154 0.645915 0.095931 220.447755 373.487280
66 75 74 0.512127 0.132589 0.355284 211.988958 370.691040
66 75 74 0.055205 0.769823 0.174971 218.218746 377.357215
66 67 75 0.340704 0.403848 0.255448 232.991597 368.215694
66 67 75 0.081414 0.671322 0.247264 241.694921 368.343191
66 67 75 0.348032 0.557177 0.094791 235.683833 367.590105
66 67 75 0.802493 0.123644 0.073864 220.275905 361.836583
66 67 75 0.070888 0.210846 0.718267 231.843080 375.563611
66 67 75 0.712265 0.019564 0.268171 216.548931 368.515158
66 67 75 0.138114 0.279718 0.582168 229.597493 370.770659
66 67 75 0.407469 0.362084 0.230447 231.083257 367.045752
66 67 75 0.322894 0.513501 0.163605 235.736108 365.041743
66 67 75 0.589498 0.003134 0.407369 216.211506 374.159234
67 76 75 0.131508 0.630098 0.238394 247.575950 381.325551
67 76 75 0.507735 0.111252 0.381013 242.325192 372.535683
67 76 75 0.761594 0.083354 0.155052 244.599586 368.186157
67 76 75 0.972225 0.026944 0.000831 252.884623 365.607204
67 76 75 0.989648 0.005459 0.004892 249.094926 364.177466
67 76 75 0.783400 0.154803 0.061797 249.266440 367.380362
67 76 75 0.341068 0.581033 0.077898 250.968439 377.098184
67 76 75 0.176788 0.101985 0.721227 230.048739 376.671018
67 76 75 0.703075 0.178738 0.118187 249.218153 370.848008
67 76 75 0.367822 0.246592 0.385587 237.591032 375.891443
67 68 76 0.778020 0.057590 0.164391 252.093859 368.697909
67 68 76 0.672397 0.130853 0.196749 254.408216 371.002070
67 68 76 0.630163 0.050741 0.319096 253.120042 368.316156
67 68 76 0.159020 0.448141 0.392839 266.373533 375.918111
67 68 76 0.829861 0.141786 0.028353 255.321266 371.348210
67 68 76 0.467541 0.462957 0.069503 271.200252 366.249982
67 68 76 0.160777 0.525935 0.313288 274.133407 373.593116
67 68 76 0.143975 0.420385 0.435640 265.804921 371.925722
67 68 76 0.228160 0.362564 0.409276 266.041570 373.768311
67 68 76 0.277126 0.686910 0.035964 274.386774 365.104313
68 77 76 0.007442 0.963662 0.028897 286.076677 383.377272
68 77 76 0.137612 0.630668 0.231719 280.039991 379.316782
68 77 76 0.513109 0.070461 0.416429 276.295306 373.881848
68 77 76 0.780767 0.214717 0.004515 283.421975 376.835691
68 77 76 0.798112 0.096147 0.105741 280.492336 373.022039
68 77 76 0.106757 0.022112 0.871131 256.830246 377.804639
68 77 76 0.572472 0.230230 0.197299 277.611364 377.821371
68 77 76 0.181843 0.101461 0.716696 265.969207 377.374712
68 77 76 0.958099 0.028772 0.013129 285.664744 371.249347
68 77 76 0.240440 0.538230 0.221330 284.148139 378.551480
68 69 77 0.141107 0.278744 0.580148 298.710155 378.844824
68 69 77 0.672963 0.215178 0.111860 290.451114 374.479852
68 69 77 0.777352 0.031756 0.190892 283.082774 370.405629
68 69 77 0.672064 0.034712 0.293224 285.769980 373.932472
68 69 77 0.710333 0.223904 0.065762 295.346721 371.560100
68 69 77 0.199276 0.106179 0.694545 290.400097 380.065852
68 69 77 0.030562 0.862733 0.106705 316.782907 377.834268
68 69 77 0.699468 0.241366 0.059166 294.410240 368.621857
68 69 77 0.027387 0.021703 0.950910 289.331121 382.711247
68 69 77 0.552322 0.084112 0.363566 286.986627 378.097094
69 78 77 0.434105 0.239506 0.326389 314.243458 381.849730
69 78 77 0.235013 0.616473 0.148515 316.928608 386.058480
69 78 77 0.232504 0.308591 0.458905 303.917241 385.264872
69 78 77 0.676185 0.237252 0.086563 319.019065 383.495922
69 78 77 0.678455 0.095533 0.226012 313.303680 378.841374
69 78 77 0.718581 0.208147 0.073272 318.511406 378.699407
69 78 77 0.200502 0.453732 0.345766 310.773321 387.736608
69 78 77 0.102024 0.807613 0.090363 318.348818 388.935296
69 78 77 0.379048 0.052317 0.568635 300.962582 380.176769
69 78 77 0.802761 0.128307 0.068932 318.463907 376.604529
69 70 78 0.236622 0.686991 0.076386 347.541217 379.877121
69 70 78 0.537267 0.380401 0.082333 337.885259 375.566497
69 70 78 0.125477 0.223723 0.650800 328.252915 385.233835
69 70 78 0.854525 0.018464 0.127011 322.185309 374.807509
69 70 78 0.909821 0.051915 0.038264 326.138493 371.091196
69 70 78 0.130106 0.499460 0.370434 338.641940 380.313327
69 70 78 0.520853 0.318369 0.160777 330.880520 379.986421
69 70 78 0.571682 0.280541 0.147777 332.979276 378.169090
69 70 78 0.584007 0.361741 0.054252 337.484166 377.747174
69 70 78 0.120760 0.634180 0.245060 346.079128 380.581291
70 79 78 0.085622 0.770060 0.144317 356.508835 394.604486
70 79 78 0.722255 0.045305 0.232439 351.361389 379.334533
70 79 78 0.748357 0.222085 0.029558 359.185974 379.825683
70 79 78 0.179221 0.486093 0.334686 344.717100 390.142711
70 79 78 0.372072 0.034673 0.593254 339.303479 385.558317
70 79 78 0.302437 0.615342 0.082221 357.718540 389.337857
70 79 78 0.984937 0.000444 0.014619 358.972568 376.649972
70 79 78 0.336010 0.089072 0.574918 339.849296 389.288821
70 79 78 0.823389 0.095854 0.080757 354.043022 381.936880
70 79 78 0.666952 0.185830 0.147218 353.729280 382.368170
70 71 79 0.794775 0.045844 0.159380 360.653656 380.711766
70 71 79 0.351599 0.624234 0.024167 385.639502 377.081192
70 71 79 0.925729 0.053281 0.020989 359.585264 378.299068
70 71 79 0.576322 0.098222 0.325456 361.743068 383.424810
70 71 79 0.067104 0.624227 0.308669 378.948441 385.191059
70 71 79 0.478043 0.388977 0.132980 376.251533 380.737344
70 71 79 0.679480 0.214378 0.106141 365.646457 375.384062
70 71 79 0.888963 0.072953 0.038084 361.336933 378.633379
70 71 79 0.501862 0.230356 0.267782 368.562318 383.162261
70 71 79 0.953262 0.021957 0.024781 359.290001 379.177370
71 80 79 0.042840 0.305451 0.651708 369.719145 396.191512
71 80 79 0.149330 0.057475 0.793195 364.519370 398.471859
71 80 79 0.247417 0.321405 0.431178 379.656025 396.251998
71 80 79 0.617225 0.251629 0.131147 389.808521 387.061789
71 80 79 0.653085 0.008738 0.338177 384.163866 384.878575
71 80 79 0.075754 0.684562 0.239684 385.114006 398.265959
71 80 79 0.240907 0.557456 0.201637 390.019839 395.660556
71 80 79 0.023219 0.724746 0.252035 381.176046 400.022626
71 80 79 0.242610 0.017986 0.739404 370.049041 394.427663
71 80 79 0.783912 0.010007 0.206081 388.589509 384.586192
