0 1 9 0.227614 0.376277 0.396109 91.101299 143.337523
0 1 9 0.411136 0.580374 0.008490 102.652168 131.562195
0 1 9 0.787674 0.077122 0.135203 82.172005 133.176234
0 1 9 0.012552 0.613927 0.373520 102.359525 140.852767
0 1 9 0.099686 0.111380 0.788934 75.094069 158.171767
0 1 9 0.994089 0.005324 0.000587 78.975476 126.996624
0 1 9 0.417696 0.580708 0.001596 102.741868 128.292136
0 1 9 0.676466 0.276994 0.046540 86.417088 127.612606
0 1 9 0.423518 0.173104 0.403378 78.226368 141.426861
0 1 9 0.673113 0.140681 0.186207 82.858693 136.092279
1 10 9 0.164270 0.580593 0.255138 101.266926 158.663473
1 10 9 0.725141 0.121537 0.153323 110.542305 135.105627
1 10 9 0.487433 0.090577 0.421990 94.942180 145.375805
1 10 9 0.715801 0.144230 0.139969 112.274124 136.243916
1 10 9 0.751756 0.183681 0.064564 113.884767 136.953238
1 10 9 0.049494 0.647160 0.303345 100.325887 164.901159
1 10 9 0.864814 0.129992 0.005193 117.436639 129.796645
1 10 9 0.467349 0.243779 0.288873 102.806901 148.428226
1 10 9 0.364021 0.602853 0.033126 116.641180 146.764152
1 10 9 0.105921 0.430454 0.463625 94.043447 155.761656
1 2 10 0.227133 0.170290 0.602577 119.943794 148.561412
1 2 10 0.088169 0.327285 0.584546 131.799779 146.099120
1 2 10 0.696523 0.018813 0.284664 115.416125 138.620641
1 2 10 0.765377 0.038557 0.196067 118.642709 133.311619
1 2 10 0.349308 0.417475 0.233216 129.804048 133.265903
1 2 10 0.830694 0.137332 0.031973 121.984476 124.823586
1 2 10 0.023689 0.293404 0.682907 130.415954 155.389665
1 2 10 0.290554 0.349162 0.360284 129.029966 142.818250
1 2 10 0.850233 0.000627 0.149140 116.784106 133.264074
1 2 10 0.124186 0.356456 0.519358 135.034052 149.556486
2 11 10 0.494777 0.209788 0.295436 142.891096 144.714527
2 11 10 0.263845 0.359906 0.376249 143.021025 154.570464
2 11 10 0.452314 0.155543 0.392143 140.201749 146.145112
2 11 10 0.545188 0.087429 0.367383 144.589043 147.670906
2 11 10 0.677374 0.201423 0.121203 154.001224 136.657947
2 11 10 0.683128 0.261410 0.055463 158.001777 140.039143
2 11 10 0.449042 0.484705 0.066253 155.851455 146.365747
2 11 10 0.215191 0.020935 0.763874 122.938278 156.933729
2 11 10 0.867612 0.107216 0.025172 160.230851 134.405047
2 11 10 0.214161 0.118134 0.667704 131.415875 155.630119
2 3 11 0.114967 0.443456 0.441577 173.757232 144.492072
2 3 11 0.449022 0.004839 0.546139 160.053631 147.008221
2 3 11 0.493303 0.227814 0.278883 168.307071 137.025089
2 3 11 0.972155 0.018260 0.009585 160.281018 131.908517
2 3 11 0.202259 0.373755 0.423987 177.666149 149.691679
2 3 11 0.715678 0.232686 0.051636 168.367503 132.179776
2 3 11 0.950986 0.048408 0.000606 160.638003 127.930417
2 3 11 0.104417 0.408009 0.487575 176.699607 147.650651
2 3 11 0.706625 0.270163 0.023213 174.113751 130.546000
2 3 11 0.153602 0.090048 0.756351 160.296765 155.692210
3 12 11 0.978359 0.001454 0.020186 202.214288 132.759594
3 12 11 0.824803 0.039285 0.135912 199.503154 133.366854
3 12 11 0.216314 0.222449 0.561237 175.505839 155.834551
3 12 11 0.563495 0.159342 0.277162 189.303143 141.956313
3 12 11 0.694374 0.090260 0.215366 191.424756 137.841928
3 12 11 0.139679 0.446254 0.414067 185.424214 159.387001
3 12 11 0.086790 0.216990 0.696220 167.569352 161.415552
3 12 11 0.158605 0.781607 0.059788 193.301873 161.447579
3 12 11 0.870287 0.115345 0.014368 196.254590 133.617377
3 12 11 0.037039 0.497783 0.465178 177.873535 164.467566
3 4 12 0.298539 0.226501 0.474959 207.669642 144.443897
3 4 12 0.970712 0.006246 0.023041 198.976614 132.129096
3 4 12 0.445821 0.460280 0.093899 221.397346 131.337397
3 4 12 0.034345 0.293990 0.671665 211.875855 155.283510
3 4 12 0.821994 0.041905 0.136101 205.485398 132.677772
3 4 12 0.798700 0.069446 0.131854 204.040483 134.355653
3 4 12 0.750861 0.103827 0.145311 204.618554 134.138345
3 4 12 0.284536 0.159970 0.555494 212.194120 148.809362
3 4 12 0.656472 0.286795 0.056733 213.468942 137.315316
3 4 12 0.424915 0.126951 0.448133 205.918729 145.711387
4 13 12 0.635537 0.000652 0.363811 228.318206 142.462355
4 13 12 0.618766 0.194637 0.186597 232.831382 142.893720
4 13 12 0.642582 0.156671 0.200747 235.438618 145.278528
4 13 12 0.516383 0.412540 0.071077 238.032510 146.932170
4 13 12 0.998017 0.000327 0.001656 240.245108 131.601565
4 13 12 0.360062 0.532288 0.107650 236.282481 153.549219
4 13 12 0.523556 0.429458 0.046986 238.615652 149.030380
4 13 12 0.877340 0.093405 0.029255 241.555972 134.613035
4 13 12 0.779652 0.080211 0.140138 238.968586 136.584510
4 13 12 0.342894 0.155841 0.501265 223.091861 153.618640
4 5 13 0.231899 0.479088 0.289013 266.373786 138.217268
4 5 13 0.037497 0.829857 0.132646 281.049661 139.078186
4 5 13 0.952528 0.045279 0.002193 242.047399 129.089905
4 5 13 0.461729 0.198464 0.339807 252.150940 140.159625
4 5 13 0.789652 0.112197 0.098151 250.224535 133.771192
4 5 13 0.747865 0.060581 0.191554 243.447069 137.107206
4 5 13 0.856061 0.004966 0.138973 242.593606 135.703337
4 5 13 0.048565 0.195166 0.756269 249.361061 156.872658
4 5 13 0.501553 0.097479 0.400967 247.173097 147.575783
4 5 13 0.798223 0.200112 0.001665 250.868680 133.497898
5 14 13 0.513684 0.459930 0.026386 290.044082 147.560438
5 14 13 0.511583 0.124143 0.364275 272.095668 152.638089
5 14 13 0.277952 0.544167 0.177881 284.953404 153.866379
5 14 13 0.662726 0.023083 0.314191 276.878943 140.403602
5 14 13 0.688331 0.054987 0.256681 274.511774 144.237240
5 14 13 0.774265 0.164577 0.061159 285.723666 140.118014
5 14 13 0.402392 0.214786 0.382823 272.525910 155.819399
5 14 13 0.266691 0.404241 0.329068 272.969183 155.890357
5 14 13 0.776556 0.026126 0.197318 282.131143 138.654634
5 14 13 0.750199 0.069053 0.180749 278.900498 141.076038
5 6 14 0.979238 0.001383 0.019378 283.876513 133.223815
5 6 14 0.498559 0.249732 0.251709 296.088375 141.000584
5 6 14 0.225549 0.662961 0.111490 317.602445 134.653333
5 6 14 0.727280 0.202086 0.070634 293.616098 135.636940
5 6 14 0.887067 0.034058 0.078874 287.550905 133.373309
5 6 14 0.239562 0.002602 0.757835 287.487387 155.558261
5 6 14 0.012325 0.335928 0.651746 300.853391 152.774114
5 6 14 0.470097 0.520335 0.009568 313.365882 132.645408
5 6 14 0.006659 0.207456 0.785885 301.132297 157.369077
5 6 14 0.535775 0.168916 0.295309 291.109755 140.847936
6 15 14 0.388960 0.376430 0.234611 323.330781 152.912676
6 15 14 0.982624 0.005552 0.011824 330.607084 135.930827
6 15 14 0.518535 0.305028 0.176437 322.131478 150.151640
6 15 14 0.076102 0.878862 0.045036 331.389002 167.603161
6 15 14 0.812944 0.093939 0.093117 326.097539 139.356045
6 15 14 0.489363 0.040180 0.470457 312.147343 150.292120
6 15 14 0.327231 0.162692 0.510077 311.448379 155.476190
6 15 14 0.633930 0.166228 0.199842 322.607409 148.492305
6 15 14 0.647200 0.102172 0.250629 320.458849 145.330360
6 15 14 0.106684 0.486752 0.406564 315.783319 164.631634
6 7 15 0.573045 0.135443 0.291512 335.577202 143.201565
6 7 15 0.551890 0.042288 0.405822 332.253739 149.354653
6 7 15 0.168692 0.283144 0.548163 343.804912 154.090029
6 7 15 0.647156 0.042177 0.310667 334.464259 145.649628
6 7 15 0.931398 0.036500 0.032102 331.302066 132.787205
6 7 15 0.843717 0.086884 0.069399 335.824138 137.154606
6 7 15 0.565729 0.199714 0.234557 337.564284 143.163079
6 7 15 0.079597 0.196545 0.723858 339.308375 158.047406
6 7 15 0.253654 0.084633 0.661713 333.735762 154.793756
6 7 15 0.536966 0.340166 0.122868 342.157406 139.575235
7 16 15 0.272252 0.519311 0.208438 368.452826 159.827991
7 16 15 0.494079 0.225220 0.280701 363.484284 157.304393
7 16 15 0.649051 0.070688 0.280260 364.448629 145.253686
7 16 15 0.265174 0.585842 0.148985 369.609105 157.376095
7 16 15 0.802346 0.032921 0.164733 364.354856 144.293902
7 16 15 0.474349 0.160245 0.365405 360.884710 152.635567
7 16 15 0.035272 0.236300 0.728429 346.862068 170.718337
7 16 15 0.277790 0.414257 0.307952 362.226414 158.814465
7 16 15 0.782033 0.108753 0.109214 369.527803 141.716521
7 16 15 0.287385 0.649836 0.062779 373.808554 160.424426
7 8 16 0.820138 0.025026 0.154836 377.630033 142.467973
7 8 16 0.277644 0.071238 0.651118 381.647231 159.027359
7 8 16 0.884247 0.063762 0.051991 372.961224 136.722743
7 8 16 0.773305 0.032330 0.194365 372.310704 140.316019
7 8 16 0.893789 0.075704 0.030507 376.090703 138.233117
7 8 16 0.196202 0.033575 0.770223 380.372638 159.504427
7 8 16 0.285475 0.546949 0.167576 396.069615 140.788471
7 8 16 0.938056 0.005300 0.056643 371.242083 140.247002
7 8 16 0.571288 0.044229 0.384483 377.061600 149.400932
7 8 16 0.183855 0.105285 0.710859 381.106881 159.877612
8 17 16 0.890722 0.054779 0.054499 410.072135 140.623288
8 17 16 0.342377 0.283362 0.374261 401.653577 161.235549
8 17 16 0.787569 0.081183 0.131248 406.568060 142.478305
8 17 16 0.202555 0.262498 0.534947 397.971099 163.702044
8 17 16 0.551467 0.428325 0.020208 414.018986 151.173693
8 17 16 0.063855 0.205654 0.730492 386.715975 163.714575
8 17 16 0.136933 0.551125 0.311943 408.660979 164.548259
8 17 16 0.414378 0.268115 0.317507 403.550082 159.732279
8 17 16 0.945405 0.010879 0.043716 412.456061 140.441415
8 17 16 0.117880 0.096918 0.785202 385.904728 163.707353
9 10 18 0.898704 0.006804 0.094492 69.106161 168.689399
9 10 18 0.901640 0.044552 0.053809 70.080905 166.110526
9 10 18 0.123589 0.854012 0.022399 107.599404 166.511053
9 10 18 0.168200 0.524831 0.306969 91.865258 183.073351
9 10 18 0.498417 0.463918 0.037665 88.151797 166.508680
9 10 18 0.973947 0.003247 0.022806 66.164316 165.314909
9 10 18 0.277504 0.473205 0.249291 89.731782 175.219847
9 10 18 0.544618 0.354299 0.101084 81.165961 170.520507
9 10 18 0.237131 0.425430 0.337439 89.614201 175.297138
9 10 18 0.017473 0.961859 0.020667 110.122520 164.873124
10 19 18 0.257424 0.283366 0.459210 91.337406 195.634316
10 19 18 0.445586 0.049759 0.504655 89.896175 187.591908
10 19 18 0.099681 0.624743 0.275576 97.903046 204.402728
10 19 18 0.310833 0.052020 0.637147 87.105143 195.528533
10 19 18 0.162942 0.688039 0.149019 105.124291 201.460169
10 19 18 0.821401 0.064468 0.114132 107.600444 173.389502
10 19 18 0.642343 0.134846 0.222811 103.065819 180.360573
10 19 18 0.710161 0.210089 0.079750 107.299308 177.877375
10 19 18 0.326240 0.168016 0.505744 91.533423 194.128912
10 19 18 0.431423 0.298309 0.270269 101.310851 189.524581
10 11 19 0.149280 0.071759 0.778961 114.754204 199.205188
10 11 19 0.852597 0.025553 0.121851 113.044068 170.174398
10 11 19 0.797563 0.038948 0.163489 112.857282 169.540581
10 11 19 0.725682 0.124348 0.149970 117.228936 175.137551
10 11 19 0.544858 0.391303 0.063839 128.004432 164.497536
10 11 19 0.184625 0.752522 0.062853 147.099548 165.634173
10 11 19 0.220968 0.485427 0.293604 132.869500 177.272845
10 11 19 0.848189 0.016170 0.135641 114.884176 171.832942
10 11 19 0.435179 0.301673 0.263148 125.207378 175.643005
10 11 19 0.880497 0.101418 0.018086 121.671368 165.625077
11 20 19 0.641124 0.173281 0.185596 145.134220 182.786403
11 20 19 0.391504 0.135176 0.473320 134.197457 190.525672
11 20 19 0.121134 0.303581 0.575285 130.816290 205.888735
11 20 19 0.031919 0.552952 0.415129 140.109769 209.430054
11 20 19 0.231153 0.441477 0.327370 142.689600 201.971250
11 20 19 0.388699 0.588609 0.022692 155.193367 192.887196
11 20 19 0.399944 0.267197 0.332859 137.295527 193.728511
11 20 19 0.030646 0.264022 0.705332 120.660553 209.846820
11 20 19 0.196089 0.136241 0.667670 124.728036 203.028050
11 20 19 0.354687 0.582531 0.062782 151.835337 196.121318
11 12 20 0.885877 0.012943 0.101180 156.502882 167.323118
11 12 20 0.242554 0.313757 0.443688 170.128475 186.640798
11 12 20 0.856546 0.083458 0.059996 157.675408 166.225186
11 12 20 0.404444 0.397009 0.198548 171.839165 177.016600
11 12 20 0.614161 0.272154 0.113686 167.535763 168.364123
11 12 20 0.474471 0.297687 0.227843 172.932614 174.890468
11 12 20 0.195481 0.041716 0.762804 157.415110 202.004343
11 12 20 0.150642 0.109096 0.740261 158.686344 197.844444
11 12 20 0.037643 0.711062 0.251294 190.310743 178.031840
11 12 20 0.496828 0.069764 0.433407 157.786038 183.700011
12 21 20 0.679538 0.301633 0.018828 196.614137 178.050591
12 21 20 0.887722 0.051001 0.061277 196.603255 167.442847
12 21 20 0.867260 0.091078 0.041662 201.057880 176.599296
12 21 20 0.446532 0.410148 0.143320 193.135250 191.142415
12 21 20 0.673200 0.133078 0.193722 187.756838 179.691577
12 21 20 0.039514 0.375593 0.584894 174.178636 207.979993
12 21 20 0.810880 0.084785 0.104335 193.315888 175.104934
12 21 20 0.343734 0.416180 0.240086 185.650392 193.478224
12 21 20 0.131394 0.320035 0.548570 173.940447 207.607127
12 21 20 0.875890 0.111054 0.013056 199.761048 172.098672
12 13 21 0.664724 0.044376 0.290900 205.406479 178.819249
12 13 21 0.658897 0.165945 0.175157 207.950324 173.629277
12 13 21 0.155333 0.566024 0.278643 223.358373 178.341106
12 13 21 0.409405 0.062272 0.528323 202.226476 188.368643
12 13 21 0.818181 0.061856 0.119963 204.542450 170.880618
12 13 21 0.425747 0.528430 0.045824 221.336577 166.929644
12 13 21 0.495675 0.463595 0.040730 217.977815 168.461960
12 13 21 0.217021 0.218852 0.564126 205.316632 192.138087
12 13 21 0.875673 0.118758 0.005569 210.191810 162.987168
12 13 21 0.956246 0.011339 0.032415 200.879052 163.042897
13 22 21 0.068298 0.579769 0.351933 225.576232 206.090721
13 22 21 0.828033 0.059449 0.112518 238.451331 181.274000
13 22 21 0.027515 0.559174 0.413312 224.833033 208.333030
13 22 21 0.708252 0.078490 0.213258 230.448924 183.162203
13 22 21 0.896019 0.007946 0.096035 235.855497 170.769545
13 22 21 0.781476 0.028880 0.189645 231.120440 173.162431
13 22 21 0.091162 0.578326 0.330512 225.288691 205.290676
13 22 21 0.875137 0.086040 0.038824 240.530403 169.996184
13 22 21 0.505676 0.328262 0.166062 236.289810 189.491213
13 22 21 0.230155 0.012900 0.756945 210.642062 201.309524
13 14 22 0.981833 0.015866 0.002301 241.405316 168.816417
13 14 22 0.346915 0.301852 0.351233 255.386571 184.047399
13 14 22 0.091752 0.485629 0.422620 263.518968 185.006267
13 14 22 0.242807 0.436400 0.320793 264.193287 175.482847
13 14 22 0.733135 0.210127 0.056738 253.516740 167.418225
13 14 22 0.880534 0.000902 0.118563 240.654660 172.673027
13 14 22 0.616588 0.117020 0.266392 246.026681 177.012581
13 14 22 0.109802 0.847073 0.043125 282.028642 168.276181
13 14 22 0.008470 0.858489 0.133042 281.326033 169.779056
13 14 22 0.051544 0.539920 0.408536 269.740579 189.206422
14 23 22 0.053693 0.321098 0.625209 257.924332 203.871155
14 23 22 0.064963 0.445360 0.489677 263.555023 212.272512
14 23 22 0.471245 0.046346 0.482409 266.621062 186.094199
14 23 22 0.033797 0.884360 0.081843 282.490771 209.811451
14 23 22 0.100014 0.778859 0.121127 283.656149 205.300256
14 23 22 0.887404 0.088802 0.023794 292.737775 171.858236
14 23 22 0.355904 0.076285 0.567811 265.095175 197.090793
14 23 22 0.493612 0.368716 0.137673 285.320957 187.621361
14 23 22 0.467118 0.179467 0.353414 269.227391 191.126782
14 23 22 0.053291 0.573405 0.373304 269.867220 210.822628
14 15 23 0.642609 0.114252 0.243139 293.776724 179.871201
14 15 23 0.918632 0.029488 0.051880 291.932973 170.548292
14 15 23 0.471819 0.023926 0.504254 293.285582 189.737618
14 15 23 0.584789 0.275259 0.139952 301.637146 173.782783
14 15 23 0.183717 0.124850 0.691433 292.648129 201.349773
14 15 23 0.657082 0.200754 0.142165 299.091783 173.370651
14 15 23 0.508588 0.168239 0.323172 298.391514 181.532610
14 15 23 0.992642 0.002194 0.005165 290.127130 167.010731
14 15 23 0.787823 0.070281 0.141897 291.089129 169.752122
14 15 23 0.490171 0.116868 0.392961 294.168839 186.160498
15 24 23 0.038295 0.828310 0.133395 327.473514 208.476100
15 24 23 0.100528 0.107714 0.791758 297.477362 208.417576
15 24 23 0.303343 0.205843 0.490814 311.308446 200.182012
15 24 23 0.114094 0.879102 0.006804 332.791895 208.607534
15 24 23 0.418725 0.436654 0.144621 327.345290 195.277142
15 24 23 0.840327 0.131762 0.027910 332.646678 176.026360
15 24 23 0.005022 0.033410 0.961568 290.297454 209.392639
15 24 23 0.885002 0.057574 0.057424 329.344292 174.894812
15 24 23 0.129126 0.764111 0.106763 325.159219 205.832872
15 24 23 0.741494 0.250696 0.007810 328.715955 178.423611
15 16 24 0.869603 0.077417 0.052980 339.665684 173.849836
15 16 24 0.442991 0.044285 0.512724 337.249681 192.064927
15 16 24 0.847027 0.103767 0.049206 337.790170 170.174030
15 16 24 0.432216 0.391139 0.176645 354.412762 175.624349
15 16 24 0.443542 0.319540 0.236918 347.391472 175.368716
15 16 24 0.263586 0.317672 0.418742 347.179599 189.415330
15 16 24 0.352514 0.272362 0.375124 347.162465 185.270145
15 16 24 0.675297 0.214596 0.110107 345.777084 176.831166
15 16 24 0.104119 0.049734 0.846147 335.005844 203.788338
15 16 24 0.264181 0.556256 0.179564 360.093857 178.481630
16 25 24 0.272892 0.043304 0.683804 348.218077 200.594353
16 25 24 0.333590 0.095190 0.571220 353.718249 199.167352
16 25 24 0.972012 0.023899 0.004089 379.422114 170.725015
16 25 24 0.555704 0.375320 0.068977 376.180297 187.995708
16 25 24 0.992280 0.005287 0.002432 380.801971 168.979217
16 25 24 0.326072 0.246767 0.427160 358.332105 198.415311
16 25 24 0.513015 0.277264 0.209721 370.001071 192.210629
16 25 24 0.899825 0.057633 0.042542 378.220452 174.360446
16 25 24 0.226851 0.197177 0.575972 348.689861 202.709936
16 25 24 0.423770 0.204230 0.372000 359.445671 194.171499
16 17 25 0.183316 0.478184 0.338500 398.827288 184.537742
16 17 25 0.461487 0.116456 0.422057 384.824105 186.030672
16 17 25 0.527171 0.224346 0.248483 387.133156 180.165749
16 17 25 0.996620 0.001681 0.001698 382.391689 168.955980
16 17 25 0.239357 0.017678 0.742966 376.245967 198.487013
16 17 25 0.210152 0.474479 0.315369 402.340755 184.599869
16 17 25 0.230009 0.041298 0.728693 378.965963 199.523342
16 17 25 0.586253 0.272736 0.141010 391.940734 173.951708
16 17 25 0.938819 0.002531 0.058650 374.511422 172.628871
16 17 25 0.272431 0.399177 0.328392 397.958986 181.351846
17 26 25 0.429404 0.194804 0.375792 405.656119 191.859821
17 26 25 0.430245 0.188644 0.381112 407.012910 195.697489
17 26 25 0.503095 0.467354 0.029551 422.885410 195.475241
17 26 25 0.138002 0.369477 0.492521 399.266567 204.755935
17 26 25 0.891494 0.070282 0.038224 418.332390 173.150436
17 26 25 0.183936 0.351041 0.465023 400.942879 205.574586
17 26 25 0.105921 0.460020 0.434058 402.681576 210.025446
17 26 25 0.955549 0.010646 0.033805 421.138136 167.024174
17 26 25 0.551498 0.183466 0.265036 409.583016 193.657889
17 26 25 0.463493 0.125773 0.410734 401.437098 193.569259
18 19 27 0.573937 0.001547 0.424515 73.688064 231.179094
18 19 27 0.565980 0.282421 0.151598 81.346879 214.053297
18 19 27 0.055057 0.638739 0.306204 94.891491 222.269836
18 19 27 0.032562 0.741018 0.226420 97.936409 222.190533
18 19 27 0.218928 0.050567 0.730505 74.159928 240.620683
18 19 27 0.106953 0.362193 0.530854 86.401975 238.312552
18 19 27 0.138202 0.467576 0.394222 89.313293 224.078546
18 19 27 0.064364 0.924839 0.010797 107.616257 210.734448
18 19 27 0.436233 0.277823 0.285944 78.096771 222.310715
18 19 27 0.654031 0.229454 0.116515 76.730212 213.933798
19 28 27 0.491182 0.121491 0.387327 96.485267 232.121544
19 28 27 0.652611 0.269672 0.077717 112.816719 227.058751
19 28 27 0.898471 0.026253 0.075276 108.770026 217.499815
19 28 27 0.721281 0.248728 0.029991 107.524018 222.434961
19 28 27 0.286097 0.509976 0.203926 104.779888 245.614271
19 28 27 0.069835 0.709089 0.221075 107.170169 248.195565
19 28 27 0.594923 0.029749 0.375328 95.780162 225.813849
19 28 27 0.071630 0.769131 0.159238 110.312708 253.069174
19 28 27 0.730318 0.100417 0.169265 103.569450 221.541057
19 28 27 0.391044 0.486337 0.122620 108.241968 236.998372
19 20 28 0.909645 0.058949 0.031406 111.064131 216.605929
19 20 28 0.457894 0.088455 0.453651 116.380519 228.427335
19 20 28 0.445651 0.224944 0.329404 122.408750 226.808790
19 20 28 0.427850 0.130884 0.441266 119.482498 233.487034
19 20 28 0.936549 0.016155 0.047297 106.503692 212.181408
19 20 28 0.713788 0.261159 0.025053 118.619922 214.002466
19 20 28 0.177116 0.738546 0.084337 148.564940 217.438441
19 20 28 0.732830 0.256211 0.010959 123.160616 207.579154
19 20 28 0.993865 0.001803 0.004332 110.963092 210.696533
19 20 28 0.784053 0.066947 0.149000 115.084228 216.904027
20 29 28 0.439001 0.257342 0.303657 142.268918 235.328018
20 29 28 0.084899 0.380426 0.534675 135.047116 252.217137
20 29 28 0.939819 0.060172 0.000009 154.213205 215.625902
20 29 28 0.565797 0.017152 0.417050 140.288737 228.524117
20 29 28 0.862860 0.069177 0.067963 152.662833 217.016792
20 29 28 0.855332 0.102216 0.042452 147.859022 215.612438
20 29 28 0.647910 0.007946 0.344144 142.504064 228.130172
20 29 28 0.606647 0.266835 0.126518 147.484170 230.113552
20 29 28 0.405259 0.369645 0.225095 145.333872 238.072500
20 29 28 0.664433 0.319680 0.015887 159.170791 227.912636
20 21 29 0.626817 0.156442 0.216741 162.841683 219.073499
20 21 29 0.004840 0.240350 0.754810 163.440073 244.507803
20 21 29 0.580118 0.084905 0.334977 161.502186 222.737013
20 21 29 0.572851 0.157395 0.269754 162.074174 221.222272
20 21 29 0.002896 0.982702 0.014402 193.916644 207.929151
20 21 29 0.618292 0.224074 0.157634 165.241803 218.741343
20 21 29 0.352295 0.535774 0.111930 175.764482 214.808246
20 21 29 0.862956 0.048031 0.089013 155.534087 217.445805
20 21 29 0.989374 0.008275 0.002351 155.963272 209.251995
20 21 29 0.866164 0.063917 0.069919 158.399386 214.316196
21 30 29 0.892691 0.088082 0.019227 194.801289 214.192205
21 30 29 0.518700 0.259499 0.221801 190.803776 231.850796
21 30 29 0.338259 0.519721 0.142020 193.133900 239.554791
21 30 29 0.217233 0.283063 0.499704 175.754214 245.282605
21 30 29 0.143471 0.621686 0.234843 189.301687 248.881861
21 30 29 0.710365 0.272289 0.017346 198.459355 223.477646
21 30 29 0.984984 0.006967 0.008049 195.408917 209.130427
21 30 29 0.386596 0.395965 0.217439 188.930403 236.428172
21 30 29 0.534532 0.099810 0.365658 179.785728 233.640812
21 30 29 0.215904 0.039910 0.744186 167.900494 243.329496
21 22 30 0.620929 0.192119 0.186952 206.143520 216.952936
21 22 30 0.154917 0.178174 0.666909 202.072623 238.020446
21 22 30 0.225377 0.622336 0.152286 226.075795 217.251859
21 22 30 0.094264 0.655396 0.250340 225.809728 217.942316
21 22 30 0.882078 0.030680 0.087243 197.158643 213.331071
21 22 30 0.673970 0.179157 0.146872 208.102429 214.798222
21 22 30 0.626557 0.178353 0.195090 206.440644 216.904434
21 22 30 0.611951 0.010129 0.377920 200.703008 225.574542
21 22 30 0.504867 0.360477 0.134656 213.573983 214.060244
21 22 30 0.414161 0.340997 0.244842 210.769254 219.507952
22 31 30 0.470701 0.273017 0.256282 227.900897 234.546798
22 31 30 0.243033 0.705667 0.051300 238.030465 241.990074
22 31 30 0.524943 0.118567 0.356490 225.718212 229.435207
22 31 30 0.828427 0.092055 0.079518 237.079687 217.490980
22 31 30 0.842004 0.114652 0.043344 239.707341 218.295743
22 31 30 0.210196 0.539453 0.250351 229.405056 247.377012
22 31 30 0.794047 0.114419 0.091534 236.990334 214.300176
22 31 30 0.697538 0.119464 0.182998 232.105254 223.544021
22 31 30 0.279028 0.550375 0.170597 232.808122 242.132511
22 31 30 0.068882 0.669599 0.261519 228.497255 252.213214
22 23 31 0.676651 0.039489 0.283860 245.840468 225.128517
22 23 31 0.072876 0.027543 0.899581 239.337814 247.367568
22 23 31 0.519593 0.133915 0.346492 246.263465 224.977245
22 23 31 0.532185 0.255127 0.212687 252.408034 218.645712
22 23 31 0.389164 0.254633 0.356203 253.411244 226.607867
22 23 31 0.228461 0.140592 0.630947 247.033751 239.525845
22 23 31 0.417383 0.146775 0.435843 249.106251 231.667182
22 23 31 0.710120 0.012561 0.277319 243.203534 223.734746
22 23 31 0.085542 0.318866 0.595592 254.207161 236.508327
22 23 31 0.258153 0.014083 0.727764 245.384272 242.747269
23 32 31 0.500342 0.251312 0.248346 275.392726 235.045428
23 32 31 0.828782 0.129967 0.041251 290.235304 219.312148
23 32 31 0.950438 0.016108 0.033455 290.786791 212.957952
23 32 31 0.864707 0.133142 0.002151 288.225443 213.566980
23 32 31 0.691317 0.051647 0.257037 277.217385 228.025241
23 32 31 0.374216 0.074454 0.551330 259.365821 241.142295
23 32 31 0.144793 0.836451 0.018757 287.625294 252.296500
23 32 31 0.061680 0.315337 0.622984 254.922965 255.658023
23 32 31 0.459780 0.090784 0.449436 266.900486 237.526938
23 32 31 0.820858 0.074529 0.104613 285.619363 216.051079
23 24 32 0.542540 0.376971 0.080489 304.870222 214.905242
23 24 32 0.245323 0.026313 0.728365 289.901667 242.824693
23 24 32 0.827359 0.085810 0.086831 300.156730 215.185462
23 24 32 0.030156 0.750022 0.219823 323.139265 222.138798
23 24 32 0.560427 0.109050 0.330524 292.677672 223.483254
23 24 32 0.607542 0.344247 0.048211 303.360586 215.078846
23 24 32 0.176112 0.692568 0.131320 317.718708 217.784315
23 24 32 0.854532 0.005568 0.139901 288.708246 215.675821
23 24 32 0.908542 0.008425 0.083033 289.189227 212.139020
23 24 32 0.957474 0.037905 0.004620 292.455267 214.179441
24 33 32 0.077911 0.139963 0.782126 296.451928 252.567949
24 33 32 0.468178 0.114816 0.417006 309.817957 235.258910
24 33 32 0.076836 0.837083 0.086082 321.998640 253.174596
24 33 32 0.346209 0.445355 0.208437 322.008059 242.866299
24 33 32 0.206204 0.480979 0.312817 316.330392 247.905420
24 33 32 0.685251 0.254523 0.060226 329.969058 222.308190
24 33 32 0.702362 0.049429 0.248209 316.676489 225.568017
24 33 32 0.794944 0.068009 0.137047 321.510272 218.201081
24 33 32 0.696752 0.030505 0.272744 319.313972 227.136640
24 33 32 0.905469 0.038849 0.055682 331.749675 213.076486
24 25 33 0.268912 0.168986 0.562102 338.292414 237.043855
24 25 33 0.613467 0.021731 0.364803 332.266105 224.156806
24 25 33 0.508431 0.181260 0.310309 339.967187 225.749468
24 25 33 0.872835 0.035142 0.092023 331.605458 212.932594
24 25 33 0.607712 0.362649 0.029639 346.648442 212.915651
24 25 33 0.747870 0.032518 0.219612 329.906184 218.821740
24 25 33 0.389211 0.571758 0.039031 356.521076 209.821592
24 25 33 0.314686 0.546560 0.138754 355.997121 217.934470
24 25 33 0.691409 0.152569 0.156022 338.807302 216.507245
24 25 33 0.125021 0.449032 0.425947 353.391694 234.487537
25 34 33 0.397009 0.069868 0.533123 354.508450 239.263751
25 34 33 0.418597 0.263731 0.317672 360.627215 235.671875
25 34 33 0.282154 0.684966 0.032880 372.270879 245.235167
25 34 33 0.664086 0.160608 0.175307 368.514888 228.646283
25 34 33 0.494880 0.283974 0.221146 367.626639 233.138087
25 34 33 0.239345 0.049669 0.710986 341.973366 245.776585
25 34 33 0.164257 0.129567 0.706177 345.167165 244.602351
25 34 33 0.137642 0.715973 0.146385 370.292590 250.770493
25 34 33 0.876577 0.029545 0.093877 370.635748 217.675695
25 34 33 0.813355 0.167583 0.019062 376.666893 220.933470
25 26 34 0.909757 0.039707 0.050536 375.637297 212.075777
25 26 34 0.477972 0.199893 0.322135 387.813447 225.056256
25 26 34 0.842429 0.122911 0.034661 385.092881 214.223759
25 26 34 0.932519 0.018667 0.048814 378.975645 215.382442
25 26 34 0.789240 0.139230 0.071530 383.739149 212.457044
25 26 34 0.418618 0.446759 0.134623 397.214207 222.077997
25 26 34 0.786593 0.104045 0.109362 382.334287 214.641049
25 26 34 0.553547 0.311568 0.134885 393.945297 217.169136
25 26 34 0.135577 0.596976 0.267448 407.136032 223.821055
25 26 34 0.280288 0.085094 0.634618 378.621614 240.940816
26 35 34 0.378372 0.499157 0.122471 415.160239 240.982233
26 35 34 0.772052 0.209571 0.018376 424.421590 221.402992
26 35 34 0.598669 0.299792 0.101539 420.665453 228.471469
26 35 34 0.810186 0.035458 0.154356 415.742416 217.088457
26 35 34 0.876210 0.108748 0.015042 424.310072 218.115165
26 35 34 0.032922 0.250255 0.716823 387.956713 250.639657
26 35 34 0.403989 0.066595 0.529416 395.564455 242.778189
26 35 34 0.389514 0.206902 0.403584 403.975170 238.488930
26 35 34 0.997115 0.000388 0.002497 426.783283 212.867753
26 35 34 0.214340 0.321337 0.464323 403.196880 251.103025
27 28 36 0.579729 0.283058 0.137213 92.456836 259.311379
27 28 36 0.073898 0.125550 0.800552 89.357168 277.100750
27 28 36 0.567811 0.428802 0.003387 92.434089 250.401489
27 28 36 0.237130 0.695360 0.067509 103.026127 255.658225
27 28 36 0.265425 0.402855 0.331720 93.803747 261.723157
27 28 36 0.424170 0.343147 0.232683 89.301291 260.703213
27 28 36 0.720480 0.149053 0.130467 75.394491 255.494472
27 28 36 0.713730 0.137270 0.149000 78.940437 258.096029
27 28 36 0.101114 0.801244 0.097642 110.095608 254.506882
27 28 36 0.981280 0.006135 0.012585 73.375043 257.434350
28 37 36 0.454235 0.115867 0.429898 100.341506 275.407114
28 37 36 0.047532 0.762909 0.189558 118.357309 285.972798
28 37 36 0.554428 0.436572 0.009000 118.135721 268.755095
28 37 36 0.493814 0.311534 0.194653 116.101841 269.667719
28 37 36 0.484258 0.226594 0.289148 108.227214 269.302202
28 37 36 0.917437 0.042139 0.040425 115.461677 256.726663
28 37 36 0.849389 0.124260 0.026351 113.915023 256.523955
28 37 36 0.183187 0.397971 0.418842 108.745987 279.566241
28 37 36 0.172361 0.361436 0.466203 105.828550 280.730740
28 37 36 0.543491 0.417270 0.039239 113.526832 270.220718
28 29 37 0.369514 0.428638 0.201848 139.293259 259.872797
28 29 37 0.622941 0.306068 0.070991 130.879090 254.910796
28 29 37 0.179884 0.043901 0.776215 121.350182 279.221282
28 29 37 0.649509 0.051382 0.299109 122.562095 264.547475
28 29 37 0.567128 0.178400 0.254472 122.835381 262.058478
28 29 37 0.573249 0.004928 0.421823 117.184755 264.868958
28 29 37 0.905013 0.006878 0.088109 118.554941 256.984805
28 29 37 0.865926 0.058027 0.076047 115.728998 255.276366
28 29 37 0.675559 0.132564 0.191877 122.899550 260.593577
28 29 37 0.988644 0.005243 0.006113 114.078097 256.598896
29 38 37 0.857705 0.011148 0.131147 150.983312 259.509864
29 38 37 0.459981 0.514840 0.025179 157.387623 274.144429
29 38 37 0.332761 0.305790 0.361449 147.762725 279.811402
29 38 37 0.891458 0.000129 0.108413 151.798367 258.653392
29 38 37 0.181021 0.420345 0.398633 144.436550 280.477791
29 38 37 0.489753 0.227887 0.282360 147.307766 273.064076
29 38 37 0.686187 0.109808 0.204005 151.795497 267.870507
29 38 37 0.398123 0.383366 0.218511 150.234590 274.915107
29 38 37 0.053062 0.571304 0.375634 144.032589 289.863081
29 38 37 0.681799 0.118512 0.199689 148.898263 264.378220
29 30 38 0.109871 0.003143 0.886986 160.972396 287.192981
29 30 38 0.939983 0.053961 0.006056 160.331422 251.313800
29 30 38 0.701917 0.090383 0.207700 160.630456 262.083295
29 30 38 0.604050 0.205865 0.190085 165.438679 261.350474
29 30 38 0.676984 0.035996 0.287019 160.267267 266.295430
29 30 38 0.153979 0.741185 0.104836 188.757361 258.639982
29 30 38 0.604461 0.022087 0.373452 161.306220 268.617792
29 30 38 0.549266 0.150067 0.300667 165.696093 266.238367
29 30 38 0.723463 0.037861 0.238676 159.493681 262.714358
29 30 38 0.531578 0.408315 0.060107 175.989139 256.908705
30 39 38 0.892402 0.103452 0.004146 200.822908 263.730577
30 39 38 0.250568 0.743158 0.006273 199.308072 284.821380
30 39 38 0.204846 0.070542 0.724612 171.682832 282.581738
30 39 38 0.893433 0.032517 0.074049 191.916539 259.574259
30 39 38 0.548003 0.154482 0.297514 185.561553 272.389831
30 39 38 0.047919 0.355321 0.596759 179.636156 288.439774
30 39 38 0.244819 0.633151 0.122030 195.630259 281.453498
30 39 38 0.887041 0.102011 0.010949 196.839537 260.860619
30 39 38 0.049652 0.711484 0.238863 191.912019 287.105456
30 39 38 0.626640 0.274346 0.099014 196.021735 267.683989
30 31 39 0.833569 0.068544 0.097887 204.239368 256.299766
30 31 39 0.789653 0.060760 0.149588 202.056972 259.286731
30 31 39 0.050172 0.292000 0.657828 211.133024 275.028628
30 31 39 0.830328 0.050902 0.118770 203.481489 262.716587
30 31 39 0.414677 0.324153 0.261169 210.449170 267.041578
30 31 39 0.989643 0.009961 0.000396 199.647927 256.205901
30 31 39 0.938243 0.040978 0.020779 201.835142 254.436659
30 31 39 0.383594 0.231121 0.385285 209.445798 271.320881
30 31 39 0.750368 0.032414 0.217218 199.679847 260.542853
30 31 39 0.355765 0.151482 0.492753 205.946552 273.001693
31 40 39 0.250906 0.047128 0.701966 213.612025 281.903837
31 40 39 0.535026 0.125867 0.339107 226.598848 274.452527
31 40 39 0.868801 0.054372 0.076827 238.983883 260.372967
31 40 39 0.696170 0.201355 0.102475 234.297247 267.715393
31 40 39 0.450284 0.296168 0.253548 233.490647 276.545823
31 40 39 0.005183 0.139126 0.855691 209.861772 291.086681
31 40 39 0.214386 0.349999 0.435616 223.083007 285.280898
31 40 39 0.209896 0.145130 0.644974 215.529751 285.405092
31 40 39 0.224331 0.665135 0.110535 236.089173 284.037392
31 40 39 0.125105 0.715253 0.159642 236.617107 290.282519
31 32 40 0.501463 0.095647 0.402890 247.461117 270.784247
31 32 40 0.589366 0.103486 0.307148 248.600748 267.011142
31 32 40 0.955343 0.007392 0.037264 238.196733 257.884453
31 32 40 0.001337 0.590565 0.408098 267.148358 275.773166
31 32 40 0.145045 0.436097 0.418859 259.573598 273.109989
31 32 40 0.741010 0.000027 0.258963 242.473751 266.451914
31 32 40 0.145640 0.225803 0.628557 252.367948 284.269837
31 32 40 0.679871 0.015079 0.305050 242.415984 267.177602
31 32 40 0.358652 0.071404 0.569944 243.251431 277.085606
31 32 40 0.921724 0.059105 0.019171 247.506947 256.488257
32 41 40 0.605840 0.291266 0.102894 283.801389 270.358442
32 41 40 0.513762 0.255561 0.230677 274.288457 275.168231
32 41 40 0.554147 0.089904 0.355950 270.092375 275.443066
32 41 40 0.220038 0.680204 0.099757 278.557160 288.285332
32 41 40 0.153197 0.470928 0.375875 272.585480 289.626215
32 41 40 0.472598 0.366940 0.160462 280.256851 275.770628
32 41 40 0.501433 0.289351 0.209215 274.842325 273.725726
32 41 40 0.520203 0.336696 0.143102 281.726320 275.972523
32 41 40 0.794055 0.135873 0.070072 280.590068 263.110276
32 41 40 0.234021 0.240661 0.525318 262.259487 281.764898
32 33 41 0.623818 0.373764 0.002418 300.946775 253.725788
32 33 41 0.298929 0.179458 0.521613 290.387041 277.027201
32 33 41 0.312506 0.377852 0.309642 303.270887 269.522267
32 33 41 0.108162 0.757022 0.134816 317.790708 256.994314
32 33 41 0.105723 0.006392 0.887885 284.972700 291.836993
32 33 41 0.489109 0.312761 0.198130 298.428560 261.687136
32 33 41 0.923486 0.021771 0.054742 289.762406 255.311856
32 33 41 0.764041 0.020068 0.215890 285.585817 266.819659
32 33 41 0.984414 0.007612 0.007974 284.272047 254.030513
32 33 41 0.316327 0.292906 0.390767 301.682976 272.338846
33 42 41 0.316401 0.287186 0.396413 316.248259 282.102782
33 42 41 0.841178 0.143424 0.015398 328.092903 263.093137
33 42 41 0.980364 0.006612 0.013024 330.375989 253.912533
33 42 41 0.355853 0.259884 0.384263 309.987823 277.314632
33 42 41 0.492736 0.124325 0.382940 311.861623 276.508411
33 42 41 0.092805 0.623646 0.283549 314.102996 292.171702
33 42 41 0.509276 0.088666 0.402057 310.864396 273.439734
33 42 41 0.675012 0.218875 0.106112 326.132945 264.959572
33 42 41 0.569581 0.283138 0.147281 323.393778 273.610119
33 42 41 0.872058 0.094977 0.032965 324.117307 258.954298
33 34 42 0.608751 0.184176 0.207073 335.896444 266.452811
33 34 42 0.509564 0.040409 0.450027 328.967374 275.156510
33 34 42 0.111742 0.840070 0.048188 369.366299 261.213659
33 34 42 0.428155 0.227610 0.344235 339.676402 266.596555
33 34 42 0.909633 0.021099 0.069268 330.542329 254.027647
33 34 42 0.940833 0.059055 0.000112 334.293845 252.869162
33 34 42 0.288091 0.560007 0.151902 352.592459 263.321366
33 34 42 0.845647 0.109093 0.045260 335.863177 258.937178
33 34 42 0.836906 0.111199 0.051895 336.019621 256.584169
33 34 42 0.337084 0.390225 0.272691 349.905380 267.781583
34 43 42 0.971281 0.008509 0.020210 373.446886 255.995594
34 43 42 0.237108 0.761619 0.001272 375.685172 288.132042
34 43 42 0.669493 0.009548 0.320959 358.178581 268.801069
34 43 42 0.693203 0.016225 0.290572 360.645088 272.991518
34 43 42 0.767897 0.164206 0.067898 369.223324 266.982196
34 43 42 0.426423 0.514827 0.058750 367.936416 278.233702
34 43 42 0.733852 0.179829 0.086319 370.173038 271.040749
34 43 42 0.851940 0.016599 0.131461 370.561584 266.818385
34 43 42 0.265993 0.085403 0.648604 342.436439 288.533417
34 43 42 0.926576 0.057228 0.016196 376.015238 259.075468
34 35 43 0.696330 0.009807 0.293863 374.705474 264.049297
34 35 43 0.281225 0.417407 0.301369 392.779775 270.760990
34 35 43 0.195174 0.663939 0.140887 405.380236 264.437609
34 35 43 0.952090 0.013366 0.034544 372.970980 256.326150
34 35 43 0.946747 0.043081 0.010172 377.232902 256.156590
34 35 43 0.241541 0.040258 0.718201 377.660741 287.348602
34 35 43 0.915057 0.015009 0.069934 376.303536 260.572747
34 35 43 0.442958 0.071501 0.485541 377.944868 276.229453
34 35 43 0.866672 0.020928 0.112399 376.595788 261.231813
34 35 43 0.193257 0.648086 0.158657 406.254507 262.037148
35 44 43 0.880803 0.028078 0.091119 413.782210 262.388675
35 44 43 0.115242 0.780864 0.103893 414.210324 293.238429
35 44 43 0.704062 0.053578 0.242360 409.868034 271.647764
35 44 43 0.848105 0.064421 0.087473 412.828936 263.059533
35 44 43 0.481727 0.406059 0.112214 413.660311 277.941915
35 44 43 0.400843 0.174460 0.424698 402.556998 279.055480
35 44 43 0.273160 0.179574 0.547267 392.522439 285.700132
35 44 43 0.553238 0.268900 0.177862 412.448418 276.611832
35 44 43 0.942077 0.006387 0.051535 419.675653 256.492692
35 44 43 0.569067 0.328849 0.102084 416.211991 272.527585
36 37 45 0.269774 0.109145 0.621081 99.243657 298.836485
36 37 45 0.227816 0.714148 0.058037 111.872689 284.701937
36 37 45 0.394216 0.030725 0.575059 96.662310 298.475117
36 37 45 0.739545 0.203856 0.056599 92.515414 289.019395
36 37 45 0.992499 0.000177 0.007325 87.364498 285.083258
36 37 45 0.112924 0.187012 0.700064 97.312455 300.826361
36 37 45 0.008465 0.390205 0.601329 107.490128 303.778883
36 37 45 0.554353 0.169668 0.275979 98.436439 293.672406
36 37 45 0.724397 0.270844 0.004758 93.677173 287.425412
36 37 45 0.521320 0.142815 0.335865 94.747125 296.738514
37 46 45 0.480329 0.208688 0.310982 116.231253 296.545494
37 46 45 0.419428 0.194594 0.385978 114.984778 299.639646
37 46 45 0.696098 0.175760 0.128142 123.320070 292.491111
37 46 45 0.647358 0.041627 0.311015 115.479882 292.530953
37 46 45 0.471260 0.138978 0.389762 111.122590 298.424443
37 46 45 0.501434 0.016083 0.482483 112.104824 295.874774
37 46 45 0.249828 0.253880 0.496293 113.100252 300.215050
37 46 45 0.474716 0.297383 0.227902 116.048284 299.037654
37 46 45 0.863766 0.063753 0.072481 123.713540 289.414691
37 46 45 0.981785 0.002058 0.016157 121.960676 289.424898
37 38 46 0.086311 0.738337 0.175352 153.843210 294.742411
37 38 46 0.414150 0.146792 0.439058 133.688186 301.182199
37 38 46 0.906568 0.080914 0.012518 124.770753 286.515998
37 38 46 0.138746 0.658335 0.202919 149.561857 295.392589
37 38 46 0.250409 0.127444 0.622146 135.218479 305.409484
37 38 46 0.424525 0.073813 0.501663 131.892919 299.482109
37 38 46 0.560323 0.252626 0.187051 129.845856 296.626032
37 38 46 0.312242 0.515326 0.172432 142.539273 291.815624
37 38 46 0.207959 0.184542 0.607500 138.984353 303.177066
37 38 46 0.119899 0.366549 0.513553 141.743831 304.827616
38 47 46 0.744701 0.217953 0.037346 163.020029 292.559656
38 47 46 0.302166 0.172747 0.525087 145.694062 305.264572
38 47 46 0.215880 0.528772 0.255348 160.422721 312.333754
38 47 46 0.135409 0.615903 0.248688 156.813920 309.250862
38 47 46 0.865095 0.075514 0.059392 160.093145 291.166695
38 47 46 0.612831 0.346621 0.040548 164.308417 300.073170
38 47 46 0.089218 0.707179 0.203603 165.201835 312.704693
38 47 46 0.644222 0.286745 0.069033 163.704737 298.552966
38 47 46 0.018554 0.314089 0.667357 146.333332 314.296316
38 47 46 0.102540 0.326470 0.570989 148.900277 310.701804
38 39 47 0.809721 0.093576 0.096703 170.003821 292.738786
38 39 47 0.629777 0.261244 0.108978 173.764466 292.659816
38 39 47 0.635563 0.111568 0.252868 165.764022 300.037620
38 39 47 0.342066 0.633737 0.024196 187.929620 293.816496
38 39 47 0.272628 0.036375 0.690997 168.390413 310.394715
38 39 47 0.524102 0.085348 0.390549 167.341950 300.426246
38 39 47 0.008329 0.159321 0.832349 177.481353 308.861683
38 39 47 0.600644 0.037335 0.362021 166.327146 296.818754
38 39 47 0.072205 0.704988 0.222807 190.993386 299.793703
38 39 47 0.726518 0.169489 0.103993 169.041912 291.867405
39 48 47 0.515323 0.089525 0.395152 189.483107 304.911050
39 48 47 0.078951 0.165951 0.755098 180.645995 316.384252
39 48 47 0.987876 0.002742 0.009383 205.103038 293.474795
39 48 47 0.787432 0.050675 0.161893 195.457699 295.508986
39 48 47 0.735632 0.147402 0.116965 198.238715 300.368831
39 48 47 0.728149 0.139404 0.132446 195.645935 299.151823
39 48 47 0.417566 0.300959 0.281475 190.943816 305.171773
39 48 47 0.288464 0.684749 0.026788 200.760383 312.150213
39 48 47 0.292114 0.274705 0.433181 188.888839 310.463331
39 48 47 0.355664 0.120695 0.523641 184.366028 308.476765
39 40 48 0.355782 0.156727 0.487491 208.798929 305.172255
39 40 48 0.671640 0.285067 0.043293 215.907960 294.459852
39 40 48 0.582270 0.193315 0.224415 209.845313 292.546312
39 40 48 0.896765 0.082026 0.021209 203.423795 292.665354
39 40 48 0.346368 0.085966 0.567667 207.446726 309.705735
39 40 48 0.175925 0.425358 0.398717 219.864851 305.587507
39 40 48 0.179933 0.774170 0.045897 229.366362 294.123359
39 40 48 0.875705 0.011014 0.113281 205.009666 293.237165
39 40 48 0.767257 0.080859 0.151884 201.351151 300.813651
39 40 48 0.760944 0.105929 0.133127 204.419421 294.348643
40 49 48 0.444116 0.374725 0.181159 232.978327 307.707799
40 49 48 0.390831 0.082958 0.526211 221.161894 309.955815
40 49 48 0.933465 0.032232 0.034302 240.785976 298.018263
40 49 48 0.407427 0.309756 0.282817 229.257052 306.100741
40 49 48 0.589218 0.126328 0.284454 231.248601 299.989113
40 49 48 0.100422 0.658417 0.241161 231.741487 316.250181
40 49 48 0.075959 0.399274 0.524767 220.833100 315.167599
40 49 48 0.630134 0.352795 0.017072 242.258052 302.278441
40 49 48 0.713177 0.018978 0.267845 228.524774 301.256146
40 49 48 0.781719 0.078178 0.140103 236.076537 300.570229
40 41 49 0.648763 0.307878 0.043359 255.810636 292.526382
40 41 49 0.054104 0.512190 0.433706 262.697904 306.772847
40 41 49 0.936263 0.020637 0.043100 242.341702 294.443834
40 41 49 0.087431 0.589651 0.322918 267.790131 303.696836
40 41 49 0.580095 0.221339 0.198565 254.094778 301.589516
40 41 49 0.704729 0.225850 0.069422 251.906257 295.120578
40 41 49 0.544053 0.161103 0.294844 251.478374 298.851205
40 41 49 0.451432 0.256165 0.292403 254.016417 301.090202
40 41 49 0.273538 0.304393 0.422068 255.174399 306.127793
40 41 49 0.292904 0.225615 0.481481 251.939742 307.626655
41 50 49 0.755480 0.044004 0.200516 277.939312 303.580288
41 50 49 0.871046 0.086307 0.042647 281.307386 298.507370
41 50 49 0.661583 0.213953 0.124465 280.354990 303.637004
41 50 49 0.856101 0.041290 0.102609 276.178863 299.588898
41 50 49 0.399716 0.231471 0.368813 269.943190 309.641749
41 50 49 0.335853 0.427127 0.237021 272.110895 312.153520
41 50 49 0.114722 0.049277 0.836001 248.761241 316.515826
41 50 49 0.136685 0.041120 0.822195 250.139318 315.870245
41 50 49 0.538261 0.279428 0.182312 275.956140 303.567491
41 50 49 0.335812 0.598331 0.065858 280.450767 313.576745
41 42 50 0.037219 0.876815 0.085966 321.330978 297.891409
41 42 50 0.115515 0.380993 0.503492 301.662572 307.531517
41 42 50 0.511731 0.302244 0.186025 295.933617 298.194449
41 42 50 0.535818 0.337323 0.126859 300.335215 294.986839
41 42 50 0.706451 0.127303 0.166246 292.117771 301.216045
41 42 50 0.380091 0.080247 0.539662 286.265665 308.137922
41 42 50 0.461636 0.058448 0.479916 284.654689 311.269314
41 42 50 0.567247 0.004409 0.428344 284.147563 306.092987
41 42 50 0.487678 0.080724 0.431598 288.582851 305.810209
41 42 50 0.045680 0.437720 0.516600 304.146384 308.538501
42 51 50 0.994842 0.000326 0.004832 326.170963 291.489233
42 51 50 0.348175 0.258162 0.393663 309.024147 313.439785
42 51 50 0.757956 0.149087 0.092958 322.224606 301.451027
42 51 50 0.563337 0.414252 0.022411 322.372869 306.526417
42 51 50 0.496382 0.041257 0.462361 306.188348 307.075549
42 51 50 0.605689 0.309220 0.085091 323.440849 303.508343
42 51 50 0.049250 0.441734 0.509016 304.294039 319.925479
42 51 50 0.716138 0.276723 0.007139 324.756930 303.357938
42 51 50 0.412407 0.226252 0.361341 307.972076 310.350766
42 51 50 0.539247 0.116658 0.344095 311.522026 307.367267
42 43 51 0.286008 0.344698 0.369293 339.595985 304.060503
42 43 51 0.980083 0.006812 0.013105 325.648258 296.714597
42 43 51 0.530817 0.224138 0.245046 335.292827 299.856253
42 43 51 0.325000 0.648885 0.026115 355.916047 295.949264
42 43 51 0.213520 0.526513 0.259968 348.552749 300.477888
42 43 51 0.388485 0.502149 0.109366 345.511471 300.519318
42 43 51 0.557632 0.159004 0.283364 332.485199 304.472698
42 43 51 0.763297 0.235492 0.001210 338.592642 296.127870
42 43 51 0.550781 0.311475 0.137744 339.432391 300.460396
42 43 51 0.934672 0.043013 0.022315 329.820746 296.194943
43 52 51 0.670533 0.014622 0.314845 349.933567 300.040646
43 52 51 0.948589 0.032693 0.018718 368.170516 295.696531
43 52 51 0.216503 0.756011 0.027486 365.937399 319.769461
43 52 51 0.214888 0.651450 0.133662 356.596251 320.744847
43 52 51 0.456764 0.099208 0.444028 347.111147 312.258316
43 52 51 0.325720 0.630937 0.043343 361.115469 316.122915
43 52 51 0.283836 0.476889 0.239275 356.394045 319.618224
43 52 51 0.044797 0.770220 0.184983 353.767782 322.535422
43 52 51 0.133930 0.148328 0.717742 333.578384 321.141414
43 52 51 0.213941 0.051145 0.734914 337.022441 318.951439
43 44 52 0.619789 0.324121 0.056090 384.190413 298.489205
43 44 52 0.663496 0.063125 0.273380 373.542913 303.476194
43 44 52 0.593608 0.320015 0.086376 384.837455 301.378552
43 44 52 0.438971 0.460412 0.100618 392.248140 299.350987
43 44 52 0.196103 0.216994 0.586903 377.731684 317.006216
43 44 52 0.650839 0.306696 0.042465 384.196986 293.568137
43 44 52 0.438268 0.170219 0.391513 372.842956 308.561804
43 44 52 0.586452 0.351925 0.061623 388.819685 300.725516
43 44 52 0.574655 0.186244 0.239101 376.717625 301.034591
43 44 52 0.436904 0.251043 0.312053 377.105011 307.164054
44 53 52 0.916310 0.030750 0.052940 412.960736 301.234097
44 53 52 0.713360 0.249410 0.037230 408.136069 308.367139
44 53 52 0.095329 0.218510 0.686162 380.412151 325.335789
44 53 52 0.592616 0.317734 0.089650 408.849675 309.489015
44 53 52 0.015750 0.570407 0.413844 389.477122 325.513573
44 53 52 0.168164 0.509992 0.321844 393.242890 323.078378
44 53 52 0.957480 0.034886 0.007635 416.337752 298.367040
44 53 52 0.125459 0.852846 0.021695 406.891177 323.464417
44 53 52 0.636116 0.282981 0.080903 408.521349 310.640891
44 53 52 0.011102 0.464357 0.524541 385.038510 325.957363
45 46 54 0.710849 0.261929 0.027222 110.676765 308.974846
45 46 54 0.746621 0.059420 0.193959 101.593941 314.364340
45 46 54 0.868742 0.065772 0.065486 103.467789 313.005966
45 46 54 0.882982 0.092945 0.024073 102.865287 307.210837
45 46 54 0.507035 0.340678 0.152287 115.220687 311.536470
45 46 54 0.394036 0.210581 0.395383 110.491877 316.711267
45 46 54 0.463595 0.471233 0.065172 116.965231 310.172586
45 46 54 0.904588 0.009349 0.086063 100.833714 311.113478
45 46 54 0.552192 0.124366 0.323442 109.891651 311.711083
45 46 54 0.161519 0.026207 0.812273 111.432467 325.773249
46 55 54 0.527394 0.283613 0.188992 134.361833 319.157337
46 55 54 0.961251 0.015644 0.023105 135.767737 314.936075
46 55 54 0.735716 0.162932 0.101352 133.563338 316.375361
46 55 54 0.283680 0.350702 0.365618 130.826512 321.206501
46 55 54 0.010094 0.921311 0.068594 142.396167 331.143809
46 55 54 0.017813 0.930832 0.051355 140.338156 325.756879
46 55 54 0.754392 0.190536 0.055072 133.191263 315.407309
46 55 54 0.524008 0.253067 0.222925 130.633502 315.437432
46 55 54 0.207983 0.385289 0.406728 128.822301 323.482261
46 55 54 0.202381 0.675221 0.122397 135.135776 324.519943
46 47 55 0.205579 0.038848 0.755573 141.830200 321.903367
46 47 55 0.858791 0.110831 0.030378 139.562786 313.360929
46 47 55 0.781875 0.138396 0.079729 139.072901 307.826989
46 47 55 0.851653 0.071028 0.077319 136.810229 314.993231
46 47 55 0.794049 0.181329 0.024622 137.438558 311.335173
46 47 55 0.801031 0.044401 0.154568 136.645047 312.064960
46 47 55 0.477122 0.273110 0.249768 144.651691 315.707121
46 47 55 0.355438 0.334174 0.310388 147.798214 316.351832
46 47 55 0.617114 0.355246 0.027639 147.696350 313.452043
46 47 55 0.375717 0.283602 0.340681 149.868004 311.262835
47 56 55 0.782623 0.192801 0.024575 172.165121 318.114807
47 56 55 0.607498 0.197900 0.194602 167.816765 323.756541
47 56 55 0.901042 0.083819 0.015139 174.582976 315.612420
47 56 55 0.411184 0.584203 0.004613 176.112976 321.424649
47 56 55 0.636268 0.260397 0.103335 173.962463 318.509125
47 56 55 0.680569 0.309495 0.009936 174.573507 320.149131
47 56 55 0.377722 0.349687 0.272590 165.464881 326.158117
47 56 55 0.996275 0.001692 0.002033 174.125679 316.382582
47 56 55 0.139387 0.750483 0.110130 178.381041 327.908495
47 56 55 0.370174 0.260260 0.369566 165.294267 323.362010
47 48 56 0.018594 0.201070 0.780336 180.799744 327.198103
47 48 56 0.925401 0.058196 0.016403 172.549387 317.511090
47 48 56 0.950276 0.035653 0.014071 173.804221 312.424076
47 48 56 0.202613 0.309813 0.487574 188.280554 325.077918
47 48 56 0.419755 0.296155 0.284091 185.215176 321.919672
47 48 56 0.444518 0.210280 0.345202 181.082862 319.872110
47 48 56 0.839818 0.130562 0.029620 175.421384 313.227093
47 48 56 0.180160 0.208285 0.611555 185.844403 325.193938
47 48 56 0.307484 0.002372 0.690144 175.392892 325.090723
47 48 56 0.415449 0.407038 0.177513 187.744024 317.285156
48 57 56 0.533133 0.216796 0.250071 201.473678 323.686321
48 57 56 0.057297 0.153930 0.788773 187.666750 331.205347
48 57 56 0.542844 0.220477 0.236679 200.133761 325.125397
48 57 56 0.523805 0.158266 0.317929 201.560404 324.571598
48 57 56 0.196308 0.328514 0.475178 196.294451 327.352099
48 57 56 0.464541 0.290002 0.245457 204.315996 326.167949
48 57 56 0.045641 0.348303 0.606057 191.804092 329.839662
48 57 56 0.973343 0.016640 0.010017 202.193011 315.885617
48 57 56 0.997219 0.002286 0.000495 206.073399 315.597713
48 57 56 0.424361 0.380513 0.195126 202.964099 330.922631
48 49 57 0.305284 0.061510 0.633206 211.514621 328.490414
48 49 57 0.166132 0.454902 0.378966 226.088231 322.453768
48 49 57 0.033579 0.757562 0.208859 236.522035 320.568291
48 49 57 0.579957 0.103611 0.316432 211.342309 320.136201
48 49 57 0.164028 0.472062 0.363910 225.561467 322.681587
48 49 57 0.293246 0.077147 0.629607 210.030607 325.128111
48 49 57 0.224197 0.097336 0.678467 219.034638 325.747756
48 49 57 0.957734 0.017404 0.024862 203.262143 317.011466
48 49 57 0.600295 0.170007 0.229698 215.292805 319.134187
48 49 57 0.759819 0.024061 0.216120 208.633226 321.491406
49 58 57 0.795916 0.037400 0.166684 238.561308 321.275482
49 58 57 0.779301 0.089037 0.131661 241.478010 318.081670
49 58 57 0.176012 0.611560 0.212428 244.002793 333.301583
49 58 57 0.043268 0.486223 0.470509 233.283849 335.300067
49 58 57 0.847606 0.025132 0.127262 236.269487 325.884807
49 58 57 0.245863 0.078189 0.675948 219.697158 332.334281
49 58 57 0.075672 0.425118 0.499210 229.562373 332.825800
49 58 57 0.448962 0.083446 0.467593 233.627824 320.563304
49 58 57 0.128797 0.387848 0.483355 230.169647 331.690103
49 58 57 0.923330 0.063717 0.012953 246.047597 319.863738
49 50 58 0.454920 0.261346 0.283734 255.952246 328.676969
49 50 58 0.519208 0.183178 0.297614 249.322017 329.282127
49 50 58 0.730947 0.130813 0.138240 250.489398 320.281530
49 50 58 0.171446 0.146390 0.682165 254.627411 328.470298
49 50 58 0.036449 0.683631 0.279920 268.925605 324.763256
49 50 58 0.660397 0.175945 0.163657 250.944028 323.571105
49 50 58 0.869018 0.042304 0.088678 244.565505 323.358707
49 50 58 0.933981 0.055353 0.010666 245.883005 318.342904
49 50 58 0.332411 0.119909 0.547680 248.722532 329.110111
49 50 58 0.167572 0.091132 0.741296 251.684164 332.670057
50 59 58 0.636064 0.211168 0.152768 276.601082 325.248291
50 59 58 0.488974 0.247524 0.263502 270.266126 328.798787
50 59 58 0.290086 0.309226 0.400688 268.918731 332.519233
50 59 58 0.727844 0.039254 0.232901 276.478183 324.610866
50 59 58 0.110751 0.373684 0.515565 265.673553 336.218209
50 59 58 0.605134 0.196742 0.198124 280.537938 329.956602
50 59 58 0.165657 0.416799 0.417544 265.614136 334.910121
50 59 58 0.291480 0.339717 0.368803 266.860487 329.829480
50 59 58 0.339198 0.510902 0.149901 278.754968 330.262378
50 59 58 0.421360 0.257007 0.321633 269.029829 333.229377
50 51 59 0.734008 0.238430 0.027562 295.209949 322.003876
50 51 59 0.302820 0.480846 0.216334 301.544551 324.235864
50 51 59 0.957126 0.006999 0.035876 285.407409 322.804091
50 51 59 0.242817 0.529213 0.227970 304.788995 329.289099
50 51 59 0.873093 0.044657 0.082250 290.356350 325.815608
50 51 59 0.812525 0.018433 0.169042 285.763144 321.287883
50 51 59 0.371364 0.521528 0.107108 306.757677 326.202131
50 51 59 0.211663 0.467394 0.320943 303.914430 329.447260
50 51 59 0.968959 0.014716 0.016324 282.328729 319.878850
50 51 59 0.806447 0.100895 0.092659 288.817626 320.866026
51 60 59 0.294355 0.681169 0.024476 319.842352 334.531935
51 60 59 0.265599 0.382434 0.351967 307.296894 332.442734
51 60 59 0.514098 0.232241 0.253662 315.585596 335.326575
51 60 59 0.976195 0.001472 0.022334 325.305065 325.645272
51 60 59 0.724191 0.209227 0.066582 321.304267 328.965178
51 60 59 0.021543 0.861484 0.116973 311.879952 339.404372
51 60 59 0.344023 0.500142 0.155835 309.981564 333.511801
51 60 59 0.535675 0.423441 0.040884 319.684077 330.884065
51 60 59 0.410907 0.389713 0.199380 313.674114 335.156940
51 60 59 0.677494 0.176135 0.146371 320.863437 327.017520
51 52 60 0.220245 0.736238 0.043517 354.141678 323.788281
51 52 60 0.312905 0.062627 0.624469 322.502670 336.430965
51 52 60 0.013692 0.687653 0.298655 345.157579 330.021139
51 52 60 0.239917 0.317017 0.443066 334.408329 333.474850
51 52 60 0.256288 0.159664 0.584049 327.804764 336.797996
51 52 60 0.584754 0.020063 0.395184 318.969344 330.405306
51 52 60 0.546676 0.014413 0.438911 324.531819 329.874817
51 52 60 0.244754 0.182858 0.572388 326.319371 332.679424
51 52 60 0.016393 0.847057 0.136550 353.420510 331.563809
51 52 60 0.504702 0.074495 0.420802 322.373341 330.248690
52 61 60 0.819207 0.070211 0.110582 356.097238 328.260486
52 61 60 0.760864 0.182520 0.056616 361.878194 328.412194
52 61 60 0.436077 0.173191 0.390733 342.721284 338.786572
52 61 60 0.693514 0.001621 0.304865 347.793872 332.070459
52 61 60 0.184994 0.752590 0.062415 354.447052 340.008285
52 61 60 0.300634 0.155927 0.543439 335.072076 336.624392
52 61 60 0.598267 0.150817 0.250917 345.408326 332.573003
52 61 60 0.628128 0.155570 0.216302 353.976371 332.342035
52 61 60 0.231676 0.234319 0.534004 337.664702 336.245083
52 61 60 0.863364 0.023784 0.112852 354.026506 328.972872
52 53 61 0.148410 0.350185 0.501405 376.238359 336.544567
52 53 61 0.162264 0.206831 0.630905 366.301463 338.156715
52 53 61 0.089898 0.506721 0.403381 382.660293 336.881470
52 53 61 0.293506 0.548628 0.157866 387.422999 330.140424
52 53 61 0.547048 0.422391 0.030560 381.764591 329.977480
52 53 61 0.840344 0.150097 0.009559 369.658565 330.045255
52 53 61 0.900437 0.074505 0.025057 366.485172 327.687985
52 53 61 0.178633 0.574721 0.246646 388.594908 334.041098
52 53 61 0.854726 0.053389 0.091886 366.134448 325.722838
52 53 61 0.173153 0.507055 0.319792 379.909909 331.563137
53 62 61 0.423534 0.418898 0.157568 396.256949 341.784635
53 62 61 0.713296 0.197483 0.089221 400.086695 333.111887
53 62 61 0.276528 0.098113 0.625359 372.911700 338.490435
53 62 61 0.035610 0.819076 0.145314 394.037324 347.254915
53 62 61 0.435559 0.062689 0.501752 383.210543 338.432996
53 62 61 0.037138 0.649175 0.313687 381.305799 345.626617
53 62 61 0.703562 0.271859 0.024579 406.640791 333.568596
53 62 61 0.864456 0.090165 0.045379 404.070904 331.238700
53 62 61 0.581705 0.151941 0.266355 390.925618 336.035577
53 62 61 0.162872 0.007711 0.829417 367.726980 340.747590
54 55 63 0.558257 0.422631 0.019112 126.789222 322.054396
54 55 63 0.149765 0.002817 0.847418 122.153372 333.129701
54 55 63 0.147742 0.356574 0.495684 127.866735 337.604900
54 55 63 0.482864 0.311259 0.205877 123.736576 328.083566
54 55 63 0.667578 0.195084 0.137338 116.584452 332.200681
54 55 63 0.881744 0.113679 0.004577 120.643945 324.254784
54 55 63 0.271098 0.578067 0.150835 132.325245 328.046830
54 55 63 0.436236 0.346906 0.216857 130.516723 327.391781
54 55 63 0.078480 0.316554 0.604966 131.502525 333.088070
54 55 63 0.631882 0.042126 0.325993 117.007108 330.252880
55 64 63 0.131035 0.834947 0.034018 154.147368 338.887405
55 64 63 0.501943 0.388466 0.109590 144.927462 330.903312
55 64 63 0.716850 0.193105 0.090045 150.072430 333.936360
55 64 63 0.469262 0.084090 0.446648 137.080761 333.177745
55 64 63 0.199707 0.398131 0.402162 142.378469 335.685864
55 64 63 0.955891 0.037711 0.006398 145.520659 328.391874
55 64 63 0.660255 0.338781 0.000965 149.160111 332.189108
55 64 63 0.828850 0.040191 0.130959 137.112711 328.100901
55 64 63 0.606877 0.086848 0.306275 140.000350 329.909601
55 64 63 0.720332 0.215680 0.063988 146.367485 329.129230
55 56 64 0.442686 0.450719 0.106596 161.037040 329.128724
55 56 64 0.000072 0.898908 0.101020 181.039796 330.671799
55 56 64 0.366033 0.403526 0.230441 164.904664 332.019548
55 56 64 0.638686 0.007487 0.353827 148.744328 329.154506
55 56 64 0.619578 0.329272 0.051150 154.960581 328.786004
55 56 64 0.861482 0.017555 0.120963 146.813294 326.465185
55 56 64 0.759656 0.175033 0.065311 152.026624 332.098714
55 56 64 0.659168 0.203086 0.137746 153.958325 331.140983
55 56 64 0.050574 0.103896 0.845530 156.859570 340.920654
55 56 64 0.655654 0.146950 0.197396 153.927706 332.196302
56 65 64 0.428984 0.521720 0.049296 180.961705 340.496684
56 65 64 0.417739 0.179838 0.402422 170.141652 335.930361
56 65 64 0.663452 0.328975 0.007574 184.528249 336.681690
56 65 64 0.653252 0.083599 0.263148 177.175148 334.682507
56 65 64 0.150592 0.088045 0.761364 165.179088 337.549423
56 65 64 0.135990 0.012655 0.851354 159.741020 335.668330
56 65 64 0.339565 0.474832 0.185603 181.255061 337.126720
56 65 64 0.339097 0.205350 0.455553 168.275108 336.221722
56 65 64 0.604417 0.149204 0.246379 177.535931 330.901315
56 65 64 0.563857 0.301771 0.134372 174.115305 334.773653
56 57 65 0.968833 0.013055 0.018112 179.173544 329.840960
56 57 65 0.579114 0.317990 0.102897 191.876510 332.895294
56 57 65 0.490705 0.031458 0.477837 183.811530 334.725298
56 57 65 0.151502 0.815942 0.032555 208.298349 329.906294
56 57 65 0.096346 0.793460 0.110194 204.241608 332.404596
56 57 65 0.404652 0.008346 0.587002 185.060817 338.514414
56 57 65 0.545575 0.429336 0.025089 191.602081 330.465281
56 57 65 0.498382 0.472216 0.029402 196.931919 329.266571
56 57 65 0.407291 0.506763 0.085946 196.174503 333.722114
56 57 65 0.196091 0.400061 0.403849 193.909388 331.342464
57 66 65 0.245098 0.368113 0.386788 204.887284 340.843750
57 66 65 0.658246 0.028270 0.313484 207.401468 337.458200
57 66 65 0.421067 0.012899 0.566035 195.793963 337.243845
57 66 65 0.908870 0.014088 0.077041 212.797098 332.282444
57 66 65 0.772935 0.073067 0.153998 207.653033 338.134596
57 66 65 0.241083 0.056553 0.702365 193.045805 340.590788
57 66 65 0.112282 0.183843 0.703875 197.077962 340.559455
57 66 65 0.018488 0.005334 0.976178 185.040808 340.413650
57 66 65 0.571863 0.411278 0.016860 214.472036 338.323827
57 66 65 0.991827 0.006486 0.001687 215.904618 332.937252
57 58 66 0.297200 0.647464 0.055336 236.187085 332.421161
57 58 66 0.265504 0.434052 0.300444 234.991366 337.040937
57 58 66 0.206293 0.023735 0.769972 219.012624 341.398782
57 58 66 0.782390 0.200757 0.016853 218.729015 329.968322
57 58 66 0.448174 0.284813 0.267013 224.170414 336.528131
57 58 66 0.775837 0.042394 0.181769 217.502570 331.570105
57 58 66 0.478989 0.108397 0.412614 217.825559 336.199634
57 58 66 0.098003 0.828555 0.073442 239.673154 337.415708
57 58 66 0.650530 0.227718 0.121751 223.075513 336.349650
57 58 66 0.828222 0.088504 0.083274 218.109149 331.430499
58 67 66 0.075020 0.618922 0.306059 241.139419 344.073610
58 67 66 0.678258 0.273398 0.048344 247.986446 339.186006
58 67 66 0.517358 0.233833 0.248809 240.887107 337.890692
58 67 66 0.735813 0.171863 0.092325 243.094642 334.960167
58 67 66 0.000789 0.322910 0.676300 232.399051 343.523119
58 67 66 0.680896 0.313292 0.005812 249.052295 338.022059
58 67 66 0.091983 0.175444 0.732573 230.510156 342.301165
58 67 66 0.923902 0.035743 0.040354 247.596449 333.424172
58 67 66 0.649054 0.184717 0.166229 245.279202 334.704649
58 67 66 0.295386 0.102454 0.602160 232.068862 338.889237
58 59 67 0.648285 0.173823 0.177892 254.210529 339.919143
58 59 67 0.937389 0.047093 0.015518 248.161309 335.987914
58 59 67 0.144332 0.659544 0.196123 271.960525 340.334020
58 59 67 0.586475 0.090660 0.322864 253.048554 337.383496
58 59 67 0.121190 0.084998 0.793813 252.563074 342.815562
58 59 67 0.513827 0.269032 0.217141 260.747316 340.980919
58 59 67 0.444493 0.341655 0.213852 261.374139 334.934547
58 59 67 0.433777 0.316933 0.249290 257.398311 336.396205
58 59 67 0.528571 0.296252 0.175177 257.056876 337.622210
58 59 67 0.283682 0.173606 0.542712 259.326102 340.143589
59 68 67 0.892620 0.029683 0.077697 282.643472 339.541529
59 68 67 0.308316 0.436268 0.255416 273.515634 344.446144
59 68 67 0.970275 0.013757 0.015968 285.945812 340.844617
59 68 67 0.038178 0.632072 0.329750 272.805058 345.278584
59 68 67 0.497228 0.035499 0.467273 266.479355 343.200234
59 68 67 0.541669 0.410412 0.047919 280.192274 342.445979
59 68 67 0.498034 0.197212 0.304754 271.705268 343.387169
59 68 67 0.132713 0.489527 0.377760 271.346737 344.633337
59 68 67 0.715164 0.166591 0.118245 278.489506 341.538588
59 68 67 0.290030 0.233736 0.476234 268.424097 345.280802
59 60 68 0.951929 0.025214 0.022857 282.758485 335.019745
59 60 68 0.151035 0.121184 0.727782 286.669985 344.675516
59 60 68 0.343739 0.529533 0.126728 302.789765 343.615206
59 60 68 0.054679 0.514483 0.430838 300.699296 345.771713
59 60 68 0.402678 0.276712 0.320610 293.022536 341.549230
59 60 68 0.477207 0.347922 0.174871 293.313811 340.830040
59 60 68 0.076884 0.509131 0.413985 302.032857 345.363621
59 60 68 0.283843 0.407118 0.309040 299.707229 343.920996
59 60 68 0.218687 0.068891 0.712422 285.292565 347.778447
59 60 68 0.128396 0.525057 0.346547 301.755462 347.042187
60 69 68 0.010998 0.085050 0.903952 288.414058 348.227684
60 69 68 0.564383 0.253991 0.181626 312.440238 345.144754
60 69 68 0.326256 0.306084 0.367659 307.822052 346.803438
60 69 68 0.064847 0.121470 0.813683 285.448666 349.200890
60 69 68 0.486966 0.351246 0.161787 308.035131 344.899433
60 69 68 0.519280 0.215160 0.265560 311.468559 346.026260
60 69 68 0.084546 0.030980 0.884474 288.116891 348.871001
60 69 68 0.999072 0.000689 0.000239 318.055092 339.175112
60 69 68 0.188168 0.608997 0.202835 306.711067 346.592971
60 69 68 0.815911 0.022241 0.161848 315.389949 347.161343
60 61 69 0.724675 0.249752 0.025573 330.767973 344.066396
60 61 69 0.240371 0.041398 0.718231 317.237331 348.220391
60 61 69 0.937281 0.041635 0.021084 319.889469 345.730406
60 61 69 0.354655 0.338384 0.306960 330.980474 343.021872
60 61 69 0.052579 0.224186 0.723235 323.834361 348.761034
60 61 69 0.908045 0.066327 0.025628 319.867321 343.006928
60 61 69 0.190837 0.329699 0.479464 326.746816 345.449152
60 61 69 0.822457 0.116970 0.060573 324.100284 342.773735
60 61 69 0.058877 0.648259 0.292864 339.616350 341.612157
60 61 69 0.013617 0.387786 0.598597 329.974279 348.093717
61 70 69 0.667186 0.124687 0.208126 349.077650 347.827972
61 70 69 0.114001 0.587930 0.298068 342.120243 348.056061
61 70 69 0.339799 0.368849 0.291351 342.664141 347.845357
61 70 69 0.567997 0.022444 0.409558 339.347974 346.755561
61 70 69 0.892867 0.092497 0.014637 356.309758 344.997242
61 70 69 0.529242 0.156271 0.314487 343.533391 347.221586
61 70 69 0.114076 0.106005 0.779918 322.271975 349.371194
61 70 69 0.767902 0.170321 0.061777 353.741995 347.222300
61 70 69 0.083901 0.364164 0.551935 329.945419 351.803173
61 70 69 0.068614 0.912898 0.018488 347.739017 354.997727
61 62 70 0.044534 0.726112 0.229354 382.636676 349.754854
61 62 70 0.490857 0.195542 0.313601 360.960259 348.658275
61 62 70 0.124684 0.031765 0.843551 351.171917 352.821516
61 62 70 0.114184 0.524761 0.361055 371.753078 351.110162
61 62 70 0.920060 0.011813 0.068126 358.993090 347.902765
61 62 70 0.962926 0.026654 0.010420 357.394274 341.966269
61 62 70 0.190655 0.024974 0.784371 353.975841 352.677104
61 62 70 0.184641 0.652070 0.163289 376.112425 346.900144
61 62 70 0.490634 0.034578 0.474788 354.122933 349.149570
61 62 70 0.830054 0.078423 0.091523 357.881590 345.234848
62 71 70 0.863350 0.098570 0.038079 392.979669 344.642760
62 71 70 0.739194 0.246236 0.014570 394.862166 349.524174
62 71 70 0.822534 0.119187 0.058280 391.581658 352.042129
62 71 70 0.438943 0.436124 0.124933 387.111131 357.150330
62 71 70 0.292287 0.707674 0.000038 391.490309 355.407111
62 71 70 0.365533 0.172884 0.461583 373.327415 354.843419
62 71 70 0.967643 0.025475 0.006881 394.983263 344.975740
62 71 70 0.297473 0.464465 0.238062 380.578331 352.751383
62 71 70 0.717473 0.132001 0.150526 391.033574 352.285024
62 71 70 0.769137 0.195438 0.035424 392.958586 349.307179
63 64 72 0.355226 0.455276 0.189499 136.927858 338.585519
63 64 72 0.480969 0.025170 0.493861 130.497136 337.997747
63 64 72 0.476187 0.503831 0.019982 139.465441 339.549148
63 64 72 0.786678 0.035873 0.177449 128.263686 344.155539
63 64 72 0.978493 0.007404 0.014102 122.488377 334.268642
63 64 72 0.474816 0.462815 0.062369 139.995866 337.211282
63 64 72 0.907058 0.015300 0.077642 129.005156 340.164783
63 64 72 0.783860 0.134076 0.082064 126.899065 336.698662
63 64 72 0.779710 0.212792 0.007498 131.565240 340.162978
63 64 72 0.653290 0.304774 0.041936 132.398488 341.360742
64 73 72 0.488234 0.025601 0.486165 142.094093 342.427437
64 73 72 0.333973 0.125141 0.540886 146.909007 345.516086
64 73 72 0.218040 0.343788 0.438172 150.546854 341.824147
64 73 72 0.670386 0.036019 0.293595 152.708059 339.426769
64 73 72 0.089081 0.167603 0.743316 143.555310 341.406781
64 73 72 0.890378 0.005332 0.104290 152.603880 339.215034
64 73 72 0.929446 0.011449 0.059105 153.799232 339.535064
64 73 72 0.251204 0.155154 0.593642 142.060114 344.203306
64 73 72 0.834068 0.014476 0.151457 152.192731 340.170080
64 73 72 0.969629 0.028505 0.001867 154.471111 339.609031
64 65 73 0.724980 0.241963 0.033057 160.935850 338.813991
64 65 73 0.890070 0.054438 0.055492 159.833928 340.048972
64 65 73 0.006161 0.866873 0.126966 184.099492 343.486337
64 65 73 0.762636 0.123554 0.113810 162.279915 342.922948
64 65 73 0.979203 0.020250 0.000546 154.365056 336.289233
64 65 73 0.727079 0.077868 0.195054 161.814432 337.837761
64 65 73 0.403004 0.559780 0.037216 173.895789 340.987824
64 65 73 0.563865 0.203601 0.232534 164.857499 343.196341
64 65 73 0.737163 0.022654 0.240184 158.632758 338.375475
64 65 73 0.593997 0.093460 0.312544 158.896078 341.183101
65 74 73 0.401555 0.169316 0.429129 178.149381 346.575526
65 74 73 0.264256 0.617266 0.118477 189.064327 347.727106
65 74 73 0.315147 0.556737 0.128116 186.990295 342.969346
65 74 73 0.367603 0.216968 0.415429 178.313325 347.087111
65 74 73 0.172880 0.192927 0.634193 175.532151 345.276302
65 74 73 0.295564 0.093101 0.611335 172.419103 346.573226
65 74 73 0.502250 0.408725 0.089025 188.119481 340.507677
65 74 73 0.972875 0.026239 0.000886 186.671776 337.991116
65 74 73 0.646464 0.082258 0.271277 182.236979 338.720543
65 74 73 0.051808 0.586413 0.361779 186.750363 347.822674
65 66 74 0.329817 0.131462 0.538721 194.052555 344.055805
65 66 74 0.040335 0.293176 0.666489 199.873964 346.345112
65 66 74 0.545383 0.306530 0.148087 196.063260 340.815324
65 66 74 0.511096 0.182176 0.306728 194.278165 342.500911
65 66 74 0.338036 0.377125 0.284838 203.292557 344.616291
65 66 74 0.363717 0.403791 0.232492 202.250354 343.459297
65 66 74 0.353435 0.338097 0.308468 202.827707 342.249324
65 66 74 0.629052 0.071787 0.299161 194.729995 345.048844
65 66 74 0.821339 0.062566 0.116095 186.669174 343.031753
65 66 74 0.423306 0.479594 0.097100 204.402659 342.938917
66 75 74 0.760647 0.124989 0.114365 219.224443 343.858817
66 75 74 0.466194 0.353524 0.180283 218.379875 345.579251
66 75 74 0.399525 0.456860 0.143615 220.100151 345.640572
66 75 74 0.758753 0.145626 0.095621 218.134607 342.640747
66 75 74 0.392449 0.214811 0.392740 211.167554 343.867361
66 75 74 0.964456 0.029569 0.005975 219.366601 344.780134
66 75 74 0.114661 0.405914 0.479425 209.038715 349.000767
66 75 74 0.584253 0.144020 0.271727 213.890626 346.552958
66 75 74 0.637757 0.139311 0.222932 213.900076 348.695743
66 75 74 0.185294 0.265985 0.548721 206.912531 345.752473
66 67 75 0.760068 0.198679 0.041252 224.989584 341.096807
66 67 75 0.841343 0.037224 0.121433 224.810729 341.006851
66 67 75 0.953406 0.004839 0.041755 216.134127 343.737852
66 67 75 0.391260 0.261478 0.347262 230.355848 344.572353
66 67 75 0.822730 0.172059 0.005211 223.665247 338.411463
66 67 75 0.380815 0.582070 0.037116 237.131983 346.008755
66 67 75 0.902243 0.068606 0.029152 218.078918 340.404222
66 67 75 0.822990 0.135187 0.041823 227.338461 342.667233
66 67 75 0.317673 0.101788 0.580539 222.396290 351.275955
66 67 75 0.400909 0.186456 0.412635 226.557037 346.015545
67 76 75 0.257749 0.044358 0.697893 233.012089 349.932535
67 76 75 0.094948 0.398360 0.506692 237.915368 347.611021
67 76 75 0.444445 0.368165 0.187390 248.083788 349.934486
67 76 75 0.712976 0.076666 0.210358 241.140778 344.823504
67 76 75 0.832329 0.074194 0.093477 250.796323 346.756822
67 76 75 0.258046 0.723319 0.018635 254.573583 347.009728
67 76 75 0.189299 0.477088 0.333613 241.878464 354.078012
67 76 75 0.590428 0.205524 0.204049 249.046700 344.187008
67 76 75 0.290744 0.103241 0.606015 234.898416 348.941211
67 76 75 0.640311 0.236433 0.123256 247.284619 347.399937
67 68 76 0.925675 0.026210 0.048115 254.423001 346.358697
67 68 76 0.371395 0.178461 0.450144 254.160065 349.161941
67 68 76 0.049033 0.184961 0.766006 257.449331 350.716142
67 68 76 0.471623 0.123910 0.404467 258.518295 347.329394
67 68 76 0.352630 0.118416 0.528954 256.309701 349.607570
67 68 76 0.469942 0.099780 0.430279 256.664207 344.695083
67 68 76 0.530731 0.449010 0.020259 270.105851 349.957972
67 68 76 0.145892 0.574063 0.280045 268.509930 351.585869
67 68 76 0.881614 0.116468 0.001918 258.553277 350.266781
67 68 76 0.787799 0.183684 0.028518 257.667676 345.305329
68 77 76 0.704303 0.187706 0.107990 280.544080 351.215193
68 77 76 0.949007 0.044296 0.006697 281.985677 347.304392
68 77 76 0.576493 0.188690 0.234817 276.192256 350.231516
68 77 76 0.829173 0.036773 0.134054 278.444158 348.787785
68 77 76 0.219032 0.295587 0.485381 269.751433 350.807233
68 77 76 0.352527 0.635596 0.011877 282.317144 350.036524
68 77 76 0.373766 0.257561 0.368672 275.809925 349.430290
68 77 76 0.548133 0.319709 0.132158 278.185408 349.645007
68 77 76 0.888040 0.006745 0.105215 278.623860 348.423076
68 77 76 0.387843 0.114339 0.497818 268.623526 349.096482
68 69 77 0.325610 0.308132 0.366259 298.484154 349.721712
68 69 77 0.347149 0.255257 0.397594 289.579567 351.600788
68 69 77 0.341268 0.530020 0.128712 302.436636 352.060341
68 69 77 0.531089 0.267333 0.201578 290.441856 348.082694
68 69 77 0.857384 0.039798 0.102818 282.954255 344.462455
68 69 77 0.862559 0.116327 0.021114 285.922541 350.394241
68 69 77 0.512019 0.407899 0.080082 296.760673 351.630302
68 69 77 0.322336 0.045894 0.631770 285.811857 351.019503
68 69 77 0.669534 0.113425 0.217041 286.755064 349.699557
68 69 77 0.649692 0.193386 0.156922 289.500874 347.143705
69 78 77 0.867695 0.078591 0.053714 311.576815 351.846598
69 78 77 0.101260 0.053877 0.844863 285.149961 354.651935
69 78 77 0.934522 0.021533 0.043944 311.778639 354.302458
69 78 77 0.059679 0.900691 0.039631 312.819907 357.350187
69 78 77 0.854711 0.134964 0.010325 314.659349 353.421666
69 78 77 0.424117 0.126639 0.449244 296.826523 354.609133
69 78 77 0.105498 0.143242 0.751260 291.968365 354.728907
69 78 77 0.247797 0.059073 0.693130 295.946373 353.818062
69 78 77 0.745192 0.171826 0.082982 314.308404 352.030785
69 78 77 0.478952 0.310245 0.210803 308.778140 355.828450
69 70 78 0.860183 0.103768 0.036049 321.824581 347.228198
69 70 78 0.460583 0.143363 0.396054 321.693515 353.372414
69 70 78 0.593283 0.372624 0.034093 327.450323 351.340869
69 70 78 0.930657 0.025411 0.043932 316.284438 354.018829
69 70 78 0.540980 0.384736 0.074284 330.920352 354.785037
69 70 78 0.493554 0.264214 0.242232 320.925032 353.407672
69 70 78 0.829802 0.149070 0.021128 321.148720 351.446757
69 70 78 0.308175 0.428949 0.262877 327.725200 355.794118
69 70 78 0.909311 0.012113 0.078575 316.641590 350.641562
69 70 78 0.422587 0.228216 0.349197 321.665761 355.398388
70 79 78 0.710070 0.123116 0.166814 345.230621 357.551261
70 79 78 0.380865 0.175807 0.443328 330.564889 357.130872
70 79 78 0.749189 0.007040 0.243772 340.271774 356.552872
70 79 78 0.776414 0.168855 0.054731 347.146748 358.549102
70 79 78 0.466184 0.489737 0.044079 344.870402 361.898160
70 79 78 0.243316 0.551069 0.205614 341.373685 358.314271
70 79 78 0.130958 0.587748 0.281295 337.165378 361.609650
70 79 78 0.988500 0.010990 0.000509 347.738317 354.084923
70 79 78 0.308059 0.493757 0.198184 340.981256 360.503595
70 79 78 0.898283 0.011875 0.089842 345.643764 356.491859
70 71 79 0.883643 0.046414 0.069943 352.271872 357.141946
70 71 79 0.960952 0.029380 0.009669 347.372125 356.841049
70 71 79 0.004387 0.428339 0.567273 364.971315 359.947972
70 71 79 0.839704 0.122739 0.037557 351.342253 353.373448
70 71 79 0.917092 0.015323 0.067585 353.301385 356.205383
70 71 79 0.495079 0.126037 0.378883 352.841637 356.681288
70 71 79 0.918405 0.064276 0.017319 349.122714 352.802834
70 71 79 0.781605 0.088697 0.129698 353.099912 361.019246
70 71 79 0.179971 0.169388 0.650641 354.223167 361.810858
70 71 79 0.195057 0.768139 0.036804 378.597544 357.828977
71 80 79 0.174125 0.333669 0.492206 362.868537 363.942006
71 80 79 0.605230 0.246683 0.148087 378.428799 362.183455
71 80 79 0.204795 0.053127 0.742078 353.943862 361.344600
71 80 79 0.531202 0.329182 0.139616 377.456518 361.607317
71 80 79 0.512426 0.419050 0.068524 378.592579 365.027446
71 80 79 0.442643 0.474353 0.083004 375.766896 361.206819
71 80 79 0.755554 0.207058 0.037388 383.316560 362.500638
71 80 79 0.947777 0.032415 0.019808 381.865250 359.851773
71 80 79 0.518807 0.429656 0.051537 381.258087 366.289357
71 80 79 0.886897 0.064689 0.048414 384.395052 362.816423
