0 1 9 0.864517 0.013176 0.122307 83.162492 132.654071
0 1 9 0.676717 0.281217 0.042066 94.900696 131.372621
0 1 9 0.023462 0.189649 0.786889 85.034312 159.658081
0 1 9 0.377227 0.013647 0.609125 77.558293 150.675793
0 1 9 0.609523 0.111140 0.279336 80.036169 139.032234
0 1 9 0.290887 0.026189 0.682924 78.844441 154.891770
0 1 9 0.303635 0.103212 0.593152 77.622182 151.221112
0 1 9 0.042392 0.280105 0.677503 88.184586 152.758471
0 1 9 0.920142 0.001021 0.078837 81.072296 131.504090
0 1 9 0.666953 0.198212 0.134835 90.412432 135.691693
1 10 9 0.802386 0.001047 0.196567 116.035904 138.393962
1 10 9 0.429672 0.542943 0.027385 116.937344 151.317320
1 10 9 0.481957 0.419694 0.098348 113.390558 149.233640
1 10 9 0.290708 0.381972 0.327319 103.492653 155.929992
1 10 9 0.730977 0.003484 0.265539 108.771273 140.466498
1 10 9 0.651785 0.182968 0.165246 115.765471 143.969044
1 10 9 0.437716 0.346338 0.215946 112.188543 149.542660
1 10 9 0.401901 0.597913 0.000186 120.465227 148.017598
1 10 9 0.522926 0.124964 0.352110 103.791197 146.182409
1 10 9 0.427646 0.262360 0.309994 105.015410 151.525483
1 2 10 0.476287 0.270506 0.253207 131.985571 139.774030
1 2 10 0.439341 0.093918 0.466741 121.320100 147.404367
1 2 10 0.469291 0.017840 0.512869 121.112765 149.101701
1 2 10 0.944308 0.016648 0.039045 122.470148 133.890646
1 2 10 0.617399 0.209026 0.173575 127.263471 138.708969
1 2 10 0.448890 0.338807 0.212303 136.591547 138.918384
1 2 10 0.551261 0.301603 0.147136 134.742346 135.861172
1 2 10 0.738539 0.165714 0.095746 125.455849 137.166268
1 2 10 0.471511 0.141316 0.387173 123.181068 148.806036
1 2 10 0.845518 0.080110 0.074372 128.063423 133.933374
2 11 10 0.489505 0.328605 0.181890 157.936536 150.621620
2 11 10 0.745558 0.211890 0.042552 160.556403 138.781375
2 11 10 0.487119 0.226799 0.286082 151.251801 148.017628
2 11 10 0.377149 0.083493 0.539357 143.048575 152.937549
2 11 10 0.459754 0.476683 0.063563 158.973242 148.454978
2 11 10 0.834934 0.081251 0.083815 157.656662 133.376968
2 11 10 0.401406 0.024530 0.574064 135.107471 151.716319
2 11 10 0.471216 0.403037 0.125747 158.024564 144.966208
2 11 10 0.277585 0.479466 0.242949 147.873443 156.351710
2 11 10 0.952107 0.039206 0.008687 157.621490 134.135662
2 3 11 0.664167 0.065310 0.270523 162.147057 140.635214
2 3 11 0.059515 0.083868 0.856617 162.732340 163.958172
2 3 11 0.088460 0.251978 0.659561 166.543626 152.105396
2 3 11 0.371947 0.229302 0.398751 169.970468 144.891909
2 3 11 0.988286 0.003566 0.008148 164.189234 134.432245
2 3 11 0.691590 0.111246 0.197164 165.968400 139.754456
2 3 11 0.344096 0.406106 0.249798 176.911401 142.898519
2 3 11 0.839756 0.156560 0.003684 171.511889 133.974292
2 3 11 0.238729 0.615612 0.145658 182.501513 138.075812
2 3 11 0.778781 0.012851 0.208368 160.264859 137.886870
3 12 11 0.921181 0.004393 0.074426 198.768762 135.230850
3 12 11 0.019431 0.034735 0.945834 160.312518 161.403902
3 12 11 0.407797 0.125721 0.466482 182.180426 147.732952
3 12 11 0.183487 0.003218 0.813294 162.958890 156.109322
3 12 11 0.957735 0.027590 0.014675 203.457080 130.461388
3 12 11 0.944795 0.052745 0.002459 199.925477 135.756969
3 12 11 0.356080 0.450195 0.193724 192.684663 153.973939
3 12 11 0.541574 0.181268 0.277159 190.983552 146.230558
3 12 11 0.031290 0.310587 0.658123 171.960536 165.717883
3 12 11 0.724070 0.189839 0.086091 200.509445 142.061145
3 4 12 0.091074 0.875254 0.033672 240.111318 135.439500
3 4 12 0.084927 0.879560 0.035514 238.904211 135.195420
3 4 12 0.957493 0.026904 0.015603 201.404160 134.518380
3 4 12 0.866217 0.078432 0.055351 206.012281 133.849367
3 4 12 0.509372 0.207793 0.282835 211.311585 141.725252
3 4 12 0.643753 0.061786 0.294461 205.817371 140.696735
3 4 12 0.774938 0.169041 0.056020 210.954859 131.564018
3 4 12 0.069826 0.765617 0.164558 234.161331 138.187708
3 4 12 0.084149 0.600550 0.315300 231.617498 145.301579
3 4 12 0.904876 0.090498 0.004626 205.977486 134.955476
4 13 12 0.342396 0.604470 0.053134 236.445190 156.566366
4 13 12 0.488960 0.101380 0.409660 226.623356 150.609273
4 13 12 0.765323 0.212790 0.021887 237.347196 138.763784
4 13 12 0.452540 0.442758 0.104702 237.779726 151.565568
4 13 12 0.498378 0.326747 0.174875 236.736686 148.642003
4 13 12 0.579110 0.420034 0.000857 243.217509 146.204077
4 13 12 0.808348 0.012993 0.178659 237.988234 143.811852
4 13 12 0.654218 0.070526 0.275256 230.267957 141.356322
4 13 12 0.383847 0.590225 0.025928 238.484476 151.767933
4 13 12 0.155397 0.547310 0.297293 231.459205 158.928627
4 5 13 0.569845 0.249093 0.181062 253.919804 140.383729
4 5 13 0.890183 0.062311 0.047506 242.339254 133.738674
4 5 13 0.798778 0.174363 0.026859 247.726800 132.961449
4 5 13 0.223631 0.670157 0.106213 270.602832 139.651364
4 5 13 0.702830 0.139777 0.157393 247.484786 140.627723
4 5 13 0.781171 0.050305 0.168525 239.960413 141.071685
4 5 13 0.097469 0.158873 0.743658 250.172604 156.390286
4 5 13 0.613363 0.146437 0.240200 251.347246 137.879325
4 5 13 0.435969 0.298638 0.265393 258.526467 144.002544
4 5 13 0.362307 0.067746 0.569947 244.744474 154.088385
5 14 13 0.810162 0.114683 0.075154 284.523019 142.526237
5 14 13 0.555831 0.271786 0.172384 277.011278 145.827732
5 14 13 0.454833 0.382136 0.163031 281.978197 146.777498
5 14 13 0.158824 0.454977 0.386199 270.527951 160.264161
5 14 13 0.673770 0.255433 0.070797 285.598100 141.005718
5 14 13 0.685920 0.063892 0.250187 274.256273 145.941217
5 14 13 0.241501 0.428066 0.330433 274.624236 155.406746
5 14 13 0.971325 0.014416 0.014260 288.177515 133.749693
5 14 13 0.622930 0.205935 0.171135 279.949005 143.502297
5 14 13 0.564940 0.170700 0.264360 277.072494 145.244656
5 6 14 0.891296 0.002670 0.106034 284.996385 139.072555
5 6 14 0.313177 0.638464 0.048359 314.805479 135.139559
5 6 14 0.394662 0.265380 0.339958 296.978147 143.333079
5 6 14 0.660492 0.156840 0.182668 291.066722 139.183378
5 6 14 0.380542 0.122503 0.496955 293.354778 146.427564
5 6 14 0.224152 0.182733 0.593115 296.644208 151.523702
5 6 14 0.647379 0.203056 0.149566 296.056457 136.279338
5 6 14 0.729881 0.037400 0.232719 285.703205 139.218197
5 6 14 0.414032 0.494209 0.091759 303.262750 135.894010
5 6 14 0.959063 0.007370 0.033567 286.635527 134.361183
6 15 14 0.696074 0.059000 0.244926 317.872143 147.107910
6 15 14 0.296537 0.128992 0.574471 302.357343 158.564310
6 15 14 0.553117 0.436058 0.010825 332.652812 151.159392
6 15 14 0.285009 0.567229 0.147762 325.604993 157.225751
6 15 14 0.396875 0.202170 0.400955 311.074745 154.164904
6 15 14 0.976595 0.016496 0.006909 327.533907 136.796874
6 15 14 0.395247 0.151992 0.452760 311.013016 154.253305
6 15 14 0.682218 0.196241 0.121542 324.947270 147.743039
6 15 14 0.504464 0.269286 0.226250 316.548862 153.136615
6 15 14 0.218157 0.045123 0.736719 299.706935 159.928053
6 7 15 0.304716 0.429430 0.265854 345.060110 139.872851
6 7 15 0.519934 0.128958 0.351107 336.308791 147.169088
6 7 15 0.645649 0.234400 0.119950 341.189065 136.702118
6 7 15 0.513606 0.071548 0.414846 333.436110 149.482077
6 7 15 0.335685 0.178960 0.485355 336.287494 151.058842
6 7 15 0.590561 0.147666 0.261773 334.020573 146.364710
6 7 15 0.859636 0.057308 0.083056 330.577007 136.743201
6 7 15 0.904459 0.001174 0.094367 331.409046 133.459148
6 7 15 0.379858 0.328723 0.291418 344.191873 143.831125
6 7 15 0.964506 0.019232 0.016262 328.122606 136.034559
7 16 15 0.036869 0.323086 0.640046 350.010345 171.690063
7 16 15 0.092084 0.639063 0.268852 362.019912 166.610777
7 16 15 0.585585 0.097692 0.316724 358.899336 148.054614
7 16 15 0.720880 0.208873 0.070247 368.380603 143.828930
7 16 15 0.715105 0.079231 0.205665 361.488922 146.072884
7 16 15 0.943666 0.038460 0.017874 367.850875 140.520255
7 16 15 0.472658 0.287198 0.240144 362.633444 156.110671
7 16 15 0.652202 0.128968 0.218830 363.014635 148.619926
7 16 15 0.265548 0.147271 0.587180 350.172950 160.394596
7 16 15 0.670532 0.326732 0.002735 369.954506 147.730850
7 8 16 0.906041 0.040828 0.053131 371.328659 136.614453
7 8 16 0.678603 0.091078 0.230319 374.361634 145.171213
7 8 16 0.920726 0.041705 0.037569 370.414585 139.609329
7 8 16 0.074842 0.297993 0.627166 385.985236 155.738725
7 8 16 0.026314 0.188984 0.784702 383.520260 159.757674
7 8 16 0.577232 0.020332 0.402436 373.475715 146.665210
7 8 16 0.267254 0.679379 0.053367 398.627956 138.009645
7 8 16 0.115599 0.453818 0.430583 391.192818 149.199922
7 8 16 0.224940 0.089168 0.685892 378.249707 153.366507
7 8 16 0.180610 0.647220 0.172170 394.418341 143.489741
8 17 16 0.281164 0.300009 0.418827 398.162116 160.044644
8 17 16 0.281194 0.637485 0.081321 411.613985 159.562912
8 17 16 0.118954 0.590778 0.290268 404.261174 166.157460
8 17 16 0.105840 0.034961 0.859198 380.786612 162.982653
8 17 16 0.699322 0.194380 0.106298 403.281191 147.599955
8 17 16 0.637719 0.124494 0.237787 400.321951 148.352411
8 17 16 0.919976 0.018167 0.061857 408.660880 140.254061
8 17 16 0.039044 0.635841 0.325115 405.072290 168.336090
8 17 16 0.867050 0.027734 0.105216 406.703635 142.132951
8 17 16 0.094477 0.614703 0.290820 400.877376 162.894176
9 10 18 0.307545 0.319510 0.372945 86.687826 177.670272
9 10 18 0.196554 0.149659 0.653788 77.344959 193.535421
9 10 18 0.548342 0.335102 0.116556 90.466344 167.919958
9 10 18 0.097914 0.167825 0.734262 77.827603 196.828417
9 10 18 0.801814 0.119905 0.078281 78.332817 167.770334
9 10 18 0.507147 0.429199 0.063654 92.451068 165.332900
9 10 18 0.266573 0.327802 0.405625 89.030209 178.006562
9 10 18 0.089339 0.269189 0.641473 85.697121 190.823355
9 10 18 0.019336 0.401076 0.579588 90.902401 185.265515
9 10 18 0.929662 0.050626 0.019712 74.195594 163.962881
10 19 18 0.282961 0.693700 0.023340 112.948123 191.861437
10 19 18 0.519660 0.336042 0.144298 105.966129 183.262271
10 19 18 0.097980 0.123928 0.778092 80.678161 202.878238
10 19 18 0.441634 0.061109 0.497257 92.218516 187.038718
10 19 18 0.924622 0.006193 0.069185 113.908044 166.581849
10 19 18 0.383174 0.063449 0.553378 94.022283 188.132226
10 19 18 0.250732 0.666030 0.083238 107.750601 198.787228
10 19 18 0.873846 0.031358 0.094796 117.753080 170.857052
10 19 18 0.392432 0.531809 0.075759 113.586512 192.034072
10 19 18 0.952233 0.040580 0.007187 113.162166 165.992373
10 11 19 0.476032 0.014219 0.509749 116.536775 184.426983
10 11 19 0.056891 0.044556 0.898553 111.600736 203.468820
10 11 19 0.235249 0.032578 0.732172 115.519471 195.426427
10 11 19 0.127686 0.871754 0.000560 153.633362 164.949721
10 11 19 0.292591 0.704009 0.003400 149.076759 165.235071
10 11 19 0.834267 0.150354 0.015378 121.249408 165.339825
10 11 19 0.009803 0.894466 0.095731 158.796800 165.930864
10 11 19 0.706093 0.108106 0.185802 121.230089 167.836505
10 11 19 0.038260 0.925211 0.036528 153.628010 168.523918
10 11 19 0.064262 0.284768 0.650969 125.463842 191.057101
11 20 19 0.989844 0.006664 0.003492 159.748928 163.081499
11 20 19 0.966221 0.014802 0.018977 156.372374 167.645995
11 20 19 0.362768 0.471057 0.166175 148.605773 194.303770
11 20 19 0.086990 0.128748 0.784262 119.804776 201.430107
11 20 19 0.030791 0.747925 0.221284 140.868697 207.688576
11 20 19 0.088147 0.112909 0.798943 120.508169 204.351307
11 20 19 0.740744 0.160890 0.098365 153.666142 175.356349
11 20 19 0.163363 0.801110 0.035526 155.654376 198.928427
11 20 19 0.865573 0.102806 0.031621 156.669053 169.568854
11 20 19 0.470895 0.081070 0.448035 135.969439 187.422782
11 12 20 0.334850 0.404545 0.260606 176.004844 177.477479
11 12 20 0.650896 0.016776 0.332328 156.608502 178.541820
11 12 20 0.218337 0.559866 0.221797 182.512407 173.822312
11 12 20 0.782322 0.047536 0.170142 159.124006 170.909534
11 12 20 0.628773 0.036731 0.334497 158.874391 178.876828
11 12 20 0.591942 0.348524 0.059534 176.244667 164.020957
11 12 20 0.370351 0.440025 0.189624 175.671609 175.604958
11 12 20 0.250213 0.022812 0.726976 156.648395 194.852504
11 12 20 0.712555 0.211355 0.076090 165.361926 168.413708
11 12 20 0.957427 0.019394 0.023179 158.756941 163.974393
12 21 20 0.553368 0.269078 0.177554 193.195133 184.877213
12 21 20 0.564248 0.184543 0.251209 188.889619 184.400440
12 21 20 0.943685 0.010752 0.045563 201.357821 168.223765
12 21 20 0.207982 0.429509 0.362509 190.476771 202.707738
12 21 20 0.891656 0.059393 0.048951 194.957193 170.694396
12 21 20 0.722218 0.050713 0.227068 190.892136 178.496390
12 21 20 0.138880 0.105517 0.755603 167.896102 205.165869
12 21 20 0.928102 0.071103 0.000796 201.857175 168.819057
12 21 20 0.412696 0.162582 0.424721 180.795476 187.240595
12 21 20 0.148666 0.193514 0.657820 169.843944 200.288361
12 13 21 0.335452 0.586177 0.078372 226.369445 167.581532
12 13 21 0.868605 0.122950 0.008445 205.468316 164.813465
12 13 21 0.637389 0.126167 0.236444 207.868021 176.090991
12 13 21 0.267252 0.637351 0.095397 229.429226 169.442527
12 13 21 0.841259 0.068048 0.090694 207.864098 169.962465
12 13 21 0.860631 0.097495 0.041874 205.428114 169.406692
12 13 21 0.250117 0.326350 0.423533 214.173696 183.384506
12 13 21 0.040206 0.588171 0.371623 224.929261 181.873690
12 13 21 0.874247 0.108166 0.017587 204.371485 165.582935
12 13 21 0.044373 0.894040 0.061588 235.538357 171.777889
13 22 21 0.495435 0.280810 0.223756 231.495061 189.797309
13 22 21 0.073882 0.176459 0.749659 209.405096 202.731100
13 22 21 0.916517 0.019779 0.063703 243.639140 174.510659
13 22 21 0.699741 0.041688 0.258571 231.131340 174.229555
13 22 21 0.016922 0.796440 0.186638 235.654129 206.575680
13 22 21 0.294282 0.106076 0.599642 217.763012 195.958058
13 22 21 0.189274 0.385302 0.425424 226.870382 204.188179
13 22 21 0.063495 0.855540 0.080965 236.303787 205.967843
13 22 21 0.522373 0.158987 0.318641 228.613256 183.639436
13 22 21 0.203076 0.611755 0.185169 233.519497 195.129635
13 14 22 0.853778 0.140552 0.005669 252.935874 164.232035
13 14 22 0.877355 0.081751 0.040894 245.032965 169.982377
13 14 22 0.958423 0.012375 0.029202 241.551016 166.540212
13 14 22 0.256649 0.174389 0.568962 253.845637 186.175617
13 14 22 0.887755 0.016314 0.095932 243.997265 172.256547
13 14 22 0.100195 0.563118 0.336687 266.559055 177.843395
13 14 22 0.375438 0.004011 0.620550 242.707306 191.453978
13 14 22 0.279758 0.590681 0.129561 271.448899 168.894333
13 14 22 0.675593 0.000081 0.324325 240.663219 177.791754
13 14 22 0.076213 0.085398 0.838389 247.068692 200.294471
14 23 22 0.380694 0.060672 0.558633 262.160411 189.520975
14 23 22 0.395660 0.301807 0.302533 275.777850 194.416732
14 23 22 0.078840 0.582559 0.338601 272.216866 203.576968
14 23 22 0.833792 0.097939 0.068269 282.092674 171.985668
14 23 22 0.574100 0.144056 0.281843 280.122716 182.934147
14 23 22 0.478547 0.390315 0.131137 285.838506 183.432877
14 23 22 0.035226 0.813169 0.151605 282.200750 206.784126
14 23 22 0.172558 0.646360 0.181082 280.451149 203.299745
14 23 22 0.675004 0.168497 0.156499 281.418557 180.232902
14 23 22 0.834055 0.159759 0.006186 289.047557 171.269334
14 15 23 0.910503 0.052785 0.036712 293.631723 165.924208
14 15 23 0.990166 0.007201 0.002633 291.181820 164.245174
14 15 23 0.043375 0.696004 0.260621 316.908038 180.118384
14 15 23 0.173754 0.093554 0.732691 293.530972 197.008775
14 15 23 0.810883 0.074767 0.114350 289.085479 170.332769
14 15 23 0.071507 0.394834 0.533659 308.108192 193.083929
14 15 23 0.687193 0.149907 0.162900 296.705159 172.042398
14 15 23 0.634451 0.078277 0.287272 292.894190 181.777134
14 15 23 0.910480 0.033104 0.056416 290.488771 170.883810
14 15 23 0.931779 0.003575 0.064645 289.473897 169.852628
15 24 23 0.743729 0.006106 0.250166 323.576991 182.154260
15 24 23 0.921011 0.043973 0.035016 331.757446 170.669298
15 24 23 0.378699 0.478770 0.142531 324.997638 195.174398
15 24 23 0.405828 0.308268 0.285905 322.374351 189.131486
15 24 23 0.885845 0.046149 0.068007 326.923433 170.441785
15 24 23 0.927285 0.000532 0.072183 324.694638 169.775943
15 24 23 0.485305 0.364256 0.150439 320.859112 188.154982
15 24 23 0.409666 0.538047 0.052287 330.214584 194.245364
15 24 23 0.551570 0.336175 0.112256 324.295619 186.453198
15 24 23 0.540373 0.434042 0.025584 331.846174 186.858975
15 16 24 0.640888 0.346058 0.013054 347.981768 166.488836
15 16 24 0.276610 0.146187 0.577203 337.058951 191.575388
15 16 24 0.506569 0.110552 0.382879 337.281796 186.673145
15 16 24 0.454010 0.522976 0.023013 356.040788 167.718066
15 16 24 0.554114 0.024102 0.421783 333.212604 189.171213
15 16 24 0.356328 0.266623 0.377049 344.765588 181.369760
15 16 24 0.821819 0.025521 0.152660 329.071280 174.775919
15 16 24 0.892152 0.020080 0.087768 338.856425 174.536742
15 16 24 0.743370 0.256072 0.000558 341.107155 168.961453
15 16 24 0.310283 0.261070 0.428648 343.998690 188.526487
16 25 24 0.111504 0.460417 0.428079 357.729696 200.158253
16 25 24 0.656439 0.150951 0.192610 368.393653 180.643481
16 25 24 0.480503 0.254653 0.264844 360.893738 186.343828
16 25 24 0.290739 0.599481 0.109780 369.803981 193.083012
16 25 24 0.016293 0.112287 0.871420 339.041903 207.920788
16 25 24 0.125243 0.732736 0.142021 370.791286 201.792840
16 25 24 0.684182 0.068527 0.247292 364.776110 180.317562
16 25 24 0.531380 0.138506 0.330114 364.095989 186.554324
16 25 24 0.479414 0.057062 0.463524 353.295077 187.340895
16 25 24 0.936156 0.062461 0.001382 375.710551 172.148070
16 17 25 0.829101 0.023293 0.147606 378.510314 172.765891
16 17 25 0.575023 0.386367 0.038611 389.699420 169.795129
16 17 25 0.486200 0.449196 0.064604 392.511100 168.430972
16 17 25 0.436308 0.164959 0.398733 381.655351 183.172295
16 17 25 0.944536 0.016193 0.039271 377.406572 166.502109
16 17 25 0.555575 0.092635 0.351790 378.258523 177.078797
16 17 25 0.416679 0.295189 0.288132 390.392501 179.631272
16 17 25 0.415626 0.576382 0.007992 398.614601 168.497769
16 17 25 0.232410 0.442033 0.325556 397.256187 181.452705
16 17 25 0.917303 0.027343 0.055355 376.402512 168.430666
17 26 25 0.646488 0.264224 0.089288 417.487280 182.224289
17 26 25 0.287888 0.577466 0.134646 411.198212 196.907081
17 26 25 0.305720 0.676502 0.017778 419.875186 197.219835
17 26 25 0.736298 0.035272 0.228430 408.538921 181.472843
17 26 25 0.014454 0.920568 0.064978 422.634408 204.954392
17 26 25 0.834459 0.002620 0.162921 409.904800 173.361671
17 26 25 0.800345 0.077010 0.122645 409.255329 178.620824
17 26 25 0.016636 0.185141 0.798222 384.937331 206.985837
17 26 25 0.987727 0.002504 0.009769 417.248719 169.019838
17 26 25 0.613153 0.300692 0.086155 418.120555 181.278638
18 19 27 0.074110 0.387385 0.538506 86.168086 232.838779
18 19 27 0.763191 0.195871 0.040938 78.671181 213.912286
18 19 27 0.145653 0.590144 0.264203 96.578448 219.880741
18 19 27 0.765225 0.152746 0.082029 80.468695 209.197900
18 19 27 0.175244 0.791876 0.032879 105.210627 209.535844
18 19 27 0.935071 0.016611 0.048318 65.761604 205.077792
18 19 27 0.248467 0.259382 0.492151 79.007741 225.311136
18 19 27 0.730233 0.148172 0.121595 78.031022 212.887536
18 19 27 0.475047 0.263397 0.261556 82.998700 220.083018
18 19 27 0.985746 0.010239 0.004015 68.959026 202.481573
19 28 27 0.877262 0.065269 0.057469 106.195572 213.314221
19 28 27 0.814331 0.131784 0.053886 112.100053 215.450321
19 28 27 0.882180 0.061115 0.056706 111.254445 210.079349
19 28 27 0.030758 0.759190 0.210052 104.492875 254.885845
19 28 27 0.199911 0.728528 0.071561 113.996611 240.813468
19 28 27 0.864031 0.075168 0.060801 107.525025 214.956326
19 28 27 0.394867 0.218876 0.386256 97.428124 238.100223
19 28 27 0.801575 0.065485 0.132940 106.772505 220.624999
19 28 27 0.008279 0.975289 0.016432 115.869403 253.459680
19 28 27 0.685609 0.145190 0.169201 104.989649 217.953281
19 20 28 0.995020 0.004616 0.000365 114.658068 208.676684
19 20 28 0.040752 0.365186 0.594062 132.279755 234.739746
19 20 28 0.828441 0.160769 0.010790 116.247007 208.734346
19 20 28 0.056165 0.541319 0.402515 135.701403 228.196471
19 20 28 0.104038 0.412166 0.483796 129.691352 226.345488
19 20 28 0.537928 0.229959 0.232113 124.360729 219.317337
19 20 28 0.119031 0.511752 0.369217 132.175473 225.027284
19 20 28 0.435598 0.011682 0.552719 112.356304 231.380828
19 20 28 0.888552 0.102621 0.008827 118.625710 205.846440
19 20 28 0.462266 0.195066 0.342667 120.214588 224.186234
20 29 28 0.739863 0.106407 0.153729 148.536581 221.651596
20 29 28 0.735168 0.110042 0.154790 147.583007 219.610554
20 29 28 0.165933 0.287823 0.546244 133.630724 248.554185
20 29 28 0.526615 0.104208 0.369177 142.376820 225.423295
20 29 28 0.810664 0.124871 0.064465 153.543983 213.231766
20 29 28 0.046903 0.859234 0.093863 154.116636 249.885692
20 29 28 0.245434 0.291573 0.462993 136.568199 239.611173
20 29 28 0.882148 0.039353 0.078499 154.273427 215.178734
20 29 28 0.689523 0.146769 0.163708 151.351013 222.091230
20 29 28 0.477902 0.042377 0.479720 136.745338 230.492769
20 21 29 0.020571 0.413949 0.565481 173.771585 234.516659
20 21 29 0.021238 0.593406 0.385356 179.810656 222.043876
20 21 29 0.481434 0.005511 0.513055 153.721330 232.681656
20 21 29 0.748443 0.244206 0.007351 164.335710 205.926658
20 21 29 0.346531 0.504437 0.149032 176.101538 216.987874
20 21 29 0.058079 0.548906 0.393016 176.083675 224.297571
20 21 29 0.619854 0.123840 0.256307 162.915829 219.821701
20 21 29 0.860813 0.133711 0.005476 160.625749 212.363668
20 21 29 0.749678 0.211836 0.038487 164.653886 208.237975
20 21 29 0.902942 0.026011 0.071047 157.201081 211.000082
21 30 29 0.247653 0.449177 0.303170 182.272380 237.477239
21 30 29 0.778568 0.017220 0.204212 189.201325 216.177303
21 30 29 0.359072 0.551961 0.088967 196.035428 237.899492
21 30 29 0.843863 0.106815 0.049322 195.087186 212.450469
21 30 29 0.141613 0.461459 0.396928 184.523642 247.538163
21 30 29 0.061438 0.117213 0.821349 160.222300 249.473010
21 30 29 0.184064 0.287991 0.527945 176.757235 241.551840
21 30 29 0.106028 0.603618 0.290354 183.132760 246.423745
21 30 29 0.382039 0.453488 0.164473 191.008319 238.792750
21 30 29 0.959559 0.009863 0.030578 197.998650 212.498385
21 22 30 0.759882 0.025801 0.214317 198.930764 217.808951
21 22 30 0.227376 0.302521 0.470103 211.476706 228.871574
21 22 30 0.130227 0.435903 0.433870 216.990416 227.449210
21 22 30 0.653253 0.136207 0.210540 204.955704 213.827924
21 22 30 0.799799 0.044504 0.155697 197.906477 214.956191
21 22 30 0.625778 0.364391 0.009830 213.815529 211.733227
21 22 30 0.808383 0.089045 0.102572 197.337908 210.212666
21 22 30 0.458892 0.173006 0.368102 205.082541 225.090625
21 22 30 0.341183 0.238219 0.420598 210.450724 224.959373
21 22 30 0.871188 0.064189 0.064623 202.510243 210.308971
22 31 30 0.151026 0.120296 0.728678 212.953813 243.761113
22 31 30 0.122623 0.334343 0.543034 223.314609 242.363738
22 31 30 0.566382 0.348664 0.084955 238.950201 227.748375
22 31 30 0.188202 0.343388 0.468410 222.727366 242.638981
22 31 30 0.209102 0.272177 0.518722 218.901843 241.679454
22 31 30 0.078685 0.222598 0.698718 213.216746 247.721220
22 31 30 0.649798 0.204881 0.145321 234.877030 222.388063
22 31 30 0.739956 0.226283 0.033762 241.241445 217.863109
22 31 30 0.704700 0.177586 0.117714 237.850176 219.409382
22 31 30 0.254987 0.450366 0.294648 229.468366 240.781843
22 23 31 0.834791 0.149521 0.015688 249.331788 207.938442
22 23 31 0.544154 0.378856 0.076990 259.202368 212.525985
22 23 31 0.168389 0.672564 0.159047 272.891104 215.942486
22 23 31 0.342606 0.600418 0.056977 269.711373 207.898855
22 23 31 0.761297 0.218978 0.019725 252.596639 206.416774
22 23 31 0.103237 0.849882 0.046881 279.186690 211.004929
22 23 31 0.348300 0.341980 0.309719 258.390801 220.532748
22 23 31 0.314209 0.471194 0.214596 265.253732 216.547476
22 23 31 0.744914 0.167305 0.087781 248.636802 210.314481
22 23 31 0.144826 0.624099 0.231074 268.635670 217.238970
23 32 31 0.066448 0.053702 0.879850 248.599088 248.514931
23 32 31 0.351693 0.330247 0.318059 272.154859 234.346555
23 32 31 0.393785 0.177436 0.428779 268.911130 236.453353
23 32 31 0.661135 0.325855 0.013010 285.207459 225.084873
23 32 31 0.838697 0.007589 0.153714 280.272248 219.819581
23 32 31 0.372965 0.449009 0.178025 280.382040 232.214141
23 32 31 0.158560 0.613920 0.227520 274.932073 245.649450
23 32 31 0.642506 0.108244 0.249250 276.397981 226.623346
23 32 31 0.782108 0.035154 0.182739 281.374452 223.115894
23 32 31 0.213552 0.714909 0.071539 282.891437 241.169705
23 24 32 0.128152 0.833859 0.037989 322.916321 208.486043
23 24 32 0.642768 0.199143 0.158089 298.648901 217.018631
23 24 32 0.348378 0.169262 0.482360 295.160693 231.560612
23 24 32 0.987976 0.002930 0.009094 289.243157 208.948918
23 24 32 0.673893 0.244859 0.081248 300.788702 213.968689
23 24 32 0.452758 0.090605 0.456637 296.109239 228.279827
23 24 32 0.893764 0.084987 0.021249 294.864862 213.838703
23 24 32 0.731504 0.004666 0.263830 286.307114 218.250204
23 24 32 0.259430 0.116948 0.623622 292.680911 236.850292
23 24 32 0.783093 0.006158 0.210748 287.824227 218.420768
24 33 32 0.943684 0.005116 0.051200 326.500734 206.598945
24 33 32 0.068236 0.720358 0.211405 317.696012 252.523680
24 33 32 0.867993 0.073662 0.058345 329.344295 214.676061
24 33 32 0.033775 0.528568 0.437656 312.484572 248.575861
24 33 32 0.786957 0.166497 0.046546 329.438790 216.474970
24 33 32 0.010003 0.540750 0.449248 310.616594 249.129489
24 33 32 0.486799 0.176425 0.336776 314.134917 232.780240
24 33 32 0.938578 0.048089 0.013333 328.246104 213.026634
24 33 32 0.970450 0.008439 0.021111 329.189948 208.155873
24 33 32 0.758127 0.234109 0.007764 330.114330 220.425945
24 25 33 0.906799 0.080928 0.012274 332.347061 208.902450
24 25 33 0.760262 0.118298 0.121440 336.669509 214.580543
24 25 33 0.406774 0.173018 0.420208 337.634676 223.854003
24 25 33 0.643826 0.313316 0.042859 343.976268 210.722885
24 25 33 0.898449 0.024752 0.076799 334.053500 213.886243
24 25 33 0.469954 0.016267 0.513779 330.692717 228.760025
24 25 33 0.103726 0.789170 0.107104 369.595253 211.815118
24 25 33 0.196763 0.731746 0.071491 362.605577 209.986166
24 25 33 0.648565 0.135717 0.215719 335.600377 218.250649
24 25 33 0.127098 0.305330 0.567572 342.656111 232.926624
25 34 33 0.577882 0.156088 0.266030 362.345547 227.756546
25 34 33 0.460664 0.026880 0.512456 354.842908 228.514658
25 34 33 0.743726 0.193978 0.062296 372.715302 220.143326
25 34 33 0.354080 0.072239 0.573681 351.046826 237.598662
25 34 33 0.607962 0.107718 0.284320 361.458803 225.216645
25 34 33 0.818436 0.013358 0.168206 370.957332 218.918423
25 34 33 0.349738 0.194048 0.456214 356.726087 235.965713
25 34 33 0.976514 0.004606 0.018880 374.474727 215.194522
25 34 33 0.701373 0.203743 0.094884 370.525850 223.545440
25 34 33 0.463751 0.030704 0.505546 351.306216 230.638322
25 26 34 0.177318 0.065695 0.756987 379.760368 242.082906
25 26 34 0.697332 0.111486 0.191182 379.417415 218.788494
25 26 34 0.035704 0.198315 0.765980 382.716669 243.689996
25 26 34 0.156735 0.724509 0.118756 408.856656 213.068609
25 26 34 0.336526 0.164631 0.498843 382.549668 228.525367
25 26 34 0.402564 0.173054 0.424382 386.915226 228.463031
25 26 34 0.181402 0.419596 0.399002 396.534075 225.622713
25 26 34 0.925367 0.024675 0.049958 378.052826 210.134372
25 26 34 0.844687 0.125450 0.029863 378.993858 207.542790
25 26 34 0.116188 0.187338 0.696474 384.763259 241.084218
26 35 34 0.818341 0.098756 0.082903 421.569883 219.104707
26 35 34 0.224847 0.755525 0.019627 420.915441 244.093835
26 35 34 0.920910 0.029569 0.049521 422.770597 212.238734
26 35 34 0.786054 0.047419 0.166527 415.985325 217.550845
26 35 34 0.580008 0.277849 0.142143 412.740005 225.109368
26 35 34 0.697919 0.063176 0.238905 411.719720 224.345113
26 35 34 0.566614 0.202355 0.231031 410.138550 228.491479
26 35 34 0.511754 0.215993 0.272253 411.028598 228.875571
26 35 34 0.479857 0.034630 0.485513 400.319589 233.343389
26 35 34 0.268757 0.014061 0.717183 385.748908 238.056170
27 28 36 0.859738 0.123748 0.016514 81.575965 250.608051
27 28 36 0.356098 0.161110 0.482792 86.428450 269.239285
27 28 36 0.123727 0.125503 0.750770 86.980623 281.972287
27 28 36 0.396606 0.444029 0.159365 88.670815 258.444154
27 28 36 0.650492 0.304942 0.044566 86.650361 252.403142
27 28 36 0.670359 0.110646 0.218995 76.685006 258.752974
27 28 36 0.300062 0.303686 0.396253 90.762387 267.184879
27 28 36 0.196386 0.693723 0.109891 105.521339 253.145182
27 28 36 0.475387 0.216268 0.308344 82.050196 265.411804
27 28 36 0.306907 0.353571 0.339523 88.286853 265.206369
28 37 36 0.870450 0.042809 0.086741 111.174922 257.632573
28 37 36 0.438289 0.018392 0.543318 95.481270 272.083052
28 37 36 0.253520 0.420811 0.325669 106.090795 279.774111
28 37 36 0.167888 0.693672 0.138440 119.842185 285.466364
28 37 36 0.280745 0.019285 0.699970 90.586927 276.223703
28 37 36 0.585970 0.384066 0.029963 113.250476 268.120875
28 37 36 0.463501 0.273809 0.262690 110.427069 271.424357
28 37 36 0.626494 0.062483 0.311023 104.436481 268.438178
28 37 36 0.275487 0.161388 0.563126 94.771507 278.630044
28 37 36 0.856950 0.062995 0.080055 110.104907 256.552000
28 29 37 0.063256 0.674375 0.262369 143.802625 258.824044
28 29 37 0.077923 0.239629 0.682448 128.750684 275.854374
28 29 37 0.650033 0.327168 0.022798 127.295364 253.809586
28 29 37 0.927455 0.072503 0.000042 118.446642 250.845693
28 29 37 0.122437 0.873619 0.003944 152.922655 248.203953
28 29 37 0.935169 0.004546 0.060285 114.855809 252.526071
28 29 37 0.161001 0.789390 0.049609 147.489121 252.440561
28 29 37 0.211455 0.039414 0.749131 119.290877 282.396348
28 29 37 0.995203 0.003676 0.001121 114.352749 256.834530
28 29 37 0.902014 0.048840 0.049146 117.858356 248.832357
29 38 37 0.336568 0.064466 0.598966 139.403071 277.359449
29 38 37 0.318350 0.551236 0.130414 153.131107 279.486388
29 38 37 0.038645 0.793075 0.168281 152.095079 285.912837
29 38 37 0.781158 0.177312 0.041530 156.926706 260.708097
29 38 37 0.039738 0.396191 0.564071 137.940615 287.023566
29 38 37 0.838432 0.052314 0.109254 152.740129 259.885680
29 38 37 0.843175 0.066179 0.090646 155.066965 255.770749
29 38 37 0.762615 0.201088 0.036297 154.443678 259.997403
29 38 37 0.170792 0.406560 0.422648 146.761661 281.482231
29 38 37 0.876169 0.109694 0.014137 155.455771 257.869782
29 30 38 0.472795 0.245639 0.281566 168.623156 266.263279
29 30 38 0.392539 0.432091 0.175370 177.133406 261.392819
29 30 38 0.141354 0.397045 0.461601 172.939734 269.794544
29 30 38 0.689518 0.102906 0.207576 165.802637 257.490822
29 30 38 0.084879 0.829395 0.085725 194.626216 256.347533
29 30 38 0.525592 0.398190 0.076218 175.767329 255.317894
29 30 38 0.272227 0.562578 0.165195 179.578196 260.964742
29 30 38 0.984051 0.007235 0.008714 156.948637 248.954460
29 30 38 0.995180 0.003515 0.001305 160.040333 249.480294
29 30 38 0.184001 0.710384 0.105615 185.255658 254.550349
30 39 38 0.750667 0.162236 0.087098 200.295636 259.797940
30 39 38 0.304743 0.454482 0.240775 191.863221 279.057314
30 39 38 0.020871 0.004016 0.975114 163.629610 286.008236
30 39 38 0.564694 0.064511 0.370796 185.276649 266.539651
30 39 38 0.447607 0.271784 0.280609 189.815744 274.697282
30 39 38 0.949261 0.021264 0.029475 199.960244 257.432349
30 39 38 0.984669 0.005566 0.009765 198.848102 249.956852
30 39 38 0.522225 0.226993 0.250782 191.290231 273.297856
30 39 38 0.176427 0.069367 0.754206 170.514726 287.587540
30 39 38 0.010133 0.645487 0.344381 187.198427 291.809309
30 31 39 0.949674 0.030968 0.019358 202.289415 253.809010
30 31 39 0.236617 0.454131 0.309252 220.776677 266.613264
30 31 39 0.871557 0.063398 0.065045 202.933031 255.695631
30 31 39 0.483509 0.456927 0.059564 218.134367 252.228608
30 31 39 0.134679 0.572666 0.292655 222.955914 266.533793
30 31 39 0.316455 0.361048 0.322497 214.925902 266.683009
30 31 39 0.643315 0.012290 0.344395 202.867191 265.179262
30 31 39 0.030577 0.445197 0.524227 217.988872 275.337131
30 31 39 0.473169 0.362431 0.164400 215.563730 257.000637
30 31 39 0.582915 0.061778 0.355307 202.664615 266.186706
31 40 39 0.702452 0.201171 0.096377 236.821906 268.108338
31 40 39 0.008809 0.983652 0.007540 242.069894 292.905132
31 40 39 0.945427 0.002820 0.051752 240.480900 257.010498
31 40 39 0.158769 0.457720 0.383511 224.003867 288.645622
31 40 39 0.707137 0.135708 0.157154 236.610753 263.338800
31 40 39 0.108109 0.403366 0.488525 225.709541 287.282178
31 40 39 0.961136 0.018580 0.020283 243.262781 255.919116
31 40 39 0.266763 0.278648 0.454589 224.241520 280.645078
31 40 39 0.540053 0.298544 0.161402 234.873571 273.778498
31 40 39 0.397914 0.047186 0.554901 222.043173 275.225397
31 32 40 0.716657 0.116317 0.167026 244.438368 256.889530
31 32 40 0.808445 0.169181 0.022374 251.647396 254.914843
31 32 40 0.574813 0.154989 0.270198 247.154848 263.178130
31 32 40 0.193946 0.706919 0.099135 269.595646 257.289113
31 32 40 0.026822 0.879375 0.093802 278.966449 253.504086
31 32 40 0.853722 0.049623 0.096655 244.595038 255.980279
31 32 40 0.919827 0.014629 0.065544 242.457068 253.727850
31 32 40 0.951599 0.017258 0.031143 243.743518 256.942097
31 32 40 0.457183 0.227676 0.315141 250.827945 261.601795
31 32 40 0.998821 0.000063 0.001116 240.068621 252.358764
32 41 40 0.633413 0.084316 0.282271 273.229983 266.667623
32 41 40 0.652437 0.201057 0.146506 279.151808 264.978459
32 41 40 0.800419 0.115576 0.084005 282.941984 256.721594
32 41 40 0.835752 0.119260 0.044988 284.449411 257.579289
32 41 40 0.945158 0.030277 0.024565 281.349212 256.749237
32 41 40 0.575605 0.096593 0.327802 266.960352 271.236160
32 41 40 0.140665 0.014832 0.844504 246.423076 288.316359
32 41 40 0.692522 0.266521 0.040957 283.187655 263.748141
32 41 40 0.328890 0.360813 0.310297 272.998594 277.990309
32 41 40 0.455916 0.114556 0.429528 270.036733 271.118986
32 33 41 0.680871 0.241969 0.077160 299.320062 254.681982
32 33 41 0.272565 0.552276 0.175160 313.077262 260.273987
32 33 41 0.826668 0.064455 0.108877 284.682445 257.900047
32 33 41 0.664291 0.000679 0.335030 284.708412 267.719076
32 33 41 0.138105 0.286855 0.575041 300.079025 272.117882
32 33 41 0.638115 0.129131 0.232753 291.349383 264.466535
32 33 41 0.554698 0.064502 0.380799 291.274960 271.679676
32 33 41 0.585811 0.321598 0.092591 302.233139 257.295432
32 33 41 0.001600 0.333541 0.664859 300.278316 278.387598
32 33 41 0.503192 0.309587 0.187222 301.719600 259.083232
33 42 41 0.236076 0.193281 0.570644 305.429907 282.870199
33 42 41 0.027355 0.609902 0.362743 313.600049 291.992518
33 42 41 0.041231 0.619960 0.338809 315.238280 292.753257
33 42 41 0.360845 0.123625 0.515530 308.333274 277.145529
33 42 41 0.104624 0.048391 0.846985 290.100273 289.321645
33 42 41 0.978669 0.004442 0.016889 329.502544 253.359448
33 42 41 0.947286 0.031058 0.021656 334.280757 255.002038
33 42 41 0.028992 0.941848 0.029160 326.535208 288.954818
33 42 41 0.817555 0.037857 0.144588 326.622673 258.201480
33 42 41 0.156782 0.263112 0.580106 305.257142 284.702035
33 34 42 0.735294 0.066599 0.198107 333.521121 259.521573
33 34 42 0.060151 0.096648 0.843201 333.555748 285.219615
33 34 42 0.392203 0.564973 0.042824 354.216124 251.960574
33 34 42 0.133743 0.627956 0.238301 356.924912 260.679012
33 34 42 0.231785 0.126433 0.641782 333.670697 279.772391
33 34 42 0.394129 0.137395 0.468476 333.701935 271.604663
33 34 42 0.052534 0.581432 0.366035 352.694735 269.372623
33 34 42 0.523610 0.022454 0.453936 333.129222 273.239223
33 34 42 0.499378 0.414647 0.085975 345.377650 257.233643
33 34 42 0.008400 0.582375 0.409224 354.777960 267.522601
34 43 42 0.575815 0.082724 0.341461 358.664686 272.680516
34 43 42 0.653418 0.231105 0.115477 369.929844 267.553337
34 43 42 0.849801 0.121570 0.028629 374.766788 262.787692
34 43 42 0.539257 0.042442 0.418301 351.797210 270.504982
34 43 42 0.604704 0.389963 0.005334 369.474987 271.751244
34 43 42 0.999035 0.000243 0.000722 373.018102 249.684535
34 43 42 0.961472 0.003342 0.035185 377.401061 255.456394
34 43 42 0.609814 0.127237 0.262949 363.200129 272.532442
34 43 42 0.971913 0.020305 0.007782 375.847905 256.458982
34 43 42 0.466207 0.026917 0.506876 353.259418 271.284797
34 35 43 0.556150 0.009288 0.434562 373.748370 269.945569
34 35 43 0.929181 0.005344 0.065475 376.787073 257.835467
34 35 43 0.741979 0.013446 0.244575 374.023621 264.288443
34 35 43 0.151470 0.780412 0.068118 409.974702 251.671833
34 35 43 0.387667 0.004270 0.608063 375.235964 275.644483
34 35 43 0.658145 0.048359 0.293496 375.713064 265.348386
34 35 43 0.214529 0.356218 0.429253 388.302546 269.934505
34 35 43 0.669922 0.068979 0.261098 378.984366 262.824308
34 35 43 0.029750 0.121710 0.848540 377.396737 289.658041
34 35 43 0.771346 0.165661 0.062993 380.036724 256.843588
35 44 43 0.357587 0.060281 0.582132 389.566081 282.741190
35 44 43 0.685609 0.181016 0.133375 411.174227 264.343235
35 44 43 0.549041 0.027893 0.423065 400.146126 274.023605
35 44 43 0.826669 0.030199 0.143132 416.899631 257.543703
35 44 43 0.643102 0.107103 0.249794 404.569672 269.023626
35 44 43 0.842674 0.137410 0.019916 419.637287 262.232748
35 44 43 0.473393 0.380710 0.145896 411.507821 273.669013
35 44 43 0.762553 0.068374 0.169073 407.984898 261.774516
35 44 43 0.532377 0.063973 0.403650 403.116115 273.513827
35 44 43 0.314228 0.039643 0.646129 386.123540 281.445493
36 37 45 0.881257 0.077285 0.041458 85.566235 291.656791
36 37 45 0.539624 0.355777 0.104600 97.936560 289.306452
36 37 45 0.090610 0.116132 0.793258 96.848862 309.487328
36 37 45 0.047489 0.763909 0.188601 113.055152 289.384423
36 37 45 0.562843 0.317080 0.120077 98.637765 293.775441
36 37 45 0.943343 0.025424 0.031233 85.896073 285.130109
36 37 45 0.903461 0.058520 0.038018 87.780459 288.404076
36 37 45 0.259331 0.611470 0.129200 107.921672 289.405763
36 37 45 0.900691 0.033596 0.065713 86.903553 289.295738
36 37 45 0.198243 0.501330 0.300427 107.712169 297.243015
37 46 45 0.647509 0.252639 0.099852 121.510259 299.791896
37 46 45 0.731883 0.167907 0.100210 122.437205 292.903390
37 46 45 0.250758 0.363463 0.385779 116.514873 305.205693
37 46 45 0.452281 0.159692 0.388027 112.543033 305.091424
37 46 45 0.249085 0.588639 0.162276 120.411316 306.103978
37 46 45 0.377571 0.379819 0.242610 118.973360 306.288445
37 46 45 0.497327 0.411507 0.091166 127.746737 301.653719
37 46 45 0.823189 0.029655 0.147156 118.740310 293.042713
37 46 45 0.523378 0.274439 0.202182 118.442673 298.728356
37 46 45 0.829872 0.105137 0.064991 122.593991 290.917370
37 38 46 0.477007 0.368203 0.154790 136.060679 290.445409
37 38 46 0.350979 0.379192 0.269829 138.520228 298.295987
37 38 46 0.516480 0.404473 0.079047 140.451942 288.519987
37 38 46 0.632809 0.189919 0.177272 132.226096 291.632433
37 38 46 0.559555 0.019107 0.421338 125.539482 301.793694
37 38 46 0.064123 0.303513 0.632364 136.384068 307.504204
37 38 46 0.688677 0.128637 0.182686 130.232446 288.446593
37 38 46 0.156882 0.653395 0.189723 147.747483 292.192887
37 38 46 0.847740 0.050241 0.102019 124.155220 293.878389
37 38 46 0.174558 0.188678 0.636764 138.596306 304.872287
38 47 46 0.037402 0.274887 0.687711 141.599520 317.197708
38 47 46 0.926410 0.062248 0.011342 161.432820 292.988120
38 47 46 0.458082 0.292236 0.249683 154.688931 305.266275
38 47 46 0.472457 0.154301 0.373242 153.845281 299.589673
38 47 46 0.435723 0.520988 0.043289 164.944810 305.039735
38 47 46 0.394918 0.203516 0.401565 151.529099 307.389683
38 47 46 0.407220 0.384936 0.207844 159.115535 303.936065
38 47 46 0.265826 0.462104 0.272071 159.976284 308.144769
38 47 46 0.293783 0.191286 0.514930 148.811181 306.670365
38 47 46 0.752569 0.113687 0.133744 156.982338 299.374128
38 39 47 0.765910 0.126942 0.107148 166.155622 289.232896
38 39 47 0.782068 0.057217 0.160715 166.062592 294.379814
38 39 47 0.147219 0.230217 0.622564 176.624261 311.254028
38 39 47 0.066593 0.520265 0.413142 182.727046 302.665228
38 39 47 0.664728 0.146175 0.189097 170.817778 292.641048
38 39 47 0.153008 0.770569 0.076423 193.989293 295.514266
38 39 47 0.368274 0.304191 0.327535 175.163953 302.949217
38 39 47 0.479984 0.021026 0.498990 164.928715 305.425920
38 39 47 0.479803 0.037109 0.483088 168.239421 301.911393
38 39 47 0.912842 0.032090 0.055068 162.709711 293.820451
39 48 47 0.234574 0.130483 0.634943 182.860217 308.628233
39 48 47 0.354842 0.530928 0.114230 199.696251 310.731762
39 48 47 0.922238 0.029352 0.048410 203.077222 290.962366
39 48 47 0.145085 0.147888 0.707027 180.948220 313.295248
39 48 47 0.983605 0.006835 0.009560 202.797886 291.728279
39 48 47 0.518623 0.083407 0.397971 192.920540 304.714697
39 48 47 0.564513 0.030972 0.404514 188.775330 302.168517
39 48 47 0.348124 0.467306 0.184570 196.972096 308.805810
39 48 47 0.266135 0.160131 0.573733 181.917038 311.964800
39 48 47 0.226356 0.520151 0.253493 193.545392 315.044864
39 40 48 0.200734 0.414728 0.384538 223.198850 299.425879
39 40 48 0.579207 0.355628 0.065165 216.134973 294.775072
39 40 48 0.827860 0.030139 0.142001 206.303143 290.682570
39 40 48 0.545204 0.453497 0.001299 219.167489 289.780146
39 40 48 0.146919 0.458826 0.394255 220.522968 302.953064
39 40 48 0.842263 0.089935 0.067802 203.836532 293.573641
39 40 48 0.999243 0.000427 0.000330 199.024389 289.321601
39 40 48 0.459249 0.187419 0.353332 211.584098 301.944564
39 40 48 0.311554 0.481867 0.206578 224.690818 297.247020
39 40 48 0.548741 0.258470 0.192789 212.221823 299.013678
40 49 48 0.205880 0.481187 0.312933 234.646032 318.776961
40 49 48 0.672795 0.106138 0.221067 234.597024 299.904705
40 49 48 0.809493 0.184777 0.005730 239.630682 295.837952
40 49 48 0.421993 0.043326 0.534681 220.376824 308.195133
40 49 48 0.459669 0.104539 0.435792 229.978237 308.171827
40 49 48 0.913222 0.037169 0.049609 241.268835 299.094700
40 49 48 0.610193 0.242809 0.146998 233.666636 304.597752
40 49 48 0.095369 0.357768 0.546863 219.075741 318.359309
40 49 48 0.657673 0.255215 0.087111 237.876402 302.268445
40 49 48 0.575088 0.107826 0.317086 229.182250 305.138676
40 41 49 0.783581 0.117651 0.098768 248.932805 296.392464
40 41 49 0.334256 0.009322 0.656422 241.692798 310.944803
40 41 49 0.218526 0.702008 0.079466 272.372329 296.589111
40 41 49 0.202078 0.100662 0.697260 248.490653 310.285865
40 41 49 0.245035 0.095232 0.659734 247.092455 311.264586
40 41 49 0.095895 0.504183 0.399922 262.278969 303.175840
40 41 49 0.065443 0.442363 0.492193 263.213658 309.054014
40 41 49 0.365759 0.538758 0.095483 258.843892 294.377703
40 41 49 0.119282 0.178813 0.701905 250.559651 312.178436
40 41 49 0.501832 0.079001 0.419167 246.750560 302.881516
41 50 49 0.944109 0.006570 0.049321 285.006925 297.076027
41 50 49 0.647168 0.228471 0.124361 280.801415 303.428312
41 50 49 0.108880 0.701761 0.189358 276.871440 319.168804
41 50 49 0.060585 0.690343 0.249072 272.738648 316.420971
41 50 49 0.191950 0.409647 0.398403 271.408340 314.823139
41 50 49 0.844824 0.080956 0.074219 284.886883 297.938846
41 50 49 0.686398 0.240119 0.073483 284.297557 302.506217
41 50 49 0.507588 0.372843 0.119569 281.732896 308.217331
41 50 49 0.833123 0.161467 0.005410 283.787146 297.390927
41 50 49 0.389858 0.406135 0.204007 274.820551 309.306289
41 42 50 0.826056 0.074609 0.099335 287.973044 299.569601
41 42 50 0.179785 0.638260 0.181954 310.557371 300.997791
41 42 50 0.448657 0.065158 0.486185 287.813103 308.171981
41 42 50 0.278179 0.117233 0.604587 290.301570 313.230991
41 42 50 0.806888 0.136759 0.056353 291.842949 294.599773
41 42 50 0.725364 0.179202 0.095433 296.297105 295.267469
41 42 50 0.093444 0.268358 0.638199 294.631606 313.968527
41 42 50 0.126498 0.775315 0.098187 319.361310 293.238838
41 42 50 0.655947 0.059214 0.284839 288.647273 300.824908
41 42 50 0.414976 0.543936 0.041089 308.373629 296.584710
42 51 50 0.750186 0.107645 0.142169 318.403517 300.537417
42 51 50 0.689520 0.249624 0.060857 324.234778 303.560715
42 51 50 0.376320 0.588651 0.035029 322.976916 308.926979
42 51 50 0.475550 0.377340 0.147110 318.728311 310.070006
42 51 50 0.294393 0.006891 0.698717 296.646662 309.416260
42 51 50 0.685101 0.020712 0.294187 314.773199 303.363642
42 51 50 0.570840 0.395152 0.034008 323.022010 307.553959
42 51 50 0.807047 0.018990 0.173963 317.222243 298.853702
42 51 50 0.361086 0.204193 0.434721 310.875727 311.615225
42 51 50 0.684223 0.186923 0.128854 323.962962 305.328784
42 43 51 0.937375 0.055743 0.006882 327.692735 290.639475
42 43 51 0.868247 0.034433 0.097320 328.689679 300.121259
42 43 51 0.542636 0.228114 0.229250 336.457156 296.925462
42 43 51 0.756963 0.056804 0.186232 328.005313 298.094876
42 43 51 0.221483 0.416399 0.362118 344.180840 306.941672
42 43 51 0.699564 0.149305 0.151130 332.701956 298.456709
42 43 51 0.018085 0.468248 0.513667 346.821439 306.737030
42 43 51 0.068121 0.569424 0.362455 346.094314 304.515255
42 43 51 0.502389 0.299639 0.197972 343.456000 300.517810
42 43 51 0.920747 0.036953 0.042299 330.711471 293.686312
43 52 51 0.369309 0.055664 0.575027 344.911428 311.029226
43 52 51 0.837551 0.108458 0.053991 366.637309 299.401490
43 52 51 0.535071 0.429027 0.035902 370.856156 309.344237
43 52 51 0.255363 0.508152 0.236485 356.764563 317.041144
43 52 51 0.543284 0.348964 0.107752 361.002983 309.994966
43 52 51 0.798112 0.105117 0.096772 366.655598 294.848054
43 52 51 0.012726 0.224767 0.762507 333.800229 323.485589
43 52 51 0.356777 0.375029 0.268194 356.511479 314.919795
43 52 51 0.742303 0.052564 0.205133 363.496382 299.200396
43 52 51 0.672295 0.203004 0.124700 366.994655 306.389387
43 44 52 0.445252 0.490174 0.064573 390.548767 295.261153
43 44 52 0.946028 0.023920 0.030051 373.381911 292.139114
43 44 52 0.149388 0.336270 0.514342 380.931028 310.489703
43 44 52 0.836996 0.076993 0.086011 372.802587 294.976527
43 44 52 0.780931 0.055119 0.163950 372.416231 297.605538
43 44 52 0.006172 0.435242 0.558587 384.151398 312.701130
43 44 52 0.486120 0.159003 0.354877 376.986597 306.638807
43 44 52 0.901081 0.091413 0.007505 375.282724 296.077831
43 44 52 0.468450 0.359685 0.171866 386.145683 298.832910
43 44 52 0.049502 0.434386 0.516112 386.242044 311.730495
44 53 52 0.843859 0.011778 0.144363 409.635141 298.903312
44 53 52 0.180437 0.312822 0.506740 387.322128 319.482879
44 53 52 0.488934 0.265599 0.245468 402.408685 311.996875
44 53 52 0.946256 0.020272 0.033472 410.690471 294.824353
44 53 52 0.898281 0.043337 0.058382 412.599232 296.606729
44 53 52 0.964290 0.005363 0.030347 417.717426 294.729152
44 53 52 0.462111 0.040656 0.497233 388.439975 310.203444
44 53 52 0.831967 0.089696 0.078336 412.804962 298.958266
44 53 52 0.556347 0.131676 0.311977 399.737662 306.265133
44 53 52 0.181847 0.455009 0.363144 392.436856 322.492086
45 46 54 0.070347 0.912556 0.017097 129.581495 313.673361
45 46 54 0.973724 0.024656 0.001620 97.784342 309.614894
45 46 54 0.350335 0.061918 0.587747 105.048026 322.230035
45 46 54 0.292550 0.506949 0.200502 119.542546 320.330499
45 46 54 0.787586 0.071122 0.141292 103.535168 317.211784
45 46 54 0.591923 0.131957 0.276120 105.620393 317.986614
45 46 54 0.568207 0.028043 0.403750 97.850913 321.457859
45 46 54 0.875257 0.017407 0.107336 100.927140 315.299564
45 46 54 0.212130 0.352328 0.435542 116.678673 322.784454
45 46 54 0.229721 0.583590 0.186689 118.377351 315.107541
46 55 54 0.561627 0.437661 0.000712 134.981545 323.777254
46 55 54 0.246376 0.710367 0.043257 138.023090 329.390622
46 55 54 0.075702 0.489032 0.435265 127.385739 332.919776
46 55 54 0.690893 0.049391 0.259716 128.073070 316.977136
46 55 54 0.309146 0.219177 0.471678 124.174110 327.903308
46 55 54 0.482483 0.061611 0.455906 120.180704 325.225465
46 55 54 0.595332 0.095175 0.309493 125.076024 323.557292
46 55 54 0.279429 0.543044 0.177527 130.725336 325.344169
46 55 54 0.574930 0.014766 0.410304 122.797155 323.137519
46 55 54 0.320540 0.553305 0.126155 134.830685 328.541024
46 47 55 0.419868 0.518512 0.061620 147.681893 317.200640
46 47 55 0.089511 0.769162 0.141327 164.161023 319.336461
46 47 55 0.185113 0.414078 0.400809 152.087923 323.808287
46 47 55 0.825526 0.015493 0.158981 136.268818 319.415409
46 47 55 0.332769 0.436603 0.230629 149.695372 318.504565
46 47 55 0.674760 0.155778 0.169462 134.422445 318.584612
46 47 55 0.859965 0.007275 0.132760 135.181099 320.050891
46 47 55 0.939731 0.016360 0.043909 130.069413 315.950798
46 47 55 0.641808 0.311718 0.046474 145.584323 316.092844
46 47 55 0.538171 0.188499 0.273330 144.477555 324.852556
47 56 55 0.187163 0.230480 0.582357 157.793393 331.737750
47 56 55 0.507821 0.434311 0.057868 171.269322 325.825306
47 56 55 0.482249 0.414865 0.102886 171.212099 326.100534
47 56 55 0.463813 0.008887 0.527300 154.525631 326.339651
47 56 55 0.670165 0.165033 0.164802 166.889859 323.939644
47 56 55 0.804580 0.049450 0.145969 166.892046 318.930590
47 56 55 0.192360 0.793236 0.014403 171.026574 332.308046
47 56 55 0.524834 0.106191 0.368975 161.105069 325.206913
47 56 55 0.639875 0.321056 0.039070 170.732719 324.746870
47 56 55 0.052122 0.793705 0.154173 171.709553 334.773210
47 48 56 0.861530 0.094750 0.043720 175.727523 319.006944
47 48 56 0.457716 0.451813 0.090471 186.371566 321.558217
47 48 56 0.725486 0.042404 0.232109 176.197163 320.018849
47 48 56 0.332380 0.043042 0.624578 176.399954 330.490052
47 48 56 0.187080 0.591272 0.221648 194.706289 323.362069
47 48 56 0.297882 0.028281 0.673837 174.904744 332.050482
47 48 56 0.080032 0.125238 0.794730 182.370684 334.086067
47 48 56 0.428589 0.417619 0.153792 183.584658 321.533423
47 48 56 0.894897 0.041913 0.063190 176.322023 317.488513
47 48 56 0.111530 0.574683 0.313787 192.250681 325.921344
48 57 56 0.370717 0.027249 0.602034 188.719293 329.581683
48 57 56 0.159054 0.379302 0.461644 195.962612 336.886260
48 57 56 0.146726 0.082658 0.770616 186.209674 331.320556
48 57 56 0.969169 0.000506 0.030325 204.202705 321.713859
48 57 56 0.472611 0.094553 0.432836 192.521059 331.586929
48 57 56 0.304537 0.188594 0.506869 194.227818 331.029763
48 57 56 0.461165 0.282891 0.255944 200.417567 329.659978
48 57 56 0.180359 0.153982 0.665659 186.940823 332.540013
48 57 56 0.227526 0.705278 0.067195 208.739591 333.669145
48 57 56 0.652927 0.262750 0.084324 202.965174 324.234224
48 49 57 0.471463 0.338268 0.190270 219.262689 324.127981
48 49 57 0.886440 0.033374 0.080186 207.344331 322.373284
48 49 57 0.908672 0.069537 0.021791 202.830940 318.960360
48 49 57 0.141012 0.526051 0.332936 228.390784 323.871829
48 49 57 0.178188 0.262812 0.559000 217.441466 328.698489
48 49 57 0.390986 0.431215 0.177799 224.669405 322.158171
48 49 57 0.177908 0.114918 0.707174 216.394027 327.989364
48 49 57 0.508636 0.007656 0.483708 208.993066 326.458236
48 49 57 0.909535 0.015443 0.075022 207.592423 321.096314
48 49 57 0.921835 0.026396 0.051769 206.891464 319.269523
49 58 57 0.947781 0.015665 0.036554 241.865859 319.204209
49 58 57 0.178295 0.291315 0.530389 227.640877 332.258800
49 58 57 0.826072 0.045411 0.128517 242.640272 324.804913
49 58 57 0.861689 0.083506 0.054805 239.090124 325.366471
49 58 57 0.551881 0.385412 0.062707 243.531695 330.382297
49 58 57 0.458716 0.232667 0.308617 233.974861 330.352775
49 58 57 0.014759 0.038333 0.946908 216.607033 334.822502
49 58 57 0.628476 0.117076 0.254448 238.128593 327.750013
49 58 57 0.246968 0.087403 0.665629 221.386014 333.765775
49 58 57 0.571726 0.248124 0.180150 242.405813 327.915294
49 50 58 0.790492 0.124608 0.084900 249.693979 319.896708
49 50 58 0.427625 0.289938 0.282437 252.519756 328.180090
49 50 58 0.689126 0.067837 0.243037 245.834550 323.154033
49 50 58 0.185813 0.611545 0.202642 268.219166 326.395111
49 50 58 0.587975 0.380227 0.031799 259.124238 320.893145
49 50 58 0.372376 0.014428 0.613195 240.618692 334.546701
49 50 58 0.395315 0.174284 0.430401 249.530781 330.296393
49 50 58 0.669315 0.317714 0.012971 257.603569 320.824641
49 50 58 0.497156 0.454850 0.047993 265.846534 321.637099
49 50 58 0.736506 0.259993 0.003502 250.108669 319.532133
50 59 58 0.868724 0.065263 0.066013 280.456722 327.258046
50 59 58 0.175797 0.516120 0.308084 269.933172 335.138792
50 59 58 0.164520 0.413041 0.422439 265.815093 336.153512
50 59 58 0.213030 0.101923 0.685047 259.150058 336.360094
50 59 58 0.487697 0.094669 0.417633 269.674869 334.379116
50 59 58 0.744173 0.139178 0.116649 279.107489 326.572067
50 59 58 0.843043 0.018911 0.138046 278.892266 325.965073
50 59 58 0.462469 0.016408 0.521122 263.759254 331.229497
50 59 58 0.323298 0.394914 0.281788 269.273042 333.208727
50 59 58 0.222100 0.427732 0.350167 271.837616 334.852703
50 51 59 0.040438 0.838643 0.120919 317.092962 327.963845
50 51 59 0.078316 0.905237 0.016447 324.494936 321.509637
50 51 59 0.777940 0.083936 0.138124 290.561139 326.918716
50 51 59 0.661188 0.082692 0.256119 286.856677 327.661471
50 51 59 0.010025 0.746011 0.243964 313.259170 325.792225
50 51 59 0.127044 0.517700 0.355255 305.187850 332.869640
50 51 59 0.692187 0.132450 0.175363 289.713414 328.152122
50 51 59 0.820990 0.033587 0.145424 287.379326 323.835610
50 51 59 0.501048 0.144083 0.354869 288.970854 330.041775
50 51 59 0.853684 0.092981 0.053335 292.257220 323.792911
51 60 59 0.553273 0.193928 0.252800 313.495753 334.591582
51 60 59 0.212796 0.249831 0.537373 304.117566 339.039020
51 60 59 0.939403 0.007721 0.052876 320.836260 324.953542
51 60 59 0.547175 0.033497 0.419327 306.496599 329.059290
51 60 59 0.188953 0.311007 0.500040 300.818231 339.530767
51 60 59 0.429291 0.406427 0.164282 313.628673 333.995632
51 60 59 0.522526 0.425514 0.051960 316.668276 337.459506
51 60 59 0.039906 0.305004 0.655089 294.535587 337.805725
51 60 59 0.502267 0.339304 0.158429 317.942466 331.838151
51 60 59 0.218171 0.263011 0.518818 299.228837 336.347945
51 52 60 0.949754 0.021976 0.028269 324.437383 324.025099
51 52 60 0.242300 0.748780 0.008920 352.935733 323.873055
51 52 60 0.147681 0.612197 0.240122 346.532143 330.338193
51 52 60 0.946773 0.046545 0.006681 324.347677 323.805248
51 52 60 0.462154 0.456623 0.081223 342.009023 324.514898
51 52 60 0.947039 0.030070 0.022890 326.584914 327.879408
51 52 60 0.653871 0.169402 0.176727 330.338225 328.203612
51 52 60 0.194157 0.731949 0.073894 354.432955 325.582852
51 52 60 0.679538 0.234469 0.085993 333.471235 320.579068
51 52 60 0.536043 0.427761 0.036196 340.035808 325.241412
52 61 60 0.966189 0.028617 0.005195 364.625955 326.570500
52 61 60 0.293788 0.445603 0.260610 347.914897 343.176306
52 61 60 0.906411 0.014770 0.078819 355.206765 326.352389
52 61 60 0.886274 0.074370 0.039356 363.766901 327.276959
52 61 60 0.426086 0.270987 0.302928 348.101109 339.275118
52 61 60 0.213712 0.451355 0.334933 346.557189 344.062568
52 61 60 0.624670 0.052388 0.322941 347.104441 336.257620
52 61 60 0.660810 0.229835 0.109354 355.340031 330.266269
52 61 60 0.712724 0.141270 0.146007 353.661911 331.306587
52 61 60 0.001264 0.026439 0.972297 317.425662 344.481760
52 53 61 0.042973 0.097906 0.859121 364.517249 345.033557
52 53 61 0.630904 0.003951 0.365144 363.749617 335.044470
52 53 61 0.151769 0.162640 0.685591 370.544065 338.671481
52 53 61 0.694894 0.154116 0.150991 366.487147 331.290697
52 53 61 0.242258 0.401261 0.356481 378.552787 338.002625
52 53 61 0.056082 0.340871 0.603046 374.551348 336.981740
52 53 61 0.508195 0.228534 0.263272 372.319209 329.112702
52 53 61 0.738771 0.160360 0.100869 368.637457 328.502085
52 53 61 0.547664 0.016001 0.436336 362.492739 334.753706
52 53 61 0.100467 0.154213 0.745320 362.039197 337.307386
53 62 61 0.953637 0.001650 0.044713 406.618485 327.328800
53 62 61 0.495357 0.166881 0.337762 385.025554 336.300652
53 62 61 0.532328 0.184576 0.283096 391.216719 336.298015
53 62 61 0.629142 0.129628 0.241229 395.672664 335.966213
53 62 61 0.788757 0.103424 0.107819 400.602913 333.534005
53 62 61 0.101080 0.518775 0.380145 381.654413 347.226956
53 62 61 0.511215 0.036403 0.452382 385.137240 338.636625
53 62 61 0.456183 0.145303 0.398514 385.739164 338.850741
53 62 61 0.531222 0.196768 0.272009 389.509172 335.293990
53 62 61 0.555260 0.303046 0.141694 397.644521 335.817188
54 55 63 0.695087 0.140266 0.164647 113.793621 329.754086
54 55 63 0.571421 0.323074 0.105505 122.835044 333.266678
54 55 63 0.782894 0.008794 0.208313 112.264923 332.598405
54 55 63 0.365397 0.233190 0.401414 122.888334 338.036416
54 55 63 0.569321 0.334582 0.096097 123.357860 334.805370
54 55 63 0.107837 0.095872 0.796291 121.093692 338.474865
54 55 63 0.215797 0.371796 0.412407 126.150270 338.955055
54 55 63 0.021776 0.065941 0.912282 121.412886 341.382224
54 55 63 0.431754 0.308566 0.259679 122.521267 334.825530
54 55 63 0.261896 0.584399 0.153705 131.777263 334.443148
55 64 63 0.356981 0.241517 0.401502 134.846415 341.938420
55 64 63 0.864761 0.100545 0.034694 140.458004 333.507109
55 64 63 0.777880 0.124114 0.098006 140.568908 336.487806
55 64 63 0.356777 0.489956 0.153267 145.048574 337.855533
55 64 63 0.709309 0.115430 0.175261 139.875998 334.787201
55 64 63 0.477570 0.444578 0.077852 147.436769 338.395255
55 64 63 0.428854 0.061864 0.509282 134.535071 339.644269
55 64 63 0.861045 0.007931 0.131024 141.755502 332.373350
55 64 63 0.120548 0.539721 0.339731 137.869197 342.048210
55 64 63 0.300047 0.245397 0.454555 139.545071 340.927106
55 56 64 0.341566 0.204897 0.453537 156.024787 334.955642
55 56 64 0.220042 0.686550 0.093407 169.208658 336.632958
55 56 64 0.382206 0.435994 0.181800 158.592800 336.192590
55 56 64 0.819831 0.155371 0.024798 146.019901 332.363582
55 56 64 0.892656 0.072702 0.034642 149.524160 334.017185
55 56 64 0.500374 0.248418 0.251208 153.137849 338.650972
55 56 64 0.737002 0.010469 0.252529 146.776375 334.327753
55 56 64 0.507427 0.257319 0.235254 155.015346 336.633555
55 56 64 0.547507 0.359348 0.093145 156.649057 336.694456
55 56 64 0.121026 0.350417 0.528556 163.063958 340.864046
56 65 64 0.534058 0.190064 0.275878 173.238648 341.050202
56 65 64 0.508767 0.229818 0.261415 176.970140 342.529686
56 65 64 0.800600 0.121969 0.077431 175.594821 334.584078
56 65 64 0.282311 0.167316 0.550373 166.540426 342.639992
56 65 64 0.279133 0.283159 0.437708 171.403544 341.589796
56 65 64 0.506198 0.401774 0.092027 178.617472 341.426660
56 65 64 0.879665 0.049689 0.070646 178.838192 338.142168
56 65 64 0.034884 0.501714 0.463402 168.783002 342.146851
56 65 64 0.979240 0.000237 0.020523 180.401883 336.650700
56 65 64 0.628949 0.323581 0.047470 181.089076 337.404635
56 57 65 0.413972 0.365155 0.220873 191.103548 340.882562
56 57 65 0.865651 0.089132 0.045218 181.405440 333.943986
56 57 65 0.383455 0.175098 0.441447 191.111968 340.040962
56 57 65 0.532223 0.310343 0.157434 192.036458 335.420895
56 57 65 0.665857 0.094512 0.239631 187.873867 338.809075
56 57 65 0.979573 0.011013 0.009414 181.299096 337.645745
56 57 65 0.648081 0.113897 0.238023 185.227384 335.699195
56 57 65 0.631306 0.144373 0.224321 182.590998 338.313320
56 57 65 0.037166 0.856578 0.106256 207.499073 334.717894
56 57 65 0.779576 0.002054 0.218370 180.917349 337.456726
57 66 65 0.115869 0.413984 0.470147 200.839282 347.220720
57 66 65 0.038124 0.914692 0.047184 213.955695 348.565166
57 66 65 0.917753 0.031809 0.050437 211.835741 335.019464
57 66 65 0.113936 0.021376 0.864688 188.830812 343.303666
57 66 65 0.289619 0.565060 0.145321 211.828005 345.881092
57 66 65 0.770257 0.186449 0.043293 211.565113 335.400199
57 66 65 0.925952 0.050537 0.023511 210.259478 337.081671
57 66 65 0.188357 0.401956 0.409687 206.149752 347.376224
57 66 65 0.267461 0.399315 0.333224 205.013770 346.356656
57 66 65 0.363516 0.220990 0.415494 204.034275 342.727499
57 58 66 0.007117 0.189429 0.803454 221.423025 347.532067
57 58 66 0.397442 0.554908 0.047650 232.240175 341.308264
57 58 66 0.834393 0.103609 0.061998 216.360488 335.470893
57 58 66 0.149555 0.275159 0.575286 225.882475 344.113009
57 58 66 0.113128 0.867802 0.019069 242.412732 339.702761
57 58 66 0.361981 0.321881 0.316138 224.955802 339.677426
57 58 66 0.584973 0.013205 0.401822 214.798543 343.669108
57 58 66 0.327908 0.247000 0.425093 223.039570 342.138159
57 58 66 0.079609 0.901139 0.019252 245.043169 342.163110
57 58 66 0.673512 0.217345 0.109143 222.247433 338.430822
58 67 66 0.657219 0.192018 0.150763 243.531918 341.774666
58 67 66 0.061538 0.433129 0.505332 232.689274 344.449680
58 67 66 0.566167 0.242850 0.190982 241.848327 344.000175
58 67 66 0.059432 0.319961 0.620607 227.231048 347.166756
58 67 66 0.938230 0.021072 0.040698 241.422101 337.306264
58 67 66 0.694204 0.165683 0.140114 243.444498 343.344245
58 67 66 0.533766 0.147325 0.318909 236.661603 342.038527
58 67 66 0.671778 0.080595 0.247627 238.801489 340.531340
58 67 66 0.810630 0.088350 0.101020 243.800932 340.404439
58 67 66 0.310600 0.631699 0.057700 247.872158 345.090932
58 59 67 0.596625 0.003263 0.400112 246.434568 347.362225
58 59 67 0.583739 0.153908 0.262353 252.199371 342.481024
58 59 67 0.067843 0.855258 0.076899 278.789258 342.846174
58 59 67 0.376880 0.535258 0.087861 265.026046 342.637915
58 59 67 0.418218 0.257178 0.324604 255.829907 338.977642
58 59 67 0.235261 0.634978 0.129761 268.202861 340.520687
58 59 67 0.183527 0.447036 0.369437 263.766768 342.388277
58 59 67 0.270433 0.331926 0.397642 256.981894 340.508383
58 59 67 0.645440 0.008194 0.346366 247.186755 340.962453
58 59 67 0.618123 0.272771 0.109105 256.697228 338.583357
59 68 67 0.711531 0.116377 0.172092 279.161142 346.844091
59 68 67 0.794395 0.012211 0.193394 277.753910 343.031138
59 68 67 0.656728 0.204067 0.139205 277.900286 348.119116
59 68 67 0.572337 0.252325 0.175337 278.817869 348.662577
59 68 67 0.645706 0.162013 0.192281 276.629780 343.301669
59 68 67 0.346425 0.498920 0.154655 279.758223 347.621554
59 68 67 0.642385 0.048854 0.308761 271.074445 342.516186
59 68 67 0.382869 0.486174 0.130957 278.246624 346.202300
59 68 67 0.876066 0.046062 0.077872 279.883374 338.332426
59 68 67 0.899969 0.042691 0.057339 278.022846 341.866016
59 60 68 0.671492 0.000863 0.327645 280.394007 342.780654
59 60 68 0.918114 0.001270 0.080617 281.166969 345.084019
59 60 68 0.810406 0.078810 0.110784 285.615945 341.038977
59 60 68 0.460053 0.453289 0.086658 302.786369 343.220434
59 60 68 0.138307 0.284547 0.577147 291.371899 348.732142
59 60 68 0.636464 0.109614 0.253923 283.658175 345.866391
59 60 68 0.192031 0.306020 0.501948 289.767203 347.674071
59 60 68 0.148868 0.356155 0.494977 294.613295 345.555355
59 60 68 0.943493 0.008936 0.047572 281.190895 343.622735
59 60 68 0.573132 0.228669 0.198199 289.931315 343.409593
60 69 68 0.733607 0.065471 0.200922 312.963859 344.389199
60 69 68 0.908765 0.049885 0.041350 317.412673 343.662066
60 69 68 0.671818 0.217045 0.111137 313.485627 344.755408
60 69 68 0.690437 0.231225 0.078338 316.436150 346.185927
60 69 68 0.857941 0.065162 0.076897 317.224360 343.627425
60 69 68 0.853804 0.143050 0.003146 321.339143 348.683105
60 69 68 0.678545 0.285258 0.036197 317.672322 347.444891
60 69 68 0.170986 0.473792 0.355221 305.480845 351.054326
60 69 68 0.259309 0.444942 0.295749 305.670187 354.592990
60 69 68 0.290147 0.286106 0.423747 301.437641 352.020631
60 61 69 0.406446 0.112241 0.481312 321.494314 349.863553
60 61 69 0.408781 0.103573 0.487646 322.680805 347.373032
60 61 69 0.487070 0.297617 0.215313 331.605257 347.828561
60 61 69 0.420135 0.550207 0.029658 341.527082 346.551282
60 61 69 0.098802 0.760746 0.140453 344.332643 348.775115
60 61 69 0.807893 0.165182 0.026926 330.362535 346.345628
60 61 69 0.876008 0.031905 0.092087 319.973305 344.165186
60 61 69 0.642569 0.292609 0.064822 329.001094 344.310419
60 61 69 0.604781 0.092442 0.302777 322.188040 345.761295
60 61 69 0.760396 0.050341 0.189263 320.132564 347.401587
61 70 69 0.406476 0.538239 0.055285 352.247537 350.768180
61 70 69 0.666440 0.142771 0.190789 350.812653 348.776714
61 70 69 0.621182 0.291452 0.087365 347.854472 349.521341
61 70 69 0.412422 0.212966 0.374612 338.635011 352.429296
61 70 69 0.906141 0.078988 0.014871 354.782884 345.119818
61 70 69 0.380523 0.579072 0.040405 352.973173 350.320650
61 70 69 0.351614 0.291259 0.357127 339.115950 352.142862
61 70 69 0.330217 0.170342 0.499441 332.971442 348.355331
61 70 69 0.844277 0.029148 0.126575 351.027677 347.888028
61 70 69 0.910729 0.085814 0.003457 356.342448 349.882164
61 62 70 0.369412 0.383302 0.247286 374.980297 349.545431
61 62 70 0.999610 0.000212 0.000178 357.200011 347.197934
61 62 70 0.419436 0.425653 0.154911 374.623929 347.966661
61 62 70 0.215116 0.631521 0.153363 380.454301 349.361277
61 62 70 0.051750 0.223467 0.724783 359.628394 355.510718
61 62 70 0.302995 0.001233 0.695772 353.244500 355.338991
61 62 70 0.715401 0.182777 0.101822 362.506076 351.296115
61 62 70 0.483195 0.102684 0.414121 357.021980 350.361438
61 62 70 0.823197 0.065898 0.110905 362.089381 348.811684
61 62 70 0.258694 0.276384 0.464922 363.026953 354.370962
62 71 70 0.761340 0.120789 0.117872 392.623903 353.292685
62 71 70 0.773802 0.041648 0.184550 389.258047 347.973695
62 71 70 0.532031 0.453361 0.014608 392.883806 352.264544
62 71 70 0.990216 0.004999 0.004785 395.157104 348.404947
62 71 70 0.875627 0.092864 0.031509 395.961160 351.333878
62 71 70 0.432493 0.068376 0.499130 370.073592 350.538279
62 71 70 0.738620 0.249658 0.011722 394.715460 351.065219
62 71 70 0.120657 0.193616 0.685727 365.590127 355.691518
62 71 70 0.252246 0.431202 0.316552 375.547049 357.202432
62 71 70 0.782803 0.004519 0.212679 388.876249 347.719659
63 64 72 0.181263 0.616405 0.202332 145.620295 346.682251
63 64 72 0.107603 0.428583 0.463814 140.058660 345.588741
63 64 72 0.982985 0.005159 0.011855 120.532904 342.539170
63 64 72 0.507926 0.129691 0.362383 129.131798 348.648366
63 64 72 0.442041 0.351731 0.206228 134.819504 345.419264
63 64 72 0.309020 0.602380 0.088601 142.944864 343.437486
63 64 72 0.491947 0.298913 0.209140 134.094364 341.167659
63 64 72 0.282778 0.539595 0.177627 139.562847 347.663866
63 64 72 0.500909 0.057646 0.441445 124.361662 350.414731
63 64 72 0.867774 0.107325 0.024902 126.312628 343.850806
64 73 72 0.661540 0.337502 0.000957 154.919594 345.065262
64 73 72 0.230407 0.115355 0.654238 140.071723 355.510554
64 73 72 0.752587 0.116381 0.131032 152.389763 346.719504
64 73 72 0.283703 0.461968 0.254329 156.964635 352.535645
64 73 72 0.193834 0.627408 0.178758 154.961178 350.906301
64 73 72 0.070279 0.013775 0.915946 131.042769 349.005201
64 73 72 0.202928 0.700610 0.096462 157.116443 349.706572
64 73 72 0.592583 0.291947 0.115470 149.317548 346.969965
64 73 72 0.240040 0.154820 0.605140 140.369856 349.800094
64 73 72 0.769237 0.073877 0.156887 152.480937 348.258616
64 65 73 0.163496 0.420238 0.416266 170.582463 349.326165
64 65 73 0.371682 0.201401 0.426917 161.274468 346.442646
64 65 73 0.187194 0.124634 0.688172 163.565669 351.864388
64 65 73 0.125466 0.034076 0.840458 162.454691 352.725542
64 65 73 0.511173 0.002726 0.486101 157.121833 350.548817
64 65 73 0.829904 0.086004 0.084092 156.373103 349.513289
64 65 73 0.932129 0.013963 0.053908 154.524138 344.329841
64 65 73 0.804071 0.010839 0.185091 156.714834 344.152434
64 65 73 0.232518 0.077604 0.689878 164.483636 353.971459
64 65 73 0.215833 0.776479 0.007688 178.102828 344.991071
65 74 73 0.556335 0.204407 0.239258 181.342027 348.867918
65 74 73 0.946793 0.013735 0.039472 184.249773 342.744857
65 74 73 0.854353 0.037204 0.108444 184.518719 342.158926
65 74 73 0.386097 0.470320 0.143583 183.454928 353.610180
65 74 73 0.600630 0.381891 0.017479 188.273751 345.429999
65 74 73 0.610010 0.388550 0.001439 187.584921 349.111393
65 74 73 0.720027 0.020177 0.259795 180.475180 348.746460
65 74 73 0.760604 0.163570 0.075825 184.816836 350.324517
65 74 73 0.806929 0.162908 0.030162 187.867642 347.769007
65 74 73 0.511861 0.021566 0.466573 176.199655 350.052855
65 66 74 0.355505 0.056535 0.587959 191.508143 354.022643
65 66 74 0.647464 0.295635 0.056902 192.856300 346.705366
65 66 74 0.449422 0.465777 0.084801 199.585932 345.934866
65 66 74 0.089939 0.077793 0.832268 194.902965 351.447165
65 66 74 0.402157 0.390188 0.207654 200.803169 346.065678
65 66 74 0.419756 0.217378 0.362866 194.970849 347.305664
65 66 74 0.114049 0.830271 0.055680 209.965341 346.575118
65 66 74 0.062306 0.013125 0.924569 194.519133 356.208842
65 66 74 0.984285 0.015114 0.000600 186.803376 347.012468
65 66 74 0.454399 0.278125 0.267476 194.972029 347.855064
66 75 74 0.219462 0.647994 0.132545 220.606596 355.283504
66 75 74 0.423570 0.476169 0.100262 215.612380 357.616989
66 75 74 0.339317 0.649379 0.011303 219.140168 351.797663
66 75 74 0.766945 0.166584 0.066471 213.462887 349.204103
66 75 74 0.816240 0.022989 0.160771 212.055954 352.044782
66 75 74 0.701841 0.028008 0.270152 209.476346 350.140940
66 75 74 0.272857 0.533311 0.193831 214.286559 351.439609
66 75 74 0.369126 0.468131 0.162743 215.530063 354.253442
66 75 74 0.949734 0.026242 0.024025 218.795463 343.347784
66 75 74 0.547490 0.365845 0.086665 219.475400 350.650066
66 67 75 0.842285 0.014644 0.143072 221.829758 348.789571
66 67 75 0.748451 0.068548 0.183001 223.723189 350.459875
66 67 75 0.447191 0.110123 0.442686 222.119301 351.526389
66 67 75 0.958115 0.012249 0.029636 219.741679 344.955690
66 67 75 0.227034 0.164142 0.608824 224.388993 349.771693
66 67 75 0.616164 0.044712 0.339123 222.021128 347.708591
66 67 75 0.940742 0.004151 0.055108 219.491691 346.097614
66 67 75 0.183564 0.515185 0.301251 234.249605 350.469525
66 67 75 0.187076 0.216428 0.596497 231.028429 356.084379
66 67 75 0.557590 0.055799 0.386611 220.714753 348.111052
67 76 75 0.877668 0.076737 0.045595 248.383001 346.936715
67 76 75 0.060032 0.153113 0.786854 228.018693 357.720152
67 76 75 0.479867 0.422910 0.097223 247.405238 347.806783
67 76 75 0.656042 0.012572 0.331386 243.770461 349.096295
67 76 75 0.068363 0.909903 0.021733 255.725923 359.200072
67 76 75 0.456340 0.395158 0.148502 247.267703 353.067472
67 76 75 0.291219 0.553174 0.155607 247.051489 351.116783
67 76 75 0.525265 0.021466 0.453268 235.754842 349.529783
67 76 75 0.200545 0.637814 0.161641 246.758110 355.523621
67 76 75 0.898643 0.010416 0.090941 244.196420 345.266305
67 68 76 0.577328 0.191567 0.231105 258.225136 353.132333
67 68 76 0.439078 0.456663 0.104260 265.691355 353.084782
67 68 76 0.828213 0.030464 0.141323 250.345836 350.038124
67 68 76 0.343613 0.593382 0.063005 265.724026 350.831434
67 68 76 0.285997 0.668128 0.045875 271.700576 351.423269
67 68 76 0.364563 0.515276 0.120161 266.948722 354.854339
67 68 76 0.326172 0.439000 0.234828 269.055037 355.022217
67 68 76 0.463340 0.453653 0.083007 263.614861 350.152349
67 68 76 0.355540 0.472233 0.172227 265.767276 353.684890
67 68 76 0.859541 0.047112 0.093347 255.680343 348.836189
68 77 76 0.298653 0.227826 0.473521 267.818978 356.236308
68 77 76 0.435987 0.346043 0.217970 276.207174 357.181709
68 77 76 0.281855 0.232836 0.485310 268.755799 357.958494
68 77 76 0.197378 0.709253 0.093369 281.316669 355.331045
68 77 76 0.607735 0.363306 0.028959 284.112230 355.833808
68 77 76 0.551831 0.120302 0.327867 270.856446 351.645435
68 77 76 0.420671 0.347301 0.232028 276.167888 355.827037
68 77 76 0.936640 0.025130 0.038230 281.383703 356.077017
68 77 76 0.702291 0.266686 0.031023 285.302713 349.664316
68 77 76 0.460282 0.124018 0.415700 270.349202 354.677032
68 69 77 0.115190 0.133583 0.751228 285.742249 353.644153
68 69 77 0.281436 0.050059 0.668505 282.285968 356.673454
68 69 77 0.284277 0.136247 0.579476 289.742402 353.157211
68 69 77 0.276242 0.655286 0.068472 305.354191 356.652578
68 69 77 0.341890 0.528054 0.130056 303.897944 353.356858
68 69 77 0.917693 0.071508 0.010799 284.011953 351.551114
68 69 77 0.516472 0.401192 0.082336 295.981322 349.939971
68 69 77 0.847148 0.028752 0.124101 284.412713 352.057165
68 69 77 0.829852 0.038798 0.131350 284.199599 348.499051
68 69 77 0.052805 0.902188 0.045008 312.129316 354.760311
69 78 77 0.734329 0.157767 0.107904 312.694205 357.791385
69 78 77 0.455181 0.093506 0.451312 302.477197 354.817968
69 78 77 0.836186 0.108309 0.055505 309.734844 352.385018
69 78 77 0.686383 0.027644 0.285973 308.284876 357.582113
69 78 77 0.739218 0.249785 0.010996 313.227883 361.118413
69 78 77 0.510124 0.103452 0.386424 305.595609 355.043836
69 78 77 0.473701 0.518138 0.008161 317.003982 362.942285
69 78 77 0.518051 0.353114 0.128835 305.849781 356.394125
69 78 77 0.188041 0.648471 0.163488 312.407891 359.356925
69 78 77 0.794088 0.074850 0.131063 308.148487 354.314456
69 70 78 0.916627 0.020745 0.062629 316.754213 355.500024
69 70 78 0.892556 0.031455 0.075989 318.274732 354.103333
69 70 78 0.161323 0.316220 0.522457 325.951778 356.797604
69 70 78 0.025086 0.354633 0.620281 322.382574 361.739284
69 70 78 0.143491 0.221380 0.635130 322.341439 360.739559
69 70 78 0.882682 0.052986 0.064332 320.029535 354.160302
69 70 78 0.044211 0.931319 0.024469 351.385619 355.401437
69 70 78 0.563794 0.263463 0.172743 324.288292 353.786771
69 70 78 0.429438 0.432779 0.137783 330.980846 353.098611
69 70 78 0.856173 0.083874 0.059953 319.101631 355.337663
70 79 78 0.745929 0.247409 0.006662 351.077187 356.549854
70 79 78 0.501671 0.072468 0.425861 331.428931 361.643481
70 79 78 0.230592 0.545253 0.224155 340.024473 363.726658
70 79 78 0.335911 0.051000 0.613089 328.756218 362.523132
70 79 78 0.260867 0.667736 0.071397 344.943827 362.266319
70 79 78 0.444925 0.282012 0.273062 336.179721 361.141525
70 79 78 0.158532 0.656846 0.184622 339.569606 364.981139
70 79 78 0.590902 0.386172 0.022926 348.608090 358.829113
70 79 78 0.763307 0.029819 0.206874 342.517061 359.665393
70 79 78 0.044737 0.058094 0.897168 318.962842 363.184393
70 71 79 0.604903 0.093098 0.301999 351.864296 360.915553
70 71 79 0.692747 0.053199 0.254054 351.276766 361.223455
70 71 79 0.883338 0.100399 0.016263 353.546403 356.717959
70 71 79 0.737868 0.034195 0.227937 351.503896 358.146792
70 71 79 0.109871 0.262465 0.627664 356.042358 362.127192
70 71 79 0.516046 0.257462 0.226492 361.935306 361.811266
70 71 79 0.824926 0.129254 0.045820 356.242342 358.273075
70 71 79 0.924224 0.055309 0.020467 354.069675 355.429124
70 71 79 0.623312 0.246250 0.130438 357.795268 358.597499
70 71 79 0.112563 0.054079 0.833358 347.261620 366.875526
71 80 79 0.453071 0.521716 0.025213 381.672182 363.751867
71 80 79 0.687697 0.194682 0.117621 384.058608 360.359726
71 80 79 0.587768 0.355030 0.057202 384.904276 363.574765
71 80 79 0.333163 0.260424 0.406413 369.172510 362.222886
71 80 79 0.628726 0.318640 0.052634 382.897453 367.073132
71 80 79 0.775253 0.090312 0.134435 385.632687 364.173330
71 80 79 0.419929 0.036007 0.544065 363.942872 360.930067
71 80 79 0.691243 0.300584 0.008173 384.309479 361.447979
71 80 79 0.384990 0.570837 0.044173 380.486685 368.604660
71 80 79 0.546289 0.159200 0.294511 375.052231 365.555791
