0 1 9 0.057827 0.935376 0.006797 114.908372 128.774878
0 1 9 0.117683 0.596307 0.286010 100.859425 142.465635
0 1 9 0.950946 0.017902 0.031152 76.852884 131.497956
0 1 9 0.359052 0.386414 0.254534 91.771095 142.922368
0 1 9 0.835066 0.019030 0.145904 79.018681 134.530720
0 1 9 0.824160 0.121431 0.054409 84.822113 132.320196
0 1 9 0.588232 0.102396 0.309372 84.968862 140.058432
0 1 9 0.490513 0.381390 0.128097 91.755076 132.563436
0 1 9 0.068432 0.526969 0.404599 98.006689 142.087355
0 1 9 0.728862 0.216640 0.054498 85.375265 128.460472
1 10 9 0.043744 0.192395 0.763861 81.945248 163.884564
1 10 9 0.896720 0.090266 0.013014 119.748780 134.300750
1 10 9 0.085165 0.846131 0.068704 115.413106 164.436099
1 10 9 0.686171 0.172440 0.141390 113.342785 136.544853
1 10 9 0.476968 0.310761 0.212271 107.374912 150.311645
1 10 9 0.076402 0.043697 0.879901 77.445369 159.597301
1 10 9 0.729055 0.253629 0.017316 118.969875 138.887816
1 10 9 0.332002 0.097257 0.570741 93.420518 151.363896
1 10 9 0.979533 0.015487 0.004980 120.064361 129.415672
1 10 9 0.904408 0.074935 0.020657 119.237682 131.984366
1 2 10 0.087000 0.347533 0.565467 129.789028 149.059756
1 2 10 0.473776 0.476194 0.050030 143.020854 130.758648
1 2 10 0.709990 0.105397 0.184613 123.661611 133.864059
1 2 10 0.615457 0.030706 0.353836 119.398395 139.394994
1 2 10 0.826883 0.099128 0.073989 123.328666 133.378044
1 2 10 0.118861 0.809059 0.072080 153.282931 130.280972
1 2 10 0.380361 0.549563 0.070075 142.808911 133.591017
1 2 10 0.772872 0.175410 0.051718 127.380817 130.466697
1 2 10 0.787911 0.105123 0.106966 123.241942 134.513556
1 2 10 0.434495 0.374137 0.191368 132.965516 140.404357
2 11 10 0.875885 0.093406 0.030709 159.635791 133.610535
2 11 10 0.714640 0.255785 0.029575 158.404718 138.708788
2 11 10 0.904115 0.083163 0.012722 157.489290 132.815605
2 11 10 0.667420 0.245188 0.087392 156.460448 139.467527
2 11 10 0.227621 0.408980 0.363400 143.824744 159.415289
2 11 10 0.743551 0.179532 0.076917 155.100951 139.406594
2 11 10 0.486436 0.045455 0.468110 139.749530 148.250609
2 11 10 0.664918 0.256232 0.078850 157.538661 141.860914
2 11 10 0.691662 0.266044 0.042294 160.645906 144.245589
2 11 10 0.174037 0.055554 0.770409 125.035749 159.914915
2 3 11 0.374520 0.144474 0.481006 167.957326 145.710467
2 3 11 0.850260 0.064219 0.085520 163.593899 131.166599
2 3 11 0.186071 0.528766 0.285163 181.937407 139.981746
2 3 11 0.276245 0.075594 0.648161 161.764958 149.772962
2 3 11 0.712150 0.286741 0.001109 173.558102 131.022003
2 3 11 0.987975 0.010921 0.001104 160.930275 131.438161
2 3 11 0.361450 0.194392 0.444158 167.149113 142.259752
2 3 11 0.283596 0.072457 0.643947 159.990563 151.991050
2 3 11 0.393933 0.031281 0.574786 160.526638 148.109582
2 3 11 0.483759 0.504387 0.011854 182.233962 130.876095
3 12 11 0.891228 0.018456 0.090316 198.285085 134.078911
3 12 11 0.570363 0.017037 0.412599 182.174771 144.770168
3 12 11 0.366302 0.040191 0.593507 176.609341 149.660374
3 12 11 0.355085 0.636649 0.008267 203.622886 148.303825
3 12 11 0.081237 0.099947 0.818816 166.443363 162.043830
3 12 11 0.086989 0.435970 0.477041 177.948866 162.667150
3 12 11 0.211208 0.643695 0.145097 192.048937 159.715903
3 12 11 0.259202 0.122104 0.618694 174.137664 157.289354
3 12 11 0.445211 0.407141 0.147649 196.871341 150.634033
3 12 11 0.643666 0.120138 0.236196 192.191853 141.054198
3 4 12 0.725187 0.213037 0.061777 211.480612 133.640431
3 4 12 0.009018 0.045869 0.945113 203.854638 163.179318
3 4 12 0.114826 0.833246 0.051928 233.732937 129.942245
3 4 12 0.663316 0.162795 0.173889 209.360064 132.762129
3 4 12 0.423207 0.025942 0.550850 204.088354 150.687388
3 4 12 0.573509 0.316714 0.109777 213.762441 131.080451
3 4 12 0.563390 0.157223 0.279387 204.795829 140.356195
3 4 12 0.273030 0.415580 0.311390 220.396668 144.310226
3 4 12 0.766608 0.059581 0.173812 205.802862 134.927800
3 4 12 0.308959 0.314863 0.376178 214.598392 142.030757
4 13 12 0.444180 0.408485 0.147334 237.231162 150.548115
4 13 12 0.683550 0.132932 0.183519 238.162498 141.531840
4 13 12 0.029037 0.537930 0.433034 229.555271 166.145240
4 13 12 0.678873 0.079270 0.241857 231.539301 143.726196
4 13 12 0.444026 0.274123 0.281851 230.978158 150.969108
4 13 12 0.376654 0.155507 0.467839 223.821621 149.501882
4 13 12 0.559792 0.249472 0.190736 235.522294 147.388666
4 13 12 0.240234 0.085909 0.673856 212.278731 159.815301
4 13 12 0.742309 0.210299 0.047392 238.577129 141.192401
4 13 12 0.739498 0.130929 0.129573 238.358727 140.525982
4 5 13 0.822406 0.044208 0.133386 243.032619 137.398476
4 5 13 0.392223 0.262364 0.345412 252.786908 143.892429
4 5 13 0.803975 0.040910 0.155115 247.173969 135.560184
4 5 13 0.547505 0.264044 0.188452 253.260219 135.168125
4 5 13 0.414043 0.150974 0.434983 250.683646 143.559507
4 5 13 0.420238 0.556275 0.023487 268.039204 135.657901
4 5 13 0.321796 0.309649 0.368555 255.364673 145.474683
4 5 13 0.344306 0.017003 0.638691 243.449113 151.725632
4 5 13 0.176078 0.687080 0.136842 276.105421 140.477859
4 5 13 0.574872 0.276867 0.148261 255.585599 142.175070
5 14 13 0.547674 0.069521 0.382805 269.296911 145.784048
5 14 13 0.488695 0.327036 0.184269 279.716922 151.168943
5 14 13 0.401485 0.221128 0.377387 275.031266 152.669563
5 14 13 0.935719 0.008322 0.055959 281.912172 137.502137
5 14 13 0.779398 0.074505 0.146097 274.998366 140.665332
5 14 13 0.357273 0.052955 0.589772 260.535482 154.567776
5 14 13 0.407465 0.291720 0.300815 274.516978 150.851070
5 14 13 0.698778 0.038182 0.263040 276.509339 144.679489
5 14 13 0.247386 0.518485 0.234129 278.909734 160.252262
5 14 13 0.175527 0.463592 0.360881 271.663856 162.551121
5 6 14 0.551440 0.029589 0.418971 290.482739 143.707910
5 6 14 0.469494 0.388778 0.141728 306.236809 136.620937
5 6 14 0.896221 0.061492 0.042287 290.237575 135.636374
5 6 14 0.073696 0.314124 0.612180 301.401474 152.322685
5 6 14 0.684446 0.276187 0.039367 296.647168 134.111524
5 6 14 0.888411 0.030428 0.081162 286.867093 133.426589
5 6 14 0.304455 0.193407 0.502138 296.605173 151.817270
5 6 14 0.228000 0.501159 0.270840 306.574478 140.951557
5 6 14 0.226774 0.247758 0.525468 297.524496 146.961192
5 6 14 0.785205 0.019628 0.195167 290.186774 140.709508
6 15 14 0.745462 0.151244 0.103294 324.154293 143.802621
6 15 14 0.439725 0.110592 0.449683 310.326105 146.917257
6 15 14 0.294765 0.126486 0.578749 304.170502 153.637044
6 15 14 0.314144 0.286905 0.398951 312.378148 156.844469
6 15 14 0.214346 0.075445 0.710209 298.834957 157.679498
6 15 14 0.540719 0.180645 0.278636 317.717404 149.002439
6 15 14 0.516720 0.474819 0.008461 332.401200 150.074739
6 15 14 0.643356 0.057147 0.299497 316.088635 146.013435
6 15 14 0.777234 0.207314 0.015452 326.911183 143.884583
6 15 14 0.972973 0.018983 0.008044 324.717608 131.129459
6 7 15 0.710520 0.237257 0.052223 338.281049 136.364020
6 7 15 0.539326 0.068883 0.391790 335.622506 146.419503
6 7 15 0.398785 0.433094 0.168121 347.305964 148.052167
6 7 15 0.713016 0.244252 0.042731 338.525701 135.482209
6 7 15 0.119357 0.021956 0.858686 335.023025 162.624268
6 7 15 0.679014 0.111293 0.209693 333.363717 142.580211
6 7 15 0.976165 0.023339 0.000495 329.741135 134.723169
6 7 15 0.652415 0.013314 0.334271 329.704932 147.613475
6 7 15 0.326176 0.440541 0.233283 346.946570 145.201726
6 7 15 0.366348 0.608852 0.024800 355.720109 137.552734
7 16 15 0.396408 0.015792 0.587799 348.376309 156.414792
7 16 15 0.422783 0.158117 0.419100 357.367706 156.351213
7 16 15 0.194280 0.583533 0.222187 366.500343 158.549483
7 16 15 0.991728 0.003115 0.005157 371.340617 139.689701
7 16 15 0.485521 0.473294 0.041186 370.358130 148.495923
7 16 15 0.167828 0.123338 0.708834 347.086551 160.896805
7 16 15 0.915164 0.006193 0.078643 367.423897 138.722315
7 16 15 0.552967 0.221241 0.225791 362.343619 152.235120
7 16 15 0.161511 0.829106 0.009383 377.399661 162.737077
7 16 15 0.499472 0.475951 0.024577 371.500424 149.984760
7 8 16 0.612083 0.032220 0.355697 375.632053 147.551299
7 8 16 0.244634 0.687933 0.067433 401.305634 137.961559
7 8 16 0.765131 0.214152 0.020717 380.945704 137.188779
7 8 16 0.223105 0.019985 0.756910 379.205292 158.435576
7 8 16 0.117848 0.365161 0.516991 388.857534 153.693975
7 8 16 0.801915 0.088938 0.109147 375.455611 140.472718
7 8 16 0.145799 0.299919 0.554282 386.378998 151.337858
7 8 16 0.683478 0.146433 0.170089 378.907700 142.948578
7 8 16 0.731745 0.090703 0.177552 378.026405 139.743309
7 8 16 0.025241 0.445612 0.529148 392.705813 151.337210
8 17 16 0.025124 0.803774 0.171102 410.496702 165.055707
8 17 16 0.817827 0.074784 0.107389 404.858190 142.494520
8 17 16 0.485026 0.493895 0.021079 412.326976 152.774900
8 17 16 0.459984 0.501981 0.038035 414.290052 155.090713
8 17 16 0.699318 0.074528 0.226154 403.174724 145.260077
8 17 16 0.133219 0.628601 0.238180 410.867625 162.388724
8 17 16 0.339844 0.193904 0.466251 400.119241 157.445527
8 17 16 0.670936 0.067509 0.261555 405.067147 147.887641
8 17 16 0.903550 0.077157 0.019293 412.625224 143.424217
8 17 16 0.553294 0.220750 0.225957 402.176568 152.827761
9 10 18 0.913783 0.032745 0.053472 75.359948 163.463605
9 10 18 0.566351 0.275157 0.158492 84.494933 177.081468
9 10 18 0.815638 0.085476 0.098887 75.414649 167.965831
9 10 18 0.055992 0.151745 0.792264 76.668375 199.050516
9 10 18 0.390432 0.183676 0.425892 75.764747 183.383370
9 10 18 0.915999 0.020147 0.063854 70.427446 170.296196
9 10 18 0.559318 0.245652 0.195030 80.536911 171.175652
9 10 18 0.187992 0.606891 0.205117 98.051062 171.575877
9 10 18 0.524165 0.083722 0.392113 73.322111 181.400922
9 10 18 0.372056 0.385582 0.242362 88.476752 173.570970
10 19 18 0.972682 0.018234 0.009085 116.269062 162.339830
10 19 18 0.401518 0.212610 0.385872 96.545161 188.992992
10 19 18 0.802293 0.016211 0.181495 108.897073 172.571458
10 19 18 0.677730 0.149861 0.172409 108.233229 177.162059
10 19 18 0.373764 0.206805 0.419431 95.411642 194.910329
10 19 18 0.917133 0.059916 0.022951 113.227148 168.115540
10 19 18 0.771493 0.211609 0.016898 112.081019 174.595159
10 19 18 0.204606 0.076891 0.718503 78.262031 199.842317
10 19 18 0.366526 0.473900 0.159574 104.981714 193.650035
10 19 18 0.889310 0.061328 0.049362 113.454418 166.476058
10 11 19 0.394618 0.112197 0.493185 117.822581 185.488953
10 11 19 0.697258 0.006112 0.296630 116.309155 176.460610
10 11 19 0.295685 0.276857 0.427458 123.498406 180.678867
10 11 19 0.306172 0.126985 0.566843 116.709064 193.242959
10 11 19 0.439751 0.073039 0.487210 115.133837 187.525660
10 11 19 0.290038 0.088214 0.621748 119.384394 193.031752
10 11 19 0.416746 0.154630 0.428624 119.072079 182.013519
10 11 19 0.068623 0.474634 0.456744 136.133352 185.947447
10 11 19 0.101323 0.681513 0.217165 141.088301 171.056278
10 11 19 0.742211 0.234714 0.023074 128.653175 163.404364
11 20 19 0.548742 0.268317 0.182941 147.197835 182.990990
11 20 19 0.240191 0.735289 0.024520 151.841568 196.188704
11 20 19 0.979947 0.012528 0.007525 159.422094 167.725595
11 20 19 0.467155 0.050030 0.482815 134.850778 186.943508
11 20 19 0.640489 0.162484 0.197027 146.501986 176.737865
11 20 19 0.876840 0.018096 0.105064 147.789313 171.166453
11 20 19 0.122146 0.429232 0.448622 134.913582 205.444788
11 20 19 0.987465 0.004741 0.007795 153.926947 164.536879
11 20 19 0.581394 0.178846 0.239760 144.112706 181.188711
11 20 19 0.203916 0.522501 0.273583 144.386337 200.575432
11 12 20 0.916033 0.041672 0.042295 158.729735 168.382841
11 12 20 0.096547 0.055391 0.848062 155.329101 202.504757
11 12 20 0.083016 0.638070 0.278913 184.220019 178.037220
11 12 20 0.415580 0.402553 0.181866 175.804077 174.219760
11 12 20 0.548420 0.146804 0.304777 162.720337 175.619825
11 12 20 0.468317 0.481713 0.049970 175.006760 164.357217
11 12 20 0.851795 0.012673 0.135532 153.162134 172.103055
11 12 20 0.586725 0.035410 0.377866 155.154485 184.555160
11 12 20 0.925385 0.009912 0.064702 161.145496 165.041030
11 12 20 0.193673 0.684609 0.121718 187.636540 168.436115
12 21 20 0.416307 0.275789 0.307904 182.643494 190.709970
12 21 20 0.020569 0.245091 0.734340 162.464458 211.338564
12 21 20 0.277334 0.568398 0.154269 189.361732 196.972972
12 21 20 0.146365 0.413239 0.440396 176.541059 201.356597
12 21 20 0.345516 0.058702 0.595781 172.710318 196.735096
12 21 20 0.238530 0.460852 0.300618 183.806637 199.609416
12 21 20 0.292430 0.527392 0.180178 190.698800 197.404988
12 21 20 0.207402 0.613674 0.178923 186.655105 198.413997
12 21 20 0.114061 0.310053 0.575886 174.910210 205.852021
12 21 20 0.203673 0.589540 0.206788 189.307898 198.495530
12 13 21 0.199239 0.171109 0.629652 205.966743 189.662075
12 13 21 0.094761 0.869008 0.036231 238.112625 166.300295
12 13 21 0.498573 0.322520 0.178906 215.482122 175.142115
12 13 21 0.597083 0.059884 0.343033 203.949426 184.531319
12 13 21 0.950255 0.012737 0.037008 200.576481 166.930903
12 13 21 0.803813 0.055588 0.140599 203.030277 172.369233
12 13 21 0.401231 0.526346 0.072423 219.506071 166.290529
12 13 21 0.548386 0.442875 0.008739 222.414212 166.647716
12 13 21 0.220743 0.700072 0.079185 228.297317 170.461245
12 13 21 0.888882 0.074796 0.036322 202.727694 165.309783
13 22 21 0.673921 0.046821 0.279258 230.878302 183.395740
13 22 21 0.436405 0.080584 0.483011 223.505571 188.142679
13 22 21 0.877173 0.071296 0.051531 238.430560 169.357820
13 22 21 0.992577 0.003658 0.003765 241.971301 169.042507
13 22 21 0.098918 0.281719 0.619362 216.989822 207.317430
13 22 21 0.030937 0.268549 0.700514 208.397166 210.056555
13 22 21 0.181339 0.479548 0.339113 225.955948 202.677398
13 22 21 0.219266 0.328980 0.451754 217.221136 201.982175
13 22 21 0.324069 0.349132 0.326798 230.978900 194.781447
13 22 21 0.749411 0.245090 0.005499 245.776485 175.001309
13 14 22 0.122509 0.664322 0.213169 273.555887 175.876233
13 14 22 0.475390 0.190638 0.333972 252.240506 178.386753
13 14 22 0.916651 0.053742 0.029606 243.921825 171.736413
13 14 22 0.495584 0.390953 0.113464 264.395023 169.531616
13 14 22 0.418224 0.222550 0.359226 254.582310 181.138424
13 14 22 0.676432 0.011899 0.311669 243.401202 178.928772
13 14 22 0.423225 0.464297 0.112478 265.215125 173.183683
13 14 22 0.115661 0.196158 0.688180 253.029204 192.576857
13 14 22 0.138176 0.793008 0.068816 278.949733 165.482841
13 14 22 0.589013 0.197812 0.213175 249.762043 175.940251
14 23 22 0.844579 0.018191 0.137229 285.827976 170.899862
14 23 22 0.113471 0.748387 0.138142 279.083052 203.144794
14 23 22 0.893755 0.010752 0.095493 280.982102 169.195482
14 23 22 0.069824 0.070006 0.860170 251.912794 206.652255
14 23 22 0.408666 0.224097 0.367237 271.133313 189.929308
14 23 22 0.975275 0.013389 0.011336 290.520801 164.541666
14 23 22 0.827677 0.151379 0.020944 290.401545 178.545487
14 23 22 0.914995 0.033788 0.051216 288.588935 169.580253
14 23 22 0.362367 0.437457 0.200175 282.432690 195.367075
14 23 22 0.017135 0.635250 0.347614 271.056820 208.637140
14 15 23 0.952953 0.013654 0.033393 289.715428 169.284523
14 15 23 0.361150 0.395904 0.242946 305.301639 182.024801
14 15 23 0.097499 0.507077 0.395424 307.739762 187.800744
14 15 23 0.116046 0.511940 0.372014 310.657228 185.601218
14 15 23 0.386710 0.411619 0.201671 306.129646 175.550163
14 15 23 0.312834 0.570635 0.116531 315.223000 173.085217
14 15 23 0.340108 0.108325 0.551567 291.800393 187.174516
14 15 23 0.418608 0.094608 0.486784 292.030753 187.881067
14 15 23 0.752761 0.007500 0.239739 291.013322 176.163501
14 15 23 0.324255 0.661508 0.014238 315.717762 169.823727
15 24 23 0.777484 0.221765 0.000750 331.900332 173.747272
15 24 23 0.183229 0.803463 0.013308 334.138063 202.366924
15 24 23 0.911058 0.020143 0.068799 328.400145 171.227129
15 24 23 0.954836 0.039560 0.005604 332.255249 167.998459
15 24 23 0.830068 0.155305 0.014627 330.129624 177.164412
15 24 23 0.761665 0.177141 0.061194 329.746249 182.743436
15 24 23 0.804851 0.159596 0.035553 329.666841 172.128100
15 24 23 0.466519 0.082533 0.450947 309.310713 190.718897
15 24 23 0.410520 0.551937 0.037543 330.996153 191.837789
15 24 23 0.744491 0.030855 0.224654 324.241421 177.684321
15 16 24 0.269345 0.046461 0.684193 332.423248 194.289323
15 16 24 0.582922 0.291601 0.125477 345.670008 173.204964
15 16 24 0.974347 0.020136 0.005517 332.420757 170.397720
15 16 24 0.911777 0.060167 0.028056 332.696580 170.234878
15 16 24 0.349636 0.556012 0.094352 356.568110 174.065895
15 16 24 0.342210 0.126986 0.530804 332.705179 193.485316
15 16 24 0.144027 0.393319 0.462654 349.019613 185.654924
15 16 24 0.873690 0.047744 0.078566 332.663917 171.412278
15 16 24 0.420651 0.336456 0.242893 350.036762 180.562523
15 16 24 0.660400 0.182103 0.157497 340.070465 176.617035
16 25 24 0.834239 0.006283 0.159478 372.186863 175.089684
16 25 24 0.109320 0.839702 0.050978 374.648399 205.285801
16 25 24 0.472507 0.365635 0.161859 369.236531 192.071235
16 25 24 0.627880 0.029286 0.342834 362.155954 184.668827
16 25 24 0.291713 0.327895 0.380392 355.310173 198.889311
16 25 24 0.643471 0.278805 0.077723 371.535939 184.567358
16 25 24 0.811443 0.081251 0.107305 372.090233 178.471567
16 25 24 0.596892 0.128864 0.274244 364.510565 185.127668
16 25 24 0.684711 0.052672 0.262617 365.647151 180.208661
16 25 24 0.539084 0.348337 0.112579 370.890083 187.335748
16 17 25 0.952701 0.015417 0.031882 376.253809 166.511328
16 17 25 0.254559 0.176253 0.569187 385.218480 187.725275
16 17 25 0.017657 0.726933 0.255410 406.416848 179.310958
16 17 25 0.119118 0.677378 0.203503 402.342739 177.579692
16 17 25 0.582989 0.045923 0.371088 378.896865 183.358133
16 17 25 0.609968 0.194131 0.195901 383.614718 174.710495
16 17 25 0.373003 0.554640 0.072357 402.184221 167.936534
16 17 25 0.358044 0.366028 0.275928 392.272966 179.056246
16 17 25 0.982934 0.013475 0.003591 380.685545 169.364484
16 17 25 0.605942 0.282725 0.111333 388.991822 175.886212
17 26 25 0.252670 0.413289 0.334041 409.028054 196.689174
17 26 25 0.342689 0.322412 0.334899 405.783019 194.615216
17 26 25 0.401906 0.434593 0.163502 415.943058 193.441921
17 26 25 0.366796 0.598522 0.034683 418.184925 193.478304
17 26 25 0.169201 0.206928 0.623871 392.845684 201.943828
17 26 25 0.294820 0.683206 0.021974 423.078476 196.080288
17 26 25 0.687574 0.110787 0.201639 410.944140 181.386296
17 26 25 0.863691 0.074387 0.061922 418.136125 171.820490
17 26 25 0.236029 0.029984 0.733987 385.537985 199.682443
17 26 25 0.030030 0.371980 0.597989 397.855229 211.342111
18 19 27 0.806414 0.152801 0.040786 75.455028 208.440229
18 19 27 0.517797 0.137338 0.344864 74.097262 224.509863
18 19 27 0.369392 0.596314 0.034295 92.843880 208.224938
18 19 27 0.520401 0.065362 0.414236 73.149280 226.004434
18 19 27 0.802731 0.112457 0.084812 75.742127 214.820703
18 19 27 0.602000 0.013900 0.384101 70.877678 226.370919
18 19 27 0.749358 0.109194 0.141448 75.022074 216.925690
18 19 27 0.575709 0.050261 0.374030 73.287794 225.805232
18 19 27 0.111655 0.640901 0.247444 93.273722 218.998903
18 19 27 0.863442 0.061451 0.075108 70.143996 210.615632
19 28 27 0.173179 0.052400 0.774422 85.627191 240.929705
19 28 27 0.502495 0.400946 0.096559 108.833253 230.052963
19 28 27 0.892133 0.043135 0.064733 109.681215 211.562707
19 28 27 0.257666 0.326920 0.415414 98.196587 244.103755
19 28 27 0.441274 0.289161 0.269565 102.633314 234.555579
19 28 27 0.344224 0.597692 0.058084 114.363133 236.402936
19 28 27 0.299983 0.372120 0.327897 99.770788 239.954364
19 28 27 0.535314 0.168801 0.295885 100.791200 230.995568
19 28 27 0.086603 0.723798 0.189598 108.428482 248.340589
19 28 27 0.464290 0.334133 0.201577 103.714055 233.515566
19 20 28 0.581269 0.075428 0.343302 116.509515 224.451969
19 20 28 0.138749 0.752154 0.109097 143.019595 216.552975
19 20 28 0.546741 0.231678 0.221581 119.943367 221.193042
19 20 28 0.922351 0.002980 0.074669 112.103531 211.414499
19 20 28 0.612068 0.242734 0.145198 125.076855 216.044871
19 20 28 0.369897 0.490210 0.139893 133.398181 215.138349
19 20 28 0.734381 0.243652 0.021968 117.578061 210.176422
19 20 28 0.875314 0.071476 0.053210 112.049854 215.939568
19 20 28 0.902441 0.049904 0.047655 110.942994 211.107505
19 20 28 0.970037 0.019207 0.010756 113.278452 209.191350
20 29 28 0.288245 0.029124 0.682631 127.444074 238.568400
20 29 28 0.176799 0.675348 0.147853 150.525874 246.398041
20 29 28 0.531538 0.230714 0.237748 141.793184 230.570776
20 29 28 0.719596 0.213883 0.066520 154.339603 222.950576
20 29 28 0.553705 0.340315 0.105979 149.799290 230.506654
20 29 28 0.540801 0.010027 0.449172 137.377680 227.832601
20 29 28 0.495535 0.285305 0.219160 148.403510 232.191696
20 29 28 0.217708 0.712795 0.069496 151.933944 243.776544
20 29 28 0.595098 0.236976 0.167925 147.804108 228.190529
20 29 28 0.010332 0.167036 0.822632 122.922681 251.809530
20 21 29 0.896100 0.086542 0.017358 159.422754 210.008246
20 21 29 0.030265 0.125456 0.844279 161.818474 243.540875
20 21 29 0.766951 0.219056 0.013993 167.769417 210.627430
20 21 29 0.483339 0.488603 0.028057 176.892231 213.464548
20 21 29 0.938727 0.038916 0.022357 154.783951 209.664596
20 21 29 0.088468 0.272590 0.638942 163.663169 238.240424
20 21 29 0.340187 0.563046 0.096767 174.805094 215.343253
20 21 29 0.425545 0.572914 0.001541 181.267401 211.495752
20 21 29 0.141079 0.280293 0.578628 165.451360 235.452957
20 21 29 0.351118 0.051258 0.597624 155.329984 238.895079
21 30 29 0.480034 0.424964 0.095002 195.239689 233.427292
21 30 29 0.199484 0.225454 0.575062 172.340164 245.583661
21 30 29 0.806506 0.098446 0.095048 195.662455 215.117370
21 30 29 0.210627 0.525144 0.264229 185.285953 243.725585
21 30 29 0.400161 0.239826 0.360012 182.815964 234.921188
21 30 29 0.197098 0.228845 0.574057 171.596462 244.061905
21 30 29 0.323195 0.068886 0.607919 169.085445 242.123900
21 30 29 0.839633 0.103553 0.056815 187.913735 215.996890
21 30 29 0.523419 0.474085 0.002496 198.452223 231.575588
21 30 29 0.606218 0.150571 0.243211 193.203297 226.241897
21 22 30 0.937856 0.058498 0.003646 201.597528 208.403851
21 22 30 0.875506 0.029137 0.095356 198.671363 213.749001
21 22 30 0.068802 0.625982 0.305216 223.915457 221.014717
21 22 30 0.677704 0.054818 0.267478 200.152485 221.712333
21 22 30 0.273980 0.475125 0.250895 217.056022 220.823327
21 22 30 0.298300 0.430628 0.271073 217.801141 221.948636
21 22 30 0.511124 0.416579 0.072297 217.277620 210.577594
21 22 30 0.715089 0.162164 0.122747 205.706512 218.111878
21 22 30 0.832953 0.128027 0.039019 201.989171 210.696485
21 22 30 0.133796 0.766168 0.100036 233.654483 216.248015
22 31 30 0.149169 0.500093 0.350738 223.219485 248.798218
22 31 30 0.776897 0.186295 0.036808 238.890000 219.294468
22 31 30 0.008784 0.672344 0.318873 231.188259 255.956879
22 31 30 0.299624 0.292864 0.407513 224.768216 238.201674
22 31 30 0.875476 0.012673 0.111851 232.997477 215.020700
22 31 30 0.594515 0.388306 0.017180 242.284162 224.419583
22 31 30 0.378767 0.193250 0.427983 222.378605 237.000579
22 31 30 0.817452 0.152972 0.029576 240.884444 216.671979
22 31 30 0.868230 0.079105 0.052665 240.883384 213.541473
22 31 30 0.644171 0.252635 0.103195 235.754220 222.370943
22 23 31 0.883499 0.057236 0.059264 244.312413 209.532171
22 23 31 0.017858 0.789322 0.192820 280.935281 219.043889
22 23 31 0.760581 0.037941 0.201478 242.348140 218.494543
22 23 31 0.860313 0.059569 0.080118 245.501930 211.221827
22 23 31 0.596166 0.274520 0.129313 252.737199 211.364315
22 23 31 0.519678 0.393263 0.087059 258.942229 214.370220
22 23 31 0.002841 0.976937 0.020222 285.669386 210.190253
22 23 31 0.824735 0.029244 0.146021 243.926790 217.979081
22 23 31 0.784577 0.032260 0.183163 242.566283 217.989165
22 23 31 0.255028 0.701920 0.043052 276.692634 211.650139
23 32 31 0.447297 0.419399 0.133304 281.926671 236.919532
23 32 31 0.409285 0.120875 0.469840 264.091254 235.869842
23 32 31 0.384514 0.097882 0.517604 262.122730 238.098250
23 32 31 0.005701 0.133624 0.860675 248.270898 255.538601
23 32 31 0.267687 0.132097 0.600215 258.785147 243.039406
23 32 31 0.253458 0.660396 0.086146 283.650142 241.903939
23 32 31 0.254161 0.739506 0.006334 284.874797 244.525926
23 32 31 0.039989 0.292007 0.668004 254.978806 252.369484
23 32 31 0.578509 0.206205 0.215286 277.161238 227.024219
23 32 31 0.258245 0.130157 0.611598 261.973707 238.545415
23 24 32 0.866314 0.087266 0.046420 291.355109 212.817053
23 24 32 0.144766 0.104376 0.750858 287.531315 239.949983
23 24 32 0.031325 0.615932 0.352743 315.623212 228.991428
23 24 32 0.459688 0.019808 0.520504 285.737551 233.647863
23 24 32 0.895717 0.005544 0.098739 289.597743 215.915709
23 24 32 0.174633 0.461232 0.364135 308.657632 228.272091
23 24 32 0.348067 0.359973 0.291960 300.996270 221.921340
23 24 32 0.049871 0.555896 0.394233 311.267089 228.140215
23 24 32 0.876607 0.031804 0.091589 294.104786 214.157800
23 24 32 0.436397 0.465764 0.097839 309.695924 214.785193
24 33 32 0.051393 0.012663 0.935944 291.359635 248.740635
24 33 32 0.616710 0.220705 0.162585 326.182397 228.600371
24 33 32 0.059149 0.226028 0.714823 295.879622 248.597071
24 33 32 0.956308 0.043369 0.000323 329.876664 210.538018
24 33 32 0.256742 0.092610 0.650648 299.903664 245.463653
24 33 32 0.283290 0.687317 0.029393 332.664846 241.151064
24 33 32 0.338476 0.527886 0.133638 324.406905 236.714310
24 33 32 0.866130 0.112643 0.021227 329.645371 213.216508
24 33 32 0.005829 0.772647 0.221524 320.051317 255.293353
24 33 32 0.169661 0.644826 0.185513 325.061183 243.471392
24 25 33 0.776915 0.010796 0.212289 331.548303 216.045781
24 25 33 0.564642 0.422971 0.012387 352.886731 211.196403
24 25 33 0.192660 0.312035 0.495305 343.493159 232.685964
24 25 33 0.572126 0.405095 0.022778 349.215354 215.133735
24 25 33 0.660947 0.054116 0.284936 336.097631 219.889105
24 25 33 0.436194 0.146816 0.416990 336.335721 229.688581
24 25 33 0.567048 0.076205 0.356746 336.076093 225.480374
24 25 33 0.730419 0.203379 0.066202 341.762485 215.662530
24 25 33 0.043024 0.045219 0.911757 334.566649 249.397205
24 25 33 0.159337 0.242380 0.598283 342.263035 235.875160
25 34 33 0.310278 0.219038 0.470684 351.780542 241.808648
25 34 33 0.491339 0.161696 0.346965 360.972338 231.079085
25 34 33 0.635277 0.010833 0.353890 362.856372 228.208994
25 34 33 0.165496 0.494363 0.340141 358.779058 247.316047
25 34 33 0.771476 0.080644 0.147880 369.837943 218.056633
25 34 33 0.255752 0.323957 0.420290 356.139091 243.657024
25 34 33 0.898236 0.094944 0.006820 373.949187 211.016464
25 34 33 0.884878 0.042074 0.073048 375.099387 212.609797
25 34 33 0.264523 0.533011 0.202466 369.433021 240.021980
25 34 33 0.804529 0.062254 0.133217 367.187964 220.948690
25 26 34 0.550115 0.434136 0.015749 397.289520 211.559482
25 26 34 0.888529 0.023724 0.087747 375.937385 210.755312
25 26 34 0.780661 0.102867 0.116472 383.034419 211.147754
25 26 34 0.170270 0.185211 0.644519 387.412113 239.484120
25 26 34 0.914868 0.038948 0.046185 373.484457 209.385818
25 26 34 0.225303 0.733872 0.040825 411.089245 210.500336
25 26 34 0.821320 0.075299 0.103382 379.453398 213.023002
25 26 34 0.709114 0.142784 0.148102 384.421580 216.735494
25 26 34 0.374898 0.015887 0.609215 376.081099 235.891374
25 26 34 0.853167 0.068950 0.077883 379.567219 212.450824
26 35 34 0.314722 0.443958 0.241320 412.299370 241.383024
26 35 34 0.896427 0.035720 0.067853 418.695630 214.258439
26 35 34 0.120969 0.604560 0.274471 407.364953 248.167708
26 35 34 0.397017 0.268122 0.334862 405.692010 237.905490
26 35 34 0.852897 0.049664 0.097439 417.293709 218.409055
26 35 34 0.921257 0.046155 0.032588 421.973657 214.405713
26 35 34 0.186895 0.296436 0.516670 398.212724 250.437623
26 35 34 0.747737 0.071305 0.180958 415.984205 222.586285
26 35 34 0.906135 0.042311 0.051554 421.790309 216.081981
26 35 34 0.850409 0.091187 0.058404 423.545634 213.389785
27 28 36 0.466145 0.295971 0.237885 90.771820 263.259284
27 28 36 0.486583 0.023153 0.490264 77.766360 271.153881
27 28 36 0.128611 0.810649 0.060741 105.405796 258.201714
27 28 36 0.154093 0.762313 0.083594 103.857272 256.467575
27 28 36 0.228055 0.699911 0.072034 104.475793 255.393103
27 28 36 0.464861 0.390898 0.144241 90.157956 257.327145
27 28 36 0.591603 0.037627 0.370770 79.731380 269.101360
27 28 36 0.754004 0.045637 0.200358 76.314755 258.529264
27 28 36 0.857274 0.130752 0.011974 81.344853 253.516176
27 28 36 0.736650 0.161306 0.102043 77.669041 259.370017
28 37 36 0.512196 0.101584 0.386220 105.485951 269.491843
28 37 36 0.210245 0.551137 0.238618 115.174638 278.836912
28 37 36 0.265101 0.255843 0.479056 103.677101 279.297390
28 37 36 0.344811 0.589550 0.065639 121.285724 276.099124
28 37 36 0.195107 0.311312 0.493581 103.100894 280.243643
28 37 36 0.608681 0.144338 0.246981 109.921934 268.493775
28 37 36 0.160399 0.480469 0.359132 107.737510 279.485787
28 37 36 0.350787 0.383933 0.265280 106.834798 276.880044
28 37 36 0.894309 0.081482 0.024209 111.787806 254.808197
28 37 36 0.889866 0.071129 0.039005 112.864510 260.260363
28 29 37 0.066352 0.301910 0.631739 131.492931 272.575046
28 29 37 0.443734 0.355287 0.200979 131.610487 260.286592
28 29 37 0.289079 0.198584 0.512337 126.013394 274.351503
28 29 37 0.628413 0.255748 0.115840 125.514185 258.855795
28 29 37 0.633994 0.266527 0.099479 122.613028 260.077248
28 29 37 0.785862 0.156532 0.057607 123.507687 253.371294
28 29 37 0.517929 0.062621 0.419449 121.982191 265.249128
28 29 37 0.731581 0.085278 0.183141 123.755059 258.965725
28 29 37 0.933960 0.053468 0.012572 119.222433 252.260823
28 29 37 0.270815 0.371532 0.357653 129.131867 267.410739
29 38 37 0.937042 0.008975 0.053984 158.216366 256.466178
29 38 37 0.458611 0.514718 0.026671 158.004705 275.952369
29 38 37 0.623987 0.205178 0.170835 151.074047 266.428754
29 38 37 0.803948 0.076424 0.119627 151.144612 260.843824
29 38 37 0.367044 0.100571 0.532385 140.702027 275.066476
29 38 37 0.845256 0.050627 0.104117 154.534254 257.785755
29 38 37 0.332141 0.170517 0.497342 139.663770 279.474493
29 38 37 0.427151 0.073532 0.499317 138.642181 274.136960
29 38 37 0.130377 0.497652 0.371971 144.368225 287.223170
29 38 37 0.332586 0.555208 0.112206 158.441736 279.258593
29 30 38 0.203175 0.244832 0.551993 171.198890 273.022962
29 30 38 0.306655 0.332585 0.360761 175.934102 265.816957
29 30 38 0.623824 0.000715 0.375461 158.813818 269.903093
29 30 38 0.516821 0.464665 0.018514 174.377695 254.416521
29 30 38 0.056288 0.179705 0.764006 169.183618 279.386867
29 30 38 0.621181 0.267548 0.111271 171.636758 257.604154
29 30 38 0.850699 0.069796 0.079504 161.807043 255.551491
29 30 38 0.002238 0.065356 0.932406 163.291436 285.278239
29 30 38 0.919872 0.039718 0.040410 156.956359 254.993450
29 30 38 0.495908 0.117050 0.387042 164.385800 270.909743
30 39 38 0.657523 0.314474 0.028003 197.900988 266.834849
30 39 38 0.416927 0.287622 0.295451 184.798257 276.983961
30 39 38 0.117555 0.067692 0.814753 167.653000 285.268143
30 39 38 0.483101 0.468295 0.048604 198.174413 269.847792
30 39 38 0.193464 0.406137 0.400399 183.926776 288.527241
30 39 38 0.628063 0.133151 0.238787 193.148727 269.977188
30 39 38 0.810879 0.188008 0.001113 200.716833 259.463171
30 39 38 0.951287 0.018131 0.030582 199.926989 253.747332
30 39 38 0.899584 0.039272 0.061144 196.448810 259.916370
30 39 38 0.704575 0.057602 0.237823 192.434822 258.898713
30 31 39 0.680859 0.250798 0.068343 210.474553 255.298343
30 31 39 0.876582 0.081149 0.042269 203.412883 256.002496
30 31 39 0.452870 0.143112 0.404018 203.972490 270.673057
30 31 39 0.750951 0.191311 0.057738 209.346602 258.217235
30 31 39 0.248358 0.166700 0.584942 206.748429 278.633809
30 31 39 0.389379 0.142986 0.467636 206.181814 274.372091
30 31 39 0.633817 0.227083 0.139100 209.343136 257.220065
30 31 39 0.030555 0.849546 0.119899 238.172218 257.038915
30 31 39 0.403928 0.283878 0.312193 215.531648 264.954651
30 31 39 0.045182 0.017229 0.937589 202.511094 287.986034
31 40 39 0.184799 0.302565 0.512636 224.626824 285.496774
31 40 39 0.116802 0.425067 0.458131 221.150300 285.924010
31 40 39 0.210351 0.677524 0.112125 237.655966 286.625864
31 40 39 0.602298 0.335828 0.061874 239.941780 271.147100
31 40 39 0.347316 0.346442 0.306242 229.782864 274.347014
31 40 39 0.227061 0.695473 0.077466 234.932252 281.368207
31 40 39 0.794064 0.178624 0.027313 237.630074 261.924585
31 40 39 0.317790 0.049428 0.632782 217.453866 278.419712
31 40 39 0.103595 0.194496 0.701909 214.163383 290.159018
31 40 39 0.963091 0.002401 0.034508 238.946187 251.856544
31 32 40 0.679256 0.176153 0.144590 246.375520 254.309539
31 32 40 0.741365 0.038644 0.219991 243.003719 263.190972
31 32 40 0.293857 0.569527 0.136616 267.077181 259.935868
31 32 40 0.397545 0.452700 0.149755 263.890711 262.028360
31 32 40 0.715058 0.025898 0.259045 243.866971 264.779525
31 32 40 0.428114 0.322117 0.249768 256.324034 262.385244
31 32 40 0.409363 0.534016 0.056621 265.738948 256.273128
31 32 40 0.545103 0.419227 0.035670 260.563533 253.629836
31 32 40 0.965390 0.021387 0.013223 241.536987 255.883288
31 32 40 0.768346 0.020042 0.211612 241.119251 261.877016
32 41 40 0.838913 0.092570 0.068518 283.702744 264.405649
32 41 40 0.423057 0.355743 0.221200 276.117634 276.115427
32 41 40 0.052374 0.016425 0.931201 243.114092 291.994875
32 41 40 0.832630 0.161757 0.005614 288.278351 262.861311
32 41 40 0.490794 0.121709 0.387496 264.306019 278.196878
32 41 40 0.520349 0.242460 0.237191 272.783894 272.752229
32 41 40 0.602259 0.145438 0.252303 274.055049 274.286611
32 41 40 0.399202 0.071707 0.529091 259.007883 279.858074
32 41 40 0.605438 0.241373 0.153189 278.230858 270.574081
32 41 40 0.583162 0.391626 0.025212 283.523124 272.015957
32 33 41 0.805045 0.094821 0.100134 288.488439 259.966119
32 33 41 0.758283 0.008255 0.233462 284.077637 264.758014
32 33 41 0.153148 0.424508 0.422344 302.061183 271.710575
32 33 41 0.415962 0.215036 0.369001 295.170328 265.833999
32 33 41 0.385845 0.267792 0.346363 299.804070 266.238880
32 33 41 0.977701 0.017185 0.005115 288.460575 259.968704
32 33 41 0.731867 0.239809 0.028324 297.242074 254.714469
32 33 41 0.570353 0.353600 0.076047 300.325203 257.242565
32 33 41 0.070586 0.855747 0.073667 322.748390 257.861809
32 33 41 0.341831 0.177888 0.480281 291.749465 276.190443
33 42 41 0.000613 0.664195 0.335191 313.430985 292.929671
33 42 41 0.920269 0.054904 0.024827 328.985919 254.045596
33 42 41 0.975326 0.010341 0.014334 327.815845 257.432315
33 42 41 0.246217 0.097833 0.655950 299.638210 286.053145
33 42 41 0.521520 0.129480 0.349000 314.276134 273.694151
33 42 41 0.317350 0.118680 0.563970 308.019086 283.077567
33 42 41 0.375331 0.342723 0.281946 314.844069 275.839783
33 42 41 0.404114 0.281235 0.314651 318.074820 278.565831
33 42 41 0.988002 0.004715 0.007283 329.982063 254.527028
33 42 41 0.733011 0.182206 0.084783 325.662339 264.259560
33 34 42 0.996277 0.001160 0.002562 332.179668 253.357142
33 34 42 0.522116 0.017072 0.460812 333.715369 272.895973
33 34 42 0.971811 0.001670 0.026518 329.676333 252.461220
33 34 42 0.021590 0.306672 0.671738 343.991326 282.114026
33 34 42 0.500507 0.360138 0.139355 344.266046 259.291496
33 34 42 0.547569 0.235517 0.216914 343.358536 261.172840
33 34 42 0.440600 0.149916 0.409484 334.136146 267.542245
33 34 42 0.657864 0.152273 0.189862 337.396201 261.753114
33 34 42 0.171517 0.721407 0.107076 361.972107 260.585574
33 34 42 0.672257 0.244527 0.083216 341.195645 257.309108
34 43 42 0.333851 0.094393 0.571755 346.067156 279.956561
34 43 42 0.324158 0.620653 0.055189 371.466883 283.775846
34 43 42 0.119605 0.440649 0.439746 354.588277 289.164055
34 43 42 0.710766 0.268582 0.020652 372.802352 269.104312
34 43 42 0.988618 0.009161 0.002220 376.126924 257.060647
34 43 42 0.884961 0.045836 0.069204 369.920903 259.128150
34 43 42 0.401294 0.127622 0.471083 350.886250 277.658646
34 43 42 0.079347 0.112664 0.807989 338.858747 290.913861
34 43 42 0.377022 0.533324 0.089654 368.504759 280.694424
34 43 42 0.215105 0.219097 0.565798 346.565530 283.588772
34 35 43 0.409944 0.164830 0.425226 378.728369 273.716102
34 35 43 0.282153 0.174371 0.543476 379.968497 275.759222
34 35 43 0.554384 0.129453 0.316163 378.933963 268.368546
34 35 43 0.184401 0.439976 0.375623 391.748441 269.897749
34 35 43 0.127489 0.247307 0.625203 385.674984 281.346247
34 35 43 0.162623 0.382986 0.454392 391.411188 272.257647
34 35 43 0.887321 0.091572 0.021107 379.593987 255.764482
34 35 43 0.908121 0.043713 0.048166 375.696832 262.584808
34 35 43 0.936304 0.036896 0.026800 378.691114 255.684505
34 35 43 0.762813 0.151416 0.085771 383.387274 260.798582
35 44 43 0.047548 0.446727 0.505726 395.328320 290.031592
35 44 43 0.074038 0.513792 0.412169 399.081915 292.501314
35 44 43 0.897473 0.042576 0.059951 415.641603 258.398070
35 44 43 0.436129 0.033917 0.529953 395.581501 277.243248
35 44 43 0.411195 0.101055 0.487750 394.822314 277.484190
35 44 43 0.796248 0.188333 0.015420 421.136989 263.783627
35 44 43 0.526612 0.092789 0.380600 402.418351 276.247281
35 44 43 0.280180 0.453680 0.266139 406.498284 283.752725
35 44 43 0.160670 0.057282 0.782048 382.894412 290.008424
35 44 43 0.016670 0.396212 0.587118 391.023722 296.181348
36 37 45 0.661974 0.215604 0.122422 95.068658 289.243304
36 37 45 0.137110 0.582271 0.280618 112.977408 293.640314
36 37 45 0.195820 0.333224 0.470957 105.559651 298.306855
36 37 45 0.974209 0.024506 0.001285 85.856354 285.345315
36 37 45 0.613972 0.247362 0.138665 96.471921 290.877864
36 37 45 0.200261 0.747571 0.052169 114.365111 289.489008
36 37 45 0.866356 0.049067 0.084577 89.269928 288.858150
36 37 45 0.216896 0.303055 0.480048 100.293853 298.953511
36 37 45 0.046119 0.839125 0.114756 118.937943 282.391474
36 37 45 0.711558 0.159248 0.129194 92.202318 290.808917
37 46 45 0.521068 0.268939 0.209994 120.938572 296.634919
37 46 45 0.719700 0.219682 0.060618 123.380258 296.032127
37 46 45 0.927624 0.025119 0.047257 121.327149 287.825939
37 46 45 0.574615 0.417325 0.008060 125.955092 301.936162
37 46 45 0.373960 0.617742 0.008298 129.016733 306.624635
37 46 45 0.058002 0.514826 0.427173 117.483395 308.227579
37 46 45 0.299042 0.420025 0.280932 120.657614 303.973156
37 46 45 0.099367 0.703717 0.196916 126.658209 308.817985
37 46 45 0.681968 0.032909 0.285123 114.332175 292.222768
37 46 45 0.755992 0.204820 0.039189 123.623586 294.011032
37 38 46 0.228862 0.286061 0.485077 139.442769 301.012582
37 38 46 0.607855 0.264929 0.127217 132.927731 292.526220
37 38 46 0.616998 0.302244 0.080758 132.909412 293.421985
37 38 46 0.457927 0.536571 0.005502 142.615866 289.651111
37 38 46 0.662802 0.120961 0.216237 130.338343 291.706076
37 38 46 0.386362 0.187172 0.426466 132.989751 300.524256
37 38 46 0.602080 0.275447 0.122473 133.733584 289.360906
37 38 46 0.005036 0.113817 0.881148 135.492429 305.925821
37 38 46 0.037400 0.611822 0.350778 148.604327 295.919051
37 38 46 0.981139 0.010273 0.008588 125.275485 290.173974
38 47 46 0.000455 0.359120 0.640425 146.841120 316.110890
38 47 46 0.988649 0.006378 0.004973 161.951225 290.757331
38 47 46 0.649859 0.228989 0.121152 156.683174 301.181541
38 47 46 0.148100 0.588724 0.263176 162.381215 311.894284
38 47 46 0.990881 0.004019 0.005100 163.019232 290.258857
38 47 46 0.047192 0.106849 0.845960 134.181934 313.532089
38 47 46 0.101172 0.085364 0.813464 138.565207 311.196186
38 47 46 0.619151 0.250583 0.130266 160.426725 297.298700
38 47 46 0.255185 0.117068 0.627747 142.694715 307.730519
38 47 46 0.675942 0.010344 0.313713 152.272903 296.161096
38 39 47 0.093059 0.240513 0.666428 176.265486 310.303264
38 39 47 0.862679 0.001276 0.136045 165.603469 294.850579
38 39 47 0.155460 0.394600 0.449939 186.356696 303.580235
38 39 47 0.089635 0.817886 0.092478 196.977772 296.363805
38 39 47 0.952820 0.017603 0.029577 163.329260 292.746789
38 39 47 0.075697 0.171841 0.752461 173.130217 309.344210
38 39 47 0.463688 0.075897 0.460415 171.883331 298.888864
38 39 47 0.007219 0.495058 0.497724 186.958107 306.458241
38 39 47 0.999989 0.000005 0.000006 159.454065 290.367913
38 39 47 0.018407 0.936183 0.045410 200.260702 296.461005
39 48 47 0.760144 0.134652 0.105204 202.191204 300.933730
39 48 47 0.299212 0.430168 0.270620 195.128482 314.502711
39 48 47 0.159284 0.260645 0.580071 185.305861 312.439556
39 48 47 0.682137 0.069213 0.248650 194.333231 300.673035
39 48 47 0.603148 0.100299 0.296553 192.504486 303.858877
39 48 47 0.005571 0.661496 0.332933 195.832209 316.973627
39 48 47 0.276276 0.608681 0.115042 196.783056 312.589085
39 48 47 0.311329 0.589563 0.099108 198.455635 313.224391
39 48 47 0.576814 0.145043 0.278143 194.698768 303.439373
39 48 47 0.974992 0.023741 0.001267 198.455378 290.159586
39 40 48 0.315593 0.195227 0.489181 212.966497 303.698521
39 40 48 0.536594 0.338463 0.124944 215.174160 294.566644
39 40 48 0.637600 0.209326 0.153074 216.455049 295.299866
39 40 48 0.723438 0.251369 0.025194 211.534840 292.157582
39 40 48 0.051681 0.494451 0.453869 220.124992 307.235803
39 40 48 0.945326 0.045766 0.008908 202.397916 294.203260
39 40 48 0.962158 0.011378 0.026465 203.821003 290.658524
39 40 48 0.422184 0.053388 0.524428 203.702650 306.083877
39 40 48 0.751708 0.182381 0.065910 209.098915 293.903584
39 40 48 0.182929 0.612565 0.204506 226.998559 292.475173
40 49 48 0.491311 0.176890 0.331798 229.414701 305.925929
40 49 48 0.050441 0.745275 0.204284 233.902814 315.585159
40 49 48 0.549961 0.297992 0.152047 236.072746 309.439845
40 49 48 0.526601 0.420276 0.053123 239.339482 306.113407
40 49 48 0.059147 0.553209 0.387644 226.096047 318.158850
40 49 48 0.918528 0.041258 0.040214 238.672111 295.855092
40 49 48 0.749376 0.248606 0.002018 243.012047 301.770274
40 49 48 0.076218 0.878380 0.045402 245.994155 318.248201
40 49 48 0.559090 0.286142 0.154769 233.121291 302.914938
40 49 48 0.144424 0.830851 0.024724 240.465412 315.824198
40 41 49 0.776509 0.093753 0.129739 248.095372 296.106422
40 41 49 0.483038 0.038548 0.478414 243.381603 305.934457
40 41 49 0.187871 0.302217 0.509912 256.048799 306.087126
40 41 49 0.259026 0.347803 0.393171 256.361672 301.958442
40 41 49 0.144697 0.839283 0.016020 283.068130 291.595218
40 41 49 0.418900 0.040639 0.540461 246.687540 306.411806
40 41 49 0.678782 0.292187 0.029032 254.006988 293.278093
40 41 49 0.617421 0.027506 0.355073 243.383516 300.373066
40 41 49 0.377125 0.586167 0.036707 265.447604 294.816089
40 41 49 0.714774 0.073881 0.211345 244.710876 298.548529
41 50 49 0.371544 0.570395 0.058061 279.643335 311.507184
41 50 49 0.802213 0.051774 0.146013 279.488775 302.801928
41 50 49 0.510599 0.186546 0.302855 270.782010 308.499923
41 50 49 0.850798 0.083953 0.065249 285.328211 297.748149
41 50 49 0.861967 0.044458 0.093574 283.002791 295.194333
41 50 49 0.959036 0.016141 0.024824 281.262940 296.134043
41 50 49 0.004259 0.150075 0.845666 250.029236 318.934166
41 50 49 0.457683 0.091354 0.450963 267.855728 307.238772
41 50 49 0.245394 0.015441 0.739165 256.411286 315.900036
41 50 49 0.809796 0.135256 0.054949 281.478131 295.890575
41 42 50 0.342514 0.569726 0.087760 310.519733 297.352153
41 42 50 0.649230 0.190943 0.159827 288.931952 295.236812
41 42 50 0.090116 0.448566 0.461317 302.569320 309.610566
41 42 50 0.533168 0.278501 0.188331 297.441771 299.606428
41 42 50 0.351893 0.180584 0.467523 292.442675 308.628151
41 42 50 0.272727 0.637516 0.089757 311.320257 297.004213
41 42 50 0.867356 0.112437 0.020207 290.994073 295.206285
41 42 50 0.097700 0.848087 0.054214 319.395191 296.697214
41 42 50 0.721394 0.167772 0.110834 293.782899 299.145105
41 42 50 0.649155 0.233243 0.117603 297.105365 296.996442
42 51 50 0.210404 0.700071 0.089525 322.444991 318.484940
42 51 50 0.160212 0.656470 0.183318 313.693104 316.643563
42 51 50 0.666409 0.001230 0.332361 314.531630 304.344598
42 51 50 0.308506 0.597135 0.094359 321.279765 316.071819
42 51 50 0.010605 0.015497 0.973899 284.867396 324.477740
42 51 50 0.769877 0.191089 0.039034 323.072154 298.744326
42 51 50 0.559478 0.024399 0.416123 306.982790 304.630669
42 51 50 0.911313 0.016102 0.072585 324.328180 295.499043
42 51 50 0.445152 0.344966 0.209882 318.853108 309.111974
42 51 50 0.938460 0.052388 0.009152 330.104685 294.545539
42 43 51 0.189641 0.473481 0.336878 344.773712 303.175114
42 43 51 0.605041 0.267140 0.127819 338.441392 294.762512
42 43 51 0.175061 0.248232 0.576707 335.168042 312.518539
42 43 51 0.951097 0.047690 0.001213 329.895532 290.028027
42 43 51 0.504015 0.176101 0.319884 336.294411 306.916596
42 43 51 0.625481 0.025072 0.349447 328.329580 308.080816
42 43 51 0.246290 0.696988 0.056722 354.762963 295.607082
42 43 51 0.046525 0.490550 0.462925 344.608008 308.411081
42 43 51 0.118469 0.520546 0.360985 351.672832 303.470169
42 43 51 0.334889 0.056990 0.608121 325.928954 315.986077
43 52 51 0.955756 0.023459 0.020786 372.128866 294.960929
43 52 51 0.949869 0.033291 0.016840 370.962423 292.471764
43 52 51 0.523878 0.005362 0.470760 347.405384 309.237325
43 52 51 0.162135 0.443332 0.394533 351.218788 321.027030
43 52 51 0.243469 0.454285 0.302246 355.422102 316.372864
43 52 51 0.383860 0.400619 0.215521 358.935925 309.933348
43 52 51 0.122020 0.037060 0.840920 328.842326 316.828962
43 52 51 0.890490 0.013060 0.096451 361.890185 291.218017
43 52 51 0.244902 0.027420 0.727678 335.565629 318.421134
43 52 51 0.086526 0.339275 0.574199 342.009209 322.505857
43 44 52 0.922460 0.054777 0.022762 375.507925 293.658433
43 44 52 0.842380 0.153742 0.003878 377.062644 295.578534
43 44 52 0.364526 0.426114 0.209360 387.054373 302.012203
43 44 52 0.822656 0.114450 0.062894 379.141463 292.686211
43 44 52 0.273979 0.130150 0.595871 371.094287 314.544587
43 44 52 0.339695 0.543730 0.116575 393.874024 298.617057
43 44 52 0.537917 0.309910 0.152173 387.755822 298.355841
43 44 52 0.628786 0.270044 0.101170 379.397229 299.374605
43 44 52 0.861046 0.067865 0.071089 371.717802 298.997192
43 44 52 0.791219 0.074556 0.134225 378.071174 297.993075
44 53 52 0.242475 0.278581 0.478944 387.813975 318.832266
44 53 52 0.272293 0.473434 0.254272 396.125450 311.304754
44 53 52 0.852724 0.079802 0.067474 412.667678 299.663424
44 53 52 0.846208 0.004638 0.149154 408.721269 301.304926
44 53 52 0.808381 0.180819 0.010800 411.700903 304.350278
44 53 52 0.013386 0.033394 0.953220 366.605124 321.539001
44 53 52 0.303119 0.478279 0.218602 398.660417 320.826041
44 53 52 0.975564 0.011174 0.013262 415.232120 294.015254
44 53 52 0.255915 0.052991 0.691095 379.627996 318.662556
44 53 52 0.652549 0.173564 0.173888 403.102559 307.398558
45 46 54 0.025910 0.820105 0.153985 127.711253 318.075940
45 46 54 0.411549 0.342252 0.246199 111.392872 315.680937
45 46 54 0.117514 0.815294 0.067192 126.610502 313.913432
45 46 54 0.351514 0.075765 0.572721 109.916098 318.867602
45 46 54 0.541592 0.378149 0.080259 112.669762 315.539437
45 46 54 0.057526 0.618233 0.324241 122.596703 320.567108
45 46 54 0.300093 0.301591 0.398316 114.590241 319.355494
45 46 54 0.411293 0.389173 0.199534 119.608597 315.335715
45 46 54 0.389591 0.320362 0.290047 110.842546 313.305589
45 46 54 0.376622 0.324735 0.298643 111.811396 317.735818
46 55 54 0.351876 0.619881 0.028244 140.332917 324.656741
46 55 54 0.756340 0.172670 0.070990 133.355334 316.384293
46 55 54 0.431040 0.379562 0.189397 131.668441 324.190635
46 55 54 0.811416 0.160351 0.028233 133.377326 314.889688
46 55 54 0.399777 0.240890 0.359333 125.388964 326.184206
46 55 54 0.620159 0.143008 0.236833 127.292046 322.502735
46 55 54 0.564376 0.279437 0.156187 133.214126 320.015063
46 55 54 0.659771 0.207288 0.132942 129.282531 320.707789
46 55 54 0.995227 0.003382 0.001391 132.662075 317.340092
46 55 54 0.016185 0.338375 0.645440 123.432887 324.883447
46 47 55 0.056417 0.801768 0.141815 162.718962 317.909055
46 47 55 0.759010 0.050036 0.190955 136.417082 317.348340
46 47 55 0.218766 0.237298 0.543936 145.222101 324.140472
46 47 55 0.023000 0.093055 0.883945 146.367979 328.014123
46 47 55 0.622296 0.374295 0.003409 145.188410 316.320641
46 47 55 0.392579 0.445520 0.161901 151.871753 316.571688
46 47 55 0.303588 0.029183 0.667229 141.523349 324.906426
46 47 55 0.211714 0.581801 0.206485 153.388622 314.462563
46 47 55 0.700052 0.260271 0.039677 143.542965 314.320121
46 47 55 0.527937 0.190967 0.281096 146.579755 317.579670
47 56 55 0.922095 0.033515 0.044390 165.889385 317.803522
47 56 55 0.666875 0.109929 0.223195 165.239904 321.085714
47 56 55 0.671819 0.005561 0.322620 161.458404 317.839976
47 56 55 0.739240 0.215265 0.045495 171.966698 320.814668
47 56 55 0.803974 0.170680 0.025345 174.150271 321.384432
47 56 55 0.285654 0.107229 0.607116 152.721919 326.947542
47 56 55 0.523554 0.118757 0.357689 159.493581 326.927494
47 56 55 0.631788 0.242541 0.125671 167.990504 321.983266
47 56 55 0.793027 0.139269 0.067704 169.509818 324.481044
47 56 55 0.635247 0.153937 0.210815 164.331942 320.141183
47 48 56 0.940006 0.053056 0.006939 173.195329 313.631113
47 48 56 0.837250 0.075119 0.087631 173.819890 318.974617
47 48 56 0.595592 0.275956 0.128452 180.077656 318.572682
47 48 56 0.338987 0.480883 0.180131 190.437858 321.104484
47 48 56 0.917709 0.059317 0.022975 172.683333 317.829756
47 48 56 0.965570 0.027529 0.006900 169.914578 320.324586
47 48 56 0.555768 0.245187 0.199045 181.258663 318.458841
47 48 56 0.799061 0.096128 0.104811 176.493862 315.134330
47 48 56 0.212454 0.270886 0.516661 185.301423 322.467367
47 48 56 0.184730 0.139946 0.675323 181.716977 326.079214
48 57 56 0.348485 0.457142 0.194373 200.994710 328.874435
48 57 56 0.584283 0.214441 0.201276 201.595916 320.169679
48 57 56 0.351364 0.543907 0.104730 204.449351 328.357672
48 57 56 0.540883 0.241021 0.218096 198.784814 326.695096
48 57 56 0.831396 0.100553 0.068051 201.322853 323.154694
48 57 56 0.892281 0.014949 0.092769 201.499905 319.577852
48 57 56 0.877582 0.100419 0.021999 205.671611 321.210207
48 57 56 0.080312 0.059577 0.860111 183.082787 332.820883
48 57 56 0.914291 0.031238 0.054471 200.256946 318.604763
48 57 56 0.046445 0.509331 0.444223 195.847402 333.574392
48 49 57 0.764098 0.125906 0.109996 209.095246 322.540479
48 49 57 0.260460 0.028180 0.711361 211.337644 327.798163
48 49 57 0.482981 0.222694 0.294324 214.980542 323.898549
48 49 57 0.533333 0.278395 0.188272 215.433325 321.680281
48 49 57 0.734409 0.154909 0.110682 211.271803 320.583213
48 49 57 0.489472 0.324701 0.185827 211.550971 318.443954
48 49 57 0.084526 0.191461 0.724013 217.467481 329.380430
48 49 57 0.860094 0.068597 0.071309 203.841971 319.472845
48 49 57 0.441474 0.292568 0.265958 216.558113 324.433447
48 49 57 0.753468 0.045380 0.201152 205.465425 324.424404
49 58 57 0.531800 0.196705 0.271495 235.264586 325.080983
49 58 57 0.151185 0.002747 0.846068 217.856097 336.246699
49 58 57 0.637368 0.085127 0.277505 234.920623 329.141204
49 58 57 0.570843 0.383010 0.046147 242.168975 326.616661
49 58 57 0.864573 0.033438 0.101989 242.344786 320.042179
49 58 57 0.644223 0.326403 0.029374 245.215375 327.778800
49 58 57 0.619623 0.169610 0.210767 237.841066 321.385391
49 58 57 0.294610 0.242225 0.463165 230.833596 330.744789
49 58 57 0.239738 0.577801 0.182461 240.574470 332.329275
49 58 57 0.254154 0.371080 0.374766 231.997494 330.443983
49 50 58 0.291332 0.629779 0.078890 267.658904 322.075820
49 50 58 0.194712 0.352435 0.452853 261.119500 324.973454
49 50 58 0.060303 0.797908 0.141789 275.746450 322.729095
49 50 58 0.252763 0.368687 0.378550 262.637267 326.412861
49 50 58 0.942789 0.036354 0.020857 244.568866 321.392618
49 50 58 0.462076 0.342225 0.195699 261.988092 325.446571
49 50 58 0.344032 0.399031 0.256937 261.502039 322.731298
49 50 58 0.589399 0.362756 0.047845 256.674350 317.502647
49 50 58 0.884762 0.011040 0.104198 246.630981 321.923364
49 50 58 0.457619 0.320184 0.222197 259.403290 323.742885
50 59 58 0.358302 0.133269 0.508430 264.545782 328.987278
50 59 58 0.811824 0.090648 0.097529 279.318654 326.056659
50 59 58 0.490246 0.238169 0.271585 274.206296 331.168751
50 59 58 0.307185 0.211981 0.480834 263.830443 333.000086
50 59 58 0.381120 0.446270 0.172610 275.811467 334.764280
50 59 58 0.742121 0.205362 0.052516 282.811986 327.006734
50 59 58 0.603692 0.239815 0.156492 280.080556 328.293250
50 59 58 0.494722 0.359611 0.145667 280.483665 329.186455
50 59 58 0.963185 0.029803 0.007012 282.328226 321.210675
50 59 58 0.725204 0.003726 0.271071 275.460472 320.800104
50 51 59 0.795978 0.021704 0.182318 283.515246 327.739073
50 51 59 0.238614 0.704780 0.056606 313.128904 325.850546
50 51 59 0.353116 0.275831 0.371054 295.537123 331.260130
50 51 59 0.809332 0.066396 0.124272 287.538392 324.736728
50 51 59 0.599939 0.373119 0.026942 301.208289 325.602665
50 51 59 0.234719 0.520932 0.244350 305.083683 326.673207
50 51 59 0.282433 0.690511 0.027056 313.078587 324.322752
50 51 59 0.659535 0.301054 0.039411 296.727763 318.775269
50 51 59 0.651717 0.320716 0.027567 296.218924 321.711207
50 51 59 0.668752 0.329608 0.001641 296.645705 323.167016
51 60 59 0.604728 0.117683 0.277589 308.262310 332.336008
51 60 59 0.352386 0.596428 0.051186 319.156806 339.059488
51 60 59 0.977326 0.005205 0.017468 326.764661 321.469676
51 60 59 0.541368 0.008939 0.449692 303.304474 330.532135
51 60 59 0.433390 0.163296 0.403314 304.846621 333.782545
51 60 59 0.525825 0.149029 0.325146 308.117297 332.631970
51 60 59 0.457370 0.423691 0.118939 316.870457 331.971424
51 60 59 0.135481 0.656779 0.207740 308.792128 339.441061
51 60 59 0.805120 0.008911 0.185969 317.304303 323.885437
51 60 59 0.455447 0.498242 0.046311 322.328914 334.012381
51 52 60 0.916204 0.024975 0.058821 330.143282 325.751000
51 52 60 0.096779 0.486265 0.416955 342.836701 331.220611
51 52 60 0.812366 0.020217 0.167417 324.851463 327.704735
51 52 60 0.388207 0.347006 0.264787 335.280382 331.537093
51 52 60 0.122036 0.847076 0.030888 358.878191 327.864465
51 52 60 0.820978 0.008749 0.170273 324.820510 327.303404
51 52 60 0.459280 0.350668 0.190053 338.877983 327.893451
51 52 60 0.121494 0.305303 0.573203 331.316732 337.271604
51 52 60 0.692218 0.074508 0.233273 328.347499 325.140666
51 52 60 0.019710 0.356252 0.624038 335.421320 337.231809
52 61 60 0.135096 0.262988 0.601915 336.560759 339.346895
52 61 60 0.511230 0.160789 0.327981 346.602909 331.569933
52 61 60 0.279947 0.137703 0.582350 336.717496 340.226589
52 61 60 0.488486 0.430881 0.080634 355.520058 338.634369
52 61 60 0.126924 0.129955 0.743121 328.330313 341.664527
52 61 60 0.385561 0.282154 0.332286 346.131487 338.145094
52 61 60 0.197529 0.039158 0.763313 330.123509 339.626115
52 61 60 0.089652 0.402743 0.507605 338.131018 345.158327
52 61 60 0.598466 0.130899 0.270634 348.520320 335.490709
52 61 60 0.457710 0.081659 0.460631 341.776639 339.200797
52 53 61 0.628641 0.015939 0.355419 360.050733 334.793650
52 53 61 0.009824 0.962527 0.027649 405.950248 326.422543
52 53 61 0.820148 0.006619 0.173232 360.930764 330.631308
52 53 61 0.860186 0.021313 0.118501 366.173756 329.366976
52 53 61 0.392177 0.235837 0.371986 370.938398 329.676239
52 53 61 0.603119 0.285801 0.111080 375.919516 332.716975
52 53 61 0.414378 0.450581 0.135041 380.688659 327.291837
52 53 61 0.259303 0.410020 0.330677 378.015687 330.454734
52 53 61 0.670969 0.277058 0.051973 372.980351 330.067487
52 53 61 0.131236 0.081461 0.787303 358.953370 345.175348
53 62 61 0.304407 0.247237 0.448356 381.077805 342.441022
53 62 61 0.635682 0.252249 0.112068 399.181093 336.497892
53 62 61 0.035475 0.064342 0.900183 361.046086 346.644125
53 62 61 0.191979 0.769232 0.038789 396.538139 343.134097
53 62 61 0.747968 0.226302 0.025729 404.605896 330.247591
53 62 61 0.253374 0.123725 0.622900 373.532204 342.247915
53 62 61 0.313838 0.552347 0.133815 398.672411 344.425178
53 62 61 0.368985 0.199813 0.431203 381.471357 339.351541
53 62 61 0.669923 0.045686 0.284391 393.601819 334.553208
53 62 61 0.505970 0.214103 0.279928 389.723737 336.982275
54 55 63 0.137955 0.395057 0.466988 128.873290 333.659841
54 55 63 0.632864 0.144008 0.223128 119.660671 331.936346
54 55 63 0.918669 0.044328 0.037003 112.126778 329.008305
54 55 63 0.353914 0.010837 0.635249 123.168070 338.536526
54 55 63 0.234158 0.563517 0.202325 131.963123 329.800924
54 55 63 0.676569 0.093719 0.229713 118.116121 332.493199
54 55 63 0.061632 0.063763 0.874606 124.955082 337.252770
54 55 63 0.991605 0.006822 0.001573 108.795073 332.027640
54 55 63 0.828056 0.020228 0.151716 111.113684 332.265971
54 55 63 0.088498 0.909135 0.002368 139.036718 332.611666
55 64 63 0.466827 0.171218 0.361955 135.756067 336.812342
55 64 63 0.200116 0.631641 0.168244 147.846751 335.359862
55 64 63 0.616818 0.347299 0.035884 146.702297 335.468292
55 64 63 0.433166 0.531880 0.034954 149.820447 335.783938
55 64 63 0.899424 0.019136 0.081440 141.715429 329.205326
55 64 63 0.741359 0.027316 0.231324 141.760616 332.065009
55 64 63 0.798670 0.161148 0.040182 147.082546 330.786023
55 64 63 0.138849 0.705477 0.155674 148.309906 341.480150
55 64 63 0.254214 0.566521 0.179265 143.661744 336.325882
55 64 63 0.080693 0.282481 0.636825 131.284942 337.627729
55 56 64 0.361629 0.297769 0.340602 157.022528 333.990761
55 56 64 0.753944 0.033665 0.212391 153.422537 329.033320
55 56 64 0.530831 0.415648 0.053521 154.312903 328.853092
55 56 64 0.707772 0.080128 0.212100 151.084576 333.479534
55 56 64 0.015526 0.698961 0.285513 171.979751 336.091069
55 56 64 0.152815 0.445981 0.401204 163.744643 337.745485
55 56 64 0.672493 0.213902 0.113606 153.701026 330.185706
55 56 64 0.493586 0.362651 0.143762 158.676596 332.805320
55 56 64 0.917999 0.010591 0.071410 145.727877 328.285963
55 56 64 0.998094 0.000485 0.001420 143.083993 333.414198
56 65 64 0.020015 0.467021 0.512964 170.504832 339.769989
56 65 64 0.801875 0.055568 0.142557 175.817431 336.160747
56 65 64 0.907695 0.078136 0.014169 180.754721 329.594641
56 65 64 0.703825 0.144859 0.151316 175.614784 334.655751
56 65 64 0.290811 0.104434 0.604755 166.644429 338.028028
56 65 64 0.490597 0.508925 0.000478 185.154826 335.879695
56 65 64 0.219235 0.515273 0.265492 176.081871 339.869851
56 65 64 0.437920 0.182366 0.379714 170.620610 339.297834
56 65 64 0.324326 0.421182 0.254492 175.350824 338.688330
56 65 64 0.359085 0.220373 0.420542 172.697975 339.463485
56 57 65 0.315626 0.466290 0.218085 201.569304 338.069397
56 57 65 0.811061 0.113166 0.075773 184.997230 335.779234
56 57 65 0.599353 0.174170 0.226477 185.853213 336.872298
56 57 65 0.925703 0.030266 0.044031 180.801433 332.163056
56 57 65 0.989629 0.007395 0.002976 180.284965 334.367550
56 57 65 0.054992 0.758382 0.186626 207.470259 337.781006
56 57 65 0.967013 0.032905 0.000082 180.308900 329.840352
56 57 65 0.497637 0.397904 0.104459 194.268540 334.299240
56 57 65 0.726913 0.016785 0.256302 181.929063 336.863220
56 57 65 0.253207 0.184460 0.562332 192.788919 340.027974
57 66 65 0.983200 0.008740 0.008060 210.698845 332.391657
57 66 65 0.591661 0.165986 0.242353 207.231841 334.352784
57 66 65 0.079198 0.423896 0.496907 199.386914 339.080503
57 66 65 0.917235 0.032290 0.050475 214.427408 334.620573
57 66 65 0.849686 0.049604 0.100709 209.530938 338.364620
57 66 65 0.388756 0.114929 0.496315 195.410442 339.679031
57 66 65 0.762176 0.147395 0.090429 211.033705 336.967864
57 66 65 0.462762 0.196930 0.340308 207.731991 338.138386
57 66 65 0.064207 0.354937 0.580856 199.411102 341.224234
57 66 65 0.470454 0.472868 0.056678 214.499367 339.103030
57 58 66 0.124874 0.192074 0.683053 224.303274 340.529872
57 58 66 0.640012 0.258998 0.100990 219.924943 336.411381
57 58 66 0.569766 0.417403 0.012831 226.024179 335.453716
57 58 66 0.274084 0.357707 0.368209 229.593792 338.143194
57 58 66 0.399359 0.481246 0.119395 226.415949 337.702510
57 58 66 0.054698 0.727003 0.218299 239.537067 340.427773
57 58 66 0.864071 0.052236 0.083693 216.742561 335.327982
57 58 66 0.412720 0.452211 0.135069 229.920984 337.696345
57 58 66 0.109407 0.142702 0.747891 227.716811 341.543989
57 58 66 0.115370 0.636552 0.248078 237.958164 343.080445
58 67 66 0.748821 0.054133 0.197046 243.187980 338.592558
58 67 66 0.618624 0.177477 0.203899 242.707640 341.872877
58 67 66 0.125300 0.006335 0.868365 220.514487 343.746420
58 67 66 0.682110 0.231076 0.086815 246.755835 338.206934
58 67 66 0.679058 0.279540 0.041402 246.865721 338.618942
58 67 66 0.650279 0.130718 0.219004 244.866321 340.859483
58 67 66 0.053338 0.790006 0.156656 246.348842 348.285146
58 67 66 0.248697 0.012028 0.739275 225.713158 342.502350
58 67 66 0.861209 0.089131 0.049659 244.398295 334.768553
58 67 66 0.083175 0.830381 0.086444 247.789330 346.714709
58 59 67 0.776898 0.031994 0.191107 247.178823 340.719448
58 59 67 0.540966 0.060833 0.398201 248.151915 340.252391
58 59 67 0.980000 0.015070 0.004930 246.184457 339.235543
58 59 67 0.409782 0.255794 0.334424 259.712771 343.486807
58 59 67 0.432075 0.268018 0.299907 257.055921 338.642581
58 59 67 0.808496 0.170994 0.020510 252.626383 336.956482
58 59 67 0.861682 0.103207 0.035112 251.677478 336.784155
58 59 67 0.287498 0.300251 0.412251 258.940277 344.249924
58 59 67 0.393547 0.121143 0.485310 254.586597 339.574220
58 59 67 0.676325 0.097609 0.226066 253.329003 336.248276
59 68 67 0.484884 0.088251 0.426866 267.944624 346.020956
59 68 67 0.787949 0.021373 0.190677 276.825044 340.264829
59 68 67 0.911088 0.042706 0.046206 282.467011 340.264172
59 68 67 0.796622 0.122677 0.080701 280.207483 344.375384
59 68 67 0.150843 0.112038 0.737119 258.983816 350.122255
59 68 67 0.525678 0.280307 0.194015 275.852273 344.631239
59 68 67 0.695034 0.226983 0.077983 283.097111 340.391737
59 68 67 0.146020 0.464819 0.389161 268.914604 349.730023
59 68 67 0.404643 0.313654 0.281704 272.987851 348.156743
59 68 67 0.712021 0.042370 0.245609 271.714441 342.087679
59 60 68 0.834446 0.107235 0.058319 287.112751 338.423582
59 60 68 0.334831 0.088656 0.576513 283.719631 341.212259
59 60 68 0.839749 0.097120 0.063131 284.875566 341.753242
59 60 68 0.981198 0.007470 0.011331 282.291824 340.660172
59 60 68 0.087042 0.073721 0.839237 284.669078 347.836822
59 60 68 0.845570 0.105075 0.049355 287.901287 339.972765
59 60 68 0.209488 0.034156 0.756356 286.128455 345.323198
59 60 68 0.662921 0.013401 0.323678 285.159971 341.808258
59 60 68 0.281764 0.059248 0.658987 283.844005 347.552347
59 60 68 0.314695 0.609302 0.076002 306.486230 347.130909
60 69 68 0.153250 0.481892 0.364858 304.217281 351.880293
60 69 68 0.070966 0.230912 0.698122 293.203165 349.517133
60 69 68 0.328232 0.068697 0.603071 297.438477 343.469753
60 69 68 0.585484 0.182785 0.231730 310.509891 346.350204
60 69 68 0.872367 0.102848 0.024784 316.922545 344.400181
60 69 68 0.122232 0.039737 0.838031 289.611475 347.988670
60 69 68 0.498532 0.054312 0.447156 299.393529 344.382333
60 69 68 0.553832 0.040422 0.405746 306.254894 344.702105
60 69 68 0.333160 0.093956 0.572884 296.653642 346.843367
60 69 68 0.056591 0.241226 0.702183 290.671088 350.730954
60 61 69 0.940505 0.052530 0.006966 324.187863 343.651367
60 61 69 0.050202 0.919099 0.030699 353.188862 348.971128
60 61 69 0.303505 0.644954 0.051541 343.683835 345.502206
60 61 69 0.235029 0.454730 0.310241 334.751573 348.486336
60 61 69 0.614508 0.082356 0.303135 324.017006 345.829608
60 61 69 0.620400 0.229585 0.150016 325.380064 343.428427
60 61 69 0.904534 0.045998 0.049468 321.159541 344.766864
60 61 69 0.728849 0.179046 0.092105 326.795910 345.514153
60 61 69 0.691905 0.229187 0.078908 326.395537 341.983783
60 61 69 0.138938 0.742732 0.118329 347.891740 346.976966
61 70 69 0.477490 0.233370 0.289140 341.660252 347.421723
61 70 69 0.735947 0.094414 0.169638 351.716717 346.125020
61 70 69 0.473560 0.235686 0.290754 343.458495 349.432849
61 70 69 0.280307 0.214610 0.505083 332.708198 352.372480
61 70 69 0.689436 0.160258 0.150306 350.932181 349.095509
61 70 69 0.433163 0.145414 0.421424 339.366819 352.088986
61 70 69 0.859351 0.028614 0.112035 352.297639 344.710931
61 70 69 0.769330 0.167837 0.062833 354.531063 349.041360
61 70 69 0.244591 0.265015 0.490394 331.024032 351.334135
61 70 69 0.467376 0.389616 0.143007 348.778379 352.819658
61 62 70 0.376528 0.070279 0.553193 357.366777 352.081788
61 62 70 0.707615 0.256506 0.035879 369.223625 349.278776
61 62 70 0.840793 0.014772 0.144435 356.861292 348.062477
61 62 70 0.382678 0.254597 0.362725 365.921686 348.860021
61 62 70 0.510341 0.458734 0.030925 375.417942 347.238432
61 62 70 0.046758 0.408383 0.544860 369.850523 354.996947
61 62 70 0.163891 0.505339 0.330769 376.207985 353.556839
61 62 70 0.266816 0.635062 0.098122 379.758269 347.315194
61 62 70 0.133088 0.511565 0.355347 371.883663 351.481922
61 62 70 0.009210 0.683892 0.306898 382.100181 348.089527
62 71 70 0.823881 0.155471 0.020647 393.773203 349.603447
62 71 70 0.078581 0.083915 0.837504 358.883789 356.226078
62 71 70 0.504875 0.246435 0.248690 383.059653 349.047518
62 71 70 0.657882 0.127724 0.214394 385.680478 350.554791
62 71 70 0.073912 0.104720 0.821368 356.959153 358.307339
62 71 70 0.393342 0.389767 0.216891 379.872467 353.694102
62 71 70 0.470012 0.438607 0.091381 384.101371 353.710778
62 71 70 0.831048 0.078728 0.090224 391.670254 348.816812
62 71 70 0.945429 0.023220 0.031351 394.267665 349.500055
62 71 70 0.413487 0.281185 0.305329 380.518790 354.334038
63 64 72 0.422318 0.305863 0.271818 133.434983 343.159183
63 64 72 0.887684 0.099451 0.012865 125.029193 343.327173
63 64 72 0.848937 0.116601 0.034462 129.830604 341.952585
63 64 72 0.935713 0.049739 0.014548 126.431849 345.497474
63 64 72 0.763420 0.042166 0.194414 125.577635 344.962537
63 64 72 0.129832 0.517521 0.352648 144.419780 343.768692
63 64 72 0.839881 0.023389 0.136730 126.451430 341.699376
63 64 72 0.042837 0.502456 0.454708 142.581047 341.984717
63 64 72 0.612801 0.157736 0.229462 127.568046 341.512278
63 64 72 0.624784 0.097086 0.278130 126.077690 346.092237
64 73 72 0.385374 0.369358 0.245269 153.238381 349.122252
64 73 72 0.873540 0.110687 0.015773 156.843007 339.561676
64 73 72 0.849236 0.106623 0.044141 157.188204 342.274291
64 73 72 0.967772 0.010177 0.022051 152.955455 341.759515
64 73 72 0.959873 0.035538 0.004589 154.637888 338.372355
64 73 72 0.618096 0.114583 0.267321 154.933057 342.369961
64 73 72 0.940936 0.031983 0.027081 155.870562 342.626042
64 73 72 0.227556 0.626461 0.145982 159.350648 345.499420
64 73 72 0.687563 0.168139 0.144298 150.800455 342.346769
64 73 72 0.151516 0.255580 0.592903 148.097970 347.076182
64 65 73 0.999357 0.000601 0.000043 152.242660 342.694793
64 65 73 0.326059 0.472860 0.201082 167.386249 338.670152
64 65 73 0.365921 0.004547 0.629532 158.053243 348.458696
64 65 73 0.652385 0.162732 0.184882 159.837137 338.609151
64 65 73 0.049557 0.935828 0.014615 184.242843 341.591346
64 65 73 0.626275 0.354894 0.018831 164.761442 341.152988
64 65 73 0.975899 0.014559 0.009541 157.374604 340.489602
64 65 73 0.975200 0.014919 0.009882 151.548682 337.954293
64 65 73 0.680304 0.008510 0.311186 157.812275 341.020766
64 65 73 0.503607 0.289768 0.206625 165.565271 345.934193
65 74 73 0.390954 0.509854 0.099191 189.106159 346.177571
65 74 73 0.124383 0.075907 0.799711 168.543073 348.640805
65 74 73 0.194809 0.588210 0.216980 184.709556 350.960810
65 74 73 0.341975 0.025217 0.632808 171.922143 349.019109
65 74 73 0.755655 0.165276 0.079069 182.572453 344.000969
65 74 73 0.703091 0.124658 0.172251 181.729569 349.603439
65 74 73 0.330473 0.423950 0.245577 184.321226 347.346738
65 74 73 0.739939 0.023757 0.236304 181.697802 346.317098
65 74 73 0.355381 0.017445 0.627174 169.519200 346.477870
65 74 73 0.716323 0.059425 0.224252 181.103457 345.858370
65 66 74 0.540151 0.262007 0.197842 195.840649 343.577121
65 66 74 0.042250 0.774317 0.183433 213.682261 347.028761
65 66 74 0.249647 0.179728 0.570625 192.383975 344.227198
65 66 74 0.120676 0.758317 0.121006 208.732179 344.270920
65 66 74 0.702004 0.168548 0.129448 193.986814 346.271224
65 66 74 0.892972 0.005079 0.101949 183.690297 342.294876
65 66 74 0.153222 0.310571 0.536207 199.307830 347.601730
65 66 74 0.019579 0.505820 0.474601 203.680294 349.044337
65 66 74 0.414850 0.278364 0.306786 200.262301 346.089263
65 66 74 0.903626 0.072786 0.023588 187.781950 343.760348
66 75 74 0.220642 0.136726 0.642632 205.443832 348.035440
66 75 74 0.607141 0.268246 0.124612 219.673740 347.344267
66 75 74 0.240192 0.384082 0.375726 211.094848 349.570587
66 75 74 0.963407 0.003093 0.033500 219.800955 345.524580
66 75 74 0.902473 0.035334 0.062194 217.183940 345.514166
66 75 74 0.715395 0.084585 0.200020 215.050850 346.438672
66 75 74 0.030091 0.112666 0.857243 195.777773 350.045363
66 75 74 0.843679 0.128329 0.027992 219.868504 346.099771
66 75 74 0.152115 0.742288 0.105597 216.372379 350.006846
66 75 74 0.843367 0.125172 0.031461 220.957676 348.373721
66 67 75 0.253247 0.153007 0.593745 225.428971 350.173820
66 67 75 0.007691 0.849699 0.142610 248.177110 349.412307
66 67 75 0.755739 0.109931 0.134330 222.393163 341.624046
66 67 75 0.168366 0.824529 0.007105 244.529880 350.325061
66 67 75 0.007408 0.323065 0.669527 232.207963 349.426715
66 67 75 0.117880 0.769000 0.113120 243.727475 347.112553
66 67 75 0.602001 0.175472 0.222527 225.202932 343.807218
66 67 75 0.603899 0.059495 0.336605 223.206549 348.807516
66 67 75 0.312224 0.313916 0.373861 229.055873 349.355740
66 67 75 0.560185 0.326054 0.113761 231.031286 346.577241
67 76 75 0.687433 0.171565 0.141002 244.455147 352.507991
67 76 75 0.194186 0.618065 0.187749 245.142417 353.964324
67 76 75 0.529356 0.405382 0.065262 251.463658 353.507623
67 76 75 0.862596 0.097710 0.039694 249.716662 349.661688
67 76 75 0.215185 0.302571 0.482244 236.752211 350.792841
67 76 75 0.006778 0.729047 0.264175 245.625265 354.090030
67 76 75 0.815453 0.081213 0.103334 246.169817 347.575815
67 76 75 0.986350 0.008230 0.005419 249.549610 345.713574
67 76 75 0.483995 0.433744 0.082260 246.633617 350.493270
67 76 75 0.171941 0.168501 0.659559 231.530168 353.916208
67 68 76 0.525903 0.169489 0.304608 256.671741 350.207962
67 68 76 0.784747 0.092358 0.122895 254.485004 347.805562
67 68 76 0.435916 0.422356 0.141728 265.886516 351.810569
67 68 76 0.599222 0.396244 0.004534 266.382604 346.592903
67 68 76 0.738381 0.076323 0.185296 256.338901 349.339480
67 68 76 0.739471 0.142275 0.118254 251.752087 351.139067
67 68 76 0.112397 0.291313 0.596290 263.224938 355.254698
67 68 76 0.727831 0.072788 0.199381 250.814832 349.025605
67 68 76 0.746449 0.133705 0.119846 255.389174 349.784287
67 68 76 0.820371 0.006710 0.172919 252.511103 348.872522
68 77 76 0.345021 0.380446 0.274534 275.261743 353.233323
68 77 76 0.013977 0.228224 0.757798 255.773998 355.716381
68 77 76 0.890347 0.027047 0.082606 281.506854 351.777592
68 77 76 0.853219 0.103184 0.043597 280.227400 352.023258
68 77 76 0.528287 0.327563 0.144150 275.654071 357.556826
68 77 76 0.393345 0.391922 0.214733 275.841488 351.486396
68 77 76 0.595677 0.257906 0.146418 279.718060 353.932152
68 77 76 0.326610 0.213654 0.459736 269.627782 350.915652
68 77 76 0.133284 0.653293 0.213423 274.599456 356.767367
68 77 76 0.163468 0.231260 0.605272 263.940831 352.126957
68 69 77 0.084268 0.752818 0.162914 302.209067 353.515067
68 69 77 0.241760 0.439062 0.319178 296.645353 352.816568
68 69 77 0.078930 0.724106 0.196965 306.282209 351.280313
68 69 77 0.304837 0.138716 0.556447 287.215399 357.048331
68 69 77 0.493310 0.444759 0.061931 298.892464 350.400863
68 69 77 0.523120 0.460178 0.016702 301.499311 348.248277
68 69 77 0.990629 0.002284 0.007087 283.997737 352.885231
68 69 77 0.744021 0.032523 0.223456 282.720903 352.643814
68 69 77 0.359349 0.211745 0.428905 287.739276 351.396876
68 69 77 0.928263 0.028327 0.043410 285.061262 352.057683
69 78 77 0.654604 0.123292 0.222105 306.859910 359.085489
69 78 77 0.541135 0.254422 0.204443 310.180260 348.986193
69 78 77 0.186688 0.085563 0.727749 292.819343 357.172963
69 78 77 0.197531 0.096765 0.705704 289.880836 355.039923
69 78 77 0.406932 0.078145 0.514923 301.061875 360.899697
69 78 77 0.503465 0.190929 0.305606 304.323931 354.835945
69 78 77 0.688902 0.282594 0.028504 315.709175 353.503956
69 78 77 0.303821 0.244682 0.451497 300.233872 353.989730
69 78 77 0.667308 0.060342 0.272350 308.913694 358.687954
69 78 77 0.475383 0.169786 0.354831 300.892415 356.468471
69 70 78 0.222145 0.393518 0.384337 327.172674 353.811267
69 70 78 0.894441 0.011937 0.093622 318.626254 348.038541
69 70 78 0.302049 0.313839 0.384112 328.380848 357.289780
69 70 78 0.521328 0.353321 0.125351 330.999668 351.629739
69 70 78 0.385230 0.315845 0.298925 324.079287 356.848214
69 70 78 0.386086 0.020248 0.593666 316.684892 356.087623
69 70 78 0.072615 0.375756 0.551629 324.428984 358.520231
69 70 78 0.275710 0.681833 0.042457 340.296626 355.980619
69 70 78 0.084583 0.809747 0.105670 348.160750 355.645474
69 70 78 0.893178 0.020764 0.086058 315.593851 356.317210
70 79 78 0.303630 0.106841 0.589530 326.640732 359.220308
70 79 78 0.085574 0.375501 0.538925 330.133241 361.471140
70 79 78 0.629795 0.012547 0.357658 334.951775 358.852397
70 79 78 0.187008 0.235562 0.577430 328.937613 360.835370
70 79 78 0.767319 0.022634 0.210048 342.338979 354.089414
70 79 78 0.284714 0.705341 0.009944 345.982183 360.704875
70 79 78 0.962154 0.008176 0.029670 346.141459 357.033898
70 79 78 0.140716 0.168911 0.690374 324.468177 360.484847
70 79 78 0.430617 0.528290 0.041093 347.245670 356.635017
70 79 78 0.072352 0.419996 0.507652 327.683831 364.232479
70 71 79 0.486339 0.342488 0.171174 364.108005 355.918141
70 71 79 0.679898 0.316245 0.003857 365.154348 354.590407
70 71 79 0.126579 0.729985 0.143436 377.974606 359.325970
70 71 79 0.700803 0.216901 0.082296 356.339876 356.238412
70 71 79 0.224704 0.353780 0.421516 361.307752 357.977699
70 71 79 0.797810 0.066503 0.135687 348.998585 358.344954
70 71 79 0.174667 0.620408 0.204926 373.148671 357.634452
70 71 79 0.406112 0.142458 0.451430 359.762157 363.737514
70 71 79 0.112032 0.202980 0.684988 355.314079 363.315556
70 71 79 0.044851 0.049805 0.905344 350.154682 363.934949
71 80 79 0.877377 0.059404 0.063219 384.115012 358.987976
71 80 79 0.380386 0.062214 0.557400 363.230228 363.602465
71 80 79 0.673189 0.156700 0.170111 381.546018 365.411831
71 80 79 0.500471 0.498661 0.000868 387.264283 363.633953
71 80 79 0.364787 0.193407 0.441806 366.093412 359.891407
71 80 79 0.201499 0.732959 0.065542 377.528559 368.947811
71 80 79 0.176471 0.336635 0.486895 365.048743 364.319774
71 80 79 0.335362 0.338370 0.326269 372.269397 364.993771
71 80 79 0.136516 0.777390 0.086094 377.304024 365.429769
71 80 79 0.422958 0.500148 0.076894 381.422045 364.598875
