0 1 9 0.913350 0.083225 0.003425 118.962778 189.425367
0 1 9 0.147839 0.835601 0.016559 145.791014 188.137725
0 1 9 0.356638 0.375971 0.267390 128.924275 192.156073
0 1 9 0.561232 0.230365 0.208404 125.377277 192.437560
0 1 9 0.943630 0.015785 0.040585 121.681524 188.048035
0 1 9 0.230435 0.572502 0.197063 136.635348 189.477095
0 1 9 0.913956 0.082726 0.003318 120.753100 191.855019
0 1 9 0.180881 0.057350 0.761768 111.359735 193.895722
0 1 9 0.954739 0.009243 0.036018 119.339091 189.805352
0 1 9 0.905475 0.062898 0.031627 117.786312 190.483988
1 10 9 0.640999 0.114551 0.244450 138.916902 194.984637
1 10 9 0.954657 0.038557 0.006785 149.222579 188.119573
1 10 9 0.157761 0.254336 0.587903 122.230016 194.544298
1 10 9 0.607571 0.102884 0.289546 135.679468 192.663912
1 10 9 0.587442 0.255325 0.157232 140.170689 193.905527
1 10 9 0.654645 0.155293 0.190062 140.386445 192.584011
1 10 9 0.541031 0.272573 0.186396 141.715360 193.281071
1 10 9 0.210994 0.471402 0.317604 132.955123 196.361890
1 10 9 0.987721 0.001435 0.010844 150.575533 190.299377
1 10 9 0.940279 0.021322 0.038400 146.546256 188.586349
1 2 10 0.078806 0.906398 0.014797 177.523715 186.812045
1 2 10 0.912102 0.083941 0.003957 151.256739 190.909558
1 2 10 0.377463 0.508954 0.113584 164.887847 191.196685
1 2 10 0.680615 0.044928 0.274457 149.231441 190.037977
1 2 10 0.266457 0.207087 0.526456 152.006709 193.935196
1 2 10 0.235588 0.271810 0.492602 155.689975 191.722308
1 2 10 0.797173 0.035786 0.167041 150.909473 189.450929
1 2 10 0.569088 0.313670 0.117242 159.260952 192.891909
1 2 10 0.626672 0.266070 0.107259 152.991407 188.027293
1 2 10 0.284191 0.681001 0.034808 171.733487 188.561940
2 11 10 0.825528 0.030805 0.143667 178.064619 192.534816
2 11 10 0.312998 0.626786 0.060216 175.286993 191.050003
2 11 10 0.978676 0.005652 0.015673 179.056861 183.497848
2 11 10 0.096290 0.706861 0.196849 170.050521 193.791922
2 11 10 0.914974 0.000807 0.084219 174.880718 189.036303
2 11 10 0.549264 0.067112 0.383624 163.612185 192.954753
2 11 10 0.029424 0.783295 0.187282 168.257700 197.550452
2 11 10 0.181136 0.016627 0.802237 149.367452 198.512014
2 11 10 0.429132 0.084051 0.486817 164.055596 194.221815
2 11 10 0.677716 0.253827 0.068457 174.835526 187.873916
2 3 11 0.775602 0.087814 0.136584 184.302921 187.727605
2 3 11 0.007842 0.645301 0.346857 196.875407 189.024108
2 3 11 0.224875 0.101785 0.673340 181.785208 194.473892
2 3 11 0.577017 0.039772 0.383211 179.703121 190.930837
2 3 11 0.216939 0.397478 0.385583 191.895904 193.327940
2 3 11 0.215490 0.090118 0.694392 180.795663 191.193896
2 3 11 0.321444 0.307487 0.371069 191.567695 190.618937
2 3 11 0.356460 0.366830 0.276710 190.887937 185.955997
2 3 11 0.098596 0.379467 0.521937 190.845571 189.870682
2 3 11 0.326962 0.067141 0.605897 179.387854 192.748606
3 12 11 0.547717 0.397306 0.054977 210.148645 189.535080
3 12 11 0.164764 0.617803 0.217433 202.349544 189.309992
3 12 11 0.149808 0.747280 0.102912 206.333935 194.940698
3 12 11 0.684504 0.072531 0.242965 206.071656 187.336611
3 12 11 0.508053 0.136389 0.355558 196.657936 189.056735
3 12 11 0.710837 0.168167 0.120996 210.314763 189.541207
3 12 11 0.842104 0.111336 0.046559 208.888344 189.539687
3 12 11 0.099899 0.480168 0.419932 197.962639 194.877750
3 12 11 0.406658 0.202793 0.390549 198.828178 189.441188
3 12 11 0.454278 0.464498 0.081224 205.152528 190.741240
3 4 12 0.271784 0.007496 0.720720 210.778941 191.984519
3 4 12 0.500440 0.294453 0.205108 221.004221 189.296152
3 4 12 0.219541 0.602099 0.178359 228.994873 187.607429
3 4 12 0.658182 0.171144 0.170675 217.657576 187.264242
3 4 12 0.526222 0.040971 0.432807 212.607858 190.820888
3 4 12 0.798422 0.135539 0.066039 215.818928 190.388925
3 4 12 0.723859 0.122959 0.153182 213.485708 189.020979
3 4 12 0.634975 0.081492 0.283533 210.073168 190.134970
3 4 12 0.811422 0.110763 0.077815 216.572852 186.956407
3 4 12 0.028040 0.259676 0.712284 221.809778 193.360823
4 13 12 0.537850 0.000750 0.461400 225.331727 191.148803
4 13 12 0.082636 0.305420 0.611945 221.648470 198.320154
4 13 12 0.800975 0.021345 0.177680 237.210244 188.656624
4 13 12 0.762262 0.187757 0.049981 242.628268 186.739761
4 13 12 0.971311 0.000208 0.028481 241.654265 187.669560
4 13 12 0.190091 0.140354 0.669555 218.913089 192.288422
4 13 12 0.431545 0.002611 0.565844 224.939211 190.107292
4 13 12 0.181941 0.211548 0.606511 224.100626 190.112906
4 13 12 0.716330 0.133929 0.149741 235.164056 191.612168
4 13 12 0.996043 0.002368 0.001589 236.366668 186.184908
4 5 13 0.389833 0.167104 0.443063 247.332575 188.312286
4 5 13 0.035028 0.446489 0.518483 259.291655 188.401407
4 5 13 0.478356 0.359940 0.161704 251.716805 187.466174
4 5 13 0.628409 0.321888 0.049703 250.047021 184.263625
4 5 13 0.847294 0.048554 0.104152 243.264961 186.739029
4 5 13 0.549952 0.109971 0.340077 245.898365 185.397876
4 5 13 0.172912 0.627947 0.199141 262.093192 188.472856
4 5 13 0.442029 0.426679 0.131292 253.385013 188.747029
4 5 13 0.451073 0.527174 0.021753 258.978119 182.622266
4 5 13 0.923944 0.020406 0.055650 241.607927 186.622701
5 14 13 0.567220 0.095211 0.337569 266.168953 189.339737
5 14 13 0.216235 0.701037 0.082727 273.578719 190.145358
5 14 13 0.726716 0.232063 0.041221 274.432023 185.731378
5 14 13 0.616022 0.152303 0.231675 264.321653 187.796538
5 14 13 0.015514 0.929833 0.054653 276.703059 190.931163
5 14 13 0.443211 0.497592 0.059197 272.529292 188.148057
5 14 13 0.648911 0.144294 0.206795 266.537513 185.797192
5 14 13 0.827901 0.026774 0.145324 268.722884 187.619124
5 14 13 0.399691 0.071873 0.528436 256.768330 191.085746
5 14 13 0.349848 0.069144 0.581008 255.234435 187.843245
5 6 14 0.461355 0.174450 0.364195 284.047638 186.649043
5 6 14 0.889823 0.074167 0.036009 277.150946 182.729467
5 6 14 0.731127 0.146044 0.122829 277.581684 186.694464
5 6 14 0.165249 0.610143 0.224608 293.042309 185.476637
5 6 14 0.133433 0.492100 0.374467 293.759626 187.433564
5 6 14 0.805073 0.068229 0.126698 277.157227 184.513779
5 6 14 0.945484 0.044435 0.010081 278.102217 184.811428
5 6 14 0.830876 0.102303 0.066821 277.623473 183.218494
5 6 14 0.877100 0.057319 0.065580 275.975458 184.486176
5 6 14 0.451387 0.035649 0.512965 276.349102 185.334367
6 15 14 0.669845 0.162195 0.167960 302.271942 188.739545
6 15 14 0.982708 0.010061 0.007231 306.705452 182.510181
6 15 14 0.942852 0.020550 0.036598 303.944097 186.340483
6 15 14 0.366458 0.153630 0.479912 293.390298 191.830123
6 15 14 0.602096 0.139696 0.258208 300.659006 185.743893
6 15 14 0.968001 0.008918 0.023081 306.824189 186.061993
6 15 14 0.144241 0.186505 0.669254 289.748492 192.451113
6 15 14 0.655866 0.270540 0.073594 305.883948 187.357283
6 15 14 0.791658 0.196389 0.011953 308.590553 187.438051
6 15 14 0.080925 0.753174 0.165901 306.544626 189.951860
6 7 15 0.844046 0.114629 0.041325 306.778269 185.249639
6 7 15 0.296669 0.178111 0.525221 314.304801 190.787186
6 7 15 0.512282 0.468642 0.019077 322.235513 184.902301
6 7 15 0.586837 0.024619 0.388544 307.070988 185.688113
6 7 15 0.123973 0.113160 0.762867 312.674327 191.744179
6 7 15 0.073306 0.045215 0.881479 311.707668 189.127541
6 7 15 0.327119 0.337361 0.335520 316.524952 187.190867
6 7 15 0.094436 0.484373 0.421191 319.582005 185.352734
6 7 15 0.342868 0.075194 0.581938 313.317318 187.975249
6 7 15 0.273798 0.376977 0.349225 318.197279 186.756667
7 16 15 0.804480 0.062971 0.132549 336.599694 186.748896
7 16 15 0.212597 0.446923 0.340480 335.834081 188.312944
7 16 15 0.966207 0.014241 0.019551 336.341771 179.962582
7 16 15 0.733159 0.013008 0.253833 330.850987 183.813601
7 16 15 0.417028 0.336181 0.246791 331.275630 188.487020
7 16 15 0.118070 0.449489 0.432440 326.764045 187.588242
7 16 15 0.045822 0.472763 0.481415 326.158651 189.553600
7 16 15 0.239999 0.331697 0.428304 331.542335 187.572252
7 16 15 0.382987 0.216056 0.400957 329.537130 187.639247
7 16 15 0.460915 0.446967 0.092118 338.567151 185.909469
7 8 16 0.558105 0.292544 0.149350 344.112589 181.383685
7 8 16 0.363918 0.334417 0.301665 347.840551 183.149190
7 8 16 0.587889 0.290938 0.121173 346.696319 184.984295
7 8 16 0.361419 0.247138 0.391444 349.792782 184.554327
7 8 16 0.040364 0.069648 0.889988 343.890239 189.794724
7 8 16 0.514234 0.071895 0.413871 341.398696 183.754079
7 8 16 0.275779 0.155858 0.568363 344.038132 185.705077
7 8 16 0.405791 0.053312 0.540897 340.039588 189.752088
7 8 16 0.057552 0.811854 0.130594 361.384051 180.491389
7 8 16 0.276571 0.287008 0.436421 349.737923 180.490833
8 17 16 0.593368 0.281645 0.124987 364.170271 182.907890
8 17 16 0.787989 0.169054 0.042957 364.184806 180.707078
8 17 16 0.226028 0.587471 0.186501 368.981920 182.539451
8 17 16 0.789060 0.033418 0.177522 365.508108 183.080959
8 17 16 0.429858 0.451537 0.118605 371.575622 185.172079
8 17 16 0.972223 0.016423 0.011353 365.693837 181.464778
8 17 16 0.626312 0.266449 0.107239 366.488145 184.723884
8 17 16 0.178991 0.608374 0.212636 368.718130 184.505218
8 17 16 0.024520 0.789100 0.186380 369.757507 189.146839
8 17 16 0.346170 0.505114 0.148717 369.090542 184.104082
9 10 18 0.041674 0.445666 0.512660 121.241795 200.644043
9 10 18 0.714972 0.125346 0.159682 113.456104 201.793142
9 10 18 0.637813 0.123684 0.238503 109.872311 200.287220
9 10 18 0.635790 0.046386 0.317825 104.493791 200.641573
9 10 18 0.076845 0.212756 0.710398 108.090555 207.051487
9 10 18 0.464052 0.482463 0.053484 125.019668 197.742744
9 10 18 0.434526 0.355467 0.210007 120.986882 197.901421
9 10 18 0.767866 0.029982 0.202151 105.793613 201.458018
9 10 18 0.121553 0.285592 0.592855 110.470266 205.930281
9 10 18 0.188653 0.462976 0.348371 117.067418 206.124873
10 19 18 0.458867 0.018296 0.522837 119.872939 205.229451
10 19 18 0.728473 0.138640 0.132887 135.616837 199.985902
10 19 18 0.699271 0.280190 0.020538 142.675571 199.534676
10 19 18 0.819104 0.038261 0.142635 140.751465 199.264754
10 19 18 0.512971 0.287177 0.199851 131.823218 203.709105
10 19 18 0.824235 0.134675 0.041090 142.717500 199.502983
10 19 18 0.203345 0.210344 0.586311 116.588742 208.290988
10 19 18 0.468026 0.248600 0.283374 128.210579 204.665480
10 19 18 0.428351 0.138868 0.432781 121.575488 205.969484
10 19 18 0.329265 0.504202 0.166533 130.245315 207.179041
10 11 19 0.821460 0.040886 0.137654 144.812036 198.621711
10 11 19 0.842592 0.089724 0.067684 145.945697 203.815904
10 11 19 0.917844 0.013853 0.068303 146.256222 193.471790
10 11 19 0.712296 0.159941 0.127763 151.219689 203.044476
10 11 19 0.275077 0.535127 0.189796 155.249516 201.395086
10 11 19 0.734488 0.083881 0.181631 141.221680 197.472675
10 11 19 0.386571 0.288240 0.325189 151.124906 205.010163
10 11 19 0.445953 0.047528 0.506519 136.690388 204.106799
10 11 19 0.921230 0.038061 0.040709 144.249818 194.102300
10 11 19 0.859514 0.127119 0.013367 148.190140 196.185761
11 20 19 0.899872 0.024823 0.075305 176.808252 197.982848
11 20 19 0.435326 0.016775 0.547899 152.543734 203.311564
11 20 19 0.116860 0.532573 0.350567 153.941308 211.813299
11 20 19 0.789825 0.086906 0.123270 171.339117 198.593716
11 20 19 0.558926 0.221552 0.219522 169.597086 199.858935
11 20 19 0.035925 0.059601 0.904474 135.628749 212.899996
11 20 19 0.845782 0.072873 0.081345 171.183351 198.618679
11 20 19 0.460463 0.500485 0.039052 171.087572 206.587349
11 20 19 0.404966 0.107761 0.487272 154.440074 204.566233
11 20 19 0.147779 0.004567 0.847654 141.475031 206.916853
11 12 20 0.492324 0.159808 0.347869 180.351633 200.805316
11 12 20 0.985605 0.001215 0.013179 174.958229 196.124083
11 12 20 0.301208 0.442978 0.255814 192.137708 199.092511
11 12 20 0.985906 0.013085 0.001009 175.829608 191.632310
11 12 20 0.306514 0.440083 0.253403 190.768728 199.107745
11 12 20 0.169601 0.493863 0.336536 190.177457 197.917099
11 12 20 0.449804 0.510628 0.039568 192.488585 196.686620
11 12 20 0.719036 0.118585 0.162379 179.254510 196.368859
11 12 20 0.464166 0.464165 0.071669 189.503243 196.879164
11 12 20 0.922713 0.008861 0.068425 178.650049 195.500076
12 21 20 0.590327 0.150828 0.258845 204.362770 199.726740
12 21 20 0.461756 0.192220 0.346025 192.599084 200.531185
12 21 20 0.303021 0.389416 0.307563 196.906875 204.746982
12 21 20 0.840798 0.128101 0.031101 209.300044 199.320746
12 21 20 0.075744 0.710024 0.214231 196.135759 205.204435
12 21 20 0.943322 0.051365 0.005313 207.241947 195.208432
12 21 20 0.246913 0.423510 0.329577 194.035890 209.176849
12 21 20 0.520877 0.064440 0.414683 197.502927 198.078531
12 21 20 0.299647 0.214456 0.485897 191.636361 206.206199
12 21 20 0.897877 0.035096 0.067027 209.378837 196.075625
12 13 21 0.332831 0.477646 0.189523 224.231979 198.215632
12 13 21 0.199551 0.241977 0.558472 214.608038 198.233226
12 13 21 0.570720 0.196296 0.232985 219.280551 197.694541
12 13 21 0.480195 0.136466 0.383338 214.048586 199.484713
12 13 21 0.018582 0.693422 0.287996 232.679179 194.546945
12 13 21 0.354314 0.011060 0.634626 207.448432 203.425091
12 13 21 0.858288 0.029560 0.112152 210.719059 195.194290
12 13 21 0.296279 0.096574 0.607148 211.202190 202.494502
12 13 21 0.072788 0.840326 0.086886 235.208002 196.140449
12 13 21 0.933874 0.010253 0.055873 211.076613 192.032655
13 22 21 0.146467 0.311467 0.542066 221.530572 205.197833
13 22 21 0.192155 0.560712 0.247133 235.735505 201.343082
13 22 21 0.385745 0.154779 0.459476 224.570465 202.850727
13 22 21 0.036040 0.739655 0.224305 233.378239 207.000286
13 22 21 0.142206 0.749060 0.108734 237.814784 209.602847
13 22 21 0.342800 0.610228 0.046972 241.038932 201.977469
13 22 21 0.510771 0.354934 0.134294 235.313880 198.597907
13 22 21 0.996562 0.001844 0.001594 243.155030 192.025086
13 22 21 0.446789 0.058408 0.494803 225.207288 204.518868
13 22 21 0.061445 0.406420 0.532134 220.630899 207.415287
13 14 22 0.531534 0.084975 0.383491 247.558714 200.656036
13 14 22 0.429274 0.257258 0.313468 248.828988 195.186844
13 14 22 0.226038 0.073207 0.700755 241.141023 201.821928
13 14 22 0.639824 0.127273 0.232903 249.936888 196.623447
13 14 22 0.643618 0.270880 0.085502 252.511718 193.720192
13 14 22 0.368116 0.501850 0.130033 257.654202 190.441673
13 14 22 0.746476 0.024084 0.229440 241.593916 196.281796
13 14 22 0.273297 0.296844 0.429859 253.486224 197.161013
13 14 22 0.559905 0.388370 0.051726 254.172130 195.556013
13 14 22 0.188799 0.369579 0.441622 254.153471 196.294240
14 23 22 0.073335 0.067077 0.859588 247.631108 202.594238
14 23 22 0.669809 0.212043 0.118148 275.466309 193.631842
14 23 22 0.359453 0.046160 0.594387 260.823400 196.577461
14 23 22 0.161721 0.343859 0.494420 259.345110 201.887385
14 23 22 0.398431 0.153756 0.447812 260.838189 198.013869
14 23 22 0.691036 0.055697 0.253267 270.698414 196.476194
14 23 22 0.740511 0.098090 0.161399 275.370995 193.629817
14 23 22 0.597750 0.258799 0.143451 272.099565 198.149380
14 23 22 0.474922 0.417322 0.107756 279.366985 198.573525
14 23 22 0.224498 0.549972 0.225529 272.789986 202.082461
14 15 23 0.328028 0.666572 0.005400 300.430954 192.960976
14 15 23 0.378523 0.484606 0.136871 298.175520 190.716042
14 15 23 0.331457 0.207215 0.461328 285.270026 195.206309
14 15 23 0.172132 0.704426 0.123442 301.181180 193.770949
14 15 23 0.354665 0.643529 0.001807 298.134053 192.295874
14 15 23 0.263851 0.279972 0.456177 289.938240 192.757625
14 15 23 0.359999 0.582937 0.057065 299.729173 194.770852
14 15 23 0.176297 0.095667 0.728036 281.042566 199.682819
14 15 23 0.037835 0.855260 0.106905 307.952554 193.370938
14 15 23 0.051960 0.554752 0.393288 296.047608 196.772404
15 24 23 0.927808 0.045029 0.027163 310.944818 192.502013
15 24 23 0.837013 0.100292 0.062695 313.851261 194.620118
15 24 23 0.975695 0.014771 0.009534 311.926073 191.744140
15 24 23 0.423577 0.495466 0.080957 313.535144 197.918917
15 24 23 0.207272 0.092889 0.699839 291.100383 204.844581
15 24 23 0.302998 0.214137 0.482864 300.012450 201.101934
15 24 23 0.933274 0.033946 0.032780 314.310743 194.156529
15 24 23 0.123496 0.251436 0.625067 297.925126 203.362552
15 24 23 0.201693 0.166690 0.631617 294.607752 204.849302
15 24 23 0.803006 0.069852 0.127142 305.359706 192.873340
15 16 24 0.491113 0.468793 0.040094 326.198535 190.054361
15 16 24 0.441686 0.276929 0.281385 324.607141 191.248707
15 16 24 0.126708 0.571987 0.301305 331.235856 192.298412
15 16 24 0.275016 0.268912 0.456071 320.228068 193.845092
15 16 24 0.220272 0.314368 0.465359 324.114879 193.967947
15 16 24 0.040375 0.862977 0.096647 345.722261 189.553947
15 16 24 0.759573 0.120711 0.119716 319.461956 191.787979
15 16 24 0.740684 0.064333 0.194983 313.227011 193.718365
15 16 24 0.038292 0.151266 0.810443 321.353396 198.672534
15 16 24 0.033295 0.790846 0.175858 343.239810 191.030036
16 25 24 0.599633 0.170723 0.229643 339.736928 194.348746
16 25 24 0.546407 0.129493 0.324099 333.553719 193.502981
16 25 24 0.939191 0.056163 0.004647 346.705377 190.621391
16 25 24 0.490795 0.273107 0.236097 340.182262 197.269770
16 25 24 0.037394 0.692752 0.269855 340.876255 200.813218
16 25 24 0.927925 0.071562 0.000513 345.455852 184.943037
16 25 24 0.925059 0.000224 0.074717 344.955842 188.247323
16 25 24 0.059920 0.157226 0.782854 322.462560 198.824317
16 25 24 0.055165 0.492443 0.452392 335.586100 203.484728
16 25 24 0.688918 0.022255 0.288827 338.221112 191.447905
16 17 25 0.284334 0.015127 0.700539 351.575759 198.548517
16 17 25 0.613453 0.379308 0.007239 357.159376 189.047405
16 17 25 0.595962 0.371435 0.032602 357.638070 186.248742
16 17 25 0.336869 0.593930 0.069201 363.881248 191.489098
16 17 25 0.746306 0.026604 0.227090 347.701525 191.925439
16 17 25 0.422352 0.341497 0.236150 357.884192 193.320428
16 17 25 0.562091 0.310353 0.127556 355.137132 190.289216
16 17 25 0.816814 0.094242 0.088943 349.754166 190.229364
16 17 25 0.770869 0.042575 0.186555 345.000112 191.336636
16 17 25 0.821841 0.150352 0.027807 352.119288 190.370350
17 26 25 0.922731 0.002874 0.074395 369.377249 187.571688
17 26 25 0.076550 0.885635 0.037815 388.166155 197.502725
17 26 25 0.067398 0.702657 0.229945 381.970767 196.888483
17 26 25 0.661105 0.036146 0.302749 370.634279 191.914732
17 26 25 0.785520 0.188430 0.026049 377.802521 189.129999
17 26 25 0.130233 0.165996 0.703771 361.424402 202.435362
17 26 25 0.585932 0.299060 0.115008 380.746037 193.259961
17 26 25 0.419650 0.480621 0.099728 378.826463 189.864952
17 26 25 0.965529 0.031066 0.003405 380.707258 190.805076
17 26 25 0.019302 0.405926 0.574772 365.684851 203.718712
18 19 27 0.131062 0.743709 0.125229 123.357245 212.843047
18 19 27 0.910702 0.036455 0.052842 96.919673 214.023929
18 19 27 0.827434 0.008379 0.164187 95.496908 214.003631
18 19 27 0.848461 0.025024 0.126515 96.876227 213.571423
18 19 27 0.950206 0.024545 0.025249 94.512362 212.095510
18 19 27 0.318979 0.183383 0.497638 99.459932 226.372069
18 19 27 0.352877 0.102796 0.544327 95.846542 226.747750
18 19 27 0.543243 0.194340 0.262418 101.254020 216.523351
18 19 27 0.529312 0.450074 0.020614 112.835522 214.815182
18 19 27 0.397893 0.512256 0.089851 111.808266 212.424666
19 28 27 0.184657 0.600919 0.214424 114.774516 232.804488
19 28 27 0.590541 0.104712 0.304747 118.039559 220.704878
19 28 27 0.603310 0.067619 0.329071 116.208713 222.857458
19 28 27 0.158272 0.196992 0.644736 98.439899 233.227600
19 28 27 0.054242 0.456083 0.489674 109.167278 232.848804
19 28 27 0.537270 0.005459 0.457271 113.764738 222.845788
19 28 27 0.164958 0.274367 0.560674 106.043585 234.299252
19 28 27 0.438626 0.260535 0.300838 117.111690 228.596743
19 28 27 0.462977 0.405245 0.131778 123.146953 226.140911
19 28 27 0.877657 0.068148 0.054195 128.673075 216.830024
19 20 28 0.652221 0.312338 0.035441 143.149594 212.355480
19 20 28 0.848015 0.014038 0.137947 132.149034 221.215417
19 20 28 0.219297 0.183084 0.597618 139.502219 228.589783
19 20 28 0.556700 0.110561 0.332739 131.080023 223.479409
19 20 28 0.368922 0.090976 0.540102 133.796002 226.953418
19 20 28 0.624939 0.016773 0.358288 129.815262 218.648467
19 20 28 0.889109 0.103460 0.007430 138.277535 211.445216
19 20 28 0.257358 0.040823 0.701819 127.509144 231.068653
19 20 28 0.988544 0.002023 0.009433 131.946944 213.889489
19 20 28 0.968040 0.023523 0.008436 133.831982 213.424777
20 29 28 0.004697 0.780358 0.214946 156.051727 233.042271
20 29 28 0.268280 0.629950 0.101770 160.880557 227.790064
20 29 28 0.818009 0.091230 0.090761 170.740675 213.011233
20 29 28 0.374125 0.156408 0.469467 148.847090 226.291780
20 29 28 0.202795 0.616980 0.180225 160.189023 228.678715
20 29 28 0.676166 0.278297 0.045536 165.278172 216.133942
20 29 28 0.679118 0.208987 0.111896 163.416038 224.297084
20 29 28 0.126316 0.174475 0.699209 137.772910 230.964682
20 29 28 0.748424 0.174097 0.077479 168.632788 214.484449
20 29 28 0.338247 0.651908 0.009845 164.306273 226.944678
20 21 29 0.617420 0.150444 0.232136 170.442130 213.311608
20 21 29 0.856173 0.078236 0.065592 173.736176 208.661004
20 21 29 0.646836 0.063747 0.289417 169.589323 219.790735
20 21 29 0.141016 0.115972 0.743011 170.690881 227.256934
20 21 29 0.899997 0.057731 0.042272 176.403249 212.166591
20 21 29 0.677520 0.194528 0.127952 179.127338 212.457513
20 21 29 0.097567 0.608140 0.294293 189.809949 214.371035
20 21 29 0.359376 0.534874 0.105750 190.360409 212.548890
20 21 29 0.085434 0.388787 0.525779 182.045375 220.919942
20 21 29 0.465232 0.210173 0.324596 176.571899 219.157708
21 30 29 0.683269 0.130977 0.185754 198.149973 215.117094
21 30 29 0.704510 0.234393 0.061098 202.825754 211.180360
21 30 29 0.219890 0.493847 0.286264 195.072168 228.521492
21 30 29 0.806724 0.129667 0.063608 199.001744 210.260789
21 30 29 0.887591 0.079906 0.032503 203.416568 210.645359
21 30 29 0.916843 0.057497 0.025659 204.619826 212.984614
21 30 29 0.620500 0.050254 0.329246 194.548718 214.468189
21 30 29 0.470289 0.449981 0.079729 200.819198 219.988633
21 30 29 0.799280 0.195176 0.005544 206.864551 212.967496
21 30 29 0.118307 0.683802 0.197891 197.765361 229.066803
21 22 30 0.705810 0.078905 0.215286 205.461615 210.325707
21 22 30 0.178220 0.384995 0.436785 217.598749 215.568128
21 22 30 0.280441 0.523650 0.195908 220.430663 212.431845
21 22 30 0.090143 0.576649 0.333208 228.896317 212.585151
21 22 30 0.097173 0.302026 0.600801 215.219374 224.684139
21 22 30 0.213763 0.466585 0.319652 220.718073 211.527239
21 22 30 0.219273 0.749655 0.031072 231.089227 203.915267
21 22 30 0.136255 0.641747 0.221998 230.071650 213.654577
21 22 30 0.622612 0.292038 0.085349 211.000724 208.138293
21 22 30 0.848268 0.022191 0.129541 208.235342 212.720422
22 31 30 0.807401 0.152539 0.040060 238.019885 208.459092
22 31 30 0.233177 0.184755 0.582068 218.442726 220.475074
22 31 30 0.368898 0.512357 0.118745 237.407120 220.845630
22 31 30 0.256085 0.702388 0.041527 242.290567 224.135204
22 31 30 0.109936 0.612825 0.277240 231.120888 225.233036
22 31 30 0.114189 0.528330 0.357480 234.404163 225.370300
22 31 30 0.246870 0.653783 0.099348 239.709627 223.170182
22 31 30 0.447676 0.007711 0.544613 215.972227 219.931894
22 31 30 0.524044 0.139706 0.336251 233.975722 216.886153
22 31 30 0.991977 0.004096 0.003927 243.006051 206.101412
22 23 31 0.303709 0.654647 0.041644 271.661345 201.407303
22 23 31 0.345640 0.292111 0.362249 253.786218 214.202118
22 23 31 0.142925 0.276257 0.580818 251.793107 220.552687
22 23 31 0.234799 0.060666 0.704535 246.103982 222.539311
22 23 31 0.646741 0.032879 0.320380 242.331457 211.203547
22 23 31 0.654045 0.102556 0.243399 246.503046 210.342196
22 23 31 0.574023 0.080054 0.345923 245.671821 216.658142
22 23 31 0.648048 0.068148 0.283803 244.858409 210.543538
22 23 31 0.323554 0.154660 0.521786 248.668112 218.636044
22 23 31 0.301198 0.690498 0.008305 269.948790 206.974690
23 32 31 0.072069 0.854884 0.073047 281.755269 227.993233
23 32 31 0.956876 0.019599 0.023524 283.217306 210.591506
23 32 31 0.841502 0.062362 0.096136 277.979043 211.058109
23 32 31 0.988948 0.009183 0.001870 282.276397 202.213415
23 32 31 0.649294 0.231207 0.119500 277.218904 213.033911
23 32 31 0.064993 0.865322 0.069685 279.979700 225.539274
23 32 31 0.595258 0.210631 0.194111 272.956785 209.454943
23 32 31 0.724497 0.090771 0.184732 274.528357 209.268871
23 32 31 0.378245 0.605093 0.016662 284.735870 220.716926
23 32 31 0.985056 0.009753 0.005191 281.554523 208.667815
23 24 32 0.970424 0.004991 0.024585 280.630080 203.917401
23 24 32 0.711550 0.064062 0.224389 285.205789 208.824770
23 24 32 0.331935 0.175076 0.492989 288.043333 213.408551
23 24 32 0.724273 0.088825 0.186901 286.292474 210.805994
23 24 32 0.781738 0.043459 0.174804 282.640242 206.332388
23 24 32 0.312066 0.138034 0.549900 288.967270 218.079654
23 24 32 0.469506 0.082675 0.447819 282.418455 216.564088
23 24 32 0.297177 0.311947 0.390876 296.615725 217.210815
23 24 32 0.569539 0.114459 0.316003 286.870190 213.200247
23 24 32 0.057823 0.677003 0.265174 304.087196 210.473371
24 33 32 0.554308 0.376476 0.069216 317.762004 211.537150
24 33 32 0.797915 0.114091 0.087994 311.447801 207.160457
24 33 32 0.780770 0.144015 0.075215 315.184256 207.437090
24 33 32 0.587027 0.261975 0.150998 314.504394 211.849828
24 33 32 0.287354 0.304373 0.408273 303.327216 217.884289
24 33 32 0.985564 0.002086 0.012350 312.232982 202.854007
24 33 32 0.783833 0.140791 0.075376 315.666796 204.682829
24 33 32 0.274509 0.691869 0.033623 320.573250 214.924039
24 33 32 0.320941 0.312016 0.367043 302.364496 218.338195
24 33 32 0.457929 0.140511 0.401560 303.524541 217.645933
24 25 33 0.161182 0.029743 0.809075 320.614722 219.745224
24 25 33 0.257805 0.618383 0.123811 338.388043 206.535180
24 25 33 0.330759 0.462567 0.206673 337.416438 205.869270
24 25 33 0.612686 0.014657 0.372658 318.260526 211.492249
24 25 33 0.958629 0.022011 0.019360 314.606228 203.808069
24 25 33 0.639268 0.266274 0.094458 327.593587 201.910940
24 25 33 0.797638 0.112226 0.090136 319.896059 203.485412
24 25 33 0.731852 0.010018 0.258130 321.068511 207.614263
24 25 33 0.745856 0.013111 0.241032 320.121821 206.320185
24 25 33 0.667941 0.146203 0.185856 324.159828 210.941006
25 34 33 0.684973 0.031949 0.283078 345.186509 207.273080
25 34 33 0.911930 0.062639 0.025431 352.287265 203.847419
25 34 33 0.261840 0.180237 0.557923 337.132309 217.993166
25 34 33 0.219100 0.582210 0.198690 352.098956 217.753822
25 34 33 0.722069 0.186245 0.091686 350.651771 207.231100
25 34 33 0.052839 0.140909 0.806252 331.242490 228.489741
25 34 33 0.535708 0.220835 0.243456 347.278134 214.154726
25 34 33 0.630147 0.215282 0.154572 349.490388 214.300119
25 34 33 0.769851 0.111678 0.118471 352.703282 205.565962
25 34 33 0.178949 0.111078 0.709973 331.531849 217.736088
25 26 34 0.352640 0.335443 0.311917 365.915991 209.010452
25 26 34 0.632028 0.082144 0.285828 356.465817 206.378553
25 26 34 0.556321 0.281614 0.162065 366.857268 202.893460
25 26 34 0.364176 0.437603 0.198221 371.756565 205.946237
25 26 34 0.817559 0.142948 0.039493 356.795091 201.274389
25 26 34 0.908270 0.051731 0.039999 350.402781 208.163608
25 26 34 0.308172 0.509051 0.182777 375.165083 204.402391
25 26 34 0.150613 0.140667 0.708719 366.015239 217.307688
25 26 34 0.470044 0.351743 0.178213 363.068287 203.544937
25 26 34 0.120156 0.484326 0.395518 375.859759 207.663897
26 35 34 0.375820 0.585195 0.038985 393.763918 215.520581
26 35 34 0.950379 0.006621 0.043000 387.461366 200.259069
26 35 34 0.991756 0.008091 0.000153 390.051252 197.690548
26 35 34 0.722070 0.234025 0.043906 390.849115 205.412578
26 35 34 0.279302 0.427977 0.292721 387.575861 215.365101
26 35 34 0.932684 0.001966 0.065351 387.667863 202.010090
26 35 34 0.462064 0.461278 0.076658 389.403110 211.462033
26 35 34 0.650721 0.207299 0.141980 386.735569 209.045841
26 35 34 0.463127 0.477829 0.059044 393.019157 207.440403
26 35 34 0.823219 0.167853 0.008928 392.138302 202.788223
27 28 36 0.798591 0.131654 0.069755 88.568295 239.027836
27 28 36 0.770340 0.147904 0.081757 91.087466 243.558314
27 28 36 0.967181 0.020237 0.012582 84.911724 241.112831
27 28 36 0.984570 0.002350 0.013080 88.291130 241.310394
27 28 36 0.371711 0.523306 0.104983 108.517302 239.571922
27 28 36 0.571791 0.330282 0.097927 99.954983 237.896355
27 28 36 0.083540 0.487857 0.428602 104.818334 252.487620
27 28 36 0.877544 0.052134 0.070322 85.670038 242.621866
27 28 36 0.993899 0.004274 0.001827 86.773827 242.127803
27 28 36 0.835754 0.133810 0.030435 91.275867 238.635495
28 37 36 0.753653 0.008193 0.238154 120.030321 245.925970
28 37 36 0.409241 0.267250 0.323510 108.579327 257.364535
28 37 36 0.126724 0.629350 0.243926 110.359862 264.921716
28 37 36 0.357700 0.597077 0.045223 120.639197 258.922717
28 37 36 0.323591 0.438657 0.237751 111.426888 260.442069
28 37 36 0.244236 0.059615 0.696150 91.273299 262.876774
28 37 36 0.363733 0.035534 0.600734 97.422931 260.623000
28 37 36 0.033085 0.018047 0.948868 81.332162 267.903467
28 37 36 0.189772 0.756992 0.053236 117.896632 265.294649
28 37 36 0.910695 0.055102 0.034203 124.331192 238.916263
28 29 37 0.623017 0.315306 0.061677 138.159759 238.574109
28 29 37 0.992560 0.001608 0.005832 124.862432 237.107150
28 29 37 0.623235 0.031641 0.345124 124.526898 246.304864
28 29 37 0.471149 0.097432 0.431419 131.405484 252.834649
28 29 37 0.138157 0.762023 0.099821 153.980677 236.960188
28 29 37 0.143192 0.526125 0.330683 149.198938 245.849040
28 29 37 0.544535 0.229794 0.225671 131.130350 242.219191
28 29 37 0.004415 0.740152 0.255433 152.800279 246.077520
28 29 37 0.803549 0.109818 0.086633 129.953111 239.921464
28 29 37 0.239574 0.601645 0.158781 148.469704 240.929819
29 38 37 0.117301 0.852066 0.030633 162.448702 265.790029
29 38 37 0.204478 0.334979 0.460543 145.599952 261.031014
29 38 37 0.554333 0.029175 0.416493 145.119687 249.300895
29 38 37 0.324469 0.255442 0.420089 145.845239 254.314364
29 38 37 0.502790 0.023027 0.474183 143.135018 248.646475
29 38 37 0.100218 0.170569 0.729213 129.092528 265.472786
29 38 37 0.001238 0.461846 0.536916 140.350228 274.146997
29 38 37 0.515003 0.080371 0.404626 148.377769 249.049217
29 38 37 0.145667 0.552090 0.302243 148.235468 264.920628
29 38 37 0.599473 0.299758 0.100769 154.765677 249.985663
29 30 38 0.155906 0.043444 0.800650 163.555656 260.199414
29 30 38 0.248127 0.333663 0.418210 179.740231 248.038147
29 30 38 0.185352 0.053215 0.761434 165.354631 260.800662
29 30 38 0.946165 0.006228 0.047607 164.175680 235.284439
29 30 38 0.540735 0.388606 0.070659 180.699259 237.438688
29 30 38 0.356744 0.422674 0.220583 182.851426 241.044705
29 30 38 0.123640 0.601776 0.274584 190.684741 242.269918
29 30 38 0.726626 0.074689 0.198685 170.236154 240.028817
29 30 38 0.110973 0.042219 0.846807 163.955318 265.733278
29 30 38 0.696195 0.034743 0.269063 168.846837 244.600824
30 39 38 0.190664 0.735414 0.073922 198.159087 259.321705
30 39 38 0.172330 0.695122 0.132548 201.074950 262.447318
30 39 38 0.137253 0.055518 0.807229 167.962803 263.061049
30 39 38 0.470858 0.179856 0.349286 188.728209 248.977782
30 39 38 0.041648 0.599176 0.359177 185.993343 268.051505
30 39 38 0.373649 0.515062 0.111289 199.865462 254.766351
30 39 38 0.034557 0.736125 0.229318 192.034727 267.054747
30 39 38 0.054616 0.042968 0.902417 162.432249 268.173101
30 39 38 0.452700 0.319988 0.227313 192.787660 249.562597
30 39 38 0.823106 0.033793 0.143101 199.131978 239.912357
30 31 39 0.416540 0.452556 0.130904 225.214274 236.866650
30 31 39 0.660549 0.303651 0.035800 214.201279 235.564109
30 31 39 0.026792 0.085639 0.887570 207.361769 265.953597
30 31 39 0.731152 0.257635 0.011213 214.626981 233.234809
30 31 39 0.286085 0.567036 0.146879 227.945388 234.309252
30 31 39 0.138819 0.048588 0.812594 205.948302 258.263702
30 31 39 0.188150 0.320259 0.491591 218.314669 244.594443
30 31 39 0.723540 0.230815 0.045645 215.856175 230.224183
30 31 39 0.233853 0.502672 0.263475 224.146631 236.995827
30 31 39 0.624811 0.366232 0.008957 216.693572 232.004883
31 40 39 0.901686 0.064143 0.034170 240.015823 231.352047
31 40 39 0.209478 0.548859 0.241663 234.389005 261.847083
31 40 39 0.474293 0.413991 0.111716 236.497225 249.180984
31 40 39 0.494499 0.411310 0.094192 243.847560 247.217840
31 40 39 0.326724 0.442320 0.230956 235.148500 256.198983
31 40 39 0.079573 0.760034 0.160393 232.770617 268.077185
31 40 39 0.374221 0.374586 0.251193 234.740449 251.043991
31 40 39 0.337565 0.141186 0.521249 224.836968 251.949905
31 40 39 0.701847 0.114913 0.183240 235.136435 243.990487
31 40 39 0.473276 0.200061 0.326664 231.127143 251.135564
31 32 40 0.837018 0.089751 0.073231 243.554153 234.479680
31 32 40 0.485099 0.421219 0.093682 259.494520 232.111008
31 32 40 0.747295 0.195603 0.057102 247.513255 229.110164
31 32 40 0.647262 0.254223 0.098515 250.773091 233.960671
31 32 40 0.469027 0.133990 0.396983 247.896811 242.767292
31 32 40 0.846968 0.102600 0.050432 248.574683 231.554220
31 32 40 0.439833 0.449892 0.110276 258.149650 232.865818
31 32 40 0.509437 0.086156 0.404407 247.331373 245.272516
31 32 40 0.134717 0.568880 0.296403 265.536579 234.253503
31 32 40 0.971249 0.006354 0.022397 241.454579 230.492673
32 41 40 0.610243 0.370456 0.019301 285.427080 240.719826
32 41 40 0.337002 0.014113 0.648885 254.978645 255.790153
32 41 40 0.907285 0.007635 0.085080 282.658533 230.515240
32 41 40 0.417564 0.210304 0.372132 274.274690 246.692322
32 41 40 0.203488 0.391640 0.404872 269.798812 255.520237
32 41 40 0.182268 0.235649 0.582082 259.908922 255.954016
32 41 40 0.603036 0.170656 0.226309 276.179222 245.452574
32 41 40 0.763638 0.191394 0.044968 282.489120 237.220146
32 41 40 0.652483 0.142166 0.205351 275.409368 241.215267
32 41 40 0.740842 0.014687 0.244472 272.792025 238.695430
32 33 41 0.616198 0.356539 0.027262 295.900391 227.741611
32 33 41 0.664002 0.068748 0.267250 285.020197 239.548417
32 33 41 0.439985 0.440230 0.119784 298.597560 230.921506
32 33 41 0.851465 0.013558 0.134976 280.736547 231.549476
32 33 41 0.852725 0.075631 0.071644 285.827281 233.302478
32 33 41 0.303303 0.266351 0.430346 293.736469 241.625784
32 33 41 0.817790 0.040977 0.141233 286.078640 234.578239
32 33 41 0.877374 0.098694 0.023932 288.371597 230.480965
32 33 41 0.056480 0.815853 0.127668 318.141096 230.985760
32 33 41 0.365564 0.064271 0.570165 292.214166 248.943533
33 42 41 0.231377 0.086854 0.681769 300.638063 251.724810
33 42 41 0.546551 0.426524 0.026925 325.901546 241.091266
33 42 41 0.227595 0.768833 0.003573 326.892635 253.763646
33 42 41 0.949060 0.021167 0.029773 323.720331 228.166403
33 42 41 0.309939 0.444339 0.245722 317.938956 248.664076
33 42 41 0.118195 0.764585 0.117220 323.741613 254.702977
33 42 41 0.262005 0.278231 0.459765 309.761791 250.443912
33 42 41 0.818159 0.027629 0.154211 317.694783 230.306395
33 42 41 0.464455 0.111060 0.424485 312.636925 241.735663
33 42 41 0.333904 0.517504 0.148591 318.930938 252.578969
33 34 42 0.456841 0.003726 0.539433 328.668131 239.393758
33 34 42 0.107081 0.478256 0.414663 344.576769 238.715829
33 34 42 0.962348 0.005012 0.032640 327.004689 224.043338
33 34 42 0.763754 0.221606 0.014640 332.011534 221.579066
33 34 42 0.211474 0.358363 0.430162 339.760560 241.772704
33 34 42 0.788984 0.122691 0.088326 327.792584 231.373504
33 34 42 0.877712 0.060650 0.061638 323.871506 225.236318
33 34 42 0.828256 0.029548 0.142196 320.275043 227.373332
33 34 42 0.336727 0.013122 0.650151 327.725245 248.514751
33 34 42 0.725415 0.200231 0.074353 326.786683 224.908014
34 43 42 0.866497 0.093811 0.039692 360.592249 228.564767
34 43 42 0.257380 0.160721 0.581899 345.223750 248.494676
34 43 42 0.342596 0.164194 0.493210 346.887579 248.246111
34 43 42 0.069759 0.835629 0.094612 365.505929 253.030888
34 43 42 0.414806 0.348743 0.236450 359.840717 243.145188
34 43 42 0.147806 0.623204 0.228991 358.026200 250.604681
34 43 42 0.634707 0.028185 0.337108 350.245857 236.904404
34 43 42 0.277346 0.018867 0.703787 340.275086 253.658162
34 43 42 0.037685 0.798218 0.164097 365.420045 257.069978
34 43 42 0.813287 0.062194 0.124519 359.751291 229.543348
34 35 43 0.861392 0.016618 0.121990 364.620217 227.655032
34 35 43 0.040483 0.280596 0.678921 378.696595 247.556373
34 35 43 0.845462 0.028882 0.125655 365.611449 226.824503
34 35 43 0.822870 0.078120 0.099010 367.373865 222.273782
34 35 43 0.401508 0.045526 0.552966 367.387704 243.561940
34 35 43 0.281483 0.412348 0.306169 380.095107 231.991259
34 35 43 0.578490 0.022761 0.398749 367.716460 237.130819
34 35 43 0.132997 0.020053 0.846950 370.582926 253.056579
34 35 43 0.671612 0.289440 0.038948 373.862238 225.242929
34 35 43 0.331924 0.450720 0.217356 380.560929 232.069385
35 44 43 0.193335 0.752761 0.053904 405.009393 246.798610
35 44 43 0.484436 0.452161 0.063403 405.209224 240.375175
35 44 43 0.186327 0.690296 0.123377 406.652458 249.526733
35 44 43 0.812938 0.031056 0.156006 395.471633 230.043999
35 44 43 0.597125 0.277035 0.125840 397.803028 236.923774
35 44 43 0.123476 0.004158 0.872366 374.749848 249.648612
35 44 43 0.022419 0.589349 0.388232 397.418357 256.994779
35 44 43 0.005006 0.290272 0.704721 382.118643 259.901708
35 44 43 0.115293 0.209609 0.675098 381.268992 251.359447
35 44 43 0.020939 0.259051 0.720010 381.009896 254.500842
36 37 45 0.633046 0.193737 0.173217 87.596013 278.539466
36 37 45 0.041541 0.258498 0.699961 87.480636 299.997949
36 37 45 0.034049 0.158487 0.807464 79.358397 306.371471
36 37 45 0.392355 0.132146 0.475499 80.802815 293.943028
36 37 45 0.512063 0.285737 0.202200 87.594482 279.745136
36 37 45 0.178550 0.306977 0.514474 90.594538 292.649118
36 37 45 0.071697 0.792172 0.136131 109.430874 275.972578
36 37 45 0.795889 0.177526 0.026585 85.967579 270.850958
36 37 45 0.108981 0.164410 0.726609 84.531175 301.883148
36 37 45 0.310368 0.172047 0.517585 82.034551 295.884373
37 46 45 0.606105 0.308861 0.085034 114.134653 286.379082
37 46 45 0.539939 0.089938 0.370123 101.085260 288.275718
37 46 45 0.648951 0.220715 0.130334 114.527310 285.565626
37 46 45 0.428902 0.064817 0.506281 96.378403 295.549040
37 46 45 0.409512 0.062164 0.528324 93.220200 293.415653
37 46 45 0.091180 0.158216 0.750604 86.700832 310.612331
37 46 45 0.807905 0.113219 0.078876 114.603429 279.221605
37 46 45 0.518804 0.327604 0.153592 113.214486 289.870802
37 46 45 0.636325 0.322558 0.041117 114.618140 287.295523
37 46 45 0.207823 0.044988 0.747189 85.094691 305.648425
37 38 46 0.472413 0.109941 0.417647 120.157567 286.952720
37 38 46 0.257671 0.033622 0.708707 122.440191 299.883737
37 38 46 0.823918 0.031271 0.144811 121.917371 273.636521
37 38 46 0.294586 0.696411 0.009003 147.783949 268.236684
37 38 46 0.698921 0.154752 0.146327 125.196856 276.946214
37 38 46 0.643718 0.054349 0.301933 123.791259 284.829073
37 38 46 0.368024 0.476828 0.155148 139.262918 275.189459
37 38 46 0.423714 0.482338 0.093947 142.646577 273.973367
37 38 46 0.806187 0.021729 0.172084 120.845798 275.047210
37 38 46 0.432706 0.001743 0.565551 112.913847 293.406930
38 47 46 0.436842 0.228431 0.334727 146.609990 294.378434
38 47 46 0.388767 0.248885 0.362348 145.968064 294.071607
38 47 46 0.570526 0.394632 0.034842 161.992061 283.825363
38 47 46 0.345850 0.214006 0.440144 145.798036 295.876070
38 47 46 0.271767 0.505313 0.222920 154.696642 299.467354
38 47 46 0.264925 0.215650 0.519425 137.404725 301.056976
38 47 46 0.239818 0.631867 0.128315 157.812729 302.756736
38 47 46 0.582045 0.142211 0.275744 147.218536 290.092283
38 47 46 0.943528 0.046032 0.010440 159.740188 272.663388
38 47 46 0.114670 0.054494 0.830836 124.486338 307.391888
38 39 47 0.891679 0.050854 0.057467 160.806578 271.589677
38 39 47 0.446696 0.379101 0.174203 176.459171 275.051863
38 39 47 0.223514 0.370385 0.406101 178.925395 282.659976
38 39 47 0.861253 0.101219 0.037528 160.449813 268.392502
38 39 47 0.789721 0.063654 0.146625 161.757265 273.650936
38 39 47 0.742220 0.071907 0.185873 165.153029 279.142799
38 39 47 0.911963 0.007218 0.080818 161.549228 275.027495
38 39 47 0.049983 0.814061 0.135956 194.705776 275.571444
38 39 47 0.421076 0.129125 0.449799 168.222036 283.664451
38 39 47 0.197554 0.630156 0.172290 185.413949 277.849506
39 48 47 0.585141 0.392613 0.022247 204.292900 287.792569
39 48 47 0.718772 0.193706 0.087522 197.856533 278.807235
39 48 47 0.364121 0.006111 0.629769 177.372478 294.296287
39 48 47 0.771698 0.001136 0.227166 194.249730 276.330341
39 48 47 0.097359 0.487806 0.414834 186.705780 305.357100
39 48 47 0.269124 0.315233 0.415642 186.838281 297.509368
39 48 47 0.382985 0.126006 0.491009 186.290907 292.522163
39 48 47 0.965118 0.022351 0.012531 205.390453 268.632233
39 48 47 0.829600 0.031309 0.139091 198.152552 277.545132
39 48 47 0.933463 0.003250 0.063287 199.937375 272.765701
39 40 48 0.785994 0.185373 0.028632 210.580445 267.816604
39 40 48 0.741024 0.140077 0.118900 209.153888 273.810281
39 40 48 0.037526 0.045935 0.916539 204.010194 304.357368
39 40 48 0.032227 0.156318 0.811454 207.623686 300.698218
39 40 48 0.224965 0.439626 0.335409 219.844651 283.939164
39 40 48 0.069952 0.900196 0.029851 236.172536 271.434765
39 40 48 0.590972 0.260493 0.148536 213.976246 274.603152
39 40 48 0.527240 0.266905 0.205855 212.318207 276.875511
39 40 48 0.482110 0.413032 0.104858 221.704638 268.901341
39 40 48 0.968823 0.024217 0.006960 206.361371 268.627974
40 49 48 0.558131 0.298458 0.143411 236.327879 283.429933
40 49 48 0.187432 0.596801 0.215767 233.747072 299.356579
40 49 48 0.842959 0.019522 0.137519 238.443674 270.942765
40 49 48 0.901849 0.070966 0.027185 241.980317 268.034297
40 49 48 0.668987 0.038713 0.292300 231.095818 277.323955
40 49 48 0.676145 0.195991 0.127864 240.787997 277.502988
40 49 48 0.687966 0.158849 0.153185 233.983731 279.247529
40 49 48 0.008279 0.578647 0.413074 225.779571 303.411382
40 49 48 0.185827 0.493494 0.320679 231.170554 298.920031
40 49 48 0.693670 0.173070 0.133261 235.884894 276.819687
40 41 49 0.726621 0.097752 0.175627 248.520772 273.118035
40 41 49 0.940392 0.051928 0.007680 244.995288 266.246978
40 41 49 0.121481 0.370364 0.508155 262.387964 280.515013
40 41 49 0.157069 0.732742 0.110189 275.446934 269.293949
40 41 49 0.194140 0.564173 0.241687 272.153530 275.481713
40 41 49 0.008262 0.073323 0.918415 251.456497 300.483814
40 41 49 0.818567 0.134307 0.047126 250.416077 266.488070
40 41 49 0.568723 0.348603 0.082674 260.556290 268.306356
40 41 49 0.031030 0.690199 0.278771 273.197154 275.174574
40 41 49 0.465649 0.472829 0.061522 263.923885 265.718336
41 50 49 0.445752 0.362342 0.191906 280.674313 285.352171
41 50 49 0.253395 0.555062 0.191543 278.183127 291.649713
41 50 49 0.796106 0.163418 0.040475 286.980885 272.122993
41 50 49 0.678326 0.013413 0.308261 280.400849 274.887062
41 50 49 0.882039 0.092662 0.025299 289.282751 267.280586
41 50 49 0.667656 0.298922 0.033421 286.546797 276.668025
41 50 49 0.050175 0.857173 0.092652 284.015900 302.452637
41 50 49 0.739495 0.182323 0.078183 286.820279 276.832811
41 50 49 0.101813 0.674132 0.224055 277.781188 297.112560
41 50 49 0.825227 0.037099 0.137674 282.728565 268.060048
41 42 50 0.903091 0.015628 0.081281 284.929599 264.892148
41 42 50 0.616047 0.241361 0.142593 300.196609 267.060430
41 42 50 0.336684 0.323321 0.339995 302.176634 272.069120
41 42 50 0.542068 0.138347 0.319585 297.312183 279.468275
41 42 50 0.399475 0.330845 0.269679 299.964805 271.136123
41 42 50 0.543641 0.143551 0.312808 294.749154 273.150026
41 42 50 0.950594 0.011957 0.037449 289.347828 265.498499
41 42 50 0.975901 0.002440 0.021660 290.917730 263.552103
41 42 50 0.320507 0.662423 0.017070 311.512263 261.575007
41 42 50 0.847922 0.057984 0.094094 291.532507 265.150920
42 51 50 0.545209 0.014841 0.439951 310.096755 277.026944
42 51 50 0.212132 0.346678 0.441191 312.067669 290.781300
42 51 50 0.852592 0.041410 0.105999 324.269572 262.193003
42 51 50 0.582840 0.188129 0.229031 324.646805 279.722825
42 51 50 0.146711 0.728825 0.124465 327.371129 295.913003
42 51 50 0.354166 0.552270 0.093564 331.093736 286.969308
42 51 50 0.324364 0.187124 0.488512 313.764256 288.891428
42 51 50 0.965755 0.001315 0.032930 329.283000 261.826886
42 51 50 0.266947 0.659638 0.073415 328.363001 289.097649
42 51 50 0.246763 0.335303 0.417934 315.013557 293.818911
42 43 51 0.725083 0.223645 0.051272 335.232018 262.942730
42 43 51 0.135175 0.813287 0.051538 365.166336 261.931578
42 43 51 0.781589 0.062415 0.155996 334.189659 265.265844
42 43 51 0.808487 0.083145 0.108369 331.461607 261.117836
42 43 51 0.304725 0.256734 0.438541 343.964240 279.207591
42 43 51 0.712366 0.279831 0.007803 345.346810 255.769402
42 43 51 0.759037 0.068946 0.172017 332.170985 271.290221
42 43 51 0.663712 0.156576 0.179711 339.025073 267.203473
42 43 51 0.667323 0.016916 0.315762 331.513600 275.366113
42 43 51 0.805802 0.023081 0.171118 331.567629 263.150483
43 52 51 0.510826 0.244506 0.244667 359.871638 279.798488
43 52 51 0.535656 0.089923 0.374422 359.054922 277.888864
43 52 51 0.003477 0.400715 0.595808 346.867345 303.015364
43 52 51 0.440784 0.267256 0.291960 357.393544 277.733228
43 52 51 0.929223 0.055070 0.015707 367.822607 260.121053
43 52 51 0.233881 0.239535 0.526584 348.858733 291.552404
43 52 51 0.972073 0.014415 0.013512 368.878133 257.909286
43 52 51 0.358849 0.495132 0.146019 371.349637 284.718709
43 52 51 0.795925 0.100872 0.103202 365.469305 267.943770
43 52 51 0.549898 0.296055 0.154047 365.428822 277.487236
43 44 52 0.719376 0.005460 0.275163 371.762285 270.201838
43 44 52 0.661723 0.149965 0.188312 378.017091 265.207209
43 44 52 0.548355 0.377488 0.074157 385.434231 259.862576
43 44 52 0.331015 0.442891 0.226095 391.600151 266.134794
43 44 52 0.423539 0.493681 0.082780 390.773567 257.589956
43 44 52 0.598612 0.339804 0.061584 388.581031 258.049143
43 44 52 0.385522 0.534318 0.080160 391.176370 262.324395
43 44 52 0.492207 0.246156 0.261637 383.474970 268.865981
43 44 52 0.883984 0.064975 0.051042 375.633817 259.429367
43 44 52 0.744409 0.072449 0.183142 373.165363 266.104663
44 53 52 0.877457 0.060605 0.061938 408.280204 258.443646
44 53 52 0.991038 0.001732 0.007230 413.040698 253.572229
44 53 52 0.574294 0.373026 0.052680 413.699316 274.902371
44 53 52 0.471566 0.410999 0.117435 410.106540 277.256242
44 53 52 0.907147 0.076762 0.016091 411.790966 258.939149
44 53 52 0.573446 0.389247 0.037307 411.127009 270.394957
44 53 52 0.770231 0.185624 0.044145 413.976595 264.933741
44 53 52 0.681663 0.304974 0.013364 416.128437 271.926279
44 53 52 0.081790 0.184109 0.734102 384.868265 295.251135
44 53 52 0.384234 0.426311 0.189455 409.105267 279.997242
45 46 54 0.048196 0.899695 0.052108 111.092750 315.855499
45 46 54 0.155273 0.012415 0.832312 75.886658 349.915685
45 46 54 0.234154 0.584778 0.181068 99.300106 319.893094
45 46 54 0.453566 0.011728 0.534706 75.968550 338.556564
45 46 54 0.934839 0.056495 0.008666 77.850013 316.915779
45 46 54 0.202693 0.665223 0.132084 99.328681 318.122124
45 46 54 0.209564 0.347007 0.443430 92.029651 333.765375
45 46 54 0.288680 0.319350 0.391970 86.231229 331.512836
45 46 54 0.224467 0.346055 0.429478 88.993855 334.249471
45 46 54 0.691112 0.072125 0.236763 73.671494 324.438526
46 55 54 0.557322 0.387911 0.054768 114.904607 332.223110
46 55 54 0.454667 0.296460 0.248874 105.422162 335.549361
46 55 54 0.025673 0.689668 0.284659 103.980126 358.107816
46 55 54 0.606866 0.099844 0.293290 103.980388 330.549424
46 55 54 0.731386 0.130023 0.138591 111.654434 326.041868
46 55 54 0.804613 0.002833 0.192554 107.760214 322.989610
46 55 54 0.579738 0.383358 0.036904 115.736465 334.851081
46 55 54 0.392088 0.549968 0.057944 116.078209 340.591630
46 55 54 0.421702 0.334178 0.244120 108.196103 338.654209
46 55 54 0.840528 0.001893 0.157580 112.338626 319.542673
46 47 55 0.435968 0.559543 0.004489 142.180699 312.859132
46 47 55 0.213034 0.782255 0.004710 155.443988 310.061503
46 47 55 0.253490 0.065642 0.680868 123.428022 340.945386
46 47 55 0.172978 0.001496 0.825527 118.189461 350.145061
46 47 55 0.619624 0.152744 0.227632 124.157188 323.644122
46 47 55 0.217543 0.507547 0.274911 140.472239 323.422943
46 47 55 0.478948 0.170487 0.350565 130.780902 326.209383
46 47 55 0.581189 0.103927 0.314883 120.994741 328.685258
46 47 55 0.206107 0.634454 0.159439 146.549195 314.501595
46 47 55 0.193884 0.108651 0.697465 125.555516 345.546554
47 56 55 0.866216 0.003035 0.130749 156.228740 316.789407
47 56 55 0.305216 0.375183 0.319601 147.148900 344.933663
47 56 55 0.874716 0.055565 0.069719 157.909395 314.915004
47 56 55 0.503202 0.490668 0.006131 159.966647 336.526795
47 56 55 0.246105 0.356055 0.397840 143.707374 346.827978
47 56 55 0.436061 0.364722 0.199218 150.334318 337.254695
47 56 55 0.872043 0.090531 0.037426 158.350524 314.291445
47 56 55 0.301109 0.501418 0.197473 153.143470 341.842623
47 56 55 0.431579 0.126516 0.441905 144.336053 339.013847
47 56 55 0.973538 0.008240 0.018222 160.597399 313.302405
47 48 56 0.687863 0.138622 0.173515 168.054521 319.482357
47 48 56 0.134361 0.244080 0.621559 174.247289 341.419592
47 48 56 0.418393 0.553554 0.028052 179.891599 311.212637
47 48 56 0.226373 0.065956 0.707671 166.079150 345.007920
47 48 56 0.349006 0.434204 0.216791 179.442035 318.897453
47 48 56 0.260097 0.593925 0.145977 186.001555 314.455945
47 48 56 0.859803 0.038839 0.101358 159.522992 316.443340
47 48 56 0.369971 0.165421 0.464608 165.980774 332.356733
47 48 56 0.580445 0.136189 0.283366 169.442814 323.310746
47 48 56 0.955188 0.019532 0.025279 166.386963 313.492144
48 57 56 0.485209 0.232209 0.282583 191.744229 331.203540
48 57 56 0.463185 0.211158 0.325657 191.778486 337.157400
48 57 56 0.376087 0.307637 0.316277 190.010484 336.452453
48 57 56 0.809591 0.076127 0.114282 199.017766 318.498423
48 57 56 0.667182 0.022084 0.310734 191.638838 327.677515
48 57 56 0.019487 0.675217 0.305296 193.313343 351.234572
48 57 56 0.769255 0.097505 0.133240 201.111274 319.324428
48 57 56 0.382663 0.135683 0.481654 185.981193 336.266282
48 57 56 0.653381 0.328376 0.018243 202.076558 323.000120
48 57 56 0.766522 0.170816 0.062662 199.796092 323.608089
48 49 57 0.324113 0.470923 0.204964 222.180327 321.481238
48 49 57 0.773496 0.155956 0.070549 211.521355 313.619731
48 49 57 0.264475 0.649283 0.086242 231.425446 310.868040
48 49 57 0.195538 0.410432 0.394030 219.245204 326.496008
48 49 57 0.179889 0.270204 0.549907 217.244578 332.545526
48 49 57 0.777795 0.064333 0.157872 206.712669 317.813249
48 49 57 0.792696 0.003632 0.203672 203.123284 313.176547
48 49 57 0.397498 0.243268 0.359234 213.318839 324.022031
48 49 57 0.478331 0.371950 0.149720 220.626811 317.202106
48 49 57 0.136181 0.016019 0.847800 203.823095 342.905201
49 58 57 0.885629 0.012706 0.101664 242.421230 311.317651
49 58 57 0.359438 0.552249 0.088313 244.456228 334.934483
49 58 57 0.610755 0.009019 0.380226 233.012588 325.666180
49 58 57 0.934578 0.004933 0.060489 244.644943 307.739728
49 58 57 0.954964 0.035341 0.009695 250.423371 304.705191
49 58 57 0.125395 0.536709 0.337896 236.882427 343.050673
49 58 57 0.150465 0.791865 0.057670 247.691254 343.361196
49 58 57 0.479938 0.512606 0.007456 246.693367 330.805145
49 58 57 0.341143 0.365476 0.293382 236.397783 337.434994
49 58 57 0.499025 0.088398 0.412577 228.200441 332.435424
49 50 58 0.781107 0.148741 0.070152 253.502861 308.707087
49 50 58 0.996474 0.000443 0.003082 246.644340 306.459580
49 50 58 0.390528 0.344359 0.265113 264.570477 316.727580
49 50 58 0.294107 0.673121 0.032771 275.062019 305.204765
49 50 58 0.308565 0.155581 0.535854 255.628874 330.238758
49 50 58 0.804578 0.025162 0.170260 247.471823 310.319685
49 50 58 0.776199 0.202406 0.021395 254.869866 306.449109
49 50 58 0.853741 0.081057 0.065202 249.975003 310.427694
49 50 58 0.429242 0.444664 0.126094 268.326652 309.965481
49 50 58 0.924170 0.028164 0.047665 248.990116 309.290185
50 59 58 0.281902 0.541670 0.176428 286.469679 334.596067
50 59 58 0.212115 0.593508 0.194377 285.604700 335.926054
50 59 58 0.591847 0.158837 0.249315 280.434674 319.561706
50 59 58 0.789825 0.024845 0.185330 284.802125 308.689381
50 59 58 0.836137 0.095271 0.068591 289.438802 308.344021
50 59 58 0.982246 0.000421 0.017332 290.019460 307.447782
50 59 58 0.890774 0.046767 0.062459 291.232427 307.886983
50 59 58 0.813594 0.056233 0.130174 285.078413 310.938667
50 59 58 0.726201 0.156694 0.117105 286.947659 316.196236
50 59 58 0.444964 0.385241 0.169795 283.492639 328.166784
50 51 59 0.096951 0.064408 0.838641 292.270590 340.619984
50 51 59 0.169526 0.570994 0.259480 317.128971 312.974000
50 51 59 0.792092 0.068885 0.139023 293.245158 309.166520
50 51 59 0.072034 0.563038 0.364928 317.448767 316.547468
50 51 59 0.030980 0.868766 0.100254 329.229921 304.317066
50 51 59 0.832954 0.147711 0.019336 297.280792 306.382342
50 51 59 0.949423 0.038191 0.012386 292.177938 308.069191
50 51 59 0.045593 0.480492 0.473915 313.163744 324.546964
50 51 59 0.191161 0.518349 0.290489 313.682507 312.583699
50 51 59 0.068866 0.372788 0.558346 308.433402 326.243263
51 60 59 0.529492 0.269466 0.201043 327.821299 322.108401
51 60 59 0.246413 0.737067 0.016520 333.870446 336.344139
51 60 59 0.737658 0.051009 0.211333 324.227977 314.822941
51 60 59 0.330064 0.324293 0.345643 320.073706 333.160597
51 60 59 0.093397 0.334052 0.572551 310.057588 340.079915
51 60 59 0.677853 0.105293 0.216855 322.458833 316.850105
51 60 59 0.437204 0.473749 0.089047 329.679460 331.973108
51 60 59 0.365548 0.460888 0.173563 326.837809 326.411769
51 60 59 0.268687 0.426674 0.304639 326.965796 330.297398
51 60 59 0.846865 0.149356 0.003779 334.307163 309.177530
51 52 60 0.585152 0.114131 0.300717 337.481723 314.125045
51 52 60 0.565841 0.075754 0.358406 334.883672 317.805804
51 52 60 0.908749 0.087916 0.003335 337.210312 301.240035
51 52 60 0.858312 0.007898 0.133791 334.376825 307.289500
51 52 60 0.363964 0.223473 0.412563 342.033771 318.764122
51 52 60 0.032961 0.811587 0.155453 368.820538 307.475278
51 52 60 0.361320 0.620877 0.017803 361.389830 300.109907
51 52 60 0.420509 0.029290 0.550201 335.095979 322.928625
51 52 60 0.641981 0.048635 0.309384 337.007810 319.609150
51 52 60 0.909811 0.046740 0.043450 334.191234 303.721922
52 61 60 0.743248 0.038854 0.217898 365.555403 314.595252
52 61 60 0.162610 0.273317 0.564072 351.582058 335.907704
52 61 60 0.870845 0.126850 0.002306 375.390610 307.230847
52 61 60 0.716131 0.218638 0.065230 371.830912 311.829126
52 61 60 0.175788 0.263058 0.561154 353.188837 337.680630
52 61 60 0.786754 0.160400 0.052845 374.237342 306.491604
52 61 60 0.600238 0.088329 0.311433 361.118501 319.476357
52 61 60 0.144662 0.826098 0.029240 373.539359 335.476115
52 61 60 0.182853 0.560707 0.256440 366.836911 337.491018
52 61 60 0.613624 0.076485 0.309891 368.561220 316.900653
52 53 61 0.398584 0.519692 0.081724 399.785464 304.901518
52 53 61 0.362361 0.118965 0.518673 379.198101 325.153965
52 53 61 0.916265 0.045220 0.038516 375.569987 300.336654
52 53 61 0.658742 0.169085 0.172173 383.096830 308.411181
52 53 61 0.017604 0.536632 0.445763 402.568059 320.269828
52 53 61 0.383391 0.485326 0.131283 395.734190 303.683093
52 53 61 0.330680 0.091213 0.578107 382.160215 324.542655
52 53 61 0.982600 0.012097 0.005303 375.189250 300.760248
52 53 61 0.304391 0.482848 0.212761 399.149819 306.860433
52 53 61 0.899490 0.026804 0.073706 374.003261 303.353951
53 62 61 0.769464 0.171476 0.059060 420.038151 308.890652
53 62 61 0.267207 0.349366 0.383428 405.353755 327.154447
53 62 61 0.438639 0.206041 0.355321 403.753439 322.429329
53 62 61 0.852623 0.096363 0.051014 418.639518 306.410299
53 62 61 0.998652 0.000473 0.000875 420.571847 299.023894
53 62 61 0.618547 0.258076 0.123377 416.033620 316.183062
53 62 61 0.297460 0.445554 0.256986 410.340397 327.183442
53 62 61 0.990758 0.003905 0.005337 416.300249 297.788339
53 62 61 0.974101 0.002221 0.023678 418.522970 298.144943
53 62 61 0.154143 0.302438 0.543419 398.436299 334.250266
54 55 63 0.409687 0.286760 0.303552 82.067344 371.956689
54 55 63 0.891328 0.046918 0.061754 78.753602 361.700828
54 55 63 0.266180 0.380850 0.352971 93.600447 375.203691
54 55 63 0.430024 0.491243 0.078733 90.277610 360.483470
54 55 63 0.160226 0.655840 0.183934 103.559685 366.547750
54 55 63 0.556435 0.002318 0.441247 74.005764 380.575955
54 55 63 0.086742 0.531458 0.381800 99.500415 375.005141
54 55 63 0.107073 0.586377 0.306550 99.568038 370.202524
54 55 63 0.590885 0.090348 0.318767 82.531918 371.067414
54 55 63 0.860903 0.033219 0.105877 76.709638 369.689655
55 64 63 0.185323 0.415907 0.398770 101.440804 393.868518
55 64 63 0.681639 0.158082 0.160279 115.651281 372.976488
55 64 63 0.040442 0.450062 0.509495 100.978862 397.327000
55 64 63 0.674505 0.086975 0.238520 109.037680 369.742928
55 64 63 0.377736 0.291590 0.330675 101.027938 381.933452
55 64 63 0.272813 0.488501 0.238686 113.680856 389.624122
55 64 63 0.176574 0.337053 0.486373 104.723522 396.715699
55 64 63 0.045396 0.209338 0.745266 87.871099 399.967995
55 64 63 0.483029 0.276126 0.240845 109.314725 381.811883
55 64 63 0.591462 0.098714 0.309825 103.099546 375.586720
55 56 64 0.951439 0.023709 0.024853 123.051934 356.860581
55 56 64 0.874707 0.007122 0.118171 115.472881 363.605982
55 56 64 0.006996 0.885863 0.107141 157.269397 360.871685
55 56 64 0.900216 0.064091 0.035693 123.868263 358.476078
55 56 64 0.280054 0.000854 0.719091 120.108993 392.106116
55 56 64 0.374082 0.073998 0.551920 125.053025 375.977754
55 56 64 0.200648 0.463496 0.335856 144.723566 369.729700
55 56 64 0.247449 0.433784 0.318767 139.867476 373.535879
55 56 64 0.923276 0.034341 0.042384 120.883382 356.159283
55 56 64 0.948421 0.049539 0.002040 120.143319 355.047800
56 65 64 0.155015 0.777126 0.067859 162.181571 387.941735
56 65 64 0.143629 0.817917 0.038454 162.993666 390.514816
56 65 64 0.804414 0.149726 0.045860 167.086535 364.521632
56 65 64 0.047182 0.056635 0.896183 124.860347 397.868452
56 65 64 0.218042 0.749775 0.032183 160.420565 384.656858
56 65 64 0.552009 0.331838 0.116154 160.272426 378.677635
56 65 64 0.679586 0.035830 0.284584 154.579610 368.861735
56 65 64 0.195728 0.372539 0.431734 145.212893 386.855987
56 65 64 0.629282 0.334595 0.036123 162.663777 368.107180
56 65 64 0.751880 0.212485 0.035635 162.827806 365.614094
56 57 65 0.790823 0.127894 0.081283 167.218723 360.110927
56 57 65 0.186594 0.164120 0.649286 171.641402 380.241728
56 57 65 0.137494 0.125018 0.737488 169.389396 386.954968
56 57 65 0.330904 0.127499 0.541597 170.639497 377.202563
56 57 65 0.886909 0.047165 0.065926 164.776800 359.171271
56 57 65 0.067618 0.148340 0.784042 170.152464 386.399287
56 57 65 0.625966 0.241655 0.132379 175.202521 361.567380
56 57 65 0.205663 0.005898 0.788439 166.399336 387.987976
56 57 65 0.253678 0.369794 0.376528 181.807518 370.802382
56 57 65 0.740401 0.234091 0.025508 173.215519 353.094608
57 66 65 0.838962 0.023887 0.137151 200.660267 361.248559
57 66 65 0.551742 0.285588 0.162670 197.805519 369.096224
57 66 65 0.026112 0.816504 0.157385 203.696464 389.822981
57 66 65 0.273573 0.204992 0.521436 186.979219 384.415319
57 66 65 0.836188 0.007198 0.156614 200.676904 357.210739
57 66 65 0.524756 0.454527 0.020717 208.725120 373.070727
57 66 65 0.253310 0.722268 0.024422 205.872287 384.370846
57 66 65 0.888215 0.066255 0.045530 207.702519 356.899477
57 66 65 0.817497 0.131136 0.051367 204.014148 363.629246
57 66 65 0.028168 0.577563 0.394269 189.661928 392.786982
57 58 66 0.039831 0.718876 0.241292 236.253145 360.222442
57 58 66 0.952171 0.020061 0.027769 207.601556 348.288833
57 58 66 0.158373 0.092927 0.748700 211.414224 382.905077
57 58 66 0.516171 0.215119 0.268710 214.863085 360.394008
57 58 66 0.404108 0.514004 0.081888 224.199739 353.071495
57 58 66 0.385410 0.522674 0.091917 230.417296 358.010039
57 58 66 0.280702 0.656169 0.063129 233.257491 352.550153
57 58 66 0.052390 0.700195 0.247415 237.771417 359.030767
57 58 66 0.075138 0.852669 0.072192 242.109435 352.903989
57 58 66 0.434519 0.492614 0.072867 226.755787 355.607112
58 67 66 0.709070 0.085326 0.205604 240.884759 363.535717
58 67 66 0.277997 0.195459 0.526544 226.402688 377.234376
58 67 66 0.544284 0.234144 0.221572 242.447974 365.584847
58 67 66 0.170941 0.530985 0.298073 235.283972 384.031925
58 67 66 0.210457 0.030258 0.759285 216.649456 383.132382
58 67 66 0.003668 0.687140 0.309193 237.529635 393.111291
58 67 66 0.424560 0.230564 0.344876 237.432454 376.150957
58 67 66 0.039072 0.726182 0.234746 240.653378 392.850741
58 67 66 0.033022 0.192582 0.774396 217.552035 393.200917
58 67 66 0.446473 0.132695 0.420832 237.045287 371.119453
58 59 67 0.920780 0.001615 0.077605 249.160164 351.853457
58 59 67 0.486258 0.366508 0.147233 263.511995 356.992316
58 59 67 0.589973 0.093284 0.316743 256.208085 359.428210
58 59 67 0.054960 0.263391 0.681649 265.742808 374.524055
58 59 67 0.940689 0.048093 0.011219 249.160263 352.306100
58 59 67 0.029788 0.452465 0.517747 265.639245 370.168207
58 59 67 0.711469 0.278139 0.010392 264.497797 346.826089
58 59 67 0.875521 0.066203 0.058277 253.126076 354.596307
58 59 67 0.779446 0.037662 0.182893 251.835594 357.292871
58 59 67 0.153660 0.512023 0.334316 273.363153 361.365270
59 68 67 0.429252 0.425058 0.145690 286.396699 372.250388
59 68 67 0.147532 0.263906 0.588562 269.510448 378.977185
59 68 67 0.742997 0.234771 0.022232 292.086694 360.005888
59 68 67 0.912284 0.075363 0.012353 291.066239 350.671044
59 68 67 0.535741 0.434293 0.029966 292.125814 369.327034
59 68 67 0.252137 0.480906 0.266957 281.242378 377.714137
59 68 67 0.224781 0.683377 0.091842 290.982620 385.074494
59 68 67 0.699449 0.266624 0.033927 292.784391 361.801532
59 68 67 0.120229 0.828436 0.051335 290.746103 385.086593
59 68 67 0.202409 0.772452 0.025139 294.393044 380.001507
59 60 68 0.845687 0.002469 0.151844 294.380514 350.591620
59 60 68 0.763181 0.024177 0.212642 296.837221 355.062391
59 60 68 0.104818 0.436622 0.458560 307.794253 365.944835
59 60 68 0.739711 0.064688 0.195601 298.777079 357.789805
59 60 68 0.473590 0.170870 0.355540 299.717990 359.471295
59 60 68 0.544490 0.065497 0.390013 293.590502 362.771890
59 60 68 0.422675 0.218235 0.359090 302.817817 357.983024
59 60 68 0.976008 0.006313 0.017679 291.248882 347.482464
59 60 68 0.332617 0.540882 0.126500 315.781861 351.421228
59 60 68 0.663522 0.200877 0.135601 301.807531 354.853302
60 69 68 0.506166 0.447550 0.046284 329.736871 369.515000
60 69 68 0.210506 0.097215 0.692280 307.176219 379.974945
60 69 68 0.783363 0.066405 0.150232 328.763404 355.413086
60 69 68 0.017483 0.420570 0.561947 313.286940 385.056591
60 69 68 0.296559 0.360901 0.342540 317.251639 373.194297
60 69 68 0.633432 0.269465 0.097103 333.383981 363.834076
60 69 68 0.450182 0.450559 0.099260 329.398575 369.220443
60 69 68 0.058804 0.831578 0.109618 328.039615 383.787587
60 69 68 0.369421 0.563732 0.066846 328.661726 372.506144
60 69 68 0.558392 0.334330 0.107278 330.787115 365.074322
60 61 69 0.616132 0.004922 0.378946 336.798326 361.392627
60 61 69 0.723936 0.198628 0.077436 347.597965 348.064302
60 61 69 0.263581 0.704031 0.032388 359.604906 344.329621
60 61 69 0.062998 0.727241 0.209761 360.221377 352.416549
60 61 69 0.807994 0.065665 0.126340 338.525383 352.859342
60 61 69 0.605003 0.035003 0.359993 336.359831 360.524681
60 61 69 0.474101 0.333456 0.192442 347.058171 352.427590
60 61 69 0.299907 0.160794 0.539298 340.724938 369.349321
60 61 69 0.316358 0.516492 0.167150 355.581128 352.432851
60 61 69 0.201228 0.732235 0.066537 363.383187 345.194390
61 70 69 0.156666 0.134704 0.708630 345.157489 382.517911
61 70 69 0.083257 0.837033 0.079709 375.883454 382.439781
61 70 69 0.678075 0.066790 0.255136 366.033138 352.587343
61 70 69 0.340282 0.256192 0.403527 357.838923 370.661281
61 70 69 0.296422 0.165785 0.537793 350.387992 375.838994
61 70 69 0.816340 0.006657 0.177003 368.026193 351.297532
61 70 69 0.922089 0.016645 0.061266 373.009984 344.489833
61 70 69 0.185871 0.813752 0.000377 378.604996 376.877253
61 70 69 0.757354 0.069043 0.173603 372.520739 355.113412
61 70 69 0.139895 0.661210 0.198894 362.148895 376.548466
61 62 70 0.258763 0.426703 0.314534 394.006569 356.083556
61 62 70 0.500771 0.321211 0.178018 391.043299 348.231713
61 62 70 0.882519 0.075839 0.041642 380.876502 342.611260
61 62 70 0.759832 0.232379 0.007789 389.260294 344.424119
61 62 70 0.287428 0.095999 0.616573 383.661086 366.522783
61 62 70 0.555909 0.384001 0.060090 391.989328 345.783945
61 62 70 0.259539 0.604982 0.135478 400.145965 346.055883
61 62 70 0.234272 0.079155 0.686573 382.711458 374.331713
61 62 70 0.904941 0.016963 0.078096 379.208336 348.929994
61 62 70 0.982992 0.003877 0.013131 377.542768 344.041798
62 71 70 0.384284 0.550417 0.065299 417.053919 362.955178
62 71 70 0.712222 0.042103 0.245675 407.231819 352.973775
62 71 70 0.646453 0.162217 0.191330 412.547629 354.890094
62 71 70 0.262324 0.412616 0.325059 400.938705 366.890346
62 71 70 0.905692 0.047612 0.046696 422.518466 341.416527
62 71 70 0.070884 0.375981 0.553135 392.710800 379.918577
62 71 70 0.326667 0.266210 0.407123 401.548942 367.529691
62 71 70 0.098673 0.754246 0.147081 407.147293 376.935679
62 71 70 0.900268 0.091221 0.008510 423.210989 344.205425
62 71 70 0.475770 0.252301 0.271928 402.779297 358.445782
63 64 72 0.001431 0.472720 0.525849 102.903429 416.961496
63 64 72 0.922496 0.039053 0.038452 76.594201 402.280945
63 64 72 0.294394 0.560416 0.145190 103.325423 406.027657
63 64 72 0.794000 0.079947 0.126053 84.635652 410.855804
63 64 72 0.528510 0.022916 0.448573 82.262879 420.343662
63 64 72 0.171246 0.289145 0.539609 95.095876 416.521095
63 64 72 0.977284 0.005305 0.017411 80.734241 406.314980
63 64 72 0.346827 0.176179 0.476995 88.547394 415.309008
63 64 72 0.956884 0.018433 0.024683 78.836299 400.593526
63 64 72 0.944392 0.031136 0.024472 82.298201 402.584762
64 73 72 0.972642 0.026625 0.000733 121.632356 398.610033
64 73 72 0.261415 0.522456 0.216129 112.059218 422.555346
64 73 72 0.547329 0.287045 0.165626 121.036326 413.887650
64 73 72 0.010359 0.333026 0.656616 99.845220 428.908889
64 73 72 0.154509 0.373690 0.471801 106.366152 427.786871
64 73 72 0.513006 0.356994 0.130000 118.904300 412.628604
64 73 72 0.812126 0.128449 0.059425 124.342788 405.308930
64 73 72 0.695033 0.293653 0.011313 124.507236 407.962839
64 73 72 0.940057 0.058341 0.001602 121.608216 398.180786
64 73 72 0.837089 0.149803 0.013108 124.498728 403.595905
64 65 73 0.098610 0.214497 0.686893 135.011391 421.986776
64 65 73 0.320192 0.606439 0.073370 149.310217 397.916659
64 65 73 0.443392 0.165041 0.391567 132.238746 410.993350
64 65 73 0.727967 0.058829 0.213204 124.196294 403.803264
64 65 73 0.538200 0.227814 0.233987 131.094695 403.953149
64 65 73 0.212845 0.562422 0.224733 144.215216 401.603272
64 65 73 0.461051 0.089549 0.449400 128.761494 414.584962
64 65 73 0.127679 0.719977 0.152344 156.492413 403.784291
64 65 73 0.867131 0.073557 0.059312 127.945338 402.851321
64 65 73 0.419835 0.219328 0.360836 134.385346 409.339672
65 74 73 0.508780 0.160547 0.330673 153.364061 414.801562
65 74 73 0.299644 0.613627 0.086729 169.084004 421.390842
65 74 73 0.985819 0.005974 0.008208 162.364410 392.494259
65 74 73 0.582801 0.346154 0.071046 163.305432 410.927002
65 74 73 0.647776 0.072245 0.279979 156.411526 409.919352
65 74 73 0.388310 0.535153 0.076537 167.359848 414.929247
65 74 73 0.618327 0.188621 0.193053 157.551320 410.908653
65 74 73 0.174663 0.029851 0.795485 135.105317 427.786030
65 74 73 0.324740 0.243111 0.432149 152.297278 420.489141
65 74 73 0.924397 0.025091 0.050512 165.827228 397.673234
65 66 74 0.558170 0.407978 0.033852 181.761740 392.859175
65 66 74 0.968060 0.023883 0.008057 166.429550 397.852910
65 66 74 0.967904 0.000862 0.031234 163.983267 395.824390
65 66 74 0.557206 0.028560 0.414234 166.708889 407.468069
65 66 74 0.053324 0.485202 0.461475 194.022230 411.708073
65 66 74 0.572491 0.319136 0.108373 178.628106 398.438842
65 66 74 0.224154 0.264201 0.511646 181.855659 410.243077
65 66 74 0.647621 0.015111 0.337268 168.374705 409.572522
65 66 74 0.621584 0.313390 0.065026 178.015792 393.841491
65 66 74 0.055198 0.341205 0.603597 181.857146 417.252679
66 75 74 0.948076 0.041995 0.009930 209.426726 397.417725
66 75 74 0.792447 0.099726 0.107827 206.294425 399.775700
66 75 74 0.523964 0.231644 0.244392 202.838634 412.041888
66 75 74 0.651150 0.126824 0.222026 200.323249 404.954507
66 75 74 0.544871 0.028650 0.426479 190.717847 408.964833
66 75 74 0.214273 0.273860 0.511866 191.297594 418.325957
66 75 74 0.716517 0.220264 0.063219 207.435646 401.316395
66 75 74 0.541326 0.214708 0.243967 201.042782 410.636746
66 75 74 0.053903 0.782132 0.163965 205.174610 429.890794
66 75 74 0.688417 0.069885 0.241699 200.488938 408.433681
66 67 75 0.758494 0.043354 0.198152 215.050480 400.161405
66 67 75 0.234121 0.569912 0.195967 231.480393 397.949869
66 67 75 0.004324 0.543745 0.451931 234.062965 408.117743
66 67 75 0.477437 0.263467 0.259095 221.068882 396.125827
66 67 75 0.349649 0.419558 0.230793 226.009978 399.062307
66 67 75 0.848257 0.034346 0.117397 212.166264 394.758060
66 67 75 0.191527 0.503707 0.304765 232.835738 401.741117
66 67 75 0.509896 0.298820 0.191284 221.661837 397.026860
66 67 75 0.775830 0.115213 0.108957 214.266069 398.476940
66 67 75 0.574544 0.401714 0.023743 227.582655 392.820756
67 76 75 0.686961 0.156881 0.156158 250.906087 398.585971
67 76 75 0.403147 0.111522 0.485331 233.659270 412.211839
67 76 75 0.521663 0.476577 0.001761 251.416050 407.825781
67 76 75 0.723653 0.059324 0.217023 245.421699 401.195102
67 76 75 0.546495 0.150923 0.302582 239.951206 406.608890
67 76 75 0.167563 0.821423 0.011014 256.018037 419.809988
67 76 75 0.665100 0.239576 0.095324 247.981735 404.688145
67 76 75 0.914119 0.052459 0.033422 252.412141 391.311463
67 76 75 0.635956 0.238601 0.125443 246.237675 403.672203
67 76 75 0.286351 0.015660 0.697990 220.169860 417.732340
67 68 76 0.497671 0.391615 0.110714 265.289484 395.784295
67 68 76 0.288710 0.562831 0.148459 274.649807 391.344780
67 68 76 0.238090 0.702602 0.059308 280.489973 389.960358
67 68 76 0.838473 0.076163 0.085364 254.967908 391.055115
67 68 76 0.678266 0.254153 0.067581 259.848988 393.787108
67 68 76 0.195021 0.360646 0.444333 266.288385 405.606611
67 68 76 0.713109 0.023552 0.263339 256.823656 401.453596
67 68 76 0.189233 0.065156 0.745611 253.151098 411.179997
67 68 76 0.541814 0.256141 0.202045 263.346741 395.844617
67 68 76 0.079464 0.567958 0.352578 273.586261 403.748184
68 77 76 0.273421 0.646031 0.080547 286.041199 412.153485
68 77 76 0.351345 0.530789 0.117866 290.620742 411.200369
68 77 76 0.808846 0.162614 0.028540 291.570315 394.448371
68 77 76 0.218214 0.678388 0.103398 286.048689 415.912818
68 77 76 0.069208 0.229811 0.700980 264.335071 419.927922
68 77 76 0.199247 0.343972 0.456781 275.792292 415.831367
68 77 76 0.644337 0.272878 0.082786 287.506016 401.061799
68 77 76 0.966794 0.023911 0.009296 290.909456 386.652253
68 77 76 0.108791 0.733984 0.157225 290.393789 415.214652
68 77 76 0.900695 0.022368 0.076937 288.698672 394.262895
68 69 77 0.024262 0.004002 0.971736 293.800836 420.061176
68 69 77 0.103840 0.612506 0.283654 314.129904 394.737517
68 69 77 0.617968 0.207545 0.174487 303.305868 394.104693
68 69 77 0.258671 0.123240 0.618089 294.348870 408.578350
68 69 77 0.195289 0.353815 0.450896 307.522570 398.536070
68 69 77 0.211169 0.277489 0.511342 300.817228 402.393703
68 69 77 0.260804 0.405343 0.333853 308.781369 403.000577
68 69 77 0.172443 0.419743 0.407814 308.696144 401.352998
68 69 77 0.946759 0.046625 0.006616 297.598218 387.048971
68 69 77 0.695105 0.288444 0.016451 303.664061 385.364154
69 78 77 0.361859 0.160423 0.477718 310.819348 403.576224
69 78 77 0.674405 0.137418 0.188178 325.595588 397.050026
69 78 77 0.937231 0.003431 0.059338 334.925334 388.778270
69 78 77 0.117434 0.414885 0.467681 313.922416 412.748726
69 78 77 0.826988 0.065581 0.107431 329.071112 392.662549
69 78 77 0.421027 0.327905 0.251068 323.177715 403.809962
69 78 77 0.811708 0.094751 0.093540 328.849923 393.877067
69 78 77 0.344271 0.064952 0.590777 310.814152 409.174552
69 78 77 0.397450 0.332837 0.269713 328.021935 403.623026
69 78 77 0.937232 0.012925 0.049843 329.133742 388.340546
69 70 78 0.527367 0.113148 0.359485 336.074768 398.845599
69 70 78 0.709364 0.013338 0.277297 331.833730 394.085234
69 70 78 0.057621 0.019124 0.923255 335.687428 413.012951
69 70 78 0.515283 0.369624 0.115093 349.886192 389.261960
69 70 78 0.174265 0.232144 0.593591 339.357907 404.446305
69 70 78 0.416920 0.167275 0.415805 339.209936 396.400870
69 70 78 0.930763 0.014169 0.055068 332.797348 386.556031
69 70 78 0.314267 0.184359 0.501374 342.675873 398.893587
69 70 78 0.836320 0.157693 0.005987 335.071751 383.347709
69 70 78 0.947804 0.004522 0.047674 333.972303 387.390928
70 79 78 0.156295 0.018923 0.824782 342.984898 409.609593
70 79 78 0.202855 0.699338 0.097807 369.884115 407.803873
70 79 78 0.002165 0.475815 0.522019 349.454167 408.361721
70 79 78 0.080849 0.415388 0.503763 351.727701 411.748380
70 79 78 0.329226 0.619097 0.051677 369.001541 406.877439
70 79 78 0.959046 0.002241 0.038714 373.287891 381.920743
70 79 78 0.213509 0.340414 0.446077 356.873948 409.471302
70 79 78 0.768441 0.133779 0.097780 370.717473 388.972106
70 79 78 0.940862 0.005498 0.053640 371.184673 387.518777
70 79 78 0.909949 0.059044 0.031007 372.213083 381.005434
70 71 79 0.202188 0.668055 0.129757 405.790995 384.870858
70 71 79 0.753552 0.121978 0.124469 379.901633 381.997072
70 71 79 0.466592 0.225756 0.307651 383.991484 391.822400
70 71 79 0.276893 0.443100 0.280007 390.491365 394.862951
70 71 79 0.958235 0.032665 0.009100 377.160047 385.096159
70 71 79 0.907126 0.083176 0.009697 375.533402 384.041459
70 71 79 0.792318 0.073878 0.133804 374.584016 386.903589
70 71 79 0.067800 0.220699 0.711501 380.488039 404.143856
70 71 79 0.907700 0.069400 0.022900 374.638505 384.625100
70 71 79 0.471525 0.194107 0.334368 380.609761 387.860753
71 80 79 0.417584 0.222359 0.360057 396.514484 392.689139
71 80 79 0.856261 0.096664 0.047075 414.939170 382.062582
71 80 79 0.787223 0.151160 0.061617 413.661649 386.109673
71 80 79 0.348347 0.618076 0.033577 411.650483 396.995028
71 80 79 0.949522 0.004666 0.045812 415.478653 381.919878
71 80 79 0.665657 0.001946 0.332398 401.152701 392.416357
71 80 79 0.530749 0.398120 0.071131 413.995390 391.882781
71 80 79 0.380569 0.129166 0.490265 392.712067 397.546569
71 80 79 0.858795 0.031358 0.109847 410.479721 383.455359
71 80 79 0.989104 0.001725 0.009171 417.703089 381.012070
