0 1 9 0.499768 0.281843 0.218390 129.989116 192.093657
0 1 9 0.450602 0.471041 0.078357 135.658932 188.243363
0 1 9 0.754403 0.177285 0.068312 130.246786 184.925186
0 1 9 0.296874 0.065784 0.637342 117.009077 193.495563
0 1 9 0.741342 0.143058 0.115600 126.832360 185.095845
0 1 9 0.575982 0.395138 0.028880 136.247021 185.273033
0 1 9 0.263423 0.652098 0.084479 141.054150 188.047808
0 1 9 0.920586 0.073265 0.006149 127.279342 184.305374
0 1 9 0.581632 0.316802 0.101566 128.712906 185.176445
0 1 9 0.183086 0.332769 0.484145 131.070243 191.569284
1 10 9 0.724372 0.016128 0.259500 143.101158 193.304508
1 10 9 0.668829 0.213204 0.117967 149.536360 190.892282
1 10 9 0.220636 0.135256 0.644109 126.563801 194.865780
1 10 9 0.216291 0.302303 0.481406 136.841039 194.350906
1 10 9 0.058315 0.356959 0.584726 130.287247 197.985198
1 10 9 0.433253 0.253872 0.312875 140.990430 191.698365
1 10 9 0.656728 0.191472 0.151800 148.835768 188.147928
1 10 9 0.342702 0.000923 0.656375 128.403778 196.655859
1 10 9 0.294567 0.316132 0.389302 137.367027 195.718627
1 10 9 0.385094 0.076344 0.538562 132.323949 194.047560
1 2 10 0.224728 0.302516 0.472756 159.477036 191.446532
1 2 10 0.704144 0.088590 0.207265 156.070168 192.738919
1 2 10 0.178255 0.765499 0.056245 178.661631 185.983963
1 2 10 0.114622 0.226731 0.658647 155.376144 190.605318
1 2 10 0.316199 0.618830 0.064971 169.399512 188.043385
1 2 10 0.502864 0.383949 0.113187 160.998434 190.118814
1 2 10 0.030616 0.470847 0.498537 165.810354 192.994464
1 2 10 0.115188 0.298216 0.586596 159.502171 188.004208
1 2 10 0.738285 0.037568 0.224147 148.969183 189.782380
1 2 10 0.684889 0.146707 0.168405 156.213933 186.437096
2 11 10 0.937730 0.020961 0.041309 185.042361 185.712708
2 11 10 0.789319 0.054817 0.155864 177.580536 186.528664
2 11 10 0.975700 0.013659 0.010641 182.735396 187.433689
2 11 10 0.056432 0.217801 0.725767 155.277664 199.244008
2 11 10 0.280661 0.377564 0.341776 165.347232 192.599648
2 11 10 0.219664 0.264145 0.516191 166.217136 190.648691
2 11 10 0.661597 0.075449 0.262954 172.356602 190.641455
2 11 10 0.193518 0.109706 0.696776 159.783505 196.971417
2 11 10 0.023438 0.266756 0.709805 155.625579 194.645425
2 11 10 0.200266 0.128798 0.670937 156.260559 193.608999
2 3 11 0.076078 0.503925 0.419997 196.727467 187.700477
2 3 11 0.893212 0.028391 0.078396 183.687537 186.438276
2 3 11 0.609805 0.236232 0.153963 190.501051 185.677266
2 3 11 0.629218 0.314017 0.056766 189.437116 185.659157
2 3 11 0.719426 0.227291 0.053283 189.516825 185.587413
2 3 11 0.503590 0.199003 0.297407 186.097383 189.118591
2 3 11 0.405546 0.377315 0.217139 194.425270 186.924341
2 3 11 0.538740 0.041000 0.420260 183.960829 189.642814
2 3 11 0.043929 0.410909 0.545162 191.203210 193.230587
2 3 11 0.373465 0.583632 0.042904 198.457087 183.690093
3 12 11 0.388413 0.596959 0.014628 209.045491 188.214402
3 12 11 0.987874 0.003853 0.008272 215.025959 186.920523
3 12 11 0.004033 0.436002 0.559965 193.406369 193.568884
3 12 11 0.389289 0.548542 0.062170 212.669763 192.702710
3 12 11 0.349268 0.446757 0.203975 208.091843 192.220680
3 12 11 0.515218 0.384896 0.099886 211.602531 189.269364
3 12 11 0.754316 0.184162 0.061521 211.415562 187.703479
3 12 11 0.536842 0.246752 0.216406 204.575469 189.641731
3 12 11 0.284694 0.538160 0.177146 204.602123 193.498061
3 12 11 0.746348 0.180854 0.072797 210.994185 190.451108
3 4 12 0.975788 0.018286 0.005927 216.830339 184.981885
3 4 12 0.761712 0.148506 0.089782 218.850619 182.877162
3 4 12 0.590013 0.171815 0.238173 218.137639 187.444477
3 4 12 0.389221 0.138424 0.472355 215.675796 189.823255
3 4 12 0.560642 0.011111 0.428248 210.663787 188.803040
3 4 12 0.575951 0.350151 0.073897 225.046010 186.811814
3 4 12 0.581275 0.401698 0.017027 224.803235 182.107870
3 4 12 0.916210 0.036366 0.047423 217.024062 184.487535
3 4 12 0.184430 0.224659 0.590912 224.590689 188.701066
3 4 12 0.452014 0.086814 0.461172 219.570367 188.861220
4 13 12 0.802806 0.007968 0.189226 235.058920 187.734706
4 13 12 0.889125 0.051095 0.059780 243.616618 182.114432
4 13 12 0.605144 0.389872 0.004984 244.385797 189.145791
4 13 12 0.245942 0.269411 0.484647 230.685788 191.672615
4 13 12 0.141579 0.353536 0.504884 228.366668 197.036201
4 13 12 0.516360 0.389522 0.094117 239.786303 187.876104
4 13 12 0.443930 0.521499 0.034571 244.193668 188.383806
4 13 12 0.897852 0.099602 0.002545 243.881137 186.196091
4 13 12 0.981947 0.003212 0.014841 244.980553 181.838992
4 13 12 0.984040 0.011354 0.004606 246.984025 186.123947
4 5 13 0.640639 0.323160 0.036201 255.648871 179.820394
4 5 13 0.232164 0.315265 0.452572 256.583350 187.799971
4 5 13 0.007672 0.199554 0.792774 249.811233 187.382478
4 5 13 0.305112 0.581363 0.113526 262.463775 188.373547
4 5 13 0.671230 0.132627 0.196144 246.870222 186.899803
4 5 13 0.172336 0.002290 0.825374 241.794974 190.446732
4 5 13 0.667286 0.157874 0.174840 242.934453 186.223559
4 5 13 0.650030 0.036024 0.313946 248.557461 184.558016
4 5 13 0.516073 0.304980 0.178946 255.463277 184.946106
4 5 13 0.754341 0.076187 0.169472 245.046492 187.779496
5 14 13 0.137967 0.827469 0.034564 279.655646 190.763824
5 14 13 0.422595 0.050841 0.526564 261.532056 187.126701
5 14 13 0.527116 0.413322 0.059562 276.095501 189.149256
5 14 13 0.899958 0.081380 0.018662 275.033413 183.512939
5 14 13 0.751857 0.116281 0.131862 270.010990 188.164090
5 14 13 0.821829 0.056387 0.121784 276.334409 184.428154
5 14 13 0.048997 0.277811 0.673192 257.881795 198.700277
5 14 13 0.375280 0.087014 0.537706 262.179474 187.561809
5 14 13 0.295061 0.382812 0.322128 265.240523 188.603187
5 14 13 0.922917 0.073343 0.003741 277.203935 182.814765
5 6 14 0.616461 0.206687 0.176852 285.197952 181.789790
5 6 14 0.335689 0.604937 0.059374 294.418816 179.990279
5 6 14 0.629202 0.136086 0.234712 278.533158 187.499957
5 6 14 0.878117 0.000112 0.121771 276.469579 182.565997
5 6 14 0.545836 0.107225 0.346939 279.917212 183.535478
5 6 14 0.839035 0.124484 0.036481 282.203289 185.845511
5 6 14 0.985105 0.014369 0.000526 275.747412 185.419269
5 6 14 0.758566 0.001997 0.239437 274.572889 184.124820
5 6 14 0.485770 0.375654 0.138575 288.315628 182.893258
5 6 14 0.490223 0.344322 0.165455 290.705394 181.551482
6 15 14 0.335615 0.657895 0.006490 309.295502 189.370562
6 15 14 0.403207 0.283187 0.313606 302.596517 187.475724
6 15 14 0.339161 0.488154 0.172685 300.790645 188.377349
6 15 14 0.439907 0.279845 0.280248 299.964243 187.664890
6 15 14 0.864439 0.050506 0.085056 301.562196 182.094368
6 15 14 0.270352 0.345791 0.383857 296.021944 192.841091
6 15 14 0.063880 0.609428 0.326693 302.663779 192.229207
6 15 14 0.471326 0.384401 0.144273 301.324660 187.838587
6 15 14 0.067644 0.196210 0.736146 287.136984 188.518790
6 15 14 0.328979 0.181394 0.489628 293.884694 190.068203
6 7 15 0.059809 0.772971 0.167220 331.533037 183.531774
6 7 15 0.299560 0.081127 0.619313 313.019961 186.339908
6 7 15 0.170352 0.344914 0.484734 320.033465 187.489912
6 7 15 0.768495 0.037658 0.193847 311.063390 184.331693
6 7 15 0.464633 0.361254 0.174113 318.965223 182.633185
6 7 15 0.068048 0.102583 0.829369 313.677257 192.905164
6 7 15 0.247230 0.204680 0.548090 317.611490 185.297236
6 7 15 0.151849 0.256106 0.592045 315.645389 187.122426
6 7 15 0.656712 0.297442 0.045845 321.784263 181.713202
6 7 15 0.226776 0.041128 0.732096 310.208910 190.034744
7 16 15 0.259819 0.178007 0.562174 326.016265 192.383499
7 16 15 0.451934 0.018240 0.529826 326.367852 189.485077
7 16 15 0.564557 0.422712 0.012731 344.773637 187.400569
7 16 15 0.649153 0.107846 0.243001 336.197675 183.452481
7 16 15 0.226531 0.370127 0.403342 330.295869 187.300296
7 16 15 0.037426 0.582436 0.380137 331.686521 191.292193
7 16 15 0.198363 0.568158 0.233479 339.197871 189.816912
7 16 15 0.388767 0.343869 0.267364 332.490002 184.994222
7 16 15 0.342350 0.541736 0.115914 339.657291 188.689008
7 16 15 0.532190 0.066681 0.401129 327.808558 189.016756
7 8 16 0.981352 0.009109 0.009539 337.641634 180.798862
7 8 16 0.729894 0.033609 0.236497 344.674017 185.731321
7 8 16 0.356943 0.279745 0.363312 348.290764 185.952534
7 8 16 0.453605 0.272739 0.273656 349.370032 183.539646
7 8 16 0.086257 0.127607 0.786136 350.388307 193.373096
7 8 16 0.633632 0.080558 0.285810 347.140020 184.206338
7 8 16 0.169847 0.686652 0.143501 357.612810 179.081523
7 8 16 0.361427 0.429096 0.209477 350.902042 182.334081
7 8 16 0.796666 0.065996 0.137338 341.946123 182.724604
7 8 16 0.407160 0.057856 0.534984 346.089080 189.978402
8 17 16 0.492469 0.379313 0.128218 371.333789 184.337998
8 17 16 0.713268 0.144885 0.141848 368.411428 184.257354
8 17 16 0.682635 0.262965 0.054400 370.949628 179.957711
8 17 16 0.167071 0.601834 0.231095 368.648638 189.343075
8 17 16 0.731813 0.179425 0.088762 371.474860 185.161216
8 17 16 0.286632 0.487055 0.226313 371.020190 186.274437
8 17 16 0.787618 0.169738 0.042644 371.780009 180.535145
8 17 16 0.708012 0.228121 0.063867 366.320546 180.859004
8 17 16 0.323576 0.316272 0.360152 364.790182 185.508035
8 17 16 0.058956 0.717430 0.223614 372.886689 187.681020
9 10 18 0.070955 0.306561 0.622484 116.231231 210.011039
9 10 18 0.327210 0.374424 0.298366 120.890960 200.431113
9 10 18 0.539422 0.015937 0.444641 107.708864 202.175154
9 10 18 0.424384 0.166930 0.408686 116.866131 202.355210
9 10 18 0.993503 0.004104 0.002393 115.917812 198.057324
9 10 18 0.205541 0.231664 0.562796 113.761015 208.429254
9 10 18 0.124032 0.163755 0.712213 114.714780 210.974925
9 10 18 0.402783 0.205595 0.391622 115.589889 198.958033
9 10 18 0.941161 0.056186 0.002653 115.325231 195.593232
9 10 18 0.905476 0.034117 0.060407 110.469235 198.402359
10 19 18 0.045798 0.100637 0.853565 105.067649 210.813851
10 19 18 0.426710 0.447471 0.125820 133.860161 206.093648
10 19 18 0.573896 0.070330 0.355774 129.602795 204.849252
10 19 18 0.701309 0.071945 0.226747 134.713012 200.052538
10 19 18 0.383148 0.115869 0.500982 128.433596 207.702285
10 19 18 0.552308 0.378305 0.069387 142.133410 200.059549
10 19 18 0.979745 0.013930 0.006326 142.916823 197.297759
10 19 18 0.068012 0.410818 0.521171 118.376890 208.542927
10 19 18 0.039390 0.622141 0.338470 122.653357 213.200980
10 19 18 0.287233 0.022511 0.690256 122.319386 210.399620
10 11 19 0.127159 0.650308 0.222533 164.239410 195.774006
10 11 19 0.327905 0.042846 0.629249 142.811513 206.364670
10 11 19 0.379337 0.041935 0.578728 139.758418 203.705662
10 11 19 0.830344 0.065164 0.104493 148.272483 202.025716
10 11 19 0.922543 0.045958 0.031499 152.234959 195.704647
10 11 19 0.349629 0.275302 0.375069 151.458775 200.003386
10 11 19 0.937905 0.010239 0.051856 143.556016 198.702691
10 11 19 0.195209 0.782727 0.022064 174.367462 199.111919
10 11 19 0.064628 0.395881 0.539492 153.339702 202.266487
10 11 19 0.524644 0.136673 0.338683 145.422945 200.643027
11 20 19 0.430451 0.213301 0.356248 164.477523 207.414894
11 20 19 0.804802 0.075167 0.120031 172.935586 198.434191
11 20 19 0.048635 0.585344 0.366021 157.274018 209.845144
11 20 19 0.176496 0.728861 0.094643 167.756108 209.166666
11 20 19 0.329226 0.007503 0.663271 150.265163 204.139615
11 20 19 0.647804 0.015248 0.336947 164.293544 199.219413
11 20 19 0.163322 0.446174 0.390504 156.989997 210.788944
11 20 19 0.787960 0.062911 0.149129 170.072560 201.252065
11 20 19 0.527910 0.180662 0.291428 163.955942 199.274994
11 20 19 0.696308 0.217342 0.086349 174.763687 200.720369
11 12 20 0.127498 0.635543 0.236960 200.121253 198.282536
11 12 20 0.138416 0.514678 0.346906 196.485927 198.620325
11 12 20 0.575217 0.319313 0.105470 190.341300 198.827561
11 12 20 0.285949 0.038007 0.676043 175.891206 203.919845
11 12 20 0.151480 0.314548 0.533972 185.783179 201.290201
11 12 20 0.378590 0.554897 0.066513 193.977568 192.798077
11 12 20 0.392493 0.563439 0.044068 199.682111 193.673533
11 12 20 0.809972 0.176457 0.013571 183.960843 196.405551
11 12 20 0.781560 0.128735 0.089705 180.223936 199.072323
11 12 20 0.204326 0.475508 0.320166 190.464209 197.640633
12 21 20 0.753330 0.213398 0.033271 209.672001 198.678547
12 21 20 0.181965 0.050767 0.767268 179.978293 207.394091
12 21 20 0.953958 0.026718 0.019323 212.322235 197.499079
12 21 20 0.779297 0.207899 0.012804 212.032519 199.744889
12 21 20 0.002377 0.751730 0.245893 198.097533 213.242782
12 21 20 0.181880 0.004028 0.814092 178.834361 204.302501
12 21 20 0.522362 0.411553 0.066085 204.802109 201.474843
12 21 20 0.101498 0.550462 0.348040 196.288335 208.454272
12 21 20 0.305771 0.279073 0.415156 193.422523 201.916681
12 21 20 0.326507 0.335850 0.337643 196.417584 200.587563
12 13 21 0.269838 0.406134 0.324029 224.904929 193.918115
12 13 21 0.949941 0.010733 0.039326 212.083955 194.717355
12 13 21 0.439258 0.187814 0.372929 219.205582 195.447979
12 13 21 0.451005 0.232703 0.316292 218.659345 197.676308
12 13 21 0.831869 0.033085 0.135047 212.515047 195.260988
12 13 21 0.423380 0.166565 0.410055 214.755016 198.915443
12 13 21 0.695506 0.029675 0.274818 209.040241 199.309364
12 13 21 0.564961 0.071456 0.363583 211.681026 199.557889
12 13 21 0.703630 0.054934 0.241437 213.380893 199.401238
12 13 21 0.274026 0.337730 0.388244 218.719475 200.398231
13 22 21 0.013072 0.096799 0.890129 210.404069 209.420283
13 22 21 0.435926 0.477065 0.087008 241.735106 202.737452
13 22 21 0.219665 0.439141 0.341195 229.966299 200.763811
13 22 21 0.938352 0.039936 0.021712 245.384175 195.052403
13 22 21 0.835206 0.155916 0.008877 244.180960 196.861397
13 22 21 0.116183 0.067837 0.815980 213.226706 206.346788
13 22 21 0.881694 0.088930 0.029376 243.251935 195.704418
13 22 21 0.123445 0.335006 0.541550 220.803130 205.241452
13 22 21 0.611721 0.148748 0.239531 235.830099 201.216190
13 22 21 0.405888 0.161010 0.433101 227.875467 204.091217
13 14 22 0.802982 0.184353 0.012664 251.440642 192.588792
13 14 22 0.611622 0.152415 0.235962 253.146204 196.801374
13 14 22 0.920611 0.036685 0.042704 244.929938 194.870599
13 14 22 0.514890 0.197966 0.287144 253.946283 198.681501
13 14 22 0.597095 0.012841 0.390064 245.732526 197.831635
13 14 22 0.451619 0.113802 0.434580 245.052215 201.637985
13 14 22 0.829135 0.008380 0.162486 244.634567 194.747343
13 14 22 0.039937 0.819489 0.140575 272.438856 194.689542
13 14 22 0.990698 0.004103 0.005199 249.525536 196.438906
13 14 22 0.930899 0.045544 0.023557 248.309348 193.353420
14 23 22 0.148705 0.488899 0.362396 269.332839 205.112312
14 23 22 0.876300 0.025074 0.098627 276.778758 191.456572
14 23 22 0.293821 0.568536 0.137643 272.474879 202.653596
14 23 22 0.871480 0.005167 0.123353 275.271054 193.938115
14 23 22 0.205133 0.630787 0.164080 275.108438 203.021429
14 23 22 0.227026 0.191176 0.581798 256.894191 201.594754
14 23 22 0.624076 0.047557 0.328367 269.447465 198.339115
14 23 22 0.274139 0.170959 0.554902 263.057754 201.228943
14 23 22 0.475020 0.300024 0.224956 269.696845 199.777062
14 23 22 0.805035 0.033759 0.161206 278.155417 199.579199
14 15 23 0.084183 0.241449 0.674368 287.041879 199.373922
14 15 23 0.641606 0.115623 0.242771 283.536354 197.210381
14 15 23 0.160586 0.827298 0.012115 306.070205 194.016458
14 15 23 0.735556 0.025042 0.239402 283.846671 194.616939
14 15 23 0.493885 0.360349 0.145766 291.735228 191.198172
14 15 23 0.485799 0.446295 0.067906 293.544554 193.529392
14 15 23 0.316038 0.625358 0.058603 300.526358 192.489120
14 15 23 0.274551 0.132139 0.593310 283.641600 200.482453
14 15 23 0.656189 0.089978 0.253832 284.328711 197.245066
14 15 23 0.503339 0.181109 0.315552 287.198634 196.148076
15 24 23 0.242843 0.097083 0.660074 292.373095 203.346619
15 24 23 0.155355 0.239015 0.605630 295.565860 206.251863
15 24 23 0.774490 0.047825 0.177685 308.244815 196.527977
15 24 23 0.360576 0.031460 0.607964 295.695285 200.450467
15 24 23 0.220862 0.675347 0.103791 313.853141 200.889593
15 24 23 0.235997 0.203824 0.560179 296.195532 209.142903
15 24 23 0.866938 0.036778 0.096283 309.553704 194.283035
15 24 23 0.122479 0.749295 0.128226 313.904427 203.074833
15 24 23 0.128203 0.510199 0.361599 300.111976 204.945452
15 24 23 0.811065 0.149812 0.039123 311.574769 193.882164
15 16 24 0.353551 0.193659 0.452790 322.489219 198.146568
15 16 24 0.037644 0.525714 0.436641 332.871536 194.864049
15 16 24 0.243286 0.426945 0.329769 329.170320 194.967185
15 16 24 0.952939 0.035224 0.011837 315.958479 191.945595
15 16 24 0.002712 0.369638 0.627650 327.638564 195.083304
15 16 24 0.460923 0.505228 0.033849 328.821299 189.171788
15 16 24 0.252452 0.037354 0.710193 319.388303 200.650684
15 16 24 0.030827 0.412335 0.556838 328.039939 202.926368
15 16 24 0.182584 0.769148 0.048268 339.417712 188.442981
15 16 24 0.366073 0.071571 0.562356 320.063222 199.099924
16 25 24 0.833260 0.070609 0.096132 344.880162 189.713621
16 25 24 0.485000 0.344205 0.170796 345.011138 198.074936
16 25 24 0.504640 0.198782 0.296578 337.216276 195.818086
16 25 24 0.322932 0.591639 0.085429 346.582923 198.590556
16 25 24 0.775035 0.164644 0.060320 347.156484 193.096283
16 25 24 0.663598 0.245418 0.090984 348.856853 196.317361
16 25 24 0.681377 0.295893 0.022730 348.441156 194.259923
16 25 24 0.940026 0.046195 0.013779 347.527268 191.522773
16 25 24 0.080859 0.214260 0.704881 324.760994 203.817628
16 25 24 0.428126 0.444722 0.127152 343.487503 199.974491
16 17 25 0.560132 0.340738 0.099130 357.237724 190.159519
16 17 25 0.462553 0.436594 0.100853 361.014173 189.029937
16 17 25 0.035978 0.368558 0.595464 361.581185 199.839673
16 17 25 0.806365 0.022945 0.170690 351.242867 194.405448
16 17 25 0.845763 0.122976 0.031261 350.204012 189.350495
16 17 25 0.973063 0.004968 0.021968 344.941482 187.597441
16 17 25 0.482192 0.221535 0.296273 353.055933 194.739359
16 17 25 0.416475 0.527402 0.056124 364.178986 190.853153
16 17 25 0.310764 0.497113 0.192122 366.524521 190.184202
16 17 25 0.698432 0.084615 0.216953 351.657259 196.566546
17 26 25 0.576847 0.004963 0.418190 370.018077 193.198022
17 26 25 0.579696 0.021124 0.399180 368.198040 196.263965
17 26 25 0.210697 0.586652 0.202650 382.116588 201.882728
17 26 25 0.624591 0.028512 0.346897 368.881751 196.344792
17 26 25 0.656105 0.157290 0.186606 375.416408 192.172915
17 26 25 0.696955 0.148477 0.154568 375.750078 191.477596
17 26 25 0.340022 0.247138 0.412841 372.666576 195.709051
17 26 25 0.610517 0.189327 0.200156 373.155798 192.697358
17 26 25 0.331539 0.141935 0.526526 370.431252 199.986166
17 26 25 0.746493 0.143907 0.109599 376.015302 194.617074
18 19 27 0.720524 0.004365 0.275112 95.445517 219.756680
18 19 27 0.036957 0.785807 0.177236 127.579787 218.502495
18 19 27 0.778874 0.135542 0.085583 101.905180 214.420435
18 19 27 0.371119 0.334672 0.294209 107.506525 221.178608
18 19 27 0.252713 0.156286 0.591001 100.355068 228.636075
18 19 27 0.435425 0.416663 0.147912 112.329661 218.182942
18 19 27 0.638713 0.151197 0.210090 101.168814 223.336782
18 19 27 0.756996 0.009692 0.233313 95.852762 219.184741
18 19 27 0.364566 0.549252 0.086181 117.917843 214.462715
18 19 27 0.074621 0.072184 0.853195 93.894481 237.397183
19 28 27 0.072406 0.281382 0.646211 104.781906 234.403291
19 28 27 0.085590 0.065528 0.848882 95.401608 235.192810
19 28 27 0.500102 0.481375 0.018523 129.565019 220.723300
19 28 27 0.201832 0.351541 0.446627 111.779099 234.897012
19 28 27 0.490995 0.385445 0.123560 131.093207 226.758328
19 28 27 0.237990 0.198530 0.563480 105.141686 232.211966
19 28 27 0.334970 0.554303 0.110727 126.402425 226.557609
19 28 27 0.732627 0.230417 0.036956 130.977457 219.077775
19 28 27 0.455094 0.165149 0.379757 117.133852 224.809227
19 28 27 0.544637 0.337836 0.117527 127.559926 219.038642
19 20 28 0.914014 0.079848 0.006137 135.966704 211.107252
19 20 28 0.188291 0.773776 0.037932 158.373164 214.024983
19 20 28 0.749117 0.132123 0.118760 138.358766 213.174450
19 20 28 0.810714 0.133112 0.056174 139.344645 211.701091
19 20 28 0.115493 0.333934 0.550573 139.907755 229.505001
19 20 28 0.287174 0.148344 0.564482 135.842497 224.485371
19 20 28 0.230145 0.640061 0.129794 157.796158 210.765702
19 20 28 0.980290 0.014054 0.005657 136.348946 207.030724
19 20 28 0.568236 0.403219 0.028545 146.771620 205.630794
19 20 28 0.222275 0.128381 0.649344 132.450488 229.617872
20 29 28 0.469282 0.489960 0.040758 166.958348 222.862840
20 29 28 0.975339 0.018326 0.006335 169.658545 212.477320
20 29 28 0.697960 0.023062 0.278978 159.216812 215.016615
20 29 28 0.539025 0.289065 0.171910 163.764571 218.988167
20 29 28 0.740251 0.116135 0.143614 166.144353 216.662790
20 29 28 0.213949 0.568183 0.217869 155.175009 229.676003
20 29 28 0.524008 0.117329 0.358663 155.429911 219.763216
20 29 28 0.499814 0.300356 0.199830 165.643910 225.857758
20 29 28 0.571002 0.406458 0.022540 167.691432 217.562904
20 29 28 0.719171 0.166482 0.114347 167.604960 215.796723
20 21 29 0.209139 0.555024 0.235837 192.249510 214.600637
20 21 29 0.834629 0.101588 0.063783 175.642337 212.574555
20 21 29 0.016999 0.938646 0.044356 203.386713 209.072594
20 21 29 0.052349 0.439916 0.507735 183.527648 222.191756
20 21 29 0.701046 0.150146 0.148808 173.078258 214.406563
20 21 29 0.889777 0.075310 0.034913 173.931568 211.825564
20 21 29 0.071203 0.563474 0.365324 186.282618 216.156911
20 21 29 0.886282 0.007166 0.106552 171.538679 213.884590
20 21 29 0.609013 0.338218 0.052769 184.598031 211.853338
20 21 29 0.372245 0.458851 0.168904 186.743270 212.966282
21 30 29 0.617131 0.149062 0.233807 196.938609 215.731396
21 30 29 0.083705 0.219355 0.696940 180.076836 230.810194
21 30 29 0.561264 0.106801 0.331935 194.454820 217.241881
21 30 29 0.262147 0.604541 0.133313 200.685839 227.088613
21 30 29 0.018747 0.355714 0.625538 183.407325 232.007427
21 30 29 0.316249 0.484482 0.199269 197.630400 227.686322
21 30 29 0.808790 0.053208 0.138002 200.216087 213.246595
21 30 29 0.597332 0.106480 0.296188 192.762236 222.053643
21 30 29 0.629926 0.169376 0.200698 200.312218 216.437569
21 30 29 0.557039 0.337544 0.105417 200.941741 217.461383
21 22 30 0.138616 0.393347 0.468037 220.692094 221.585375
21 22 30 0.182416 0.398606 0.418978 223.417806 216.464250
21 22 30 0.918129 0.006053 0.075818 204.934321 212.925891
21 22 30 0.506752 0.432447 0.060801 221.760403 209.436870
21 22 30 0.417859 0.077099 0.505042 212.339209 221.042096
21 22 30 0.731913 0.055447 0.212641 207.420393 210.808209
21 22 30 0.124770 0.102900 0.772330 209.076349 227.250978
21 22 30 0.273008 0.163977 0.563015 212.609944 225.053996
21 22 30 0.678918 0.314718 0.006364 221.196875 208.152456
21 22 30 0.938498 0.055475 0.006028 208.177695 212.551004
22 31 30 0.626706 0.211059 0.162235 238.315904 213.164219
22 31 30 0.151739 0.332217 0.516044 223.759269 225.853683
22 31 30 0.896486 0.030871 0.072643 238.049711 205.478398
22 31 30 0.827769 0.000346 0.171886 234.959218 211.657882
22 31 30 0.205872 0.695889 0.098239 240.481725 222.204807
22 31 30 0.258120 0.508838 0.233043 235.497630 221.982656
22 31 30 0.695055 0.278627 0.026319 240.532862 214.936862
22 31 30 0.633430 0.071090 0.295480 230.781311 214.970290
22 31 30 0.510746 0.320691 0.168563 234.611667 220.520155
22 31 30 0.481325 0.338904 0.179770 236.854368 220.512947
22 23 31 0.196032 0.137245 0.666724 250.547347 223.758966
22 23 31 0.201663 0.151599 0.646738 252.188650 224.447236
22 23 31 0.619588 0.138642 0.241770 246.818512 212.917567
22 23 31 0.932219 0.030964 0.036818 243.095800 209.041012
22 23 31 0.887668 0.095757 0.016575 244.351227 208.768704
22 23 31 0.521144 0.046240 0.432616 242.751613 220.134676
22 23 31 0.781013 0.116859 0.102128 247.979666 209.716129
22 23 31 0.233127 0.002543 0.764330 242.307516 226.889266
22 23 31 0.427434 0.341719 0.230847 254.297341 209.677432
22 23 31 0.819421 0.174292 0.006287 245.213273 207.316729
23 32 31 0.586122 0.253235 0.160643 276.182332 210.855323
23 32 31 0.974862 0.009015 0.016123 277.738211 208.095598
23 32 31 0.585718 0.051938 0.362344 266.865201 215.532837
23 32 31 0.272407 0.406373 0.321220 271.963682 225.154242
23 32 31 0.143442 0.848157 0.008401 281.075810 226.331443
23 32 31 0.581234 0.371900 0.046866 280.819698 219.184260
23 32 31 0.591226 0.033646 0.375128 268.951635 216.577305
23 32 31 0.497675 0.289415 0.212910 274.648827 219.150146
23 32 31 0.183828 0.382164 0.434008 268.280999 228.688852
23 32 31 0.138839 0.070651 0.790510 252.795641 226.127463
23 24 32 0.747944 0.104880 0.147175 284.748078 212.407980
23 24 32 0.681116 0.149128 0.169756 286.739119 210.975171
23 24 32 0.781216 0.025076 0.193708 281.227800 211.970504
23 24 32 0.991578 0.005365 0.003057 282.245063 204.016552
23 24 32 0.247921 0.591083 0.160996 299.627008 207.159341
23 24 32 0.833809 0.070079 0.096112 287.535994 208.393099
23 24 32 0.390356 0.079001 0.530643 284.177332 215.011405
23 24 32 0.927637 0.008437 0.063926 284.378323 209.712534
23 24 32 0.086016 0.285561 0.628423 295.235818 219.345851
23 24 32 0.205093 0.488810 0.306097 301.194672 213.271054
24 33 32 0.070029 0.155149 0.774822 295.480481 228.162361
24 33 32 0.182254 0.057272 0.760475 290.586234 225.865820
24 33 32 0.001492 0.548036 0.450472 304.195938 228.372266
24 33 32 0.963523 0.025633 0.010844 316.953934 207.819990
24 33 32 0.861572 0.137438 0.000990 313.936072 211.077404
24 33 32 0.890004 0.007259 0.102737 313.353515 206.055970
24 33 32 0.045150 0.374991 0.579859 300.253476 227.542003
24 33 32 0.949422 0.026732 0.023846 314.672235 207.038782
24 33 32 0.466529 0.085292 0.448178 304.814387 218.291960
24 33 32 0.568103 0.067172 0.364726 307.259096 215.649742
24 25 33 0.444758 0.442839 0.112403 333.639414 207.488017
24 25 33 0.943397 0.042626 0.013977 318.566469 207.137056
24 25 33 0.873710 0.028258 0.098031 316.614806 209.812305
24 25 33 0.701965 0.281318 0.016717 326.639906 203.221196
24 25 33 0.166203 0.098995 0.734802 324.232465 221.579704
24 25 33 0.294192 0.097494 0.608313 324.785045 217.661172
24 25 33 0.826778 0.150694 0.022527 321.900178 199.837802
24 25 33 0.434064 0.228460 0.337475 326.902426 212.694637
24 25 33 0.156787 0.138898 0.704315 321.507330 224.635369
24 25 33 0.505323 0.324136 0.170541 332.495228 214.556063
25 34 33 0.830933 0.067893 0.101174 353.496002 206.958348
25 34 33 0.360024 0.615955 0.024022 356.870958 221.428456
25 34 33 0.414681 0.225739 0.359580 344.043786 217.489607
25 34 33 0.076124 0.895117 0.028758 360.166147 226.937508
25 34 33 0.350115 0.280848 0.369037 345.323829 219.494718
25 34 33 0.700329 0.009873 0.289798 341.809244 211.113363
25 34 33 0.604384 0.353259 0.042358 354.263853 216.110451
25 34 33 0.692291 0.171054 0.136655 351.566732 211.589215
25 34 33 0.227142 0.590268 0.182591 355.032873 223.880535
25 34 33 0.522140 0.185323 0.292537 347.265410 215.289739
25 26 34 0.926097 0.055487 0.018416 354.787468 204.448352
25 26 34 0.412483 0.555487 0.032029 375.456470 203.094502
25 26 34 0.903821 0.023109 0.073070 356.532800 209.590574
25 26 34 0.731791 0.139455 0.128755 355.745197 209.052354
25 26 34 0.669658 0.109168 0.221174 362.477887 209.482343
25 26 34 0.062777 0.081760 0.855463 363.299768 225.125472
25 26 34 0.153614 0.814709 0.031677 383.100753 205.022949
25 26 34 0.394991 0.173641 0.431368 364.291535 214.844444
25 26 34 0.397641 0.367816 0.234543 371.084879 206.464520
25 26 34 0.500919 0.004037 0.495044 357.010864 213.931906
26 35 34 0.012440 0.664770 0.322790 384.742740 225.252601
26 35 34 0.296577 0.441127 0.262296 386.764088 218.582411
26 35 34 0.408767 0.003255 0.587978 374.767711 217.299045
26 35 34 0.050433 0.641747 0.307820 383.465784 227.882853
26 35 34 0.378350 0.145276 0.476374 375.308512 217.442068
26 35 34 0.578232 0.170096 0.251671 388.304020 210.868824
26 35 34 0.882539 0.070443 0.047018 390.632955 207.462108
26 35 34 0.699585 0.047339 0.253075 383.839915 207.597138
26 35 34 0.949286 0.036591 0.014123 390.199894 205.269512
26 35 34 0.983127 0.010013 0.006859 391.090990 201.134511
27 28 36 0.311937 0.378156 0.309906 102.007034 249.257304
27 28 36 0.329307 0.136840 0.533853 86.984486 255.448715
27 28 36 0.454907 0.417029 0.128064 104.224112 241.669078
27 28 36 0.661096 0.073818 0.265086 89.013382 248.075072
27 28 36 0.076830 0.331612 0.591559 101.841152 259.759508
27 28 36 0.019388 0.415984 0.564628 99.368847 257.978564
27 28 36 0.312241 0.453644 0.234115 102.373426 242.586237
27 28 36 0.897583 0.059611 0.042806 91.818849 241.665620
27 28 36 0.104329 0.034029 0.861642 81.880077 263.115022
27 28 36 0.292774 0.197050 0.510176 95.844314 260.378394
28 37 36 0.148674 0.667630 0.183695 117.244495 261.850197
28 37 36 0.897931 0.075137 0.026932 126.153700 241.847826
28 37 36 0.469468 0.276479 0.254053 112.181902 255.856676
28 37 36 0.666304 0.329123 0.004573 124.402807 246.360882
28 37 36 0.490938 0.481743 0.027319 123.156002 253.191710
28 37 36 0.099773 0.798958 0.101269 119.181778 266.864479
28 37 36 0.433129 0.061869 0.505002 103.954254 252.450201
28 37 36 0.506395 0.176549 0.317056 111.755275 252.742477
28 37 36 0.797556 0.125925 0.076518 122.286282 243.816694
28 37 36 0.916234 0.012633 0.071132 121.666112 241.247369
28 29 37 0.305188 0.035231 0.659582 125.557915 258.492965
28 29 37 0.145708 0.565114 0.289178 151.926402 240.772139
28 29 37 0.237920 0.682699 0.079381 153.400094 233.480950
28 29 37 0.279414 0.144063 0.576524 130.639870 255.918711
28 29 37 0.221274 0.640474 0.138252 154.798909 238.845094
28 29 37 0.054053 0.859748 0.086199 162.055464 238.853093
28 29 37 0.634854 0.042085 0.323060 127.379733 245.434466
28 29 37 0.783927 0.184288 0.031785 136.078196 237.570641
28 29 37 0.804043 0.136223 0.059734 129.089698 239.988457
28 29 37 0.760746 0.143423 0.095831 130.993235 238.730491
29 38 37 0.081789 0.328156 0.590055 138.422559 265.024789
29 38 37 0.519206 0.410575 0.070220 160.753670 249.777637
29 38 37 0.574500 0.393743 0.031757 163.948972 245.955291
29 38 37 0.264593 0.071464 0.663943 135.144614 259.649556
29 38 37 0.924384 0.065935 0.009681 165.684038 237.250643
29 38 37 0.948713 0.047481 0.003806 164.596541 233.929127
29 38 37 0.470402 0.447261 0.082337 162.065839 252.192315
29 38 37 0.458083 0.408076 0.133841 159.655434 253.205067
29 38 37 0.868114 0.116969 0.014917 163.264070 241.688379
29 38 37 0.623987 0.121511 0.254502 156.598277 246.650607
29 30 38 0.319962 0.008214 0.671824 160.296180 256.570094
29 30 38 0.183990 0.203077 0.612933 172.466305 256.518382
29 30 38 0.592776 0.202867 0.204357 177.083583 241.608347
29 30 38 0.390741 0.376998 0.232261 181.574155 237.869925
29 30 38 0.492652 0.279482 0.227867 174.586964 240.234846
29 30 38 0.623006 0.235949 0.141045 175.426006 239.299475
29 30 38 0.786833 0.117967 0.095199 169.928260 235.305647
29 30 38 0.168762 0.643547 0.187691 190.149353 241.780081
29 30 38 0.918348 0.052154 0.029498 169.896244 234.054298
29 30 38 0.936634 0.010712 0.052654 167.717504 237.237872
30 39 38 0.569123 0.133106 0.297771 191.755951 245.224330
30 39 38 0.146958 0.035954 0.817088 169.315426 265.445420
30 39 38 0.371293 0.568537 0.060169 201.236290 255.725153
30 39 38 0.951354 0.012032 0.036614 200.818031 236.835090
30 39 38 0.905777 0.035362 0.058860 202.319380 233.308967
30 39 38 0.848553 0.102504 0.048943 204.192841 239.415006
30 39 38 0.252230 0.016316 0.731454 174.186480 255.618562
30 39 38 0.909930 0.066214 0.023856 203.486710 235.252123
30 39 38 0.444522 0.060611 0.494867 186.661166 250.258292
30 39 38 0.641902 0.055880 0.302219 192.486089 244.957027
30 31 39 0.310667 0.145418 0.543915 211.365583 248.687128
30 31 39 0.966229 0.018161 0.015610 205.193129 235.029527
30 31 39 0.801221 0.050925 0.147854 208.927081 239.173448
30 31 39 0.271161 0.430690 0.298149 222.639566 241.243541
30 31 39 0.011373 0.523332 0.465295 225.908130 248.484830
30 31 39 0.956821 0.022492 0.020687 209.413804 230.424129
30 31 39 0.350546 0.520896 0.128558 226.307065 237.364728
30 31 39 0.774976 0.127468 0.097556 208.533448 236.829625
30 31 39 0.301291 0.529617 0.169092 227.445866 234.341028
30 31 39 0.796150 0.158132 0.045718 209.031543 235.711054
31 40 39 0.862996 0.026341 0.110662 241.797624 234.059093
31 40 39 0.275786 0.256117 0.468097 222.262255 251.989742
31 40 39 0.430606 0.323023 0.246370 233.048049 252.504407
31 40 39 0.607214 0.146137 0.246649 231.714320 246.705905
31 40 39 0.243418 0.646954 0.109628 242.286733 258.235940
31 40 39 0.072057 0.502076 0.425868 229.429094 261.102421
31 40 39 0.623538 0.347288 0.029174 244.328542 244.810800
31 40 39 0.336777 0.297864 0.365358 231.743422 254.944432
31 40 39 0.385914 0.312925 0.301161 231.992122 248.088824
31 40 39 0.820748 0.009903 0.169349 238.474973 240.105794
31 32 40 0.678496 0.321485 0.000019 255.082552 231.972369
31 32 40 0.350856 0.326295 0.322849 255.015149 242.596462
31 32 40 0.584023 0.242160 0.173817 250.502605 235.797819
31 32 40 0.541820 0.165580 0.292600 251.123292 239.255128
31 32 40 0.165197 0.513989 0.320814 262.821694 242.990371
31 32 40 0.496659 0.296755 0.206586 257.777018 235.091467
31 32 40 0.799377 0.083194 0.117429 248.272615 236.455167
31 32 40 0.975301 0.009144 0.015556 245.361906 232.954627
31 32 40 0.073581 0.749287 0.177132 272.097984 235.819966
31 32 40 0.701789 0.195617 0.102594 251.491710 236.272141
32 41 40 0.333717 0.247225 0.419058 265.495414 253.386800
32 41 40 0.014536 0.407789 0.577675 260.629443 267.029501
32 41 40 0.059511 0.481824 0.458666 271.070932 259.725966
32 41 40 0.721762 0.275921 0.002317 279.609494 238.248034
32 41 40 0.151106 0.233817 0.615077 257.646968 258.002306
32 41 40 0.101581 0.803565 0.094854 286.478084 261.269458
32 41 40 0.655560 0.217360 0.127080 279.701225 248.520137
32 41 40 0.948087 0.011599 0.040313 281.609615 231.817331
32 41 40 0.331688 0.121401 0.546911 262.070612 257.550806
32 41 40 0.169881 0.012004 0.818115 253.079128 261.361572
32 33 41 0.913567 0.073809 0.012624 288.994890 230.610620
32 33 41 0.515928 0.277456 0.206617 292.123311 233.867184
32 33 41 0.857623 0.128058 0.014319 289.056120 231.176807
32 33 41 0.985869 0.013588 0.000542 280.834000 227.784603
32 33 41 0.209387 0.156760 0.633853 290.606927 251.918626
32 33 41 0.740333 0.221219 0.038448 291.527620 228.294864
32 33 41 0.435399 0.446797 0.117805 301.974923 230.658590
32 33 41 0.607073 0.256948 0.135979 294.427897 234.944333
32 33 41 0.256179 0.442956 0.300865 302.881036 239.801931
32 33 41 0.120739 0.026701 0.852560 283.714308 255.769921
33 42 41 0.520859 0.333338 0.145802 317.345923 243.041410
33 42 41 0.796694 0.070528 0.132779 319.942135 231.408396
33 42 41 0.081312 0.882251 0.036437 325.616715 260.814580
33 42 41 0.710860 0.271231 0.017910 322.684185 235.209077
33 42 41 0.973669 0.003688 0.022642 322.450855 227.360673
33 42 41 0.466148 0.082138 0.451714 310.128583 247.032643
33 42 41 0.839509 0.110911 0.049580 320.701493 230.815183
33 42 41 0.016576 0.182565 0.800859 296.534744 262.095907
33 42 41 0.662744 0.234048 0.103208 320.313637 234.580692
33 42 41 0.524101 0.223616 0.252283 312.074160 240.433306
33 34 42 0.159265 0.351076 0.489659 337.206214 242.872075
33 34 42 0.827328 0.128343 0.044330 329.454793 225.794760
33 34 42 0.714157 0.217458 0.068385 332.493593 229.770334
33 34 42 0.004626 0.726434 0.268940 352.302107 233.522975
33 34 42 0.475405 0.031845 0.492750 330.772282 244.512715
33 34 42 0.410590 0.079489 0.509922 330.582796 243.498178
33 34 42 0.610663 0.224175 0.165162 334.437377 231.877777
33 34 42 0.263520 0.462471 0.274009 343.501660 233.182183
33 34 42 0.675338 0.020579 0.304083 325.628103 234.954589
33 34 42 0.544931 0.002125 0.452945 326.881481 240.812354
34 43 42 0.860761 0.005830 0.133409 354.903944 228.544888
34 43 42 0.035230 0.459370 0.505401 351.110143 255.123936
34 43 42 0.584551 0.410315 0.005134 365.005074 239.709773
34 43 42 0.852760 0.099597 0.047643 363.356407 232.866572
34 43 42 0.177233 0.204606 0.618161 340.026522 252.894940
34 43 42 0.016359 0.193576 0.790065 336.198023 259.427390
34 43 42 0.193294 0.016689 0.790017 336.663269 254.888702
34 43 42 0.403977 0.324947 0.271076 354.475354 249.053885
34 43 42 0.791815 0.132853 0.075331 359.572677 231.001706
34 43 42 0.794494 0.184281 0.021225 366.152802 235.242988
34 35 43 0.487335 0.296451 0.216214 376.381506 230.199823
34 35 43 0.085904 0.596542 0.317554 388.829278 234.507369
34 35 43 0.077095 0.172638 0.750267 374.044359 250.556188
34 35 43 0.463747 0.084008 0.452245 366.483703 243.965081
34 35 43 0.819261 0.107962 0.072777 369.258150 226.820615
34 35 43 0.310892 0.588926 0.100182 383.027915 230.012528
34 35 43 0.682006 0.184693 0.133302 368.739063 229.451396
34 35 43 0.289510 0.243518 0.466972 377.715709 236.684063
34 35 43 0.895325 0.025951 0.078723 362.931347 229.663492
34 35 43 0.186545 0.001318 0.812137 367.478407 254.145663
35 44 43 0.638132 0.025294 0.336573 392.520177 240.002809
35 44 43 0.367131 0.045991 0.586878 385.006786 246.139724
35 44 43 0.566889 0.081837 0.351274 389.135005 238.316055
35 44 43 0.298380 0.412585 0.289035 397.798890 246.801124
35 44 43 0.007612 0.082415 0.909973 375.775027 256.394468
35 44 43 0.794853 0.159445 0.045701 399.464338 233.340561
35 44 43 0.620666 0.263742 0.115592 403.719777 236.366140
35 44 43 0.469665 0.087664 0.442670 392.158772 241.954411
35 44 43 0.288619 0.636110 0.075271 403.778834 249.271486
35 44 43 0.441287 0.195739 0.362974 386.800353 245.515064
36 37 45 0.050716 0.812439 0.136845 113.523761 272.063112
36 37 45 0.199727 0.585830 0.214442 103.203362 278.040603
36 37 45 0.277797 0.457275 0.264928 96.625890 279.327129
36 37 45 0.313586 0.252408 0.434006 89.818002 291.953311
36 37 45 0.251395 0.216083 0.532522 82.813034 290.329665
36 37 45 0.389763 0.292726 0.317511 95.138496 284.568763
36 37 45 0.952731 0.011687 0.035582 78.736199 274.801963
36 37 45 0.340485 0.625637 0.033877 107.632482 272.276077
36 37 45 0.489993 0.408236 0.101770 97.033741 273.314676
36 37 45 0.348534 0.533476 0.117990 99.922376 270.930693
37 46 45 0.507675 0.027666 0.464659 96.554313 290.214178
37 46 45 0.214190 0.440295 0.345515 107.639492 303.696435
37 46 45 0.009397 0.806137 0.184466 112.143457 310.262809
37 46 45 0.719062 0.230741 0.050197 120.552414 280.234204
37 46 45 0.631994 0.271396 0.096610 115.100695 286.830234
37 46 45 0.473365 0.101417 0.425218 101.369255 290.829797
37 46 45 0.082805 0.732557 0.184638 105.648794 306.634520
37 46 45 0.960515 0.026362 0.013123 122.524291 270.533368
37 46 45 0.867436 0.064919 0.067644 116.211593 273.568997
37 46 45 0.720026 0.030376 0.249598 112.725036 277.318822
37 38 46 0.815986 0.065224 0.118790 120.023595 274.645846
37 38 46 0.315680 0.467650 0.216670 140.894082 281.752787
37 38 46 0.218295 0.356653 0.425052 131.877737 287.263760
37 38 46 0.225970 0.591404 0.182626 144.564284 275.979596
37 38 46 0.684884 0.044657 0.270460 122.167745 279.260353
37 38 46 0.596672 0.046108 0.357220 123.115843 283.555764
37 38 46 0.733350 0.154537 0.112112 128.013692 272.406278
37 38 46 0.361065 0.007043 0.631892 120.515821 298.990351
37 38 46 0.423334 0.013297 0.563369 118.822208 295.342647
37 38 46 0.068928 0.756103 0.174969 150.136416 277.697568
38 47 46 0.846195 0.064532 0.089273 157.612571 272.137772
38 47 46 0.198592 0.346261 0.455147 141.250643 297.242133
38 47 46 0.319131 0.357071 0.323798 147.140169 294.217121
38 47 46 0.419859 0.286767 0.293375 148.065842 290.928513
38 47 46 0.686912 0.285504 0.027583 159.354402 282.404809
38 47 46 0.330858 0.411854 0.257288 149.037668 297.105703
38 47 46 0.375646 0.020482 0.603872 129.899956 289.934882
38 47 46 0.196507 0.617303 0.186190 154.294692 300.850945
38 47 46 0.178340 0.340543 0.481117 140.643299 302.828920
38 47 46 0.313065 0.485831 0.201105 150.915388 297.774935
38 39 47 0.420976 0.061505 0.517519 167.288972 288.317555
38 39 47 0.411060 0.100257 0.488684 163.820130 283.101848
38 39 47 0.334473 0.554733 0.110795 185.118226 270.380699
38 39 47 0.286917 0.362481 0.350603 179.766518 283.155769
38 39 47 0.715925 0.034969 0.249106 160.069755 278.655627
38 39 47 0.522298 0.226938 0.250764 171.073719 276.806004
38 39 47 0.462321 0.318939 0.218740 171.689947 272.630679
38 39 47 0.953800 0.009832 0.036368 159.581841 269.336829
38 39 47 0.770027 0.128319 0.101654 162.839913 271.056797
38 39 47 0.610022 0.315161 0.074816 175.723311 271.883745
39 48 47 0.813802 0.184868 0.001330 199.102608 272.277840
39 48 47 0.103208 0.141518 0.755274 170.877949 304.638157
39 48 47 0.158042 0.241649 0.600309 178.311299 304.036082
39 48 47 0.108702 0.750358 0.140940 196.498607 309.293957
39 48 47 0.929904 0.022531 0.047565 196.485899 270.957021
39 48 47 0.656960 0.081996 0.261044 190.020616 282.036744
39 48 47 0.739096 0.091844 0.169060 200.349377 275.233044
39 48 47 0.174916 0.372131 0.452953 183.925067 301.636224
39 48 47 0.043832 0.890432 0.065736 198.991768 304.010465
39 48 47 0.750505 0.064903 0.184591 194.945486 279.133636
39 40 48 0.710144 0.232998 0.056858 208.637153 265.873387
39 40 48 0.337704 0.252907 0.409389 213.797160 284.388104
39 40 48 0.207820 0.511849 0.280332 225.285980 279.166766
39 40 48 0.711616 0.141821 0.146563 205.572744 275.326742
39 40 48 0.153607 0.212493 0.633900 209.646106 291.890845
39 40 48 0.783030 0.030049 0.186921 205.186321 274.708337
39 40 48 0.321018 0.289189 0.389793 207.906464 283.452631
39 40 48 0.865680 0.084640 0.049680 204.477755 271.147778
39 40 48 0.697603 0.011606 0.290791 203.803147 273.846051
39 40 48 0.251856 0.679505 0.068639 227.920812 269.539273
40 49 48 0.664176 0.124614 0.211210 233.419875 281.185706
40 49 48 0.234295 0.051064 0.714641 214.142359 301.053769
40 49 48 0.945678 0.038075 0.016247 239.763810 268.091849
40 49 48 0.313898 0.432262 0.253840 235.289922 290.601714
40 49 48 0.317250 0.589135 0.093616 238.572953 292.993562
40 49 48 0.116202 0.396080 0.487718 225.533418 303.242992
40 49 48 0.077245 0.576693 0.346062 229.987575 306.829810
40 49 48 0.527836 0.395798 0.076366 243.524199 283.025124
40 49 48 0.445428 0.110742 0.443829 227.315895 287.633456
40 49 48 0.103518 0.335752 0.560730 219.183286 303.437202
40 41 49 0.764830 0.010095 0.225074 243.683968 273.415212
40 41 49 0.266023 0.480784 0.253193 265.003686 279.386836
40 41 49 0.026996 0.411136 0.561868 262.136082 280.764590
40 41 49 0.115045 0.206182 0.678773 254.221653 290.159985
40 41 49 0.054133 0.910795 0.035072 287.263174 264.086247
40 41 49 0.712666 0.080565 0.206770 244.132103 276.614425
40 41 49 0.145506 0.848151 0.006343 279.410485 261.323496
40 41 49 0.881087 0.051266 0.067647 241.777330 265.911775
40 41 49 0.271550 0.109439 0.619011 250.883350 289.630313
40 41 49 0.983751 0.001443 0.014805 243.213443 266.715599
41 50 49 0.273020 0.121627 0.605353 263.433246 294.105933
41 50 49 0.021637 0.871295 0.107068 282.929859 305.066843
41 50 49 0.559732 0.375967 0.064301 286.973098 279.073692
41 50 49 0.344724 0.208634 0.446642 270.390541 288.489887
41 50 49 0.272711 0.379043 0.348246 272.401506 295.379574
41 50 49 0.118433 0.085632 0.795935 254.903861 302.719771
41 50 49 0.751105 0.021341 0.227554 277.097818 270.955506
41 50 49 0.563483 0.371562 0.064955 285.098089 282.310640
41 50 49 0.037695 0.731093 0.231213 279.549851 301.797414
41 50 49 0.026033 0.379089 0.594878 259.101714 302.336770
41 42 50 0.361758 0.065803 0.572439 292.541487 287.159295
41 42 50 0.935309 0.038829 0.025861 289.733169 265.239209
41 42 50 0.594519 0.137678 0.267802 295.129987 270.622018
41 42 50 0.829661 0.114318 0.056021 293.058384 267.136445
41 42 50 0.707285 0.226314 0.066401 298.427962 263.343091
41 42 50 0.101666 0.322665 0.575669 300.376042 288.746970
41 42 50 0.630622 0.329860 0.039518 300.115992 265.456481
41 42 50 0.288898 0.225660 0.485442 298.031081 283.417103
41 42 50 0.014059 0.470187 0.515754 310.059014 281.616697
41 42 50 0.856042 0.096127 0.047831 294.863455 266.606222
42 51 50 0.933195 0.039008 0.027797 326.432385 265.410631
42 51 50 0.154131 0.176959 0.668910 306.273713 296.539249
42 51 50 0.757807 0.148470 0.093724 326.503052 271.370284
42 51 50 0.083561 0.698209 0.218229 320.899460 300.178650
42 51 50 0.594790 0.184082 0.221128 320.876923 277.913387
42 51 50 0.793908 0.125828 0.080264 329.631129 270.296337
42 51 50 0.294079 0.176319 0.529601 305.540784 293.331237
42 51 50 0.831135 0.082806 0.086059 323.976769 270.330228
42 51 50 0.179009 0.630096 0.190895 320.215441 297.566719
42 51 50 0.597510 0.074452 0.328038 317.114246 281.574509
42 43 51 0.146553 0.051476 0.801971 336.166126 291.476271
42 43 51 0.272169 0.419524 0.308307 348.766701 273.322331
42 43 51 0.094183 0.707226 0.198590 361.537569 269.076748
42 43 51 0.622513 0.314888 0.062599 339.445523 264.722053
42 43 51 0.275786 0.336988 0.387226 343.751653 277.366116
42 43 51 0.762918 0.031969 0.205113 329.571430 271.849492
42 43 51 0.762206 0.134283 0.103511 331.677433 264.712512
42 43 51 0.344771 0.589188 0.066042 356.470032 262.373056
42 43 51 0.617236 0.283904 0.098860 340.425555 265.903420
42 43 51 0.637489 0.050079 0.312432 331.224161 274.659023
43 52 51 0.096213 0.484463 0.419324 356.077353 299.250301
43 52 51 0.244190 0.423282 0.332528 359.497418 292.576712
43 52 51 0.749840 0.031074 0.219086 363.173074 270.554414
43 52 51 0.360318 0.506322 0.133360 367.278521 286.087133
43 52 51 0.826631 0.069852 0.103517 367.505695 269.765325
43 52 51 0.116667 0.059824 0.823509 338.130568 299.604823
43 52 51 0.317904 0.165791 0.516306 357.709619 290.588680
43 52 51 0.875826 0.103351 0.020823 369.409619 265.112294
43 52 51 0.257045 0.606397 0.136558 370.714377 288.452666
43 52 51 0.086767 0.128366 0.784867 341.256832 302.411063
43 44 52 0.968406 0.024385 0.007209 369.948821 260.526513
43 44 52 0.150997 0.256103 0.592900 383.108581 284.455139
43 44 52 0.908066 0.022953 0.068982 371.821503 262.438090
43 44 52 0.421008 0.531139 0.047854 393.269518 256.671563
43 44 52 0.431607 0.210669 0.357724 382.558670 274.694880
43 44 52 0.240324 0.298562 0.461114 385.260375 279.527563
43 44 52 0.763162 0.228365 0.008473 381.171130 258.908964
43 44 52 0.365514 0.476283 0.158202 389.322757 266.848333
43 44 52 0.426323 0.052100 0.521577 374.663860 279.971182
43 44 52 0.391345 0.006082 0.602573 376.435559 285.923339
44 53 52 0.273914 0.414257 0.311829 406.488064 289.170921
44 53 52 0.706228 0.273230 0.020542 413.980976 268.475968
44 53 52 0.546422 0.361530 0.092049 413.316369 277.552697
44 53 52 0.149350 0.067849 0.782802 383.465758 292.528418
44 53 52 0.959311 0.029012 0.011677 412.602618 260.308985
44 53 52 0.585698 0.178769 0.235533 408.053682 274.389324
44 53 52 0.234114 0.350437 0.415449 403.246324 293.741303
44 53 52 0.057769 0.250986 0.691245 388.848806 295.562627
44 53 52 0.565428 0.175031 0.259541 402.556782 279.162661
44 53 52 0.608550 0.352698 0.038752 412.172395 276.991964
45 46 54 0.852069 0.084301 0.063630 79.867829 318.209840
45 46 54 0.213154 0.733641 0.053206 105.559658 313.789749
45 46 54 0.111339 0.003380 0.885280 75.792141 353.801357
45 46 54 0.022284 0.017544 0.960171 77.224201 355.926142
45 46 54 0.526431 0.277154 0.196415 85.613239 320.565498
45 46 54 0.993851 0.003869 0.002280 74.999916 309.832451
45 46 54 0.439545 0.180307 0.380148 82.677735 330.777946
45 46 54 0.017305 0.265317 0.717377 82.640818 346.252708
45 46 54 0.133164 0.037254 0.829582 77.984825 346.789644
45 46 54 0.831152 0.114887 0.053961 79.551484 308.893842
46 55 54 0.916519 0.063636 0.019846 116.460419 312.710443
46 55 54 0.753827 0.235342 0.010830 118.262965 320.219884
46 55 54 0.024934 0.870027 0.105039 109.535653 353.017314
46 55 54 0.323213 0.305430 0.371358 100.743616 338.689699
46 55 54 0.655287 0.216318 0.128395 112.278993 325.531653
46 55 54 0.540391 0.426372 0.033237 115.946816 331.449593
46 55 54 0.902388 0.082737 0.014875 114.197879 313.895220
46 55 54 0.566609 0.014949 0.418442 100.118640 333.152973
46 55 54 0.202545 0.450789 0.346666 98.780133 342.024145
46 55 54 0.707795 0.030777 0.261428 106.580748 326.301782
46 47 55 0.105194 0.756921 0.137885 152.175790 312.520475
46 47 55 0.974022 0.018263 0.007715 115.879660 310.328572
46 47 55 0.275973 0.004414 0.719613 114.555358 342.498044
46 47 55 0.807605 0.068781 0.123614 118.344090 315.425512
46 47 55 0.486750 0.076222 0.437027 121.045252 332.386098
46 47 55 0.698482 0.012759 0.288759 120.525680 323.734426
46 47 55 0.386072 0.177961 0.435967 124.352094 328.749891
46 47 55 0.096455 0.025433 0.878113 117.417984 350.254242
46 47 55 0.754731 0.018776 0.226493 121.968331 318.242876
46 47 55 0.819037 0.140533 0.040431 125.022361 316.971460
47 56 55 0.626880 0.347915 0.025205 164.771558 324.958261
47 56 55 0.709083 0.260828 0.030089 160.745997 324.075814
47 56 55 0.602129 0.373724 0.024147 163.643154 324.269556
47 56 55 0.643364 0.269622 0.087014 154.908478 328.042921
47 56 55 0.783473 0.180114 0.036413 160.710258 320.778313
47 56 55 0.288066 0.252797 0.459137 141.101644 344.159452
47 56 55 0.561734 0.020741 0.417525 137.132997 332.159066
47 56 55 0.386925 0.295677 0.317398 146.405895 337.247869
47 56 55 0.475105 0.450431 0.074464 157.421543 335.856956
47 56 55 0.802179 0.121092 0.076729 157.114052 319.244562
47 48 56 0.417506 0.337978 0.244516 174.749597 321.549645
47 48 56 0.349409 0.447506 0.203084 179.782345 318.204641
47 48 56 0.888262 0.010072 0.101666 160.869983 312.686633
47 48 56 0.332398 0.538090 0.129512 182.941342 312.385053
47 48 56 0.883085 0.097191 0.019724 165.843469 304.828329
47 48 56 0.105864 0.558438 0.335698 181.152568 322.429085
47 48 56 0.590272 0.243233 0.166495 173.362908 318.316520
47 48 56 0.340732 0.118056 0.541211 165.359509 335.863882
47 48 56 0.821420 0.133075 0.045505 164.158394 311.599366
47 48 56 0.559543 0.046390 0.394067 167.494380 324.074676
48 57 56 0.568054 0.191443 0.240504 190.773083 326.696942
48 57 56 0.696306 0.104718 0.198977 194.785101 316.740431
48 57 56 0.113766 0.683201 0.203034 195.282189 350.926348
48 57 56 0.967653 0.025441 0.006906 204.976986 305.556410
48 57 56 0.481341 0.140149 0.378509 188.853785 330.804884
48 57 56 0.069318 0.686379 0.244303 194.935122 346.715170
48 57 56 0.969777 0.016500 0.013723 199.977187 312.654630
48 57 56 0.970550 0.026170 0.003280 203.659101 309.176801
48 57 56 0.276113 0.723543 0.000344 202.767967 340.964943
48 57 56 0.003944 0.220420 0.775636 167.765054 353.405171
48 49 57 0.610124 0.032971 0.356905 204.792178 323.797052
48 49 57 0.962338 0.034361 0.003301 203.086596 304.302163
48 49 57 0.569024 0.249746 0.181230 212.717415 314.269889
48 49 57 0.763827 0.118175 0.117997 208.955490 312.705182
48 49 57 0.986924 0.006975 0.006102 198.592178 310.442389
48 49 57 0.870735 0.019632 0.109632 201.585426 310.428342
48 49 57 0.125084 0.190823 0.684094 211.934545 336.254770
48 49 57 0.740646 0.033949 0.225404 201.704843 316.508977
48 49 57 0.400093 0.376554 0.223353 222.064655 316.000354
48 49 57 0.485845 0.161690 0.352465 210.613213 317.333315
49 58 57 0.011724 0.913008 0.075268 246.758799 347.953902
49 58 57 0.017561 0.910423 0.072016 241.962106 349.061204
49 58 57 0.502199 0.069393 0.428408 232.473136 328.672715
49 58 57 0.706480 0.117040 0.176479 238.214620 318.593946
49 58 57 0.378140 0.017335 0.604524 221.199047 335.816306
49 58 57 0.770124 0.084791 0.145085 238.738939 315.827942
49 58 57 0.059882 0.870730 0.069387 245.053901 342.634994
49 58 57 0.229201 0.542472 0.228327 237.067871 339.971236
49 58 57 0.602333 0.322688 0.074979 242.744614 323.235641
49 58 57 0.825507 0.015818 0.158676 236.193391 314.191598
49 50 58 0.083982 0.086034 0.829984 251.813287 342.207355
49 50 58 0.755312 0.001668 0.243020 245.781051 313.665165
49 50 58 0.238824 0.595037 0.166138 270.053006 309.049472
49 50 58 0.963846 0.021066 0.015088 243.905643 306.799006
49 50 58 0.062951 0.596997 0.340052 274.205680 322.038536
49 50 58 0.596948 0.134945 0.268107 249.748906 316.568576
49 50 58 0.696397 0.135188 0.168415 248.578479 308.832843
49 50 58 0.232465 0.443923 0.323613 265.358045 317.234836
49 50 58 0.073147 0.919647 0.007206 281.449953 304.166039
49 50 58 0.252821 0.441965 0.305214 262.684209 321.252456
50 59 58 0.114196 0.222196 0.663608 265.118285 343.480083
50 59 58 0.926148 0.021471 0.052380 286.620980 304.148262
50 59 58 0.271859 0.616662 0.111479 284.984095 337.265294
50 59 58 0.122909 0.864077 0.013014 292.166404 338.693757
50 59 58 0.060758 0.405841 0.533401 268.205482 348.225515
50 59 58 0.377392 0.506239 0.116369 285.684853 331.931239
50 59 58 0.328433 0.383787 0.287780 280.504167 334.702548
50 59 58 0.588732 0.103480 0.307788 276.251487 322.181449
50 59 58 0.788827 0.007584 0.203589 279.764685 310.840326
50 59 58 0.871099 0.087902 0.040999 284.950949 310.848622
50 51 59 0.974327 0.006214 0.019458 290.292310 305.223725
50 51 59 0.652588 0.223896 0.123516 300.033149 310.677062
50 51 59 0.504315 0.019242 0.476442 292.476124 324.328284
50 51 59 0.078914 0.226656 0.694430 300.398358 336.286925
50 51 59 0.264791 0.118870 0.616339 296.793550 330.596738
50 51 59 0.484569 0.144947 0.370484 298.158923 320.482923
50 51 59 0.715384 0.032011 0.252606 291.647548 316.843980
50 51 59 0.168742 0.544323 0.286935 317.104276 315.550991
50 51 59 0.160801 0.541699 0.297501 315.858047 318.365486
50 51 59 0.271489 0.556398 0.172113 311.946731 308.763194
51 60 59 0.854429 0.048608 0.096963 327.547341 316.210138
51 60 59 0.679677 0.310535 0.009789 334.234234 317.226238
51 60 59 0.733831 0.096749 0.169420 327.047944 314.311139
51 60 59 0.730317 0.212657 0.057026 332.240619 314.549316
51 60 59 0.109968 0.511224 0.378807 315.481637 339.236459
51 60 59 0.911549 0.006304 0.082148 325.169235 306.907278
51 60 59 0.928651 0.034803 0.036546 326.011303 306.858426
51 60 59 0.503654 0.217577 0.278769 321.010605 322.611527
51 60 59 0.625604 0.029480 0.344915 319.396881 320.345646
51 60 59 0.160403 0.572132 0.267465 325.945919 338.808940
51 52 60 0.953189 0.043785 0.003026 335.146444 303.734254
51 52 60 0.236955 0.441527 0.321518 353.871366 315.466075
51 52 60 0.239539 0.519238 0.241223 355.439013 314.470844
51 52 60 0.011357 0.404368 0.584274 350.092141 331.182650
51 52 60 0.402656 0.101009 0.496335 338.823660 324.546334
51 52 60 0.940812 0.003382 0.055806 330.529165 303.286493
51 52 60 0.947776 0.000794 0.051431 332.634580 301.349146
51 52 60 0.384777 0.369521 0.245703 347.994297 315.052944
51 52 60 0.491201 0.071484 0.437315 335.342045 321.335581
51 52 60 0.657272 0.323057 0.019672 347.514018 303.063573
52 61 60 0.044837 0.432007 0.523156 354.937240 345.197888
52 61 60 0.344202 0.216062 0.439735 354.547534 335.620986
52 61 60 0.335062 0.449857 0.215081 369.362434 333.489630
52 61 60 0.434348 0.411926 0.153727 371.667870 328.066882
52 61 60 0.628772 0.270516 0.100712 370.041831 318.459395
52 61 60 0.029282 0.441452 0.529266 353.399864 347.909651
52 61 60 0.208561 0.201028 0.590411 352.372906 338.000409
52 61 60 0.741577 0.061375 0.197047 367.722304 315.787437
52 61 60 0.381316 0.165080 0.453604 355.600300 330.203179
52 61 60 0.274540 0.133448 0.592012 353.614505 335.190309
52 53 61 0.704542 0.188439 0.107019 379.284404 305.257171
52 53 61 0.178670 0.624574 0.196756 405.560596 308.844946
52 53 61 0.866475 0.109969 0.023556 377.899299 300.888132
52 53 61 0.131414 0.077933 0.790653 385.054570 337.247725
52 53 61 0.734040 0.016525 0.249435 377.746958 310.123825
52 53 61 0.537933 0.442085 0.019982 394.900000 300.290061
52 53 61 0.091992 0.167146 0.740863 385.635884 332.352016
52 53 61 0.447454 0.434446 0.118100 394.135732 308.361592
52 53 61 0.022394 0.488792 0.488814 400.035462 324.251622
52 53 61 0.993510 0.005133 0.001357 375.566297 301.760704
53 62 61 0.521073 0.070052 0.408874 401.103403 324.893856
53 62 61 0.571842 0.164827 0.263332 410.120905 323.208845
53 62 61 0.741805 0.231674 0.026521 420.291528 310.006098
53 62 61 0.216881 0.036604 0.746516 387.818476 334.598825
53 62 61 0.392978 0.282687 0.324334 407.854950 329.113351
53 62 61 0.704506 0.222898 0.072597 420.636568 313.835838
53 62 61 0.002108 0.887290 0.110603 418.619294 343.655930
53 62 61 0.982252 0.006473 0.011276 418.695247 303.501473
53 62 61 0.555137 0.372602 0.072261 419.538455 317.857904
53 62 61 0.383193 0.468518 0.148289 416.559565 330.551511
54 55 63 0.422433 0.326470 0.251097 88.322246 365.714702
54 55 63 0.013932 0.762140 0.223928 106.404397 369.281984
54 55 63 0.699874 0.024293 0.275833 74.219620 370.635636
54 55 63 0.897920 0.096257 0.005823 80.118072 356.367585
54 55 63 0.709656 0.274417 0.015928 82.235192 357.536959
54 55 63 0.057552 0.126599 0.815849 80.625124 392.347350
54 55 63 0.576423 0.242947 0.180630 81.015084 364.853067
54 55 63 0.619850 0.227497 0.152654 80.586810 362.903246
54 55 63 0.138882 0.071854 0.789264 79.093115 391.698606
54 55 63 0.652112 0.207192 0.140696 81.427965 361.075352
55 64 63 0.821546 0.028539 0.149914 108.764212 362.316924
55 64 63 0.861033 0.041586 0.097381 111.492465 358.047013
55 64 63 0.944883 0.022143 0.032974 114.445048 355.516391
55 64 63 0.985548 0.002073 0.012379 115.016456 353.330036
55 64 63 0.497246 0.059045 0.443709 98.211631 374.199594
55 64 63 0.864237 0.057889 0.077874 108.240136 358.825750
55 64 63 0.943488 0.023695 0.032817 115.474300 361.459814
55 64 63 0.505753 0.426467 0.067781 113.744069 374.777031
55 64 63 0.625978 0.052580 0.321442 101.335686 371.830441
55 64 63 0.699022 0.168467 0.132511 108.038984 370.460759
55 56 64 0.587658 0.030293 0.382050 118.526568 372.475403
55 56 64 0.438561 0.075839 0.485600 116.507013 377.850278
55 56 64 0.271951 0.621272 0.106777 143.669042 361.506355
55 56 64 0.702574 0.088553 0.208873 118.081212 361.304414
55 56 64 0.860260 0.095434 0.044306 123.738079 355.124438
55 56 64 0.356163 0.552621 0.091216 137.248736 359.574347
55 56 64 0.384404 0.077321 0.538275 118.984786 377.314155
55 56 64 0.037328 0.501390 0.461282 139.295159 378.295395
55 56 64 0.351222 0.389732 0.259046 132.995857 365.890616
55 56 64 0.142271 0.451814 0.405915 140.141867 375.166622
56 65 64 0.175621 0.089869 0.734510 129.904102 390.461800
56 65 64 0.499377 0.006194 0.494429 139.819634 378.198293
56 65 64 0.093215 0.247185 0.659600 133.392629 392.591712
56 65 64 0.263050 0.297833 0.439117 141.263775 388.085405
56 65 64 0.209673 0.760170 0.030157 162.067372 387.674223
56 65 64 0.551990 0.113437 0.334573 144.564213 372.035959
56 65 64 0.440976 0.170007 0.389017 145.981291 373.174729
56 65 64 0.102139 0.335950 0.561911 139.492013 390.071771
56 65 64 0.462670 0.013952 0.523378 137.979511 372.851379
56 65 64 0.855343 0.082825 0.061832 162.364670 362.609029
56 57 65 0.097947 0.476046 0.426007 184.278618 370.719929
56 57 65 0.064903 0.001736 0.933361 158.799595 394.151130
56 57 65 0.596253 0.070064 0.333683 166.139534 366.760116
56 57 65 0.387776 0.267989 0.344234 174.426080 368.152251
56 57 65 0.331220 0.619365 0.049415 185.349207 354.316540
56 57 65 0.698865 0.216710 0.084425 167.450016 357.917345
56 57 65 0.921502 0.014515 0.063984 160.556247 355.577386
56 57 65 0.661338 0.288381 0.050281 174.491181 353.089429
56 57 65 0.595377 0.136678 0.267945 168.676434 367.408024
56 57 65 0.664109 0.249156 0.086736 171.077314 358.305961
57 66 65 0.641644 0.255616 0.102740 200.520757 362.288179
57 66 65 0.183738 0.330881 0.485381 183.801528 384.714174
57 66 65 0.768677 0.218042 0.013281 205.717975 363.665275
57 66 65 0.802920 0.120733 0.076347 200.591946 361.784072
57 66 65 0.324839 0.158855 0.516306 181.537475 380.780780
57 66 65 0.515446 0.239380 0.245174 193.830101 370.128209
57 66 65 0.601051 0.195467 0.203482 196.318162 366.571996
57 66 65 0.992990 0.000933 0.006077 203.907789 351.330246
57 66 65 0.123278 0.088013 0.788709 171.382466 392.494867
57 66 65 0.044127 0.826173 0.129699 201.808606 393.682598
57 58 66 0.246955 0.355334 0.397711 220.992484 365.661043
57 58 66 0.198071 0.383303 0.418626 220.680647 371.762330
57 58 66 0.463642 0.200754 0.335605 214.429411 365.446674
57 58 66 0.042645 0.268763 0.688592 219.486937 382.160143
57 58 66 0.587961 0.315286 0.096753 218.690713 354.751968
57 58 66 0.685039 0.072373 0.242589 210.329961 360.472926
57 58 66 0.926712 0.030852 0.042436 208.346714 354.403057
57 58 66 0.252370 0.089428 0.658202 208.344218 375.662055
57 58 66 0.205655 0.240895 0.553450 215.984731 374.963601
57 58 66 0.583618 0.360079 0.056303 217.451424 349.192907
58 67 66 0.389552 0.059892 0.550557 227.725746 374.768919
58 67 66 0.282000 0.049023 0.668977 217.352443 381.201250
58 67 66 0.380174 0.203858 0.415968 234.841275 379.557840
58 67 66 0.522486 0.369734 0.107780 245.032675 369.179861
58 67 66 0.557782 0.069964 0.372254 230.824486 371.523263
58 67 66 0.427152 0.245171 0.327677 232.851058 376.871285
58 67 66 0.860438 0.003741 0.135821 244.109511 356.435135
58 67 66 0.148926 0.625631 0.225443 240.794861 385.323313
58 67 66 0.290027 0.661084 0.048889 248.184508 381.544143
58 67 66 0.371484 0.280598 0.347918 232.384620 376.305271
58 59 67 0.331015 0.621265 0.047719 275.527749 348.479609
58 59 67 0.191024 0.084399 0.724577 251.619744 381.451043
58 59 67 0.575828 0.151640 0.272533 257.919957 361.308830
58 59 67 0.598893 0.156309 0.244798 256.104372 362.495288
58 59 67 0.444809 0.143810 0.411382 258.221693 365.248400
58 59 67 0.481983 0.059995 0.458023 250.284970 368.459620
58 59 67 0.645136 0.052244 0.302620 249.916818 366.104398
58 59 67 0.187037 0.106373 0.706590 254.750399 380.874630
58 59 67 0.485918 0.407707 0.106375 263.327713 355.947648
58 59 67 0.207117 0.276748 0.516136 261.320686 373.438837
59 68 67 0.478766 0.115319 0.405915 275.347294 370.137405
59 68 67 0.723056 0.163172 0.113772 283.634432 359.277482
59 68 67 0.216487 0.519371 0.264141 274.259447 379.948615
59 68 67 0.771212 0.120795 0.107993 284.549290 357.357621
59 68 67 0.622379 0.215695 0.161927 285.818932 364.336328
59 68 67 0.227826 0.643321 0.128852 285.072368 382.319529
59 68 67 0.110016 0.841915 0.048069 292.412066 384.193814
59 68 67 0.465656 0.109795 0.424550 271.654110 368.716443
59 68 67 0.626700 0.140761 0.232539 279.826299 360.878965
59 68 67 0.772719 0.163342 0.063938 288.771616 356.791932
59 60 68 0.849476 0.108514 0.042010 294.926255 349.009955
59 60 68 0.589756 0.126644 0.283600 294.883461 362.160274
59 60 68 0.216464 0.209535 0.574001 297.966930 375.322247
59 60 68 0.096451 0.713689 0.189859 319.028674 359.323896
59 60 68 0.952263 0.033642 0.014095 292.928476 345.145182
59 60 68 0.056042 0.889341 0.054617 328.393162 347.608333
59 60 68 0.837562 0.151453 0.010985 298.393993 347.696623
59 60 68 0.050205 0.900197 0.049598 327.486504 347.180899
59 60 68 0.306619 0.224046 0.469335 302.842839 367.165968
59 60 68 0.451804 0.296693 0.251503 302.546297 360.847855
60 69 68 0.904244 0.044123 0.051633 329.998729 354.470807
60 69 68 0.934719 0.002548 0.062733 329.922730 347.616790
60 69 68 0.298978 0.168879 0.532143 311.755030 379.094059
60 69 68 0.156323 0.207682 0.635996 303.974771 378.853389
60 69 68 0.570546 0.173108 0.256347 324.016236 367.568963
60 69 68 0.674641 0.306121 0.019238 341.071155 360.018446
60 69 68 0.337620 0.150551 0.511829 310.935535 376.033058
60 69 68 0.917946 0.071252 0.010802 333.853289 345.276301
60 69 68 0.837460 0.015523 0.147017 332.620468 355.592229
60 69 68 0.377561 0.277047 0.345392 323.968732 377.740315
60 61 69 0.198630 0.208540 0.592830 344.824299 375.437581
60 61 69 0.191217 0.093205 0.715579 339.102840 378.749226
60 61 69 0.059627 0.933294 0.007078 375.395967 344.892189
60 61 69 0.345853 0.482453 0.171694 353.966053 355.438829
60 61 69 0.344457 0.239054 0.416489 345.668307 368.958671
60 61 69 0.398533 0.037644 0.563823 334.923649 371.271918
60 61 69 0.641376 0.073550 0.285074 336.019466 357.129449
60 61 69 0.009351 0.235673 0.754976 344.394828 378.549796
60 61 69 0.704087 0.260698 0.035215 345.505572 346.277179
60 61 69 0.945055 0.022688 0.032256 337.460590 351.664530
61 70 69 0.211735 0.388387 0.399878 358.272090 378.570814
61 70 69 0.673551 0.109845 0.216604 367.191853 358.556322
61 70 69 0.729806 0.205376 0.064818 373.773785 357.384588
61 70 69 0.676945 0.017750 0.305306 364.910939 360.913302
61 70 69 0.429375 0.541203 0.029421 377.954166 367.680350
61 70 69 0.892780 0.028246 0.078974 377.994528 352.967467
61 70 69 0.455835 0.033120 0.511045 353.075212 370.546073
61 70 69 0.041376 0.030915 0.927709 336.778618 391.730854
61 70 69 0.774860 0.171972 0.053168 376.825735 355.167715
61 70 69 0.618931 0.015941 0.365128 361.252852 362.235057
61 62 70 0.111189 0.452568 0.436244 397.718732 364.486101
61 62 70 0.458159 0.476103 0.065738 395.173558 348.511941
61 62 70 0.814290 0.086352 0.099357 380.847874 351.322952
61 62 70 0.525725 0.308925 0.165351 389.071223 352.789175
61 62 70 0.434279 0.477115 0.088606 398.850128 348.000993
61 62 70 0.082120 0.124078 0.793803 382.188970 378.180844
61 62 70 0.407014 0.024308 0.568678 378.368400 370.061423
61 62 70 0.429320 0.178058 0.392622 383.982106 361.371780
61 62 70 0.621575 0.256748 0.121677 387.012623 352.951714
61 62 70 0.355502 0.260700 0.383798 388.019504 359.579757
62 71 70 0.180073 0.811360 0.008567 418.092092 381.967371
62 71 70 0.052026 0.836712 0.111262 414.232168 388.123400
62 71 70 0.720440 0.193306 0.086254 415.162018 356.018246
62 71 70 0.469738 0.261794 0.268468 408.693664 364.700274
62 71 70 0.136513 0.169221 0.694267 387.732261 379.870320
62 71 70 0.853340 0.085489 0.061171 418.995929 347.040721
62 71 70 0.543327 0.014969 0.441704 403.604765 367.074705
62 71 70 0.447430 0.141514 0.411056 405.112571 368.521235
62 71 70 0.822636 0.074933 0.102431 417.596127 354.019605
62 71 70 0.209667 0.087698 0.702635 389.904102 377.222519
63 64 72 0.242946 0.471988 0.285066 95.949110 410.478822
63 64 72 0.203858 0.522150 0.273992 99.119884 408.937806
63 64 72 0.241026 0.455148 0.303826 97.532505 411.665078
63 64 72 0.730768 0.038905 0.230327 78.464390 409.183917
63 64 72 0.481518 0.184047 0.334435 83.029320 413.217933
63 64 72 0.865531 0.054924 0.079545 77.742490 402.506990
63 64 72 0.974115 0.010578 0.015307 78.715561 398.032897
63 64 72 0.512756 0.479619 0.007625 98.892960 399.722936
63 64 72 0.917950 0.019247 0.062804 78.071676 401.708513
63 64 72 0.112659 0.143942 0.743400 85.676529 429.052252
64 73 72 0.182663 0.064053 0.753283 89.197083 427.467922
64 73 72 0.150398 0.287901 0.561701 94.735591 429.944571
64 73 72 0.168248 0.240955 0.590797 98.865803 427.502102
64 73 72 0.771123 0.183887 0.044990 120.704446 404.830231
64 73 72 0.159203 0.050931 0.789866 85.815829 428.260631
64 73 72 0.205913 0.504515 0.289573 107.517545 428.555548
64 73 72 0.445109 0.088065 0.466826 99.896356 415.513320
64 73 72 0.016727 0.083870 0.899403 86.222036 436.581468
64 73 72 0.702160 0.288144 0.009697 123.335315 410.450094
64 73 72 0.300247 0.383254 0.316499 108.229362 426.716379
64 65 73 0.534476 0.088345 0.377179 126.727323 413.804370
64 65 73 0.365895 0.391307 0.242798 138.864461 406.739878
64 65 73 0.203397 0.067095 0.729509 125.147287 424.879562
64 65 73 0.584078 0.262303 0.153619 134.726561 399.975360
64 65 73 0.570902 0.351573 0.077524 134.898681 399.982762
64 65 73 0.095992 0.886820 0.017187 158.670866 397.583926
64 65 73 0.259163 0.246976 0.493861 133.477434 419.452462
64 65 73 0.722156 0.230623 0.047221 127.443068 396.058736
64 65 73 0.241419 0.704468 0.054113 146.091978 394.661564
64 65 73 0.775434 0.072740 0.151826 124.271413 401.560934
65 74 73 0.737953 0.199156 0.062891 163.357966 402.222429
65 74 73 0.935300 0.064543 0.000157 160.294930 397.037108
65 74 73 0.918702 0.001432 0.079866 159.510758 399.640450
65 74 73 0.094639 0.136050 0.769312 133.547596 433.212351
65 74 73 0.742334 0.123905 0.133761 157.591877 402.945257
65 74 73 0.891000 0.027122 0.081878 160.044809 401.341258
65 74 73 0.352201 0.607883 0.039916 158.569509 420.761169
65 74 73 0.148007 0.074654 0.777339 134.688263 427.426246
65 74 73 0.613426 0.319021 0.067553 162.357133 407.723686
65 74 73 0.433373 0.551675 0.014952 164.739042 416.215086
65 66 74 0.943392 0.038617 0.017992 163.473428 397.310740
65 66 74 0.008869 0.643142 0.347989 194.333217 405.401789
65 66 74 0.461159 0.007554 0.531287 167.367630 415.299791
65 66 74 0.554647 0.326502 0.118851 177.222285 403.002457
65 66 74 0.284376 0.675394 0.040230 193.264132 396.454036
65 66 74 0.951561 0.011584 0.036855 164.332256 394.026089
65 66 74 0.634638 0.161884 0.203479 172.056383 402.401281
65 66 74 0.803534 0.158305 0.038160 169.006564 401.905397
65 66 74 0.004480 0.197013 0.798507 172.244174 423.266035
65 66 74 0.950097 0.004646 0.045257 161.906119 395.606437
66 75 74 0.440197 0.423841 0.135962 203.716961 416.572108
66 75 74 0.986961 0.003882 0.009157 205.223669 395.801032
66 75 74 0.702096 0.002784 0.295120 196.503113 405.416548
66 75 74 0.109965 0.243359 0.646676 180.914507 428.519986
66 75 74 0.255466 0.169141 0.575393 183.178427 420.956659
66 75 74 0.833896 0.107804 0.058300 205.596626 397.514425
66 75 74 0.387682 0.096091 0.516226 185.710952 419.732630
66 75 74 0.002880 0.081325 0.915795 169.721787 432.894774
66 75 74 0.538962 0.129628 0.331410 195.689233 411.046611
66 75 74 0.642459 0.224159 0.133382 203.489295 407.589224
66 67 75 0.036534 0.410644 0.552822 226.418180 412.729989
66 67 75 0.560100 0.293369 0.146531 218.632184 400.832492
66 67 75 0.226911 0.772656 0.000433 236.569386 390.827662
66 67 75 0.917252 0.055413 0.027336 207.067236 395.148703
66 67 75 0.699963 0.165387 0.134650 211.661680 396.720063
66 67 75 0.860438 0.052198 0.087365 208.951901 395.259292
66 67 75 0.048340 0.153170 0.798490 215.898518 425.290436
66 67 75 0.189877 0.194692 0.615431 217.557339 417.737842
66 67 75 0.119558 0.593074 0.287368 232.808411 403.568938
66 67 75 0.496305 0.110137 0.393558 212.724885 408.274140
67 76 75 0.910871 0.062523 0.026605 249.635277 396.200239
67 76 75 0.387569 0.456398 0.156032 242.940933 414.329738
67 76 75 0.544992 0.204705 0.250303 243.301606 410.863471
67 76 75 0.282374 0.078318 0.639308 225.622071 417.607632
67 76 75 0.648623 0.093608 0.257769 239.408145 405.396120
67 76 75 0.834899 0.108046 0.057055 247.876731 401.280010
67 76 75 0.109607 0.515557 0.374836 235.415444 425.787391
67 76 75 0.675553 0.164168 0.160279 237.923943 403.255559
67 76 75 0.780605 0.138330 0.081065 247.294592 399.207876
67 76 75 0.055678 0.026420 0.917902 214.185255 429.910001
67 68 76 0.641251 0.079248 0.279501 251.306081 400.407489
67 68 76 0.668292 0.311611 0.020097 265.654647 392.082100
67 68 76 0.064212 0.778514 0.157274 281.627759 397.477787
67 68 76 0.710821 0.081601 0.207578 255.313061 400.636391
67 68 76 0.778195 0.089090 0.132714 253.544737 399.775566
67 68 76 0.294625 0.205671 0.499704 258.869973 412.446174
67 68 76 0.342219 0.333798 0.323983 262.645575 406.713706
67 68 76 0.288412 0.057949 0.653640 257.433413 417.036905
67 68 76 0.630180 0.012308 0.357512 250.541161 408.151371
67 68 76 0.683100 0.077247 0.239653 253.799693 407.341606
68 77 76 0.548798 0.191850 0.259352 277.178900 410.474169
68 77 76 0.372316 0.540376 0.087307 287.505392 413.906545
68 77 76 0.518294 0.344797 0.136909 288.320015 408.795530
68 77 76 0.486629 0.228498 0.284872 282.134949 412.598402
68 77 76 0.732198 0.230807 0.036995 289.291317 399.306156
68 77 76 0.519622 0.085639 0.394739 276.774012 405.892010
68 77 76 0.142686 0.849503 0.007811 288.820352 423.568376
68 77 76 0.197492 0.754792 0.047716 292.544471 418.871029
68 77 76 0.309958 0.256512 0.433530 272.297223 416.072042
68 77 76 0.045098 0.235007 0.719895 263.511695 427.584968
68 69 77 0.515312 0.039234 0.445455 291.608089 405.765799
68 69 77 0.613849 0.153784 0.232367 297.836792 396.536166
68 69 77 0.213131 0.151758 0.635111 303.287167 413.977695
68 69 77 0.541738 0.229422 0.228840 303.409265 400.020354
68 69 77 0.706429 0.000964 0.292607 292.809664 403.919872
68 69 77 0.496263 0.286827 0.216910 301.656322 398.603963
68 69 77 0.964895 0.019593 0.015511 294.276280 391.852035
68 69 77 0.209167 0.649722 0.141111 318.730342 397.160315
68 69 77 0.890580 0.041226 0.068194 294.065921 391.622062
68 69 77 0.816666 0.142891 0.040443 295.643418 392.846099
69 78 77 0.693041 0.212124 0.094835 326.905563 400.191736
69 78 77 0.815729 0.079177 0.105094 329.018880 398.072567
69 78 77 0.339953 0.432777 0.227271 321.626223 409.509640
69 78 77 0.718645 0.050875 0.230480 322.351790 400.205686
69 78 77 0.540896 0.422133 0.036971 330.229074 408.207302
69 78 77 0.374205 0.205266 0.420530 316.969105 413.038449
69 78 77 0.667840 0.319076 0.013084 330.831428 400.754226
69 78 77 0.575870 0.343785 0.080345 329.264329 405.006504
69 78 77 0.264034 0.146650 0.589316 307.494003 417.923675
69 78 77 0.475215 0.217325 0.307460 320.646973 412.169433
69 70 78 0.779669 0.136225 0.084106 342.433093 390.595646
69 70 78 0.252984 0.521970 0.225045 357.952356 397.764006
69 70 78 0.401991 0.564112 0.033897 357.594404 388.635238
69 70 78 0.474882 0.493491 0.031627 355.445243 391.657851
69 70 78 0.866617 0.062868 0.070515 336.105057 389.984366
69 70 78 0.009944 0.906442 0.083613 369.853552 388.778293
69 70 78 0.285178 0.499674 0.215147 356.895534 393.958745
69 70 78 0.345040 0.059618 0.595342 335.224029 410.718540
69 70 78 0.399404 0.395359 0.205236 347.274759 397.194481
69 70 78 0.106378 0.572497 0.321124 357.283187 397.373391
70 79 78 0.710403 0.079486 0.210111 366.613521 395.831168
70 79 78 0.426273 0.259065 0.314662 361.640244 410.620541
70 79 78 0.240213 0.191437 0.568350 347.649342 413.624393
70 79 78 0.922628 0.013269 0.064103 375.995920 392.203482
70 79 78 0.984333 0.000522 0.015145 377.542106 385.785754
70 79 78 0.298980 0.372022 0.328998 360.798306 408.249555
70 79 78 0.975582 0.012501 0.011917 374.656597 385.041420
70 79 78 0.872288 0.093147 0.034565 378.079482 389.946940
70 79 78 0.638824 0.165331 0.195845 368.939360 397.690425
70 79 78 0.003680 0.555154 0.441166 354.123002 420.420667
70 71 79 0.992430 0.004015 0.003555 377.081425 387.398443
70 71 79 0.382593 0.120695 0.496712 381.515822 402.518006
70 71 79 0.319521 0.410732 0.269747 396.598575 394.898995
70 71 79 0.191292 0.088230 0.720478 380.466994 408.925188
70 71 79 0.466967 0.442628 0.090405 389.943825 389.520678
70 71 79 0.817474 0.097715 0.084811 378.655225 389.074420
70 71 79 0.272306 0.398837 0.328857 392.046061 395.347564
70 71 79 0.227869 0.679139 0.092992 405.832437 384.714011
70 71 79 0.165301 0.351143 0.483556 389.118204 402.398823
70 71 79 0.524638 0.236871 0.238491 383.860935 392.116410
71 80 79 0.429209 0.543881 0.026910 417.540568 401.031654
71 80 79 0.605370 0.009081 0.385549 398.235200 400.475842
71 80 79 0.953094 0.043965 0.002941 416.999205 388.153774
71 80 79 0.481068 0.401354 0.117578 414.190864 402.423429
71 80 79 0.315916 0.085137 0.598947 391.274756 406.655304
71 80 79 0.604679 0.343449 0.051872 415.068166 398.027545
71 80 79 0.267192 0.390050 0.342758 399.066469 407.727368
71 80 79 0.912750 0.074216 0.013035 418.605817 386.604165
71 80 79 0.612297 0.163927 0.223776 409.647394 396.201347
71 80 79 0.870033 0.039895 0.090072 416.738681 389.790410
