0 1 9 0.446701 0.064260 0.489039 90.083443 153.965426
0 1 9 0.533945 0.015088 0.450968 90.916212 148.928391
0 1 9 0.629691 0.292258 0.078052 103.237676 139.586352
0 1 9 0.910182 0.033792 0.056026 91.744988 139.065407
0 1 9 0.784429 0.002535 0.213036 94.687149 147.826196
0 1 9 0.339136 0.343384 0.317479 104.340202 144.583807
0 1 9 0.814398 0.008582 0.177020 95.269390 144.164679
0 1 9 0.504334 0.117031 0.378635 95.094786 150.468588
0 1 9 0.296547 0.390717 0.312736 102.230672 147.962476
0 1 9 0.843315 0.032956 0.123728 97.673370 145.843423
1 10 9 0.348061 0.592903 0.059036 123.144742 153.534656
1 10 9 0.527944 0.391887 0.080169 126.648565 151.807525
1 10 9 0.524959 0.075781 0.399260 114.999059 152.005171
1 10 9 0.434268 0.294268 0.271463 114.275419 156.219458
1 10 9 0.437396 0.526489 0.036115 128.952237 156.372193
1 10 9 0.611323 0.123745 0.264932 120.790491 147.727362
1 10 9 0.939517 0.007415 0.053068 125.467996 141.723474
1 10 9 0.279428 0.400548 0.320024 112.186390 160.883805
1 10 9 0.254245 0.721327 0.024428 124.116574 160.103402
1 10 9 0.337243 0.144555 0.518202 106.914648 154.618907
1 2 10 0.192553 0.057649 0.749798 125.973295 158.695878
1 2 10 0.392850 0.337426 0.269724 141.758721 144.426180
1 2 10 0.550824 0.298647 0.150529 139.704817 141.845281
1 2 10 0.107529 0.836053 0.056419 161.582760 141.160097
1 2 10 0.960272 0.007411 0.032317 130.431051 138.555124
1 2 10 0.842380 0.099452 0.058168 135.587840 141.596055
1 2 10 0.091539 0.747165 0.161295 155.988071 143.188991
1 2 10 0.506660 0.270126 0.223213 142.262397 145.195861
1 2 10 0.675877 0.002418 0.321705 132.705871 146.075759
1 2 10 0.798120 0.009192 0.192688 130.986436 147.317925
2 11 10 0.257461 0.603428 0.139110 160.005548 158.335718
2 11 10 0.835032 0.021712 0.143257 162.593887 146.973813
2 11 10 0.337718 0.131549 0.530733 144.227241 155.177758
2 11 10 0.418973 0.395277 0.185750 158.776268 155.010658
2 11 10 0.640099 0.226562 0.133340 162.265472 152.689011
2 11 10 0.665301 0.021009 0.313690 156.857720 144.633247
2 11 10 0.877037 0.067305 0.055658 164.821120 143.959501
2 11 10 0.209995 0.645479 0.144526 159.967174 158.124309
2 11 10 0.165104 0.632355 0.202541 157.125251 162.446752
2 11 10 0.537390 0.152359 0.310251 154.876790 150.957757
2 3 11 0.146083 0.044963 0.808954 169.389526 163.231162
2 3 11 0.031502 0.145016 0.823482 169.722937 160.449850
2 3 11 0.945829 0.006140 0.048032 170.094376 142.190392
2 3 11 0.249156 0.116833 0.634011 168.707001 156.599633
2 3 11 0.165943 0.766789 0.067269 199.301444 138.844279
2 3 11 0.648800 0.022389 0.328811 170.602157 146.315189
2 3 11 0.860265 0.130316 0.009419 175.545750 137.956618
2 3 11 0.616004 0.190247 0.193749 173.310702 143.039906
2 3 11 0.160080 0.398542 0.441379 182.701932 147.353008
2 3 11 0.034811 0.409349 0.555839 181.021286 153.726631
3 12 11 0.264705 0.682479 0.052817 202.845329 157.121074
3 12 11 0.091480 0.583635 0.324884 189.625957 161.701421
3 12 11 0.330219 0.373907 0.295874 195.624234 156.411013
3 12 11 0.088809 0.072272 0.838919 172.343861 160.539956
3 12 11 0.176949 0.354727 0.468324 188.971225 159.907606
3 12 11 0.960991 0.017899 0.021110 205.750596 139.119400
3 12 11 0.465586 0.228039 0.306375 197.724865 146.884477
3 12 11 0.659830 0.332769 0.007401 207.753181 147.387529
3 12 11 0.633349 0.009449 0.357201 194.174091 149.395581
3 12 11 0.008096 0.080043 0.911862 168.355136 165.908488
3 4 12 0.926206 0.053839 0.019954 205.264094 139.494264
3 4 12 0.656226 0.165643 0.178131 211.278773 142.777471
3 4 12 0.518189 0.195481 0.286330 213.368140 145.978832
3 4 12 0.949442 0.014740 0.035818 205.422255 144.866636
3 4 12 0.657000 0.258053 0.084947 219.292564 138.981932
3 4 12 0.059294 0.719497 0.221209 233.762632 146.478224
3 4 12 0.536529 0.452712 0.010760 222.253267 138.632089
3 4 12 0.577383 0.045137 0.377480 207.240349 145.853967
3 4 12 0.914372 0.070688 0.014941 211.185401 135.728505
3 4 12 0.064509 0.100019 0.835472 211.580927 160.167824
4 13 12 0.291491 0.074865 0.633644 218.717138 160.024801
4 13 12 0.325383 0.058188 0.616430 220.581520 154.099953
4 13 12 0.919952 0.079161 0.000887 246.078389 142.904328
4 13 12 0.344152 0.558688 0.097161 234.374675 155.008216
4 13 12 0.755256 0.223793 0.020950 243.265549 144.599619
4 13 12 0.901020 0.018751 0.080229 239.254834 140.368281
4 13 12 0.009140 0.609599 0.381261 228.382089 164.274101
4 13 12 0.609890 0.070425 0.319685 232.090039 147.640980
4 13 12 0.734578 0.210467 0.054955 241.225281 146.226673
4 13 12 0.849155 0.147817 0.003027 244.806464 147.491244
4 5 13 0.339959 0.257501 0.402540 256.333807 153.050136
4 5 13 0.676106 0.093241 0.230653 247.057281 146.617365
4 5 13 0.495622 0.147157 0.357222 250.000233 150.567558
4 5 13 0.648414 0.185179 0.166408 252.874751 140.443764
4 5 13 0.766941 0.068345 0.164715 248.599344 140.279355
4 5 13 0.980872 0.014001 0.005127 245.672471 141.275114
4 5 13 0.631312 0.241492 0.127197 250.019252 142.006507
4 5 13 0.171793 0.746064 0.082143 275.228307 138.296914
4 5 13 0.709324 0.280861 0.009815 255.115844 137.234319
4 5 13 0.584605 0.360655 0.054741 260.547135 139.863302
5 14 13 0.161856 0.356070 0.482075 267.160642 158.093288
5 14 13 0.778433 0.019259 0.202308 274.937109 143.573748
5 14 13 0.082889 0.035590 0.881521 249.040677 162.067119
5 14 13 0.262187 0.211983 0.525830 263.322767 162.057211
5 14 13 0.397698 0.563924 0.038379 285.082330 150.930849
5 14 13 0.230987 0.167622 0.601391 261.883580 160.934557
5 14 13 0.884039 0.105588 0.010373 285.479038 142.770619
5 14 13 0.999096 0.000368 0.000536 286.613980 140.702623
5 14 13 0.500151 0.170461 0.329388 272.310260 147.780942
5 14 13 0.800172 0.190695 0.009133 280.762570 146.343510
5 6 14 0.499292 0.497449 0.003260 302.825630 143.834225
5 6 14 0.956341 0.036130 0.007529 286.211559 139.656032
5 6 14 0.244558 0.471761 0.283681 304.947631 144.642581
5 6 14 0.175618 0.101298 0.723084 290.401915 157.692039
5 6 14 0.487669 0.474776 0.037555 307.475343 138.934506
5 6 14 0.259185 0.511440 0.229374 304.682091 142.437414
5 6 14 0.346826 0.296260 0.356914 294.107567 146.634262
5 6 14 0.466116 0.265198 0.268687 295.194144 144.723176
5 6 14 0.323098 0.596813 0.080089 310.184753 143.127567
5 6 14 0.726578 0.130507 0.142916 287.610939 141.045932
6 15 14 0.979341 0.010546 0.010113 324.432593 137.047069
6 15 14 0.227455 0.515775 0.256770 317.258946 159.798351
6 15 14 0.054252 0.543042 0.402705 307.725871 164.795848
6 15 14 0.853725 0.125537 0.020738 327.011167 144.148870
6 15 14 0.573112 0.220220 0.206668 317.463012 151.336452
6 15 14 0.355846 0.040724 0.603429 304.853715 156.220764
6 15 14 0.114856 0.647842 0.237302 316.171498 163.603097
6 15 14 0.067388 0.461673 0.470940 304.325782 164.231320
6 15 14 0.466965 0.256456 0.276579 316.889758 152.173240
6 15 14 0.214472 0.395369 0.390159 311.003954 158.694479
6 7 15 0.179895 0.487158 0.332947 344.820880 141.855617
6 7 15 0.626981 0.285263 0.087756 339.352158 135.170408
6 7 15 0.482040 0.304624 0.213337 335.918364 146.016096
6 7 15 0.762285 0.095315 0.142400 327.893597 146.100745
6 7 15 0.434829 0.079802 0.485369 331.545990 153.907456
6 7 15 0.487830 0.256496 0.255674 335.710061 147.735211
6 7 15 0.387612 0.498572 0.113817 344.284013 141.208785
6 7 15 0.015496 0.465182 0.519322 346.912297 149.570139
6 7 15 0.296734 0.209201 0.494065 335.099645 152.713157
6 7 15 0.995740 0.001954 0.002306 323.412938 140.082187
7 16 15 0.551329 0.043380 0.405291 353.032044 152.475736
7 16 15 0.045263 0.164002 0.790736 338.479080 164.490082
7 16 15 0.074116 0.824600 0.101284 367.111213 161.620045
7 16 15 0.253875 0.067953 0.678172 338.748711 159.748934
7 16 15 0.819528 0.053548 0.126924 359.488467 146.232155
7 16 15 0.826993 0.104500 0.068507 363.681205 141.732591
7 16 15 0.923370 0.029187 0.047443 361.652126 138.288677
7 16 15 0.559321 0.435446 0.005233 368.433001 146.718550
7 16 15 0.967367 0.013697 0.018936 363.357070 143.724477
7 16 15 0.704769 0.274308 0.020923 365.200734 150.395483
7 8 16 0.893231 0.031080 0.075689 367.251217 140.385814
7 8 16 0.521426 0.367877 0.110696 380.500404 144.528251
7 8 16 0.790474 0.154442 0.055084 374.175046 138.728399
7 8 16 0.281152 0.049842 0.669006 371.380548 157.561000
7 8 16 0.800872 0.067589 0.131539 370.024793 146.713663
7 8 16 0.686262 0.210118 0.103620 371.596292 140.523470
7 8 16 0.220265 0.452336 0.327400 383.140957 151.992974
7 8 16 0.433030 0.456468 0.110502 382.791886 143.056153
7 8 16 0.073187 0.920141 0.006672 400.999048 140.497671
7 8 16 0.270735 0.153450 0.575815 373.399382 153.853043
8 17 16 0.560914 0.251663 0.187423 399.811837 150.250427
8 17 16 0.813785 0.134520 0.051694 398.793874 143.993014
8 17 16 0.641994 0.030751 0.327254 390.828502 149.868567
8 17 16 0.592277 0.299660 0.108062 397.677944 154.333041
8 17 16 0.647589 0.064660 0.287751 392.905915 152.869949
8 17 16 0.558960 0.437185 0.003855 401.239289 148.404462
8 17 16 0.546397 0.210431 0.243172 394.088568 150.870329
8 17 16 0.747045 0.172451 0.080504 402.955893 144.559818
8 17 16 0.896563 0.039556 0.063881 402.936397 145.087823
8 17 16 0.430736 0.388915 0.180349 400.905921 156.068153
9 10 18 0.882101 0.080750 0.037149 85.093833 167.990721
9 10 18 0.097857 0.246940 0.655203 92.460199 190.144315
9 10 18 0.186740 0.082035 0.731225 80.684918 192.925637
9 10 18 0.787849 0.059868 0.152282 85.722459 170.829727
9 10 18 0.742422 0.155945 0.101633 90.474374 170.103089
9 10 18 0.510194 0.347943 0.141863 102.143167 172.288276
9 10 18 0.704500 0.226021 0.069480 93.805173 166.046668
9 10 18 0.334291 0.408004 0.257704 97.588072 175.524511
9 10 18 0.691690 0.117179 0.191130 87.436635 173.564595
9 10 18 0.041419 0.315465 0.643117 90.295502 188.577656
10 19 18 0.978963 0.016834 0.004203 124.097146 167.528128
10 19 18 0.874578 0.025606 0.099817 119.805179 170.458067
10 19 18 0.248550 0.640637 0.110813 109.139560 192.971240
10 19 18 0.849811 0.005905 0.144284 117.015026 172.779772
10 19 18 0.421560 0.107062 0.471377 104.645915 187.724353
10 19 18 0.731497 0.042889 0.225614 114.531314 181.776031
10 19 18 0.277408 0.178335 0.544257 98.794543 192.974518
10 19 18 0.385583 0.133881 0.480536 99.461830 187.769829
10 19 18 0.753712 0.006136 0.240152 111.436432 175.412885
10 19 18 0.805866 0.081396 0.112739 118.821169 170.094926
10 11 19 0.377432 0.434413 0.188155 140.928426 174.191818
10 11 19 0.747626 0.125845 0.126529 132.099044 170.952088
10 11 19 0.212918 0.093813 0.693269 120.649925 192.975344
10 11 19 0.074805 0.756993 0.168202 153.476874 165.492768
10 11 19 0.975350 0.003564 0.021086 125.448774 166.080219
10 11 19 0.745344 0.119775 0.134881 128.959483 170.496826
10 11 19 0.875846 0.027208 0.096947 124.162286 174.118162
10 11 19 0.992947 0.000001 0.007052 126.232888 166.288006
10 11 19 0.121399 0.841431 0.037170 159.098944 167.807398
10 11 19 0.774683 0.035058 0.190260 125.019969 173.928081
11 20 19 0.602726 0.283644 0.113630 156.954132 177.190401
11 20 19 0.798776 0.199516 0.001709 163.085964 175.283232
11 20 19 0.536806 0.086360 0.376834 142.243462 180.803802
11 20 19 0.461273 0.523587 0.015140 160.498713 185.646575
11 20 19 0.230867 0.673664 0.095469 154.111655 197.889239
11 20 19 0.575213 0.287274 0.137513 156.448956 181.759355
11 20 19 0.530718 0.255785 0.213497 153.824192 178.193344
11 20 19 0.761872 0.218211 0.019917 164.481462 173.255984
11 20 19 0.325191 0.252756 0.422053 141.506636 188.765867
11 20 19 0.032744 0.659999 0.307257 146.745437 200.457490
11 12 20 0.051882 0.859626 0.088492 201.944203 169.527922
11 12 20 0.639968 0.327286 0.032746 173.516611 165.599871
11 12 20 0.031178 0.887904 0.080918 199.920012 165.512103
11 12 20 0.989575 0.004167 0.006258 167.176990 165.659656
11 12 20 0.658879 0.258132 0.082989 171.788304 170.073015
11 12 20 0.359902 0.302281 0.337817 172.403941 177.460079
11 12 20 0.666455 0.186240 0.147305 174.761536 172.818672
11 12 20 0.890755 0.106452 0.002792 170.951247 165.555855
11 12 20 0.353549 0.090224 0.556227 165.787462 187.907060
11 12 20 0.842159 0.142894 0.014947 171.166636 166.501527
12 21 20 0.076034 0.887174 0.036791 198.549183 201.754166
12 21 20 0.333489 0.605591 0.060920 197.792974 188.263949
12 21 20 0.251740 0.414290 0.333969 187.344651 193.092899
12 21 20 0.855934 0.136025 0.008041 203.568646 169.658206
12 21 20 0.367681 0.468617 0.163702 194.940044 188.051295
12 21 20 0.776844 0.147349 0.075807 203.083293 171.363045
12 21 20 0.345113 0.195871 0.459015 183.394433 188.701362
12 21 20 0.172052 0.087488 0.740461 173.895551 200.509848
12 21 20 0.420467 0.133188 0.446345 184.679420 185.936391
12 21 20 0.846042 0.145965 0.007993 202.097408 169.045016
12 13 21 0.692713 0.205672 0.101614 211.551252 165.482536
12 13 21 0.226451 0.256209 0.517340 210.795726 184.238744
12 13 21 0.136239 0.643031 0.220730 229.572910 172.747160
12 13 21 0.435292 0.407328 0.157380 223.599009 176.011318
12 13 21 0.289606 0.473899 0.236495 222.613975 173.908047
12 13 21 0.640235 0.222009 0.137755 215.019247 169.638263
12 13 21 0.456268 0.295024 0.248708 217.999979 176.045555
12 13 21 0.365508 0.421153 0.213339 221.364956 172.134166
12 13 21 0.537878 0.325729 0.136393 220.057276 169.589609
12 13 21 0.523184 0.430493 0.046323 222.586322 168.759190
13 22 21 0.165182 0.627118 0.207700 234.376361 195.881463
13 22 21 0.903316 0.004706 0.091977 239.931322 170.410834
13 22 21 0.083077 0.029744 0.887180 202.676586 199.605829
13 22 21 0.977746 0.003843 0.018411 242.187802 164.137108
13 22 21 0.008520 0.602179 0.389301 228.266104 204.080929
13 22 21 0.268099 0.267078 0.464823 224.036585 192.369030
13 22 21 0.694922 0.042783 0.262295 231.733583 179.070325
13 22 21 0.601028 0.391262 0.007709 241.538534 180.832528
13 22 21 0.440355 0.174483 0.385162 223.238132 189.082393
13 22 21 0.125609 0.528907 0.345484 228.333326 198.192884
13 14 22 0.439003 0.024737 0.536259 242.138603 181.764376
13 14 22 0.455864 0.529250 0.014885 271.536841 166.946065
13 14 22 0.927198 0.020945 0.051857 245.710029 170.731387
13 14 22 0.010640 0.270093 0.719267 255.658926 191.945840
13 14 22 0.772040 0.184018 0.043942 248.707268 168.624791
13 14 22 0.108267 0.548263 0.343470 270.545196 175.600608
13 14 22 0.445385 0.246752 0.307863 255.215819 178.497271
13 14 22 0.215996 0.509495 0.274509 266.244856 174.629382
13 14 22 0.442346 0.038043 0.519610 240.619843 186.790368
13 14 22 0.698104 0.175757 0.126138 251.180373 170.244268
14 23 22 0.768130 0.164844 0.067026 287.223854 169.966023
14 23 22 0.794957 0.091947 0.113096 283.736950 176.997169
14 23 22 0.028350 0.465334 0.506316 263.661191 202.008782
14 23 22 0.448392 0.144245 0.407363 268.511904 188.165343
14 23 22 0.398034 0.408275 0.193692 278.323860 185.712000
14 23 22 0.845256 0.110703 0.044042 282.463867 174.003536
14 23 22 0.128395 0.819712 0.051893 285.088042 197.380370
14 23 22 0.163113 0.539610 0.297277 276.656426 195.398290
14 23 22 0.436338 0.082511 0.481152 268.417570 188.374356
14 23 22 0.990510 0.001646 0.007844 288.156630 166.628601
14 15 23 0.636634 0.177863 0.185503 291.148781 173.999997
14 15 23 0.622389 0.125818 0.251793 294.202478 172.992179
14 15 23 0.153526 0.350816 0.495658 301.160630 187.638902
14 15 23 0.358325 0.499819 0.141856 307.008743 169.348565
14 15 23 0.258271 0.671941 0.069788 318.828950 170.038036
14 15 23 0.269055 0.161224 0.569721 295.689855 186.493735
14 15 23 0.557789 0.015387 0.426825 288.457423 182.160024
14 15 23 0.418544 0.005409 0.576047 287.854916 189.222224
14 15 23 0.299803 0.650874 0.049323 316.288027 166.434251
14 15 23 0.938562 0.055958 0.005480 290.294082 162.610791
15 24 23 0.409096 0.222059 0.368845 317.359161 187.051103
15 24 23 0.614201 0.360447 0.025352 328.593153 182.881465
15 24 23 0.312470 0.276541 0.410988 313.896074 190.522349
15 24 23 0.341667 0.055452 0.602881 304.612659 193.412196
15 24 23 0.856171 0.087749 0.056080 325.010390 171.134141
15 24 23 0.307754 0.421725 0.270521 322.194120 192.506406
15 24 23 0.109396 0.076455 0.814149 295.165261 202.364140
15 24 23 0.902771 0.043116 0.054113 325.194397 170.461423
15 24 23 0.867638 0.003796 0.128566 323.140388 175.323951
15 24 23 0.174101 0.213254 0.612645 302.794895 196.568161
15 16 24 0.881413 0.031403 0.087184 332.045867 171.444942
15 16 24 0.479092 0.095915 0.424993 331.666041 185.701273
15 16 24 0.381458 0.187517 0.431025 337.822661 184.897909
15 16 24 0.001316 0.671244 0.327439 354.549299 177.611256
15 16 24 0.467013 0.143687 0.389300 330.817811 181.461056
15 16 24 0.315744 0.678872 0.005384 357.235155 167.552564
15 16 24 0.502830 0.003912 0.493258 331.284022 187.385809
15 16 24 0.235212 0.138417 0.626371 335.935822 186.744099
15 16 24 0.658321 0.074374 0.267305 331.145924 175.049593
15 16 24 0.272685 0.662394 0.064921 360.407331 168.367550
16 25 24 0.174482 0.732398 0.093119 369.778739 194.862970
16 25 24 0.069801 0.169995 0.760204 337.606265 198.931434
16 25 24 0.935586 0.055240 0.009174 369.014381 165.619907
16 25 24 0.734977 0.090827 0.174197 367.708744 171.662501
16 25 24 0.472777 0.409048 0.118176 368.288864 185.365181
16 25 24 0.213775 0.268999 0.517226 349.150944 190.002952
16 25 24 0.609218 0.276853 0.113929 367.947152 180.242066
16 25 24 0.496360 0.413179 0.090462 370.348332 186.048676
16 25 24 0.463219 0.257460 0.279320 363.216443 184.232018
16 25 24 0.802058 0.118650 0.079293 367.021348 169.839577
16 17 25 0.288558 0.397263 0.314180 385.179168 175.168140
16 17 25 0.004227 0.736647 0.259125 400.455059 174.645691
16 17 25 0.671757 0.071234 0.257009 375.090927 176.063459
16 17 25 0.876161 0.078817 0.045022 373.639424 167.573666
16 17 25 0.881931 0.049297 0.068772 372.596478 165.615803
16 17 25 0.620791 0.039820 0.339389 373.498051 178.312221
16 17 25 0.330595 0.411779 0.257627 386.941919 176.943461
16 17 25 0.815063 0.044014 0.140923 375.998191 173.656965
16 17 25 0.635721 0.305600 0.058679 387.133153 168.045258
16 17 25 0.351696 0.337692 0.310612 383.690024 181.438007
17 26 25 0.148430 0.086355 0.765215 384.423983 194.147640
17 26 25 0.726513 0.247464 0.026023 412.638882 178.422194
17 26 25 0.009248 0.061018 0.929734 374.983510 204.641677
17 26 25 0.108580 0.462294 0.429126 398.086044 199.696944
17 26 25 0.070759 0.470911 0.458330 393.841749 199.059821
17 26 25 0.587127 0.048095 0.364778 399.322817 181.350352
17 26 25 0.740615 0.128207 0.131178 405.642404 175.745069
17 26 25 0.398454 0.058180 0.543366 389.685149 191.088189
17 26 25 0.678635 0.099557 0.221808 403.582297 176.529823
17 26 25 0.002927 0.387912 0.609161 389.156358 199.739511
18 19 27 0.144631 0.119231 0.736138 80.474038 236.816457
18 19 27 0.293089 0.311551 0.395360 90.327795 221.210718
18 19 27 0.017382 0.214897 0.767721 86.189806 234.771138
18 19 27 0.797517 0.193289 0.009194 85.871225 206.340352
18 19 27 0.850400 0.073086 0.076514 75.880085 205.774694
18 19 27 0.129646 0.277178 0.593175 87.978698 231.840496
18 19 27 0.229951 0.057861 0.712188 78.669461 235.566642
18 19 27 0.848776 0.030966 0.120257 78.113506 205.672660
18 19 27 0.085713 0.283083 0.631203 85.007926 229.736337
18 19 27 0.277062 0.618819 0.104119 101.411690 210.159569
19 28 27 0.090913 0.165678 0.743409 85.472264 243.188373
19 28 27 0.032529 0.753590 0.213881 106.485887 250.095676
19 28 27 0.813743 0.017650 0.168607 109.385604 212.564520
19 28 27 0.221885 0.528489 0.249626 103.404099 235.050733
19 28 27 0.978929 0.001023 0.020048 114.724740 203.662338
19 28 27 0.111487 0.755338 0.133175 108.179584 241.956528
19 28 27 0.887958 0.057208 0.054834 111.241136 209.657151
19 28 27 0.125000 0.133680 0.741321 86.315072 239.515635
19 28 27 0.401885 0.371185 0.226929 105.514860 230.673961
19 28 27 0.627143 0.361525 0.011332 117.664573 222.126852
19 20 28 0.715733 0.084961 0.199306 119.987848 214.332305
19 20 28 0.901655 0.051580 0.046764 116.838352 207.215176
19 20 28 0.308282 0.189458 0.502261 123.615124 224.298013
19 20 28 0.110035 0.014532 0.875433 119.775849 240.239073
19 20 28 0.150029 0.776890 0.073081 148.876197 208.626955
19 20 28 0.151361 0.446623 0.402016 133.831607 221.501186
19 20 28 0.807429 0.031456 0.161116 116.590881 211.868465
19 20 28 0.965616 0.001168 0.033216 119.462094 206.898965
19 20 28 0.476194 0.104301 0.419505 124.289201 221.219308
19 20 28 0.104577 0.091878 0.803545 122.661663 238.069491
20 29 28 0.295048 0.415780 0.289172 146.797521 235.691244
20 29 28 0.121615 0.647484 0.230901 147.988363 239.997575
20 29 28 0.956907 0.014638 0.028455 156.915889 205.060352
20 29 28 0.140744 0.245238 0.614018 137.093201 242.787531
20 29 28 0.947326 0.011630 0.041043 154.336410 206.998573
20 29 28 0.126321 0.479709 0.393970 144.507139 237.278260
20 29 28 0.143023 0.447985 0.408993 137.118238 241.993064
20 29 28 0.060837 0.760578 0.178585 149.934184 247.399214
20 29 28 0.568595 0.040727 0.390678 140.966785 225.670685
20 29 28 0.236299 0.753298 0.010402 157.440972 237.587790
20 21 29 0.692988 0.040726 0.266287 162.912433 211.588642
20 21 29 0.217048 0.267048 0.515905 167.477964 227.179269
20 21 29 0.105286 0.630563 0.264151 182.382924 210.760036
20 21 29 0.869363 0.007516 0.123121 159.126898 210.684280
20 21 29 0.031835 0.023473 0.944693 160.230666 244.249191
20 21 29 0.645639 0.226585 0.127775 169.411273 208.688901
20 21 29 0.432686 0.007101 0.560213 155.850045 227.940976
20 21 29 0.623643 0.138132 0.238225 167.152635 217.303659
20 21 29 0.868135 0.046432 0.085433 161.380088 209.173234
20 21 29 0.151656 0.494329 0.354015 178.093697 219.319293
21 30 29 0.448228 0.455791 0.095981 195.146604 224.184654
21 30 29 0.108129 0.068723 0.823148 164.591957 239.318268
21 30 29 0.262466 0.533395 0.204139 192.174044 233.729112
21 30 29 0.158882 0.834928 0.006190 200.508318 237.896940
21 30 29 0.759356 0.034518 0.206126 191.612729 210.840873
21 30 29 0.546456 0.255907 0.197637 189.625671 221.232708
21 30 29 0.905646 0.004510 0.089844 197.227339 207.564702
21 30 29 0.056628 0.042458 0.900914 160.568651 243.213524
21 30 29 0.252510 0.159862 0.587627 177.198931 238.895006
21 30 29 0.426069 0.125224 0.448707 180.817438 224.156502
21 22 30 0.643650 0.096122 0.260228 206.248661 216.806053
21 22 30 0.799950 0.117698 0.082352 205.551983 206.760757
21 22 30 0.320834 0.649578 0.029588 226.740763 203.884718
21 22 30 0.176257 0.600980 0.222763 226.941365 213.256242
21 22 30 0.306892 0.067143 0.625965 204.314207 230.135336
21 22 30 0.201625 0.543280 0.255095 222.744732 213.605603
21 22 30 0.585260 0.098024 0.316717 209.156239 218.592690
21 22 30 0.535924 0.093531 0.370545 207.957452 219.665399
21 22 30 0.119145 0.621169 0.259686 225.083240 213.805401
21 22 30 0.490765 0.444950 0.064286 214.380271 204.642421
22 31 30 0.474626 0.023933 0.501441 224.012179 228.644146
22 31 30 0.162884 0.377107 0.460008 223.714653 244.153459
22 31 30 0.550951 0.314857 0.134192 239.851947 221.538524
22 31 30 0.665877 0.176431 0.157692 237.105043 218.136304
22 31 30 0.627838 0.167622 0.204541 233.177286 218.448421
22 31 30 0.791374 0.116322 0.092304 241.981256 209.782541
22 31 30 0.451377 0.274442 0.274181 232.825671 228.217762
22 31 30 0.493660 0.006991 0.499349 220.177909 222.974164
22 31 30 0.815959 0.155534 0.028507 243.004124 211.788897
22 31 30 0.058763 0.566521 0.374716 223.371270 246.134556
22 23 31 0.712853 0.129567 0.157580 247.190840 205.217972
22 23 31 0.293069 0.191505 0.515426 251.049306 220.999284
22 23 31 0.613364 0.150074 0.236562 249.365108 213.280170
22 23 31 0.290995 0.578074 0.130931 272.288367 207.260606
22 23 31 0.567336 0.197132 0.235532 251.452568 209.443830
22 23 31 0.926165 0.040616 0.033219 246.120127 198.669277
22 23 31 0.829426 0.112021 0.058552 247.168642 205.958975
22 23 31 0.846779 0.089897 0.063324 248.412619 207.017540
22 23 31 0.267289 0.473987 0.258724 266.830443 212.692831
22 23 31 0.782682 0.049647 0.167671 246.634375 213.452517
23 32 31 0.645534 0.021102 0.333363 275.403120 216.969277
23 32 31 0.650105 0.137466 0.212429 279.982793 217.783646
23 32 31 0.082756 0.701780 0.215464 277.979514 240.488580
23 32 31 0.449916 0.104339 0.445745 270.893212 225.365903
23 32 31 0.610504 0.104080 0.285416 274.748702 221.756652
23 32 31 0.361326 0.361892 0.276783 273.059000 230.965984
23 32 31 0.346955 0.433630 0.219414 278.606681 228.908607
23 32 31 0.622759 0.213842 0.163399 278.451545 219.300011
23 32 31 0.843711 0.126714 0.029575 290.972537 214.157380
23 32 31 0.345476 0.174315 0.480209 265.472752 231.733002
23 24 32 0.237515 0.343728 0.418757 302.878851 218.098908
23 24 32 0.781569 0.098313 0.120118 295.047948 209.255533
23 24 32 0.974208 0.021480 0.004312 289.795686 203.886490
23 24 32 0.979678 0.003384 0.016938 289.934165 204.830306
23 24 32 0.726796 0.076798 0.196406 291.601474 212.980459
23 24 32 0.667012 0.137163 0.195825 295.031308 211.954491
23 24 32 0.672625 0.020638 0.306737 288.134025 216.119149
23 24 32 0.353603 0.462598 0.183798 308.385813 207.690116
23 24 32 0.211350 0.365700 0.422950 301.328643 220.689912
23 24 32 0.242665 0.564177 0.193158 308.760155 213.780756
24 33 32 0.002567 0.368804 0.628628 305.189931 243.886747
24 33 32 0.184837 0.716613 0.098550 328.317005 239.883341
24 33 32 0.846561 0.123243 0.030196 326.672808 207.978235
24 33 32 0.081638 0.321549 0.596813 305.486787 243.418732
24 33 32 0.536792 0.451060 0.012148 327.869746 225.181479
24 33 32 0.779290 0.087862 0.132847 326.488951 211.911051
24 33 32 0.459627 0.299943 0.240430 322.652472 226.544654
24 33 32 0.786060 0.013460 0.200480 322.970026 213.712726
24 33 32 0.749989 0.237723 0.012288 329.975129 215.046046
24 33 32 0.586253 0.238574 0.175174 323.235313 217.773810
24 25 33 0.754918 0.055864 0.189218 334.845009 210.349887
24 25 33 0.345824 0.047980 0.606197 331.361931 228.534684
24 25 33 0.789695 0.062736 0.147569 331.209454 209.349693
24 25 33 0.082662 0.066957 0.850381 332.113984 237.571028
24 25 33 0.225444 0.600410 0.174146 356.062965 213.028935
24 25 33 0.066122 0.671012 0.262866 359.838777 212.412568
24 25 33 0.036664 0.138364 0.824972 337.469928 231.381298
24 25 33 0.032588 0.137919 0.829493 340.034913 239.456266
24 25 33 0.483182 0.317852 0.198966 344.095838 209.273917
24 25 33 0.703932 0.157322 0.138746 335.905031 205.885456
25 34 33 0.621153 0.283045 0.095802 370.316176 219.499199
25 34 33 0.004830 0.265828 0.729341 340.915340 246.780804
25 34 33 0.496116 0.201052 0.302832 362.126992 222.620595
25 34 33 0.256733 0.239120 0.504147 352.881225 234.395548
25 34 33 0.098957 0.126584 0.774459 342.744049 241.292430
25 34 33 0.775747 0.205126 0.019127 371.443158 212.295337
25 34 33 0.415621 0.323736 0.260643 363.268449 227.832471
25 34 33 0.620772 0.026124 0.353104 357.068190 217.547239
25 34 33 0.868391 0.025976 0.105632 366.169122 205.873323
25 34 33 0.582933 0.177942 0.239125 362.924007 222.766695
25 26 34 0.855031 0.033925 0.111044 377.299115 208.137695
25 26 34 0.370824 0.227375 0.401802 386.614972 217.201328
25 26 34 0.704939 0.236326 0.058734 384.141947 208.397261
25 26 34 0.071480 0.338378 0.590142 391.884037 229.589490
25 26 34 0.065304 0.194788 0.739908 384.929023 231.528654
25 26 34 0.351335 0.023889 0.624776 374.961204 226.982773
25 26 34 0.866321 0.083205 0.050474 375.655866 206.386532
25 26 34 0.033759 0.414122 0.552119 393.601775 223.572988
25 26 34 0.826700 0.014767 0.158533 375.286665 213.133160
25 26 34 0.492049 0.047804 0.460147 376.547518 226.499118
26 35 34 0.880648 0.032005 0.087347 415.226068 207.515805
26 35 34 0.267958 0.337504 0.394538 403.733820 235.169690
26 35 34 0.261490 0.074372 0.664137 387.880850 235.620449
26 35 34 0.657622 0.145864 0.196513 408.360539 216.681704
26 35 34 0.258036 0.470423 0.271541 406.930197 234.476887
26 35 34 0.911505 0.028772 0.059722 414.052703 207.050673
26 35 34 0.797203 0.037707 0.165090 410.135497 213.758332
26 35 34 0.791281 0.028188 0.180531 409.091276 211.483713
26 35 34 0.201369 0.410634 0.387997 402.550811 238.156300
26 35 34 0.580560 0.408711 0.010729 418.832024 220.074242
27 28 36 0.561873 0.432251 0.005876 94.910312 247.323038
27 28 36 0.365057 0.335465 0.299478 89.676709 258.896438
27 28 36 0.949819 0.031390 0.018790 76.607414 246.204821
27 28 36 0.521470 0.243306 0.235224 88.536058 256.043069
27 28 36 0.719320 0.115496 0.165183 82.353917 254.284743
27 28 36 0.384881 0.190703 0.424416 85.096405 263.814818
27 28 36 0.879702 0.110190 0.010108 80.687703 247.313247
27 28 36 0.789318 0.057326 0.153356 78.680225 251.654215
27 28 36 0.648202 0.070559 0.281239 80.247409 259.414787
27 28 36 0.289999 0.431972 0.278029 92.385107 260.031544
28 37 36 0.529708 0.363290 0.107003 115.307606 264.453366
28 37 36 0.123975 0.367151 0.508875 101.200519 283.579742
28 37 36 0.961672 0.012841 0.025488 117.170754 247.122229
28 37 36 0.056078 0.574472 0.369451 106.880839 282.524891
28 37 36 0.345680 0.389223 0.265097 109.097523 271.328271
28 37 36 0.828290 0.057979 0.113731 109.776846 252.503578
28 37 36 0.959984 0.022356 0.017660 117.083363 248.721957
28 37 36 0.468512 0.199414 0.332075 103.376765 268.871417
28 37 36 0.408808 0.009388 0.581804 98.785682 271.253610
28 37 36 0.627400 0.082453 0.290148 104.880027 262.912109
28 29 37 0.495420 0.268458 0.236122 129.993843 259.294760
28 29 37 0.115302 0.271063 0.613635 128.414792 269.211445
28 29 37 0.910477 0.084870 0.004653 120.563180 247.247085
28 29 37 0.705194 0.263202 0.031604 129.142929 249.105336
28 29 37 0.976080 0.016525 0.007395 115.852388 246.756089
28 29 37 0.426551 0.174149 0.399300 125.690689 261.949974
28 29 37 0.084344 0.786725 0.128931 151.204768 252.442073
28 29 37 0.295397 0.595837 0.108766 140.295716 250.526239
28 29 37 0.704055 0.222659 0.073285 127.171826 249.031107
28 29 37 0.467534 0.041448 0.491018 120.501080 266.760765
29 38 37 0.576546 0.211071 0.212383 153.441747 263.366684
29 38 37 0.827069 0.117826 0.055105 152.925915 256.639423
29 38 37 0.036060 0.372963 0.590977 134.099351 283.718234
29 38 37 0.063267 0.283836 0.652898 134.650445 285.170228
29 38 37 0.945495 0.044247 0.010258 156.631285 249.626612
29 38 37 0.005413 0.943553 0.051035 161.403701 285.674933
29 38 37 0.311225 0.612461 0.076314 158.768856 271.702769
29 38 37 0.015358 0.129071 0.855570 128.463337 288.694686
29 38 37 0.196292 0.007907 0.795801 128.492569 277.628818
29 38 37 0.973663 0.012204 0.014133 157.497378 244.270740
29 30 38 0.225279 0.212180 0.562542 169.528797 270.436638
29 30 38 0.085679 0.471593 0.442728 181.671711 267.529500
29 30 38 0.292863 0.525663 0.181474 179.073467 256.233149
29 30 38 0.659637 0.107951 0.232412 162.148411 256.707002
29 30 38 0.790209 0.029610 0.180181 159.233265 259.145934
29 30 38 0.917402 0.037118 0.045480 159.523508 250.499179
29 30 38 0.521423 0.121008 0.357570 163.015718 260.236678
29 30 38 0.724863 0.208566 0.066571 167.168075 245.864842
29 30 38 0.866206 0.125058 0.008735 162.216424 248.272069
29 30 38 0.310603 0.004243 0.685153 159.453067 275.235675
30 39 38 0.932606 0.008734 0.058660 202.632639 252.520400
30 39 38 0.401298 0.100870 0.497832 180.178732 270.711641
30 39 38 0.868810 0.093599 0.037592 200.764424 251.609984
30 39 38 0.200290 0.675400 0.124310 196.692737 281.366853
30 39 38 0.167501 0.474943 0.357557 189.626333 283.315177
30 39 38 0.871561 0.089123 0.039316 202.230344 253.654135
30 39 38 0.136999 0.329437 0.533564 184.544137 286.027017
30 39 38 0.120390 0.496855 0.382755 183.568432 283.032654
30 39 38 0.752719 0.013856 0.233425 192.415614 256.686581
30 39 38 0.864511 0.076857 0.058632 198.897691 254.788862
30 31 39 0.547412 0.365313 0.087276 218.749410 249.031707
30 31 39 0.616957 0.231031 0.152012 211.893855 254.511299
30 31 39 0.546009 0.285736 0.168255 214.897722 252.820406
30 31 39 0.074589 0.537486 0.387926 225.689778 261.618780
30 31 39 0.346253 0.351275 0.302472 218.145396 255.713668
30 31 39 0.838417 0.125899 0.035685 207.942324 248.369957
30 31 39 0.575600 0.398885 0.025515 218.865506 247.098516
30 31 39 0.266715 0.569396 0.163889 224.609950 252.386931
30 31 39 0.556747 0.078451 0.364801 210.003947 258.353330
30 31 39 0.757604 0.225304 0.017092 210.464745 248.310791
31 40 39 0.232935 0.349831 0.417234 226.420464 272.164148
31 40 39 0.064155 0.126848 0.808997 210.228293 285.034121
31 40 39 0.799513 0.138567 0.061920 240.720040 253.382559
31 40 39 0.647973 0.011189 0.340838 229.578940 265.757055
31 40 39 0.111926 0.240925 0.647148 218.724384 285.678981
31 40 39 0.960130 0.002592 0.037278 237.061575 249.834313
31 40 39 0.449055 0.160985 0.389961 228.682614 271.943314
31 40 39 0.314226 0.627768 0.058005 244.976279 274.434395
31 40 39 0.386084 0.224899 0.389017 227.299749 275.987282
31 40 39 0.825375 0.008771 0.165854 237.140725 254.630577
31 32 40 0.436858 0.498459 0.064683 263.530445 248.811620
31 32 40 0.648495 0.060498 0.291006 244.985496 261.977841
31 32 40 0.067761 0.561700 0.370539 268.258713 260.259940
31 32 40 0.654465 0.201819 0.143717 249.507335 253.427856
31 32 40 0.956178 0.005811 0.038011 243.934231 251.165479
31 32 40 0.672464 0.039662 0.287873 242.256500 254.773689
31 32 40 0.433529 0.156693 0.409778 252.852462 263.726046
31 32 40 0.537872 0.018763 0.443365 243.091219 263.379893
31 32 40 0.916579 0.026709 0.056711 244.251240 249.291217
31 32 40 0.742033 0.045371 0.212596 243.680375 256.044524
32 41 40 0.772610 0.197485 0.029905 288.813896 255.944561
32 41 40 0.941145 0.039892 0.018962 287.020347 247.406250
32 41 40 0.143674 0.647145 0.209181 278.920273 282.591940
32 41 40 0.883817 0.087646 0.028537 285.040440 251.185523
32 41 40 0.526897 0.164813 0.308289 270.830120 267.259110
32 41 40 0.270379 0.166735 0.562886 261.110312 273.445611
32 41 40 0.897386 0.015791 0.086823 283.644851 248.093025
32 41 40 0.189716 0.722089 0.088195 281.720079 281.195465
32 41 40 0.056708 0.219945 0.723348 254.597316 285.375635
32 41 40 0.974371 0.006163 0.019466 282.828811 251.097602
32 33 41 0.324337 0.431857 0.243806 305.172048 255.514808
32 33 41 0.391421 0.188694 0.419885 293.143881 264.995316
32 33 41 0.446702 0.467340 0.085958 308.519068 246.715698
32 33 41 0.014973 0.413872 0.571155 305.367773 267.498071
32 33 41 0.171361 0.340515 0.488124 300.768376 268.140939
32 33 41 0.725745 0.226028 0.048227 296.258765 250.008195
32 33 41 0.561081 0.303246 0.135672 299.555739 252.329476
32 33 41 0.932776 0.024683 0.042540 283.231223 249.157854
32 33 41 0.743332 0.039631 0.217037 281.705404 256.419067
32 33 41 0.500780 0.313682 0.185538 299.536755 252.976511
33 42 41 0.765835 0.022335 0.211830 321.571262 251.639742
33 42 41 0.175536 0.716734 0.107731 324.577829 283.083869
33 42 41 0.505153 0.108919 0.385928 315.327877 265.426176
33 42 41 0.400909 0.412591 0.186500 322.353881 275.203434
33 42 41 0.280522 0.642739 0.076739 323.470801 277.210100
33 42 41 0.576648 0.131639 0.291713 318.559070 268.898815
33 42 41 0.494201 0.036469 0.469331 310.173825 269.271999
33 42 41 0.994565 0.004674 0.000761 330.992100 243.410133
33 42 41 0.428208 0.110986 0.460806 309.343247 269.334783
33 42 41 0.474905 0.080020 0.445074 312.512778 264.572865
33 34 42 0.349500 0.112717 0.537783 335.248705 267.714330
33 34 42 0.118304 0.326454 0.555242 341.114768 269.210649
33 34 42 0.122024 0.174123 0.703853 335.647010 275.780436
33 34 42 0.192769 0.713729 0.093502 360.779732 251.146669
33 34 42 0.162812 0.097557 0.739632 331.126620 276.638097
33 34 42 0.774793 0.079282 0.145925 332.246529 250.728788
33 34 42 0.436261 0.291259 0.272480 345.066350 254.555572
33 34 42 0.071839 0.014178 0.913983 330.044274 283.666838
33 34 42 0.175176 0.610293 0.214531 358.313919 253.307912
33 34 42 0.938034 0.060938 0.001028 331.216897 243.740363
34 43 42 0.094531 0.169190 0.736279 343.720146 282.025046
34 43 42 0.587381 0.028723 0.383897 357.020024 265.938414
34 43 42 0.039127 0.143159 0.817714 335.701496 289.172357
34 43 42 0.833908 0.099657 0.066435 371.213948 253.766214
34 43 42 0.087941 0.819574 0.092485 372.071208 283.170242
34 43 42 0.624778 0.175156 0.200066 363.604480 262.495191
34 43 42 0.949770 0.001562 0.048668 370.405506 249.499960
34 43 42 0.565354 0.405933 0.028713 373.339205 263.617796
34 43 42 0.793574 0.175427 0.030999 374.424799 255.911693
34 43 42 0.889158 0.050895 0.059947 372.681556 248.698537
34 35 43 0.361382 0.568951 0.069667 400.764540 247.855655
34 35 43 0.816091 0.030755 0.153154 379.720264 252.827921
34 35 43 0.228181 0.135932 0.635887 376.657778 276.221487
34 35 43 0.348514 0.389719 0.261768 392.877904 258.937031
34 35 43 0.786302 0.165734 0.047965 384.412109 249.572708
34 35 43 0.318028 0.327088 0.354884 383.785859 261.795816
34 35 43 0.171234 0.500564 0.328202 396.014119 260.862456
34 35 43 0.776689 0.018428 0.204883 376.539996 259.018996
34 35 43 0.685661 0.304721 0.009617 386.268238 245.078311
34 35 43 0.745942 0.221920 0.032139 384.508516 248.668858
35 44 43 0.873268 0.004834 0.121898 413.341930 249.256707
35 44 43 0.347341 0.280348 0.372311 400.092566 269.736361
35 44 43 0.538637 0.024978 0.436385 394.652408 266.494285
35 44 43 0.630917 0.321581 0.047502 420.713031 264.155777
35 44 43 0.032303 0.052451 0.915246 376.005151 288.034509
35 44 43 0.894524 0.099224 0.006253 416.377937 251.143177
35 44 43 0.888983 0.101522 0.009495 418.597749 251.995575
35 44 43 0.642229 0.345207 0.012564 420.179971 259.733154
35 44 43 0.780819 0.131799 0.087382 412.035377 256.665289
35 44 43 0.285229 0.327595 0.387176 402.138957 277.830090
36 37 45 0.603828 0.020556 0.375616 90.164102 299.279092
36 37 45 0.809736 0.033484 0.156781 83.567382 289.456415
36 37 45 0.029611 0.919542 0.050848 120.457305 287.080057
36 37 45 0.896454 0.061789 0.041757 84.874577 286.058657
36 37 45 0.947226 0.006764 0.046010 79.097024 289.430700
36 37 45 0.249269 0.638654 0.112076 106.571796 292.062044
36 37 45 0.275800 0.354738 0.369462 97.549409 300.560944
36 37 45 0.849224 0.027696 0.123080 85.021026 291.969688
36 37 45 0.506140 0.043812 0.450048 88.508269 299.517889
36 37 45 0.661811 0.065668 0.272521 87.416287 297.864032
37 46 45 0.818429 0.137809 0.043762 122.604532 288.522894
37 46 45 0.524220 0.156255 0.319525 113.683339 301.133467
37 46 45 0.838129 0.107433 0.054438 114.220294 294.449429
37 46 45 0.451132 0.539230 0.009638 124.564937 305.951762
37 46 45 0.551273 0.117776 0.330950 113.161131 303.880817
37 46 45 0.651744 0.081272 0.266984 110.364957 297.744759
37 46 45 0.116497 0.629365 0.254139 118.854719 313.239279
37 46 45 0.748574 0.152240 0.099185 118.465202 293.163797
37 46 45 0.893812 0.069892 0.036296 123.111168 288.335414
37 46 45 0.857461 0.024444 0.118096 117.847933 290.092634
37 38 46 0.940358 0.039942 0.019699 127.155679 284.775182
37 38 46 0.512471 0.068771 0.418758 128.683148 299.833081
37 38 46 0.057439 0.703652 0.238909 156.457001 295.100214
37 38 46 0.970752 0.022672 0.006576 120.965787 287.373259
37 38 46 0.124866 0.102226 0.772908 130.223434 314.780197
37 38 46 0.354487 0.199299 0.446214 130.775673 303.128989
37 38 46 0.839485 0.027102 0.133413 121.564808 287.788252
37 38 46 0.617147 0.079019 0.303834 123.574764 296.909844
37 38 46 0.824562 0.030157 0.145282 124.319556 288.534342
37 38 46 0.918352 0.081048 0.000600 122.694095 284.968794
38 47 46 0.483331 0.207289 0.309380 150.099248 303.050725
38 47 46 0.512763 0.426769 0.060468 161.882990 303.641313
38 47 46 0.574463 0.232114 0.193422 158.572763 300.278879
38 47 46 0.973957 0.016862 0.009181 159.721296 288.847496
38 47 46 0.687827 0.197797 0.114376 156.322002 295.418195
38 47 46 0.405767 0.529615 0.064618 161.519120 306.772095
38 47 46 0.280704 0.461185 0.258112 157.253173 308.824229
38 47 46 0.594459 0.352651 0.052891 159.901477 300.202938
38 47 46 0.595311 0.161596 0.243092 154.202332 296.594817
38 47 46 0.191043 0.622823 0.186134 159.006518 317.721954
38 39 47 0.568876 0.231914 0.199210 170.282405 295.020415
38 39 47 0.117521 0.015737 0.866742 166.276422 314.016581
38 39 47 0.484877 0.045005 0.470118 165.818591 305.270126
38 39 47 0.385582 0.256673 0.357746 176.100231 299.952573
38 39 47 0.985831 0.012506 0.001663 159.882097 287.503850
38 39 47 0.484690 0.003583 0.511726 167.611389 304.017986
38 39 47 0.233347 0.113857 0.652796 169.808556 307.892297
38 39 47 0.321599 0.063587 0.614814 163.802624 305.886072
38 39 47 0.870781 0.092225 0.036995 162.917175 286.739992
38 39 47 0.841648 0.152210 0.006141 165.859471 286.220351
39 48 47 0.850080 0.110912 0.039008 198.744464 295.107730
39 48 47 0.500789 0.119025 0.380186 186.745475 302.909627
39 48 47 0.828749 0.131626 0.039625 200.455453 293.236172
39 48 47 0.980245 0.007551 0.012204 203.188214 288.124717
39 48 47 0.649434 0.307687 0.042879 205.293071 301.573934
39 48 47 0.866912 0.089329 0.043759 199.884458 294.274294
39 48 47 0.807508 0.175350 0.017142 200.537150 293.569778
39 48 47 0.394680 0.443628 0.161693 198.642362 307.472854
39 48 47 0.126937 0.866158 0.006906 205.320608 320.287093
39 48 47 0.672081 0.033309 0.294610 193.851068 297.802648
39 40 48 0.617949 0.060966 0.321085 204.113981 297.063609
39 40 48 0.833347 0.158758 0.007895 205.354995 289.505329
39 40 48 0.139007 0.847280 0.013713 236.918417 286.013309
39 40 48 0.878369 0.063959 0.057673 206.656296 290.382843
39 40 48 0.332966 0.379109 0.287925 217.552117 297.491225
39 40 48 0.343639 0.132985 0.523376 210.422841 302.891917
39 40 48 0.999490 0.000465 0.000044 203.556490 288.596974
39 40 48 0.263811 0.379535 0.356654 214.851131 299.455220
39 40 48 0.989553 0.004618 0.005829 205.547935 286.515046
39 40 48 0.648595 0.217434 0.133971 214.137502 290.460375
40 49 48 0.678278 0.116794 0.204928 231.564864 300.644627
40 49 48 0.557517 0.050337 0.392146 228.036450 304.492846
40 49 48 0.484147 0.047379 0.468474 224.847839 306.618786
40 49 48 0.206845 0.184762 0.608393 219.425462 316.686941
40 49 48 0.462212 0.349347 0.188441 232.578244 306.456482
40 49 48 0.094155 0.684024 0.221821 233.330128 313.716122
40 49 48 0.872393 0.088353 0.039254 242.352648 290.555579
40 49 48 0.203983 0.679243 0.116774 234.785441 317.743336
40 49 48 0.945770 0.037080 0.017150 240.451593 289.700573
40 49 48 0.815633 0.057700 0.126667 237.802897 291.311851
40 41 49 0.850694 0.072104 0.077202 243.945590 293.970724
40 41 49 0.114757 0.694323 0.190920 274.103229 292.508279
40 41 49 0.804544 0.193198 0.002258 250.413713 291.155651
40 41 49 0.313163 0.008554 0.678284 247.850577 312.214173
40 41 49 0.104846 0.012661 0.882494 242.891113 316.200157
40 41 49 0.649286 0.015070 0.335644 247.571765 298.910770
40 41 49 0.516493 0.106472 0.377035 248.052621 299.054234
40 41 49 0.659384 0.264908 0.075709 252.972890 289.582608
40 41 49 0.822284 0.159856 0.017860 248.234809 290.292133
40 41 49 0.876373 0.024651 0.098976 241.526298 291.670294
41 50 49 0.172459 0.600862 0.226679 273.373730 317.105459
41 50 49 0.095165 0.793512 0.111323 282.834109 323.263949
41 50 49 0.710864 0.052294 0.236842 271.972552 299.443743
41 50 49 0.748945 0.178619 0.072436 282.139924 296.607620
41 50 49 0.922676 0.049201 0.028123 285.532810 289.835922
41 50 49 0.966445 0.022610 0.010945 285.631121 292.690756
41 50 49 0.177288 0.317226 0.505486 262.382689 317.932085
41 50 49 0.095273 0.336182 0.568545 261.327520 318.357098
41 50 49 0.815008 0.081929 0.103063 280.869491 295.339599
41 50 49 0.282145 0.306364 0.411492 268.350538 309.743885
41 42 50 0.492611 0.265677 0.241712 295.364637 296.212792
41 42 50 0.446645 0.510540 0.042814 306.946027 289.206245
41 42 50 0.268427 0.320020 0.411553 300.152192 305.269423
41 42 50 0.565526 0.167401 0.267073 294.428484 296.825233
41 42 50 0.726917 0.083205 0.189878 289.346144 293.870874
41 42 50 0.687221 0.151629 0.161149 290.328019 293.661362
41 42 50 0.111706 0.238876 0.649418 295.970525 309.954762
41 42 50 0.477821 0.061137 0.461042 285.861163 308.295006
41 42 50 0.647112 0.305971 0.046917 300.031542 291.362878
41 42 50 0.333322 0.015793 0.650885 285.920837 307.480250
42 51 50 0.724929 0.060553 0.214518 318.804556 296.357263
42 51 50 0.413194 0.513154 0.073651 324.135985 308.626542
42 51 50 0.619090 0.253022 0.127888 325.379405 303.384728
42 51 50 0.178937 0.479262 0.341802 311.727960 315.392306
42 51 50 0.840686 0.021187 0.138128 322.972707 290.702716
42 51 50 0.521614 0.262822 0.215563 321.068394 305.960429
42 51 50 0.089323 0.416499 0.494177 306.224553 318.303670
42 51 50 0.242786 0.449782 0.307432 314.290715 312.781780
42 51 50 0.404138 0.427018 0.168844 316.985317 309.880602
42 51 50 0.632485 0.289550 0.077965 323.611049 299.782019
42 43 51 0.273888 0.701205 0.024907 358.785526 287.371346
42 43 51 0.983864 0.001675 0.014461 327.096341 291.924667
42 43 51 0.884016 0.079548 0.036437 334.962387 287.488592
42 43 51 0.185438 0.669251 0.145311 354.592490 293.531896
42 43 51 0.365818 0.205958 0.428224 336.614401 305.356465
42 43 51 0.301415 0.635492 0.063093 355.303409 288.513110
42 43 51 0.672566 0.130257 0.197177 332.275772 289.784202
42 43 51 0.018939 0.479018 0.502043 353.833257 306.145867
42 43 51 0.295335 0.043390 0.661274 331.647399 309.586097
42 43 51 0.689474 0.258659 0.051867 340.397490 288.584437
43 52 51 0.011652 0.153885 0.834463 334.598272 320.632007
43 52 51 0.981971 0.007613 0.010415 372.021961 286.099423
43 52 51 0.866144 0.119595 0.014261 368.761900 290.119089
43 52 51 0.315761 0.673471 0.010768 371.705902 312.651417
43 52 51 0.891671 0.051018 0.057311 368.047702 287.598745
43 52 51 0.492126 0.122741 0.385133 354.661439 305.602596
43 52 51 0.166099 0.820165 0.013736 365.516613 314.914982
43 52 51 0.728431 0.033869 0.237701 363.299798 297.591276
43 52 51 0.391406 0.209349 0.399245 353.038283 309.687777
43 52 51 0.964166 0.005838 0.029996 371.651160 289.237805
43 44 52 0.462220 0.228086 0.309694 380.661785 298.105055
43 44 52 0.197825 0.492709 0.309465 388.889740 302.287632
43 44 52 0.121246 0.291901 0.586853 385.182742 307.634074
43 44 52 0.055530 0.095166 0.849304 371.131013 319.872985
43 44 52 0.485235 0.485994 0.028771 392.001293 293.908524
43 44 52 0.190571 0.299495 0.509934 383.665582 307.646296
43 44 52 0.563502 0.307181 0.129317 382.082345 296.678695
43 44 52 0.255161 0.494859 0.249980 394.989694 298.303040
43 44 52 0.500647 0.339944 0.159409 390.700431 292.759344
43 44 52 0.950902 0.043942 0.005156 372.580263 289.340012
44 53 52 0.401243 0.382074 0.216683 400.250388 312.700067
44 53 52 0.116487 0.050900 0.832613 372.699732 319.333736
44 53 52 0.284985 0.267041 0.447975 387.797003 312.162305
44 53 52 0.055064 0.920992 0.023944 406.609696 321.945167
44 53 52 0.292573 0.472960 0.234467 401.909321 315.223389
44 53 52 0.076517 0.483881 0.439602 392.781249 322.581396
44 53 52 0.788342 0.170867 0.040791 415.018211 295.297449
44 53 52 0.001494 0.812121 0.186385 401.808183 323.776569
44 53 52 0.870630 0.008641 0.120729 411.437146 294.709936
44 53 52 0.588679 0.300051 0.111271 411.054730 301.349566
45 46 54 0.719940 0.250998 0.029062 100.365850 320.045526
45 46 54 0.115889 0.089673 0.794437 105.060163 338.216741
45 46 54 0.012665 0.663920 0.323415 120.702713 328.850361
45 46 54 0.114572 0.402226 0.483202 112.824829 328.481024
45 46 54 0.214371 0.003746 0.781883 100.093131 334.807509
45 46 54 0.816932 0.112554 0.070513 95.561353 320.788511
45 46 54 0.333909 0.181095 0.484996 105.569495 325.395518
45 46 54 0.459950 0.493681 0.046370 109.056830 321.395751
45 46 54 0.144405 0.634701 0.220894 117.737173 318.642246
45 46 54 0.224503 0.462408 0.313088 110.331569 328.146862
46 55 54 0.791297 0.000770 0.207933 124.747576 327.297469
46 55 54 0.573320 0.409403 0.017277 134.770682 332.162032
46 55 54 0.126519 0.827907 0.045574 134.582955 337.485517
46 55 54 0.296483 0.012776 0.690741 112.976527 336.156743
46 55 54 0.864259 0.120655 0.015086 134.321806 319.383164
46 55 54 0.150917 0.733423 0.115659 131.791637 336.141978
46 55 54 0.808033 0.186621 0.005346 132.917988 321.919447
46 55 54 0.303856 0.433436 0.262708 124.708108 333.493266
46 55 54 0.196979 0.276893 0.526128 118.057713 335.927977
46 55 54 0.872796 0.096731 0.030473 127.844852 320.404239
46 47 55 0.248558 0.059785 0.691657 131.335945 333.603531
46 47 55 0.756726 0.117776 0.125498 132.824395 320.612746
46 47 55 0.118614 0.880022 0.001364 162.101399 323.466582
46 47 55 0.617110 0.292351 0.090539 139.540897 325.688692
46 47 55 0.222523 0.528104 0.249373 152.249995 322.319840
46 47 55 0.243529 0.666312 0.090159 154.887680 327.257331
46 47 55 0.385633 0.520683 0.093683 148.200239 325.448260
46 47 55 0.846579 0.139089 0.014332 132.732433 316.974218
46 47 55 0.926038 0.044338 0.029624 131.873237 318.577116
46 47 55 0.477932 0.060646 0.461422 135.163668 332.964827
47 56 55 0.243752 0.221975 0.534273 153.991737 338.359069
47 56 55 0.751921 0.062326 0.185753 160.969739 326.776645
47 56 55 0.723573 0.227747 0.048680 168.991391 330.752058
47 56 55 0.562580 0.174307 0.263112 162.524934 330.951896
47 56 55 0.496819 0.012230 0.490950 154.529021 332.179457
47 56 55 0.595850 0.005404 0.398746 156.665927 329.018195
47 56 55 0.745627 0.225980 0.028393 168.847329 324.311753
47 56 55 0.643507 0.062059 0.294434 163.924984 327.657360
47 56 55 0.405771 0.508808 0.085421 170.501672 335.304572
47 56 55 0.188906 0.055724 0.755371 146.094895 336.805270
47 48 56 0.518566 0.416527 0.064906 186.990869 324.529716
47 48 56 0.443496 0.198426 0.358078 178.275755 328.634234
47 48 56 0.815736 0.049588 0.134675 170.940034 324.514296
47 48 56 0.852757 0.101315 0.045928 172.771223 322.418268
47 48 56 0.757355 0.213098 0.029547 176.605273 320.029359
47 48 56 0.826391 0.021664 0.151945 167.245550 324.561169
47 48 56 0.085274 0.521652 0.393073 191.148892 330.142667
47 48 56 0.950362 0.006156 0.043482 162.457929 323.359694
47 48 56 0.790037 0.096754 0.113209 169.555780 324.878546
47 48 56 0.824314 0.067648 0.108038 172.004304 320.169731
48 57 56 0.431113 0.038564 0.530324 185.003912 332.567331
48 57 56 0.912408 0.071032 0.016560 206.914905 326.378340
48 57 56 0.775389 0.083736 0.140875 205.378812 328.702451
48 57 56 0.813750 0.073226 0.113024 202.199104 328.312893
48 57 56 0.432024 0.005827 0.562149 185.082732 336.796573
48 57 56 0.178846 0.320481 0.500673 192.156925 341.359635
48 57 56 0.110479 0.236928 0.652593 190.003974 340.448746
48 57 56 0.947046 0.039428 0.013526 203.875106 318.318494
48 57 56 0.577263 0.379587 0.043150 202.167217 333.733696
48 57 56 0.653428 0.063479 0.283093 193.641747 332.454611
48 49 57 0.668785 0.011096 0.320120 207.240737 329.648752
48 49 57 0.108021 0.875446 0.016533 236.607103 319.520899
48 49 57 0.564633 0.324870 0.110497 216.126177 324.412865
48 49 57 0.328650 0.311720 0.359631 216.308854 331.462732
48 49 57 0.690031 0.295754 0.014215 214.330334 322.669888
48 49 57 0.000774 0.617784 0.381442 232.414249 328.584523
48 49 57 0.158623 0.185228 0.656149 214.445733 336.836710
48 49 57 0.692735 0.030031 0.277235 206.503922 328.681561
48 49 57 0.906646 0.052639 0.040716 205.732681 321.378753
48 49 57 0.958197 0.012651 0.029152 201.881833 321.775898
49 58 57 0.181587 0.198505 0.619909 225.939280 339.823880
49 58 57 0.131044 0.723154 0.145802 236.770213 341.330124
49 58 57 0.803362 0.093645 0.102993 236.449025 325.544369
49 58 57 0.521642 0.171693 0.306665 233.016746 333.588642
49 58 57 0.946724 0.033903 0.019373 242.017928 321.947761
49 58 57 0.415353 0.390805 0.193842 236.448124 333.209408
49 58 57 0.372903 0.438268 0.188829 240.938207 332.440057
49 58 57 0.861860 0.058426 0.079714 240.532097 326.629533
49 58 57 0.777627 0.076031 0.146342 237.314455 323.603871
49 58 57 0.801255 0.032514 0.166231 237.977324 325.380726
49 50 58 0.351917 0.595977 0.052105 270.267313 326.914611
49 50 58 0.157900 0.625444 0.216656 272.520046 323.768756
49 50 58 0.687807 0.035856 0.276337 244.555895 330.320275
49 50 58 0.529788 0.023259 0.446953 247.206402 329.722451
49 50 58 0.449280 0.106527 0.444192 252.774923 334.378564
49 50 58 0.749625 0.165917 0.084458 250.523767 324.914059
49 50 58 0.067612 0.169748 0.762640 253.496410 339.311249
49 50 58 0.783225 0.071786 0.144990 247.283639 325.017652
49 50 58 0.422756 0.311404 0.265840 258.257180 326.475940
49 50 58 0.852722 0.123448 0.023830 251.122825 324.725807
50 59 58 0.256413 0.351323 0.392265 270.568076 340.444453
50 59 58 0.981051 0.000783 0.018166 285.647028 318.121932
50 59 58 0.708940 0.127938 0.163122 277.835173 329.509763
50 59 58 0.773584 0.120537 0.105878 279.416272 324.988613
50 59 58 0.707647 0.168405 0.123948 278.380165 328.753101
50 59 58 0.017529 0.746268 0.236203 275.524991 344.421468
50 59 58 0.288515 0.577943 0.133543 282.364755 338.346017
50 59 58 0.636483 0.360498 0.003019 284.223299 332.470046
50 59 58 0.744907 0.064068 0.191025 275.111768 326.723394
50 59 58 0.021959 0.949273 0.028769 279.916003 346.937421
50 51 59 0.382509 0.464839 0.152652 304.599227 328.594976
50 51 59 0.938374 0.026372 0.035254 284.979085 321.517856
50 51 59 0.915965 0.069770 0.014265 285.392797 321.678708
50 51 59 0.101684 0.306113 0.592204 295.238258 340.159992
50 51 59 0.450493 0.310174 0.239333 296.493432 327.243631
50 51 59 0.585034 0.240594 0.174372 293.762542 327.940311
50 51 59 0.206480 0.047158 0.746362 289.148803 341.418460
50 51 59 0.710456 0.287528 0.002016 299.500564 319.476001
50 51 59 0.046324 0.793536 0.160140 314.689843 326.102375
50 51 59 0.495267 0.274415 0.230318 296.146422 325.250242
51 60 59 0.346621 0.003866 0.649512 295.870786 337.221785
51 60 59 0.482966 0.166734 0.350300 309.336029 334.726454
51 60 59 0.846812 0.004306 0.148882 318.662869 327.370260
51 60 59 0.456406 0.109848 0.433746 303.577950 338.790245
51 60 59 0.432635 0.062813 0.504551 307.263564 340.056670
51 60 59 0.226387 0.258738 0.514876 301.978796 344.340793
51 60 59 0.762454 0.187362 0.050184 320.767248 328.461895
51 60 59 0.025683 0.032611 0.941706 282.939835 344.450403
51 60 59 0.220775 0.042753 0.736473 291.975310 341.708372
51 60 59 0.408806 0.028792 0.562402 299.246246 336.812326
51 52 60 0.314199 0.069505 0.616297 328.340400 341.713208
51 52 60 0.324222 0.280927 0.394851 333.657095 331.398777
51 52 60 0.829556 0.049116 0.121328 326.974598 323.764775
51 52 60 0.100035 0.484112 0.415853 343.643489 331.902896
51 52 60 0.179518 0.475764 0.344719 344.072346 333.196094
51 52 60 0.222989 0.134485 0.642526 329.085861 340.936272
51 52 60 0.437471 0.289748 0.272781 336.800845 331.370017
51 52 60 0.369190 0.533514 0.097296 347.085316 327.249060
51 52 60 0.778920 0.095547 0.125533 328.416929 325.106862
51 52 60 0.769983 0.193027 0.036990 330.882806 324.792810
52 61 60 0.294446 0.438914 0.266641 353.362457 341.846129
52 61 60 0.068532 0.838164 0.093304 355.616460 345.466478
52 61 60 0.409780 0.155977 0.434243 345.133725 339.367337
52 61 60 0.162500 0.473119 0.364382 348.442565 345.265638
52 61 60 0.673277 0.218281 0.108442 357.890342 330.623173
52 61 60 0.488991 0.085274 0.425735 344.406183 335.243650
52 61 60 0.542791 0.336174 0.121036 355.422243 333.278078
52 61 60 0.944266 0.027938 0.027796 362.345838 323.704317
52 61 60 0.856722 0.021538 0.121740 359.902392 327.600774
52 61 60 0.044446 0.427917 0.527637 340.922573 345.528715
52 53 61 0.718903 0.280368 0.000729 376.867262 323.759724
52 53 61 0.430661 0.371502 0.197837 382.252405 329.288035
52 53 61 0.305729 0.594695 0.099576 391.279812 328.445734
52 53 61 0.742911 0.122290 0.134799 371.945294 326.009501
52 53 61 0.909424 0.004577 0.085999 363.763469 326.278693
52 53 61 0.115400 0.059096 0.825504 363.495219 345.048213
52 53 61 0.388892 0.201164 0.409943 370.268205 336.559758
52 53 61 0.633457 0.003263 0.363280 365.578302 331.657504
52 53 61 0.995782 0.003559 0.000658 365.753607 323.699581
52 53 61 0.486481 0.410233 0.103286 387.576967 328.646992
53 62 61 0.240425 0.666365 0.093210 398.025742 343.040149
53 62 61 0.484930 0.494889 0.020181 407.016006 338.612638
53 62 61 0.280138 0.320438 0.399424 385.269649 341.419548
53 62 61 0.420179 0.133751 0.446070 384.531343 339.072160
53 62 61 0.998925 0.000179 0.000896 410.914950 322.373132
53 62 61 0.547101 0.058448 0.394452 385.989391 334.225574
53 62 61 0.136196 0.577559 0.286245 394.838819 346.255598
53 62 61 0.569739 0.409795 0.020466 405.377861 336.771175
53 62 61 0.415065 0.231948 0.352988 388.938375 339.146581
53 62 61 0.396788 0.446815 0.156397 398.327017 339.569142
54 55 63 0.555515 0.172071 0.272414 111.752092 342.892055
54 55 63 0.878869 0.067562 0.053569 104.721384 340.098105
54 55 63 0.651408 0.205125 0.143468 111.299621 344.401396
54 55 63 0.213052 0.718111 0.068837 124.013772 343.463283
54 55 63 0.792819 0.184604 0.022577 110.311338 338.613794
54 55 63 0.759816 0.119268 0.120916 112.518619 342.745890
54 55 63 0.226071 0.041872 0.732058 114.178483 348.723564
54 55 63 0.849704 0.120502 0.029794 111.340884 339.956310
54 55 63 0.662411 0.268956 0.068633 117.296604 343.023050
54 55 63 0.939815 0.017642 0.042543 108.146057 339.722157
55 64 63 0.759977 0.019563 0.220461 131.281025 342.940402
55 64 63 0.921180 0.016692 0.062128 134.358241 345.794858
55 64 63 0.863335 0.073993 0.062672 136.152866 345.931918
55 64 63 0.616790 0.079672 0.303538 132.834763 345.490918
55 64 63 0.076909 0.656524 0.266567 138.154994 353.601378
55 64 63 0.321171 0.492164 0.186666 137.140462 351.350232
55 64 63 0.166531 0.782144 0.051325 144.450826 353.344334
55 64 63 0.316738 0.324038 0.359224 132.837060 354.089585
55 64 63 0.681346 0.236239 0.082414 139.770649 345.536900
55 64 63 0.395750 0.069953 0.534297 125.486356 353.079801
55 56 64 0.040240 0.305991 0.653769 153.387929 355.507800
55 56 64 0.607374 0.073409 0.319217 144.372763 349.373388
55 56 64 0.460184 0.446039 0.093777 154.919132 343.446951
55 56 64 0.002474 0.989224 0.008301 174.390145 343.636179
55 56 64 0.927714 0.001228 0.071057 139.721918 346.801087
55 56 64 0.187715 0.168736 0.643549 151.954691 353.189218
55 56 64 0.444665 0.515406 0.039930 158.177830 342.332041
55 56 64 0.331916 0.071207 0.596877 147.266664 349.779809
55 56 64 0.492040 0.426771 0.081188 155.977559 341.235683
55 56 64 0.356887 0.240228 0.402886 149.253088 348.007252
56 65 64 0.010192 0.870221 0.119587 178.283931 354.385993
56 65 64 0.785755 0.031507 0.182738 165.298542 348.365344
56 65 64 0.323053 0.174759 0.502188 162.398800 353.562160
56 65 64 0.184591 0.071701 0.743707 155.105537 354.215007
56 65 64 0.034419 0.110820 0.854761 154.550453 356.820691
56 65 64 0.111533 0.641504 0.246963 174.348409 356.496105
56 65 64 0.086838 0.822185 0.090976 176.891088 352.994540
56 65 64 0.066128 0.420252 0.513620 167.111460 357.854987
56 65 64 0.263285 0.049709 0.687006 157.537077 352.568206
56 65 64 0.046988 0.847272 0.105740 175.696158 354.314408
56 57 65 0.420171 0.560623 0.019206 192.715391 347.375704
56 57 65 0.691340 0.143586 0.165074 181.567724 347.384735
56 57 65 0.979609 0.005970 0.014421 177.320184 343.001255
56 57 65 0.893359 0.038362 0.068279 178.734364 340.268726
56 57 65 0.956118 0.012985 0.030897 179.321398 347.161923
56 57 65 0.877262 0.032768 0.089971 175.570030 347.083527
56 57 65 0.163681 0.511845 0.324475 195.106946 349.779772
56 57 65 0.809737 0.086737 0.103526 179.799807 342.352354
56 57 65 0.464367 0.262738 0.272895 186.143563 348.264967
56 57 65 0.661669 0.048844 0.289486 174.416630 348.840954
57 66 65 0.029763 0.200685 0.769552 190.073385 358.530555
57 66 65 0.338520 0.065780 0.595700 192.569713 352.984954
57 66 65 0.113662 0.595815 0.290523 202.949615 360.061722
57 66 65 0.234740 0.577312 0.187948 211.662594 351.724971
57 66 65 0.986010 0.004889 0.009101 208.556067 343.417760
57 66 65 0.453220 0.478808 0.067972 214.804282 351.241994
57 66 65 0.951217 0.028010 0.020774 215.016380 344.044646
57 66 65 0.092003 0.426099 0.481898 196.089474 353.521042
57 66 65 0.981395 0.017654 0.000951 210.021748 345.749082
57 66 65 0.852746 0.079843 0.067411 208.423888 344.059864
57 58 66 0.112541 0.426627 0.460832 225.945060 351.673167
57 58 66 0.872616 0.045103 0.082281 214.111842 346.830471
57 58 66 0.306061 0.393978 0.299961 226.251124 351.620571
57 58 66 0.619704 0.117748 0.262547 217.135407 346.424141
57 58 66 0.872918 0.057879 0.069203 211.717961 344.248987
57 58 66 0.962390 0.034601 0.003009 212.859368 346.109171
57 58 66 0.960442 0.009176 0.030381 212.194148 340.727474
57 58 66 0.845899 0.149487 0.004614 215.654236 341.451127
57 58 66 0.198639 0.245985 0.555376 222.970975 353.334072
57 58 66 0.183160 0.527687 0.289154 230.677071 350.883210
58 67 66 0.043821 0.231254 0.724925 229.055103 354.535373
58 67 66 0.237072 0.658821 0.104107 245.327031 354.189311
58 67 66 0.764848 0.120073 0.115079 242.275510 349.160766
58 67 66 0.093915 0.527241 0.378844 240.081571 357.896315
58 67 66 0.863804 0.094571 0.041625 245.013762 349.457676
58 67 66 0.677711 0.151184 0.171105 239.806300 349.798814
58 67 66 0.256837 0.243286 0.499877 230.494439 351.505799
58 67 66 0.883260 0.037504 0.079235 245.766465 345.610886
58 67 66 0.576882 0.236552 0.186566 240.272875 350.225962
58 67 66 0.488099 0.000175 0.511726 230.013949 351.565344
58 59 67 0.533110 0.392209 0.074681 258.392114 345.859797
58 59 67 0.454747 0.120846 0.424407 250.928531 349.740486
58 59 67 0.812376 0.019822 0.167802 249.757572 348.620964
58 59 67 0.958611 0.011443 0.029946 245.641198 344.447808
58 59 67 0.380014 0.357041 0.262944 260.117089 353.221527
58 59 67 0.431422 0.122155 0.446423 254.506854 351.633636
58 59 67 0.031891 0.594062 0.374047 266.344272 352.549601
58 59 67 0.747490 0.086673 0.165838 255.279869 349.036322
58 59 67 0.495556 0.089673 0.414771 252.861136 350.927633
58 59 67 0.707570 0.018066 0.274364 250.063777 352.646239
59 68 67 0.081345 0.914237 0.004418 284.779363 359.061416
59 68 67 0.072127 0.535341 0.392532 271.392987 357.290257
59 68 67 0.241724 0.144000 0.614276 259.327695 361.125268
59 68 67 0.715262 0.261148 0.023590 284.630142 347.950841
59 68 67 0.702953 0.289945 0.007102 284.705112 349.385640
59 68 67 0.381362 0.146497 0.472141 270.653668 356.527652
59 68 67 0.043657 0.010938 0.945406 253.701733 357.058169
59 68 67 0.793884 0.034490 0.171626 281.772727 350.251792
59 68 67 0.479704 0.384870 0.135426 279.275576 353.847637
59 68 67 0.544278 0.239147 0.216574 279.334070 353.116742
59 60 68 0.930744 0.008328 0.060928 286.036167 350.907283
59 60 68 0.100089 0.657075 0.242836 308.209779 351.076249
59 60 68 0.755852 0.118664 0.125484 288.510853 349.371229
59 60 68 0.795928 0.040996 0.163076 283.986276 350.077276
59 60 68 0.306019 0.381914 0.312067 295.538471 354.421687
59 60 68 0.743780 0.239462 0.016758 294.289159 344.698865
59 60 68 0.986330 0.004124 0.009546 283.106723 344.782574
59 60 68 0.135712 0.326458 0.537830 296.271663 358.812285
59 60 68 0.042360 0.785457 0.172183 310.335551 350.110269
59 60 68 0.305560 0.069104 0.625336 285.113014 354.160633
60 69 68 0.478227 0.497466 0.024307 320.327535 355.248917
60 69 68 0.626957 0.060978 0.312065 307.015223 356.371646
60 69 68 0.804034 0.194048 0.001918 321.573670 350.349926
60 69 68 0.466852 0.262270 0.270878 312.605975 355.945902
60 69 68 0.905100 0.094252 0.000648 318.274456 352.002889
60 69 68 0.865151 0.019293 0.115555 319.596829 352.438538
60 69 68 0.056924 0.281530 0.661546 291.724565 362.715170
60 69 68 0.541023 0.437659 0.021318 318.819356 356.887423
60 69 68 0.195188 0.651834 0.152978 309.599594 360.158826
60 69 68 0.719350 0.256067 0.024583 320.974466 353.189405
60 61 69 0.540435 0.372717 0.086847 335.774524 352.789457
60 61 69 0.120323 0.114512 0.765165 320.926676 356.608547
60 61 69 0.144950 0.509294 0.345756 340.000748 352.767477
60 61 69 0.284154 0.264239 0.451607 329.889690 356.327961
60 61 69 0.210399 0.055069 0.734532 317.711894 361.512277
60 61 69 0.326473 0.669445 0.004082 344.872182 347.508616
60 61 69 0.913169 0.019785 0.067046 317.790157 348.812389
60 61 69 0.529721 0.080237 0.390042 315.552956 355.274721
60 61 69 0.258605 0.342708 0.398687 331.905836 352.340480
60 61 69 0.415466 0.234514 0.350020 326.086238 351.463172
61 70 69 0.995202 0.003195 0.001603 361.994753 350.602878
61 70 69 0.883609 0.086143 0.030248 357.837335 354.196336
61 70 69 0.118449 0.835943 0.045608 347.865047 360.297157
61 70 69 0.968803 0.029862 0.001335 359.031531 349.717376
61 70 69 0.527927 0.100197 0.371877 341.234411 356.159878
61 70 69 0.190234 0.143401 0.666365 332.024945 359.549965
61 70 69 0.044494 0.096668 0.858837 321.457621 363.455980
61 70 69 0.361115 0.244847 0.394038 344.439192 353.364262
61 70 69 0.000014 0.035693 0.964293 317.403647 365.052782
61 70 69 0.087700 0.688117 0.224182 346.242042 362.213791
61 62 70 0.398255 0.485648 0.116096 380.218675 349.690579
61 62 70 0.914777 0.048681 0.036542 362.465340 350.710603
61 62 70 0.783897 0.174739 0.041364 364.910670 350.997688
61 62 70 0.000543 0.905676 0.093781 396.562827 347.813638
61 62 70 0.362644 0.211923 0.425433 364.102770 355.013595
61 62 70 0.255844 0.469408 0.274748 376.226880 351.428024
61 62 70 0.816536 0.112955 0.070508 366.736139 352.135693
61 62 70 0.341913 0.070681 0.587406 356.674494 357.780047
61 62 70 0.526750 0.305017 0.168233 371.674651 352.071098
61 62 70 0.545353 0.377706 0.076941 377.935926 351.250689
62 71 70 0.388291 0.031469 0.580240 374.287152 356.165844
62 71 70 0.752738 0.214021 0.033241 395.202109 351.197947
62 71 70 0.780489 0.099109 0.120401 392.683114 352.122906
62 71 70 0.859428 0.090356 0.050215 393.428030 352.976764
62 71 70 0.078210 0.693313 0.228477 382.672454 364.311735
62 71 70 0.121164 0.600926 0.277910 381.380919 366.277813
62 71 70 0.618077 0.021972 0.359951 382.838477 353.973635
62 71 70 0.271550 0.042720 0.685729 367.854818 361.781276
62 71 70 0.958667 0.002098 0.039235 399.682655 354.901698
62 71 70 0.372743 0.429079 0.198178 386.279185 358.748486
63 64 72 0.377326 0.289711 0.332963 124.730888 355.335456
63 64 72 0.634440 0.062034 0.303526 122.860147 357.633669
63 64 72 0.792761 0.030280 0.176959 120.370908 358.326466
63 64 72 0.537160 0.244529 0.218310 126.050591 357.391799
63 64 72 0.782033 0.017188 0.200779 121.135201 354.745462
63 64 72 0.986000 0.011391 0.002609 118.369733 355.608563
63 64 72 0.022030 0.252694 0.725277 134.871971 361.848111
63 64 72 0.461969 0.074772 0.463259 119.361023 361.697488
63 64 72 0.161043 0.093411 0.745546 123.785099 362.841767
63 64 72 0.061648 0.079474 0.858879 127.635588 362.697793
64 73 72 0.277875 0.534885 0.187240 146.324991 363.082128
64 73 72 0.993000 0.001210 0.005791 145.457686 357.505470
64 73 72 0.928755 0.015420 0.055824 146.978325 358.133733
64 73 72 0.721890 0.194894 0.083216 149.094928 356.546566
64 73 72 0.861011 0.013238 0.125751 146.100927 359.705445
64 73 72 0.841913 0.035579 0.122508 144.086623 361.753909
64 73 72 0.384611 0.313884 0.301505 144.289986 361.485200
64 73 72 0.060664 0.621481 0.317855 146.726559 364.562986
64 73 72 0.576418 0.106399 0.317184 142.850307 359.211027
64 73 72 0.544503 0.313339 0.142157 146.636711 359.846040
64 65 73 0.592115 0.216409 0.191476 156.317662 357.451173
64 65 73 0.829424 0.164029 0.006547 156.504591 355.761503
64 65 73 0.221523 0.433469 0.345008 163.413108 359.913439
64 65 73 0.626856 0.061153 0.311991 154.266392 360.208801
64 65 73 0.239709 0.675982 0.084309 174.426109 358.405278
64 65 73 0.630742 0.236646 0.132612 158.490791 359.940487
64 65 73 0.295641 0.000770 0.703590 158.226869 363.121247
64 65 73 0.055583 0.602881 0.341536 171.157845 358.697271
64 65 73 0.031458 0.021114 0.947428 157.534275 365.303090
64 65 73 0.748790 0.156108 0.095101 152.093617 357.313654
65 74 73 0.474535 0.273274 0.252192 176.214459 360.185332
65 74 73 0.089967 0.745005 0.165028 185.009698 364.064944
65 74 73 0.567146 0.013250 0.419603 167.555420 359.450412
65 74 73 0.327137 0.304727 0.368136 175.054988 363.733063
65 74 73 0.444820 0.165967 0.389214 171.752598 364.519821
65 74 73 0.947978 0.035869 0.016153 183.727772 359.579035
65 74 73 0.453804 0.487584 0.058613 184.766670 361.708653
65 74 73 0.613020 0.378920 0.008060 183.957966 358.163828
65 74 73 0.341543 0.115546 0.542911 170.056477 360.996821
65 74 73 0.700761 0.021178 0.278061 173.264588 362.041554
65 66 74 0.309178 0.312013 0.378809 192.570925 359.189319
65 66 74 0.806033 0.103652 0.090315 187.771111 359.399826
65 66 74 0.301310 0.361087 0.337603 194.536774 359.415455
65 66 74 0.863271 0.021037 0.115692 181.933090 360.172416
65 66 74 0.667958 0.048414 0.283629 183.538832 364.174207
65 66 74 0.118617 0.085562 0.795821 190.727558 362.434168
65 66 74 0.368707 0.607659 0.023634 204.830600 358.560834
65 66 74 0.453115 0.233908 0.312977 193.463294 358.605546
65 66 74 0.105769 0.612468 0.281763 204.898919 361.235814
65 66 74 0.247247 0.407943 0.344810 194.706436 361.118972
66 75 74 0.071730 0.361648 0.566622 202.926989 362.019274
66 75 74 0.795488 0.111415 0.093097 214.203033 356.973198
66 75 74 0.047487 0.030200 0.922313 193.761442 366.324466
66 75 74 0.417790 0.029455 0.552755 202.084113 362.533759
66 75 74 0.629657 0.317750 0.052593 215.875398 360.324361
66 75 74 0.975821 0.006498 0.017682 216.499888 356.766653
66 75 74 0.382015 0.269084 0.348901 206.488113 364.922962
66 75 74 0.403911 0.056196 0.539893 203.615191 363.896263
66 75 74 0.946309 0.032744 0.020947 212.698795 354.919291
66 75 74 0.340347 0.382700 0.276953 209.689021 358.877274
66 67 75 0.780929 0.096473 0.122598 217.846382 356.700615
66 67 75 0.244820 0.329825 0.425356 230.981118 362.494630
66 67 75 0.393820 0.121320 0.484861 220.365961 365.320416
66 67 75 0.916464 0.052707 0.030829 221.069645 358.580774
66 67 75 0.972346 0.010513 0.017141 215.451625 357.494012
66 67 75 0.305365 0.371777 0.322858 230.408729 365.121952
66 67 75 0.596475 0.029967 0.373558 218.905809 360.795252
66 67 75 0.071792 0.287149 0.641059 228.764556 365.602815
66 67 75 0.480404 0.374596 0.145000 228.140296 361.362961
66 67 75 0.168590 0.532597 0.298812 232.863580 361.867463
67 76 75 0.426866 0.051555 0.521579 237.616104 361.616438
67 76 75 0.394061 0.474843 0.131096 245.658996 363.524072
67 76 75 0.806504 0.192402 0.001094 249.397972 364.353824
67 76 75 0.305540 0.182572 0.511887 236.663350 366.063522
67 76 75 0.735372 0.068692 0.195935 242.861309 359.866608
67 76 75 0.900144 0.047307 0.052548 249.659527 359.220413
67 76 75 0.224808 0.392347 0.382845 238.859231 362.780558
67 76 75 0.268959 0.153050 0.577990 232.907475 364.179353
67 76 75 0.598482 0.116475 0.285042 241.705857 361.670445
67 76 75 0.961567 0.022966 0.015467 246.997335 354.992727
67 68 76 0.854982 0.067291 0.077727 253.821452 360.593676
67 68 76 0.373105 0.411745 0.215150 264.582018 362.590595
67 68 76 0.985756 0.005404 0.008840 248.353737 355.324086
67 68 76 0.554805 0.254717 0.190478 261.142747 363.008617
67 68 76 0.363063 0.403838 0.233100 265.031090 361.109671
67 68 76 0.907356 0.087267 0.005378 250.391511 358.761158
67 68 76 0.725710 0.024639 0.249651 249.256709 364.370954
67 68 76 0.978260 0.020518 0.001222 251.448253 359.361895
67 68 76 0.022094 0.376642 0.601263 262.035752 364.380052
67 68 76 0.462558 0.283994 0.253448 259.203763 361.642916
68 77 76 0.924681 0.019453 0.055865 282.732456 361.008815
68 77 76 0.956669 0.001621 0.041710 281.205007 357.546086
68 77 76 0.927807 0.023633 0.048560 283.353259 358.267487
68 77 76 0.299163 0.119308 0.581529 263.560751 364.269827
68 77 76 0.721823 0.016295 0.261882 276.969546 360.729365
68 77 76 0.693454 0.040421 0.266126 272.347851 364.676607
68 77 76 0.956736 0.032578 0.010686 284.667356 360.775249
68 77 76 0.699524 0.177239 0.123237 278.726653 362.950405
68 77 76 0.883728 0.063327 0.052945 280.233190 363.134987
68 77 76 0.600513 0.097587 0.301900 272.355383 363.247856
68 69 77 0.862071 0.014709 0.123220 283.342589 362.393083
68 69 77 0.957764 0.009277 0.032959 285.011992 359.367301
68 69 77 0.109930 0.416513 0.473557 296.126563 369.945457
68 69 77 0.062853 0.561627 0.375520 298.784350 362.598589
68 69 77 0.235211 0.388584 0.376205 295.214167 364.065015
68 69 77 0.644397 0.296689 0.058914 294.614066 363.877179
68 69 77 0.101374 0.527603 0.371023 298.022843 366.219337
68 69 77 0.672052 0.285340 0.042608 290.824604 365.545029
68 69 77 0.020505 0.650185 0.329310 305.427409 362.074159
68 69 77 0.968972 0.001884 0.029144 283.033346 358.674654
69 78 77 0.475288 0.054005 0.470707 299.854969 365.191314
69 78 77 0.127461 0.581117 0.291422 305.352942 368.990658
69 78 77 0.665599 0.307225 0.027176 312.439523 366.369614
69 78 77 0.398886 0.025723 0.575391 298.320426 363.535128
69 78 77 0.852383 0.006944 0.140673 309.319642 365.516962
69 78 77 0.944154 0.047185 0.008661 313.123698 367.813723
69 78 77 0.146420 0.001907 0.851673 291.095863 367.076602
69 78 77 0.545616 0.354842 0.099542 316.776925 368.413225
69 78 77 0.647418 0.048297 0.304285 303.302282 365.061457
69 78 77 0.917696 0.056511 0.025793 317.793715 362.921010
69 70 78 0.216803 0.521039 0.262158 334.552752 363.072896
69 70 78 0.079822 0.478694 0.441484 331.291634 363.135220
69 70 78 0.973694 0.005292 0.021014 318.045505 364.379634
69 70 78 0.735695 0.045848 0.218457 319.088564 366.217248
69 70 78 0.603578 0.023129 0.373293 316.395955 364.999819
69 70 78 0.046494 0.267679 0.685827 326.181251 370.732198
69 70 78 0.190710 0.184214 0.625077 322.939514 365.258853
69 70 78 0.038656 0.005779 0.955565 318.269988 367.247459
69 70 78 0.365673 0.232617 0.401710 321.192442 365.977243
69 70 78 0.997932 0.001659 0.000408 315.548837 363.530155
70 79 78 0.637613 0.101912 0.260474 344.782788 366.975204
70 79 78 0.287893 0.391044 0.321063 336.171586 369.845072
70 79 78 0.644953 0.101150 0.253898 345.482807 366.014133
70 79 78 0.070965 0.911272 0.017762 348.525723 372.760215
70 79 78 0.716225 0.140497 0.143278 348.668572 369.377603
70 79 78 0.688853 0.121961 0.189186 346.030861 368.765638
70 79 78 0.392064 0.368090 0.239846 340.571656 364.022014
70 79 78 0.301929 0.170025 0.528046 333.567094 369.718942
70 79 78 0.774464 0.073696 0.151839 347.007272 367.924337
70 79 78 0.703975 0.269556 0.026469 348.504888 369.930359
70 71 79 0.813230 0.087599 0.099171 354.284546 363.802817
70 71 79 0.971301 0.015163 0.013536 355.106137 368.795137
70 71 79 0.855785 0.049666 0.094549 356.440405 368.216555
70 71 79 0.390990 0.540153 0.068856 372.690052 364.743254
70 71 79 0.426065 0.303931 0.270004 365.161173 367.245060
70 71 79 0.021143 0.818184 0.160673 382.991647 370.873697
70 71 79 0.271620 0.183812 0.544568 355.318307 371.830557
70 71 79 0.547663 0.409637 0.042700 365.859839 365.604052
70 71 79 0.991447 0.005495 0.003058 352.303555 364.327929
70 71 79 0.550812 0.073890 0.375298 354.536953 368.811579
71 80 79 0.551378 0.323751 0.124871 384.547807 367.742530
71 80 79 0.618087 0.355660 0.026253 386.845417 367.835832
71 80 79 0.197676 0.571076 0.231248 378.931385 380.247385
71 80 79 0.165423 0.163610 0.670966 363.842095 375.280374
71 80 79 0.080194 0.526786 0.393020 368.701369 374.098225
71 80 79 0.845077 0.032477 0.122447 385.172737 364.944058
71 80 79 0.222431 0.375759 0.401810 371.399238 373.043662
71 80 79 0.472329 0.116432 0.411239 373.567677 370.860540
71 80 79 0.484447 0.490534 0.025019 387.960571 371.656815
71 80 79 0.526994 0.465234 0.007772 385.253993 370.548173
