0 1 9 0.373010 0.552428 0.074562 123.562445 140.365543
0 1 9 0.908783 0.087249 0.003968 106.697845 134.339240
0 1 9 0.308845 0.274787 0.416368 111.895693 145.591930
0 1 9 0.514636 0.237140 0.248224 111.779520 141.198181
0 1 9 0.816176 0.097694 0.086130 111.950791 140.937005
0 1 9 0.754464 0.243052 0.002483 115.819242 133.932013
0 1 9 0.883368 0.109015 0.007617 107.663271 140.551534
0 1 9 0.269673 0.005290 0.725037 96.258910 154.321291
0 1 9 0.176581 0.757874 0.065545 130.615349 141.912978
0 1 9 0.808645 0.133120 0.058234 107.250730 139.767439
1 10 9 0.501963 0.296196 0.201841 126.814672 145.981433
1 10 9 0.641077 0.178184 0.180739 128.790806 149.279820
1 10 9 0.788484 0.011474 0.200042 129.089643 141.542541
1 10 9 0.167785 0.418888 0.413327 118.030667 162.626060
1 10 9 0.474347 0.496369 0.029283 135.976870 149.980409
1 10 9 0.094680 0.170022 0.735298 104.701337 157.674460
1 10 9 0.388406 0.509408 0.102186 133.616636 152.368809
1 10 9 0.797586 0.073382 0.129032 132.900352 142.555453
1 10 9 0.531388 0.097360 0.371252 122.978176 147.346272
1 10 9 0.173506 0.666790 0.159705 129.246621 159.746546
1 2 10 0.640031 0.257661 0.102308 147.497134 142.492252
1 2 10 0.064592 0.701578 0.233830 159.006962 147.124446
1 2 10 0.516087 0.337866 0.146047 152.087350 144.665175
1 2 10 0.018243 0.769882 0.211874 166.529622 142.599417
1 2 10 0.582929 0.161940 0.255131 145.882993 141.951278
1 2 10 0.980003 0.003361 0.016635 140.556243 140.504941
1 2 10 0.686364 0.115400 0.198236 141.385650 141.634273
1 2 10 0.501632 0.318189 0.180179 150.792922 141.969351
1 2 10 0.729069 0.213958 0.056973 146.770867 138.592577
1 2 10 0.523151 0.231017 0.245832 141.785345 142.257202
2 11 10 0.240720 0.750005 0.009275 170.618717 157.849307
2 11 10 0.992699 0.003677 0.003624 177.410064 136.065320
2 11 10 0.499195 0.091908 0.408897 157.681782 150.326045
2 11 10 0.652586 0.272324 0.075089 176.479849 145.872897
2 11 10 0.209905 0.432932 0.357163 156.643362 157.550542
2 11 10 0.759371 0.133225 0.107404 173.401853 143.833439
2 11 10 0.291588 0.411348 0.297064 161.550039 156.923930
2 11 10 0.659484 0.306463 0.034053 173.513890 143.551221
2 11 10 0.066122 0.137413 0.796465 143.997596 160.018467
2 11 10 0.930251 0.011071 0.058678 171.878690 139.220978
2 3 11 0.708583 0.116358 0.175058 178.149481 141.093314
2 3 11 0.460220 0.024170 0.515610 171.105021 152.153525
2 3 11 0.403915 0.535527 0.060558 198.527728 138.042130
2 3 11 0.476590 0.198580 0.324830 181.630746 146.282722
2 3 11 0.317720 0.468517 0.213762 194.173171 138.262690
2 3 11 0.061994 0.655246 0.282760 196.763580 143.177452
2 3 11 0.524550 0.149972 0.325478 181.333062 145.912960
2 3 11 0.325281 0.355956 0.318763 189.130385 149.086812
2 3 11 0.946906 0.005810 0.047284 174.757244 136.750805
2 3 11 0.885238 0.008003 0.106759 177.103028 140.060707
3 12 11 0.314388 0.426806 0.258805 201.014069 157.501136
3 12 11 0.341498 0.553529 0.104973 208.569976 153.598050
3 12 11 0.351693 0.408992 0.239316 201.461826 153.903065
3 12 11 0.478960 0.049366 0.471673 192.865123 151.281824
3 12 11 0.241679 0.381553 0.376767 195.963408 152.498218
3 12 11 0.632549 0.318810 0.048641 206.961657 145.270473
3 12 11 0.544408 0.091689 0.363903 192.794530 145.839746
3 12 11 0.067680 0.275344 0.656975 183.491744 162.245674
3 12 11 0.605112 0.389887 0.005001 210.806250 145.476469
3 12 11 0.372149 0.296587 0.331265 200.934082 154.584479
3 4 12 0.971475 0.011198 0.017326 213.717123 133.462436
3 4 12 0.610805 0.066034 0.323161 214.354028 140.975211
3 4 12 0.496077 0.230441 0.273482 217.849359 143.933575
3 4 12 0.037071 0.600649 0.362280 232.935074 144.532045
3 4 12 0.314281 0.231917 0.453801 218.343073 149.350237
3 4 12 0.627581 0.259242 0.113176 220.041701 140.490907
3 4 12 0.616208 0.010159 0.373633 214.817056 144.081264
3 4 12 0.829710 0.088927 0.081363 213.593190 139.799423
3 4 12 0.761369 0.180068 0.058563 217.944956 140.595163
3 4 12 0.391943 0.248675 0.359383 221.086696 143.136873
4 13 12 0.167185 0.159775 0.673040 225.327307 154.143707
4 13 12 0.494483 0.419127 0.086391 247.147507 152.181319
4 13 12 0.116482 0.783350 0.100168 239.921859 164.447092
4 13 12 0.138238 0.212611 0.649151 220.452084 159.664797
4 13 12 0.354506 0.153121 0.492373 229.125728 155.627675
4 13 12 0.106433 0.856003 0.037565 245.514488 160.873323
4 13 12 0.865212 0.026329 0.108459 243.216255 141.076057
4 13 12 0.545533 0.427268 0.027199 243.691155 148.790650
4 13 12 0.603073 0.318079 0.078848 244.311066 150.066349
4 13 12 0.284022 0.327251 0.388727 234.266115 158.334810
4 5 13 0.267241 0.432859 0.299901 267.601998 141.908916
4 5 13 0.201860 0.134655 0.663485 255.761193 156.569651
4 5 13 0.633203 0.283344 0.083452 253.926277 139.668220
4 5 13 0.127716 0.292139 0.580144 262.302210 151.712088
4 5 13 0.419960 0.173359 0.406682 253.605397 149.944998
4 5 13 0.359916 0.131774 0.508310 252.069501 151.376591
4 5 13 0.684188 0.099188 0.216624 251.623777 144.870890
4 5 13 0.968904 0.021532 0.009565 247.831826 138.902784
4 5 13 0.768731 0.216548 0.014721 255.988558 136.318561
4 5 13 0.155946 0.605338 0.238717 272.685613 142.958471
5 14 13 0.473256 0.386407 0.140337 287.523790 155.076305
5 14 13 0.920774 0.069657 0.009570 292.140856 136.924758
5 14 13 0.086725 0.035308 0.877967 255.430712 162.213194
5 14 13 0.678495 0.120412 0.201093 279.332913 144.908628
5 14 13 0.238220 0.461660 0.300119 275.222314 157.540825
5 14 13 0.002410 0.745133 0.252457 279.222802 163.454747
5 14 13 0.472930 0.337334 0.189735 279.547446 150.634545
5 14 13 0.213301 0.042670 0.744029 256.711315 157.579181
5 14 13 0.713465 0.209011 0.077525 286.390827 142.934907
5 14 13 0.322215 0.567973 0.109813 288.468458 156.549242
5 6 14 0.955534 0.042350 0.002117 289.844087 134.521469
5 6 14 0.133467 0.228554 0.637979 298.417666 158.194555
5 6 14 0.611910 0.097314 0.290775 296.385296 144.393886
5 6 14 0.320442 0.543949 0.135609 310.900340 142.387317
5 6 14 0.633928 0.050655 0.315418 288.390650 146.877925
5 6 14 0.544279 0.135047 0.320674 291.831437 142.629979
5 6 14 0.787580 0.017171 0.195249 291.396757 142.634841
5 6 14 0.838373 0.019258 0.142368 286.539133 141.549758
5 6 14 0.596669 0.163191 0.240140 297.181497 146.051787
5 6 14 0.303654 0.225467 0.470879 298.403032 148.409871
6 15 14 0.376315 0.573469 0.050216 326.884262 157.817449
6 15 14 0.642495 0.273513 0.083992 327.655116 148.524019
6 15 14 0.057580 0.857446 0.084974 329.005723 162.746848
6 15 14 0.193853 0.184965 0.621183 306.195503 158.539993
6 15 14 0.158343 0.167378 0.674279 301.681481 160.858841
6 15 14 0.125158 0.462630 0.412211 313.962773 160.234272
6 15 14 0.705312 0.164077 0.130612 322.554251 145.396703
6 15 14 0.054718 0.941545 0.003737 327.394900 166.638600
6 15 14 0.529734 0.467310 0.002956 330.776283 151.555648
6 15 14 0.830355 0.059224 0.110421 324.381351 138.203489
6 7 15 0.202542 0.299737 0.497721 345.141264 156.331202
6 7 15 0.130526 0.618850 0.250624 352.069894 148.126371
6 7 15 0.465153 0.035749 0.499098 331.292932 152.053707
6 7 15 0.730082 0.129530 0.140388 330.052530 141.107174
6 7 15 0.738759 0.000358 0.260883 329.027487 146.801960
6 7 15 0.122369 0.315633 0.561997 339.978360 155.851374
6 7 15 0.728910 0.034981 0.236109 327.383205 144.535538
6 7 15 0.713278 0.157418 0.129304 333.047317 142.443746
6 7 15 0.207690 0.472069 0.320241 345.577070 149.541012
6 7 15 0.820720 0.109901 0.069379 333.029839 139.483557
7 16 15 0.308225 0.543368 0.148406 364.423373 160.342054
7 16 15 0.369562 0.301491 0.328947 354.552967 153.819726
7 16 15 0.850349 0.059890 0.089761 364.289702 142.533334
7 16 15 0.661710 0.154490 0.183801 358.304868 144.387063
7 16 15 0.772587 0.211157 0.016257 365.550363 146.886827
7 16 15 0.031041 0.070714 0.898244 334.598632 167.374534
7 16 15 0.243795 0.333909 0.422296 350.974047 159.912956
7 16 15 0.001334 0.788603 0.210063 363.326244 162.591841
7 16 15 0.914724 0.032530 0.052747 367.183705 145.175497
7 16 15 0.186971 0.543281 0.269749 360.703695 161.208029
7 8 16 0.858248 0.137362 0.004391 371.063517 143.498424
7 8 16 0.319235 0.392752 0.288013 385.919150 144.319547
7 8 16 0.405553 0.180496 0.413950 374.319746 153.416683
7 8 16 0.383320 0.199222 0.417458 374.260199 153.077016
7 8 16 0.778504 0.163252 0.058244 375.793863 141.282483
7 8 16 0.575043 0.078664 0.346293 371.441571 150.434077
7 8 16 0.074998 0.173931 0.751072 377.573427 163.368378
7 8 16 0.722031 0.050503 0.227466 369.904348 144.161806
7 8 16 0.760960 0.095401 0.143639 366.774741 144.717908
7 8 16 0.325534 0.028208 0.646258 367.706417 155.788855
8 17 16 0.310636 0.592808 0.096556 402.420918 159.424712
8 17 16 0.208281 0.472082 0.319637 398.618505 161.037115
8 17 16 0.978903 0.020610 0.000487 404.320668 141.016369
8 17 16 0.049046 0.600371 0.350583 397.780928 165.589351
8 17 16 0.901050 0.063123 0.035827 401.882274 139.719257
8 17 16 0.253001 0.431853 0.315146 395.429605 158.071824
8 17 16 0.062394 0.253096 0.684510 379.723573 162.041464
8 17 16 0.848787 0.089685 0.061529 404.612218 144.276379
8 17 16 0.841014 0.010495 0.148491 399.911304 141.574490
8 17 16 0.660946 0.238240 0.100814 403.562594 148.103522
9 10 18 0.704713 0.191936 0.103352 100.046734 166.059453
9 10 18 0.441969 0.028802 0.529229 92.240762 182.837287
9 10 18 0.564382 0.037701 0.397917 93.501473 178.827519
9 10 18 0.771850 0.085078 0.143072 98.829361 170.375130
9 10 18 0.747828 0.190329 0.061843 102.199287 166.839819
9 10 18 0.167835 0.507532 0.324633 108.005316 178.686181
9 10 18 0.741461 0.257991 0.000548 104.658377 162.889938
9 10 18 0.973347 0.002761 0.023892 96.870993 165.584688
9 10 18 0.864441 0.075011 0.060548 97.303872 168.901483
9 10 18 0.154639 0.304703 0.540658 104.109981 182.493997
10 19 18 0.443991 0.412187 0.143822 121.962809 183.463246
10 19 18 0.441366 0.305901 0.252733 124.328030 184.559228
10 19 18 0.648103 0.049421 0.302477 117.690017 174.893752
10 19 18 0.131518 0.259952 0.608530 102.945168 197.220022
10 19 18 0.617224 0.150645 0.232131 120.300508 176.922837
10 19 18 0.223923 0.731289 0.044788 123.249795 191.156723
10 19 18 0.258795 0.628857 0.112348 122.514020 187.342810
10 19 18 0.009696 0.027346 0.962958 90.502438 200.888940
10 19 18 0.745738 0.146391 0.107872 122.484327 169.756037
10 19 18 0.433323 0.239371 0.327306 117.554420 180.050247
10 11 19 0.778899 0.194046 0.027055 140.789506 166.221209
10 11 19 0.079784 0.000234 0.919982 121.323435 197.983339
10 11 19 0.549074 0.415511 0.035415 146.109832 164.149200
10 11 19 0.563406 0.372032 0.064562 145.836596 166.782223
10 11 19 0.516066 0.215278 0.268656 135.687796 170.496318
10 11 19 0.433862 0.354734 0.211404 142.417826 172.838433
10 11 19 0.760552 0.101612 0.137836 136.200227 169.497400
10 11 19 0.532546 0.146138 0.321316 137.423420 173.742265
10 11 19 0.311556 0.595390 0.093054 154.093563 165.196073
10 11 19 0.778383 0.054807 0.166810 132.943222 167.654257
11 20 19 0.505248 0.140883 0.353869 153.487710 183.078475
11 20 19 0.478577 0.440865 0.080557 167.929871 180.950661
11 20 19 0.651140 0.021229 0.327630 153.171098 173.636207
11 20 19 0.300953 0.217879 0.481168 146.790360 189.190938
11 20 19 0.518768 0.259751 0.221481 157.530457 178.692937
11 20 19 0.874329 0.053356 0.072314 168.303091 168.080076
11 20 19 0.166994 0.461147 0.371859 150.952683 192.576997
11 20 19 0.735327 0.140611 0.124062 163.484336 174.291295
11 20 19 0.485177 0.422438 0.092385 162.448398 182.887935
11 20 19 0.654948 0.212783 0.132269 164.684415 177.251294
11 12 20 0.301027 0.495459 0.203514 187.525417 169.023943
11 12 20 0.980222 0.000436 0.019342 169.216829 166.816308
11 12 20 0.907005 0.063439 0.029556 173.390874 161.365537
11 12 20 0.609395 0.245588 0.145017 176.387771 167.186339
11 12 20 0.743575 0.038149 0.218277 170.516914 170.803995
11 12 20 0.699122 0.017407 0.283471 169.773272 176.176521
11 12 20 0.492793 0.253261 0.253946 176.385706 170.031710
11 12 20 0.166527 0.107910 0.725563 169.296017 192.728113
11 12 20 0.118293 0.677968 0.203739 197.973706 170.156925
11 12 20 0.218239 0.746936 0.034825 197.662621 165.484530
12 21 20 0.876314 0.049017 0.074668 205.433127 169.331790
12 21 20 0.776057 0.152669 0.071274 201.346502 175.133649
12 21 20 0.761477 0.215514 0.023009 206.322207 171.891688
12 21 20 0.305215 0.508127 0.186658 198.502319 190.882015
12 21 20 0.254628 0.169593 0.575779 185.493069 192.606486
12 21 20 0.247338 0.030719 0.721943 171.491121 190.902689
12 21 20 0.110840 0.723841 0.165319 200.094664 196.644101
12 21 20 0.010509 0.894064 0.095427 199.450805 198.173766
12 21 20 0.666358 0.076842 0.256801 195.794550 176.223117
12 21 20 0.434110 0.150642 0.415248 191.388965 187.866621
12 13 21 0.651188 0.011285 0.337527 208.233149 175.269345
12 13 21 0.544284 0.237813 0.217903 214.942343 174.463281
12 13 21 0.180043 0.218699 0.601258 213.211628 185.652702
12 13 21 0.391543 0.005379 0.603078 207.165059 182.991157
12 13 21 0.257440 0.200931 0.541629 214.206730 185.514512
12 13 21 0.982045 0.014408 0.003547 210.234015 164.187183
12 13 21 0.677595 0.290632 0.031774 222.248597 163.881773
12 13 21 0.216564 0.731398 0.052038 236.584740 167.361906
12 13 21 0.958618 0.008923 0.032459 206.410631 167.140433
12 13 21 0.360581 0.472077 0.167342 226.322044 167.374918
13 22 21 0.807278 0.070844 0.121878 240.351438 170.483307
13 22 21 0.813501 0.041305 0.145194 242.451324 171.126223
13 22 21 0.517257 0.161787 0.320956 232.740984 179.233710
13 22 21 0.610434 0.223215 0.166351 241.002143 178.187705
13 22 21 0.519703 0.208251 0.272046 233.612063 181.288231
13 22 21 0.258825 0.497315 0.243860 234.393279 188.405222
13 22 21 0.247912 0.682233 0.069854 239.051667 190.211599
13 22 21 0.509159 0.464067 0.026773 245.061777 180.186045
13 22 21 0.434777 0.389731 0.175492 239.501430 185.800702
13 22 21 0.670118 0.220395 0.109487 242.218599 177.819342
13 14 22 0.200001 0.097154 0.702845 253.691240 188.505664
13 14 22 0.504185 0.274777 0.221037 261.786532 169.814115
13 14 22 0.748022 0.248123 0.003855 257.241380 162.591296
13 14 22 0.871379 0.027509 0.101112 246.353453 170.631813
13 14 22 0.222357 0.386812 0.390830 263.830903 177.523964
13 14 22 0.545149 0.301607 0.153244 259.216099 170.874280
13 14 22 0.980460 0.005250 0.014290 247.544729 166.018358
13 14 22 0.179955 0.758061 0.061984 281.507275 166.195253
13 14 22 0.620523 0.087013 0.292465 251.691633 172.646532
13 14 22 0.627512 0.015021 0.357467 250.192000 177.161904
14 23 22 0.372255 0.523664 0.104081 282.970328 188.305358
14 23 22 0.963211 0.016979 0.019809 290.853886 164.925051
14 23 22 0.884856 0.044460 0.070684 290.484340 170.949692
14 23 22 0.280088 0.380492 0.339420 275.183404 190.529736
14 23 22 0.691971 0.122189 0.185839 280.290425 178.862740
14 23 22 0.222777 0.052182 0.725041 258.341516 190.359538
14 23 22 0.737805 0.050391 0.211805 279.064021 168.965905
14 23 22 0.705271 0.137051 0.157678 283.185567 172.150350
14 23 22 0.508517 0.468913 0.022570 285.672020 183.802424
14 23 22 0.401645 0.364481 0.233874 284.692586 186.707589
14 15 23 0.154316 0.171656 0.674028 295.903260 190.066884
14 15 23 0.449697 0.138830 0.411472 292.716939 179.276838
14 15 23 0.471089 0.262774 0.266137 299.837874 173.271251
14 15 23 0.917970 0.002308 0.079723 293.881220 164.658240
14 15 23 0.766948 0.232238 0.000814 299.451174 166.033959
14 15 23 0.582003 0.249623 0.168373 296.970466 169.814819
14 15 23 0.566768 0.252204 0.181028 301.109293 172.213433
14 15 23 0.686713 0.253740 0.059547 298.131890 166.725094
14 15 23 0.205385 0.109050 0.685565 292.246391 194.181094
14 15 23 0.994317 0.001553 0.004131 290.628421 167.181116
15 24 23 0.998099 0.001661 0.000241 331.573002 162.957817
15 24 23 0.952975 0.006285 0.040741 327.072415 166.025540
15 24 23 0.479486 0.165532 0.354982 317.988028 185.234267
15 24 23 0.067975 0.620324 0.311702 315.071848 199.144991
15 24 23 0.528797 0.360498 0.110705 324.693504 183.508744
15 24 23 0.195586 0.674224 0.130191 323.563549 198.032374
15 24 23 0.167268 0.073697 0.759034 300.024618 196.685621
15 24 23 0.807351 0.062870 0.129779 324.447320 174.988363
15 24 23 0.785679 0.076837 0.137484 321.835278 175.628221
15 24 23 0.261605 0.455271 0.283124 316.067355 189.892372
15 16 24 0.134192 0.023891 0.841918 333.884119 193.572830
15 16 24 0.496105 0.448205 0.055690 349.419708 168.531033
15 16 24 0.991717 0.003546 0.004737 330.100284 167.882532
15 16 24 0.495980 0.477651 0.026369 351.295308 166.830145
15 16 24 0.574984 0.413859 0.011157 346.858767 165.039606
15 16 24 0.225214 0.629429 0.145357 357.513575 169.523082
15 16 24 0.729391 0.214468 0.056141 338.861739 168.680314
15 16 24 0.821552 0.105394 0.073054 334.388235 168.354622
15 16 24 0.240904 0.105664 0.653432 333.369261 190.377707
15 16 24 0.438077 0.505030 0.056893 354.940622 170.203288
16 25 24 0.980728 0.000031 0.019241 372.409679 165.817465
16 25 24 0.913138 0.058253 0.028609 371.891082 165.984838
16 25 24 0.935910 0.048975 0.015116 373.206772 167.236835
16 25 24 0.006767 0.776315 0.216918 361.644181 203.071443
16 25 24 0.202556 0.753259 0.044184 371.698840 190.196106
16 25 24 0.514529 0.410477 0.074994 370.645731 182.889220
16 25 24 0.417684 0.568647 0.013669 370.967222 189.145179
16 25 24 0.803718 0.184756 0.011527 371.282969 173.183011
16 25 24 0.610910 0.173988 0.215102 363.435840 177.420291
16 25 24 0.325394 0.444880 0.229726 362.154493 188.772549
16 17 25 0.162707 0.023169 0.814124 371.704788 194.481250
16 17 25 0.006974 0.826366 0.166660 404.996685 174.473368
16 17 25 0.101856 0.248372 0.649771 378.848534 190.081634
16 17 25 0.171042 0.089479 0.739479 375.997477 193.855492
16 17 25 0.628669 0.285121 0.086210 382.813277 168.136841
16 17 25 0.614840 0.011516 0.373644 372.487847 180.354190
16 17 25 0.930682 0.001589 0.067730 370.707289 167.354006
16 17 25 0.266372 0.273732 0.459896 381.315163 183.532600
16 17 25 0.319785 0.677008 0.003208 396.140045 169.001796
16 17 25 0.873222 0.099957 0.026821 379.022085 169.416702
17 26 25 0.151931 0.802326 0.045743 415.538670 195.438326
17 26 25 0.572599 0.040595 0.386805 396.579652 182.028873
17 26 25 0.128503 0.798090 0.073407 414.644529 198.916097
17 26 25 0.816989 0.030531 0.152479 406.756773 173.276551
17 26 25 0.494601 0.359012 0.146387 406.713289 182.654291
17 26 25 0.982842 0.009723 0.007435 411.030754 167.719545
17 26 25 0.786925 0.055148 0.157928 403.537514 175.721844
17 26 25 0.936968 0.011233 0.051799 409.911387 165.043131
17 26 25 0.812121 0.181431 0.006448 414.732217 172.429817
17 26 25 0.740943 0.239961 0.019096 410.444416 174.190056
18 19 27 0.228560 0.021340 0.750100 84.728585 231.401662
18 19 27 0.758816 0.113225 0.127959 91.835677 201.048741
18 19 27 0.426287 0.525459 0.048254 104.386089 200.285178
18 19 27 0.970463 0.016412 0.013125 84.591214 201.681602
18 19 27 0.938526 0.007689 0.053785 88.516048 199.207906
18 19 27 0.721204 0.116196 0.162600 89.390824 205.828397
18 19 27 0.868127 0.014033 0.117840 83.723062 204.331316
18 19 27 0.390756 0.024602 0.584642 85.777341 223.453607
18 19 27 0.768934 0.170751 0.060315 90.131259 200.741310
18 19 27 0.417258 0.414904 0.167838 102.506273 205.597313
19 28 27 0.313124 0.536938 0.149938 115.897892 220.820466
19 28 27 0.841550 0.113060 0.045390 122.871635 206.471577
19 28 27 0.789750 0.047100 0.163150 118.684552 205.206151
19 28 27 0.592693 0.268751 0.138556 119.951849 216.282230
19 28 27 0.668104 0.136867 0.195028 116.713927 211.024883
19 28 27 0.591347 0.253405 0.155249 115.962148 215.576180
19 28 27 0.268029 0.511469 0.220503 113.067382 229.883056
19 28 27 0.583545 0.045326 0.371129 109.007866 214.994953
19 28 27 0.672729 0.152000 0.175271 115.002339 210.466418
19 28 27 0.485522 0.064507 0.449971 106.096336 218.732497
19 20 28 0.549082 0.298651 0.152267 135.756081 203.356944
19 20 28 0.775570 0.181479 0.042951 133.898556 198.986596
19 20 28 0.379977 0.190708 0.429315 131.046805 217.598888
19 20 28 0.945895 0.042362 0.011743 126.387316 201.582917
19 20 28 0.833222 0.106836 0.059942 123.832895 200.507667
19 20 28 0.648343 0.110710 0.240947 129.990036 205.721372
19 20 28 0.666748 0.012091 0.321161 120.258230 214.881590
19 20 28 0.045133 0.499380 0.455487 142.288127 219.571641
19 20 28 0.029522 0.758254 0.212224 151.470691 208.052564
19 20 28 0.242439 0.256937 0.500624 132.012343 219.289462
20 29 28 0.164472 0.185093 0.650435 134.094925 232.003212
20 29 28 0.311196 0.413561 0.275243 150.093834 229.841383
20 29 28 0.116649 0.711283 0.172067 155.297398 233.141556
20 29 28 0.957455 0.033559 0.008986 162.901633 202.509196
20 29 28 0.110914 0.855369 0.033718 160.997728 239.453520
20 29 28 0.682965 0.041982 0.275053 151.829189 214.179105
20 29 28 0.989112 0.003032 0.007856 164.740863 199.557514
20 29 28 0.580586 0.272830 0.146584 157.773119 218.688394
20 29 28 0.180738 0.075827 0.743435 133.262411 231.832820
20 29 28 0.597491 0.118034 0.284475 147.660210 212.870787
20 21 29 0.059994 0.903472 0.036535 200.669345 203.030531
20 21 29 0.723294 0.026912 0.249795 162.760646 212.959780
20 21 29 0.175670 0.360129 0.464201 174.736009 218.954078
20 21 29 0.124513 0.781208 0.094279 194.948682 204.095658
20 21 29 0.064343 0.626004 0.309654 189.610426 211.163286
20 21 29 0.846594 0.061433 0.091973 169.238121 202.849463
20 21 29 0.317210 0.595898 0.086892 187.434100 205.612898
20 21 29 0.749579 0.000951 0.249470 160.074275 208.902829
20 21 29 0.621275 0.289947 0.088777 174.321866 199.563951
20 21 29 0.688739 0.003919 0.307342 164.591582 211.380647
21 30 29 0.616894 0.093755 0.289351 188.090718 212.595006
21 30 29 0.536871 0.026251 0.436878 181.106540 218.475746
21 30 29 0.350048 0.057643 0.592309 177.593659 224.893936
21 30 29 0.615812 0.377771 0.006417 204.970075 213.404141
21 30 29 0.014455 0.933306 0.052239 198.562757 240.596806
21 30 29 0.874532 0.091144 0.034324 201.906338 207.426111
21 30 29 0.325179 0.068686 0.606136 175.755132 226.217444
21 30 29 0.009962 0.948003 0.042035 200.530339 239.871666
21 30 29 0.939578 0.022446 0.037976 203.842377 200.203791
21 30 29 0.265388 0.487544 0.247068 192.999325 228.972123
21 22 30 0.447100 0.462810 0.090090 221.575259 205.636384
21 22 30 0.531851 0.088230 0.379920 206.836054 214.304428
21 22 30 0.862465 0.018531 0.119005 203.438153 205.661472
21 22 30 0.001042 0.288660 0.710298 210.462904 226.322167
21 22 30 0.315937 0.378580 0.305483 220.003393 214.045525
21 22 30 0.320911 0.161726 0.517363 207.414136 219.154089
21 22 30 0.329655 0.164254 0.506091 207.877140 220.938797
21 22 30 0.641248 0.075910 0.282842 205.298685 209.978675
21 22 30 0.987566 0.003307 0.009127 202.825744 196.052089
21 22 30 0.246297 0.447236 0.306467 217.792765 212.938299
22 31 30 0.410868 0.533605 0.055526 242.839620 224.169060
22 31 30 0.475077 0.500828 0.024095 246.536984 218.947232
22 31 30 0.991167 0.004604 0.004229 244.273130 201.436817
22 31 30 0.422956 0.537109 0.039936 239.428574 223.166941
22 31 30 0.094853 0.873776 0.031371 243.684497 238.389560
22 31 30 0.825656 0.039030 0.135314 240.581808 206.412386
22 31 30 0.079970 0.550328 0.369702 228.285195 239.649076
22 31 30 0.045079 0.312975 0.641946 215.688162 238.914299
22 31 30 0.155326 0.703220 0.141454 235.641328 234.181592
22 31 30 0.187061 0.768626 0.044313 235.924308 231.304123
22 23 31 0.849353 0.083559 0.067088 248.862186 202.845542
22 23 31 0.777835 0.084093 0.138072 247.105552 207.153398
22 23 31 0.985625 0.006413 0.007961 243.439840 200.456802
22 23 31 0.127288 0.013094 0.859618 238.968304 237.695932
22 23 31 0.513410 0.112399 0.374192 252.860571 214.220277
22 23 31 0.487615 0.357693 0.154692 259.688206 205.636952
22 23 31 0.907431 0.030851 0.061718 244.816867 196.245275
22 23 31 0.571219 0.176413 0.252368 252.667114 208.888487
22 23 31 0.159859 0.266844 0.573297 252.077179 227.180078
22 23 31 0.930283 0.063768 0.005949 248.618300 199.263765
23 32 31 0.723583 0.049378 0.227039 279.328691 209.175802
23 32 31 0.178079 0.796245 0.025677 284.773722 234.255627
23 32 31 0.347144 0.161829 0.491027 268.237798 228.274683
23 32 31 0.295393 0.318812 0.385795 270.476282 228.729601
23 32 31 0.624736 0.192057 0.183207 281.610251 217.026305
23 32 31 0.881218 0.021905 0.096876 285.741916 207.300371
23 32 31 0.411312 0.012161 0.576527 264.918603 223.989185
23 32 31 0.140429 0.041174 0.818397 250.645397 235.210470
23 32 31 0.198650 0.596925 0.204425 278.340245 233.486044
23 32 31 0.858505 0.042070 0.099424 282.782138 206.769413
23 24 32 0.170231 0.583782 0.245986 313.229812 213.386285
23 24 32 0.476049 0.013604 0.510347 285.617292 224.924038
23 24 32 0.522802 0.048318 0.428880 288.586369 219.132803
23 24 32 0.309675 0.145270 0.545055 291.573151 223.419203
23 24 32 0.817842 0.073560 0.108599 293.950220 205.175966
23 24 32 0.043977 0.038578 0.917445 290.709650 238.465300
23 24 32 0.036879 0.304491 0.658630 299.066526 230.497131
23 24 32 0.568317 0.164838 0.266845 295.430192 210.971649
23 24 32 0.429353 0.182328 0.388319 295.265425 216.463039
23 24 32 0.053869 0.476551 0.469581 309.653526 220.251595
24 33 32 0.880588 0.040417 0.078995 325.010101 206.052886
24 33 32 0.002229 0.880924 0.116847 323.194294 239.444415
24 33 32 0.312853 0.683779 0.003368 330.024147 226.768398
24 33 32 0.716569 0.120175 0.163256 324.570091 212.986405
24 33 32 0.507038 0.059333 0.433629 307.682122 222.209202
24 33 32 0.039667 0.758467 0.201866 318.169483 240.283832
24 33 32 0.949775 0.000883 0.049343 328.193126 203.397467
24 33 32 0.889005 0.096695 0.014300 331.049227 206.133292
24 33 32 0.552163 0.331420 0.116417 324.832029 219.400121
24 33 32 0.337747 0.131604 0.530649 307.153445 230.745775
24 25 33 0.450938 0.119169 0.429893 332.423101 222.141937
24 25 33 0.966722 0.027459 0.005819 334.583547 203.779145
24 25 33 0.304625 0.462289 0.233086 346.980944 210.157543
24 25 33 0.061180 0.027992 0.910828 333.634388 237.823015
24 25 33 0.723587 0.233559 0.042854 340.542557 205.666139
24 25 33 0.926626 0.041838 0.031535 327.985800 204.505884
24 25 33 0.927746 0.041077 0.031178 329.144067 201.302930
24 25 33 0.282254 0.395505 0.322240 344.634660 214.831267
24 25 33 0.454394 0.431681 0.113925 348.312109 207.414427
24 25 33 0.198674 0.164697 0.636629 336.574068 223.039973
25 34 33 0.694879 0.257349 0.047772 368.936429 215.632369
25 34 33 0.537027 0.297099 0.165873 360.890232 225.150168
25 34 33 0.806999 0.043717 0.149283 367.919705 206.192940
25 34 33 0.084011 0.553173 0.362815 355.207861 235.843414
25 34 33 0.100169 0.391828 0.508003 347.844234 236.165352
25 34 33 0.671147 0.244093 0.084761 368.768307 217.864219
25 34 33 0.850460 0.140985 0.008555 371.726597 205.620613
25 34 33 0.754746 0.089575 0.155679 365.626373 211.847902
25 34 33 0.303124 0.576320 0.120556 367.291345 232.421514
25 34 33 0.142745 0.090340 0.766916 342.129622 237.941929
25 26 34 0.261915 0.090679 0.647406 377.079956 226.332009
25 26 34 0.949331 0.047743 0.002926 372.097918 203.677473
25 26 34 0.937912 0.052323 0.009765 376.151674 201.702936
25 26 34 0.305134 0.482900 0.211966 393.727208 207.550639
25 26 34 0.355620 0.005179 0.639201 371.215279 225.390458
25 26 34 0.454861 0.087981 0.457158 374.300410 223.758229
25 26 34 0.321330 0.014945 0.663725 375.686315 227.721093
25 26 34 0.215343 0.231368 0.553290 379.574018 226.852206
25 26 34 0.374565 0.523020 0.102415 395.563493 206.995436
25 26 34 0.983787 0.003328 0.012886 371.568132 203.251108
26 35 34 0.507883 0.160390 0.331727 398.742996 224.109061
26 35 34 0.910610 0.081096 0.008294 417.885948 209.263509
26 35 34 0.614912 0.206820 0.178268 411.243429 215.277148
26 35 34 0.022956 0.013943 0.963101 374.053639 241.402452
26 35 34 0.155075 0.103205 0.741720 380.926337 237.019413
26 35 34 0.044868 0.352809 0.602324 389.543053 243.582430
26 35 34 0.051072 0.019910 0.929018 376.092212 243.338327
26 35 34 0.125285 0.710520 0.164195 406.079496 241.043699
26 35 34 0.515080 0.240776 0.244143 409.671141 224.867738
26 35 34 0.659087 0.289626 0.051286 418.707677 217.980871
27 28 36 0.233231 0.463993 0.302775 98.795567 248.365928
27 28 36 0.735944 0.050971 0.213086 84.867207 247.115378
27 28 36 0.177344 0.310487 0.512168 94.164054 259.696653
27 28 36 0.025318 0.702406 0.272276 110.470382 248.890351
27 28 36 0.145944 0.795215 0.058841 113.854042 241.121025
27 28 36 0.660271 0.042323 0.297405 83.945153 248.712006
27 28 36 0.398224 0.413308 0.188468 98.537015 246.106191
27 28 36 0.855580 0.101179 0.043241 86.551141 237.528056
27 28 36 0.100728 0.346144 0.553128 101.073416 259.218830
27 28 36 0.522664 0.244520 0.232816 88.212954 250.069895
28 37 36 0.157607 0.346620 0.495773 104.110599 273.233358
28 37 36 0.287177 0.198270 0.514553 105.145599 267.187207
28 37 36 0.816010 0.018380 0.165611 114.752912 246.493675
28 37 36 0.689287 0.304912 0.005801 124.852740 251.598202
28 37 36 0.206404 0.737999 0.055596 122.958121 271.051063
28 37 36 0.357894 0.374640 0.267466 114.768740 264.834789
28 37 36 0.675120 0.095311 0.229569 113.268689 253.182194
28 37 36 0.281108 0.129710 0.589182 99.469181 266.321631
28 37 36 0.318573 0.088538 0.592888 100.556140 269.845948
28 37 36 0.852417 0.054696 0.092887 119.382227 245.801433
28 29 37 0.162488 0.146094 0.691418 128.394645 267.677113
28 29 37 0.503978 0.441130 0.054891 139.424591 242.244914
28 29 37 0.436318 0.358350 0.205331 137.310404 245.071678
28 29 37 0.543907 0.239885 0.216208 132.773106 250.797758
28 29 37 0.012105 0.981342 0.006553 163.142268 242.060357
28 29 37 0.266976 0.342571 0.390453 134.699056 255.819462
28 29 37 0.186942 0.269477 0.543581 133.602054 262.786198
28 29 37 0.784469 0.100719 0.114812 124.223317 242.320592
28 29 37 0.553900 0.168712 0.277388 129.203141 250.438169
28 29 37 0.747463 0.043388 0.209149 121.800132 245.421750
29 38 37 0.999616 0.000159 0.000225 159.632724 238.920140
29 38 37 0.210380 0.428108 0.361512 145.002709 269.485334
29 38 37 0.523152 0.304650 0.172197 153.574513 259.217916
29 38 37 0.715044 0.038565 0.246392 150.104121 250.884149
29 38 37 0.292120 0.491309 0.216571 151.319981 268.062489
29 38 37 0.490761 0.278904 0.230335 151.502011 262.649893
29 38 37 0.742322 0.240895 0.016783 153.620233 250.637923
29 38 37 0.233677 0.467023 0.299300 149.770246 269.686410
29 38 37 0.077757 0.434248 0.487995 143.525505 275.227183
29 38 37 0.127843 0.026118 0.846039 129.568310 273.060682
29 30 38 0.594977 0.022078 0.382945 164.895509 255.538670
29 30 38 0.548733 0.075743 0.375524 160.498586 259.532708
29 30 38 0.780756 0.214616 0.004629 167.147083 239.881218
29 30 38 0.124138 0.387056 0.488806 179.373476 263.326468
29 30 38 0.588145 0.028470 0.383385 159.565487 258.241237
29 30 38 0.220734 0.068448 0.710818 162.584418 272.235406
29 30 38 0.339463 0.535746 0.124791 184.654069 246.669963
29 30 38 0.503752 0.324109 0.172139 174.877723 251.317461
29 30 38 0.544675 0.217040 0.238285 168.243774 246.841493
29 30 38 0.444194 0.160131 0.395675 165.173748 259.517107
30 39 38 0.577390 0.222948 0.199662 194.200386 259.535811
30 39 38 0.315448 0.556009 0.128543 195.326189 270.634766
30 39 38 0.106498 0.368548 0.524954 178.852579 273.726016
30 39 38 0.927020 0.045932 0.027048 200.424032 242.989485
30 39 38 0.789947 0.079496 0.130558 200.678501 250.904175
30 39 38 0.133729 0.502651 0.363619 189.226473 279.339299
30 39 38 0.243390 0.699978 0.056632 200.522872 272.905461
30 39 38 0.552486 0.186053 0.261461 190.072275 260.073681
30 39 38 0.037231 0.144174 0.818594 167.668514 275.030667
30 39 38 0.831296 0.072889 0.095815 196.319557 245.863060
30 31 39 0.109552 0.712866 0.177581 231.666855 247.562672
30 31 39 0.338089 0.149338 0.512573 212.004785 262.070001
30 31 39 0.662392 0.161657 0.175951 207.539753 247.803532
30 31 39 0.717367 0.097328 0.185305 206.087913 250.132069
30 31 39 0.171105 0.446672 0.382224 219.159500 255.863362
30 31 39 0.865960 0.028486 0.105554 202.962264 249.292061
30 31 39 0.950551 0.041726 0.007723 201.713328 243.326539
30 31 39 0.910240 0.065052 0.024708 206.573617 239.508673
30 31 39 0.478647 0.188146 0.333206 212.797840 255.170364
30 31 39 0.985200 0.000739 0.014061 198.977894 240.659538
31 40 39 0.362545 0.397446 0.240010 231.719952 269.081030
31 40 39 0.275990 0.108934 0.615076 216.442275 272.466749
31 40 39 0.623818 0.005287 0.370895 231.527523 257.528676
31 40 39 0.480958 0.219674 0.299368 230.914512 262.163282
31 40 39 0.556019 0.339665 0.104316 239.325068 262.288005
31 40 39 0.430170 0.136765 0.433065 219.029072 267.478911
31 40 39 0.732302 0.103686 0.164012 233.996858 252.918096
31 40 39 0.244408 0.590331 0.165260 234.725243 273.944534
31 40 39 0.776667 0.065864 0.157469 235.051226 250.888977
31 40 39 0.224471 0.461186 0.314343 226.261753 270.383444
31 32 40 0.227942 0.072664 0.699394 248.012675 269.877781
31 32 40 0.871835 0.108054 0.020112 250.400184 239.543452
31 32 40 0.881634 0.103565 0.014800 246.096305 241.295286
31 32 40 0.152591 0.431595 0.415814 261.812607 260.100444
31 32 40 0.928143 0.050629 0.021228 244.281889 241.712402
31 32 40 0.739713 0.014682 0.245605 242.538009 250.490151
31 32 40 0.215238 0.666017 0.118745 271.245329 248.981774
31 32 40 0.405891 0.298770 0.295339 253.769428 258.200748
31 32 40 0.988069 0.001509 0.010422 245.237904 244.685216
31 32 40 0.516787 0.396557 0.086655 258.967611 243.666209
32 41 40 0.393427 0.504883 0.101690 280.115144 267.722752
32 41 40 0.725141 0.128328 0.146531 280.527154 251.615795
32 41 40 0.676225 0.185366 0.138408 279.992658 254.882303
32 41 40 0.887093 0.089941 0.022966 280.670303 247.386850
32 41 40 0.887198 0.046272 0.066530 282.327222 247.260579
32 41 40 0.214420 0.471076 0.314504 272.893858 276.110930
32 41 40 0.676909 0.132103 0.190988 274.860470 258.608130
32 41 40 0.293920 0.264042 0.442038 263.439651 273.800295
32 41 40 0.218626 0.646847 0.134527 275.439837 274.659982
32 41 40 0.589994 0.148192 0.261814 272.305211 259.858053
32 33 41 0.112472 0.546064 0.341464 309.733613 257.998027
32 33 41 0.467295 0.521503 0.011202 309.824202 244.310801
32 33 41 0.705791 0.134280 0.159929 289.647430 248.917890
32 33 41 0.549630 0.293838 0.156532 293.946926 245.523143
32 33 41 0.857417 0.103815 0.038768 290.053560 242.885583
32 33 41 0.250132 0.595985 0.153883 314.229074 247.521913
32 33 41 0.330431 0.136484 0.533084 290.237026 265.379750
32 33 41 0.695289 0.045430 0.259281 287.960010 254.011889
32 33 41 0.234975 0.153432 0.611593 292.534009 267.958232
32 33 41 0.846478 0.034856 0.118665 289.529195 249.493836
33 42 41 0.395322 0.179287 0.425391 307.669939 264.126326
33 42 41 0.778671 0.096990 0.124339 323.865209 249.727028
33 42 41 0.858859 0.045015 0.096126 324.287850 245.452719
33 42 41 0.430411 0.044846 0.524743 300.443961 267.363803
33 42 41 0.287429 0.366814 0.345757 316.225631 271.916141
33 42 41 0.704333 0.271412 0.024255 327.429802 252.137666
33 42 41 0.793890 0.172368 0.033742 329.715752 250.945744
33 42 41 0.578257 0.234943 0.186800 322.011855 262.088506
33 42 41 0.111105 0.109469 0.779425 293.636581 278.725185
33 42 41 0.554668 0.325950 0.119382 324.966799 259.613949
33 34 42 0.083110 0.707114 0.209776 355.665618 252.555650
33 34 42 0.652065 0.112756 0.235179 337.890555 252.790677
33 34 42 0.801095 0.106528 0.092377 335.472778 248.800249
33 34 42 0.599840 0.222884 0.177275 336.631293 249.561499
33 34 42 0.941204 0.014320 0.044475 330.007429 242.459647
33 34 42 0.410537 0.381006 0.208457 347.883984 251.844305
33 34 42 0.702870 0.286305 0.010824 343.290686 244.885640
33 34 42 0.720742 0.061068 0.218190 333.769909 251.077215
33 34 42 0.026884 0.954335 0.018781 369.543011 245.437095
33 34 42 0.066116 0.738224 0.195659 360.050395 249.200426
34 43 42 0.499652 0.227222 0.273126 361.261378 262.774421
34 43 42 0.907685 0.083329 0.008986 375.075465 247.740949
34 43 42 0.870242 0.100818 0.028940 370.780443 247.931287
34 43 42 0.108865 0.045359 0.845776 334.321706 280.637376
34 43 42 0.079794 0.743011 0.177195 363.670636 286.223868
34 43 42 0.792170 0.140437 0.067393 370.871134 251.983329
34 43 42 0.962061 0.035278 0.002661 374.380059 244.441851
34 43 42 0.546718 0.352465 0.100817 366.774974 262.425733
34 43 42 0.387815 0.332385 0.279800 358.731193 270.584990
34 43 42 0.454145 0.155275 0.390580 354.393779 263.097613
34 35 43 0.749773 0.061051 0.189176 376.135789 252.851342
34 35 43 0.832044 0.110452 0.057504 375.894876 248.382762
34 35 43 0.014421 0.377443 0.608136 389.542584 273.263366
34 35 43 0.391649 0.387104 0.221247 392.639034 254.194983
34 35 43 0.004526 0.929884 0.065590 414.900058 244.898167
34 35 43 0.658078 0.233139 0.108783 378.874772 246.081663
34 35 43 0.999451 0.000035 0.000514 374.235020 244.774061
34 35 43 0.296591 0.429864 0.273545 393.936797 260.646484
34 35 43 0.076486 0.746533 0.176980 402.483510 250.844713
34 35 43 0.359256 0.355263 0.285480 387.193804 255.820810
35 44 43 0.292378 0.000089 0.707533 384.115038 274.134943
35 44 43 0.812391 0.127099 0.060510 416.223753 253.419162
35 44 43 0.147735 0.565827 0.286438 399.972112 283.372667
35 44 43 0.124463 0.428781 0.446756 398.355886 282.296656
35 44 43 0.673634 0.124699 0.201666 409.320408 257.810612
35 44 43 0.451314 0.542112 0.006574 415.654657 269.503464
35 44 43 0.846252 0.118969 0.034778 416.732337 249.813382
35 44 43 0.334972 0.439358 0.225670 405.289302 272.620744
35 44 43 0.239456 0.044724 0.715819 386.859594 275.703422
35 44 43 0.131686 0.751370 0.116944 413.460995 284.693221
36 37 45 0.890882 0.073755 0.035363 88.996446 283.621730
36 37 45 0.666664 0.256848 0.076488 90.503297 280.711591
36 37 45 0.140731 0.416041 0.443228 104.874226 292.393722
36 37 45 0.256779 0.097570 0.645651 96.297890 298.764019
36 37 45 0.126391 0.180268 0.693341 99.542979 302.410335
36 37 45 0.900080 0.036180 0.063740 87.035045 279.390297
36 37 45 0.008162 0.578157 0.413681 109.718477 293.728433
36 37 45 0.459147 0.452907 0.087946 104.450061 279.966946
36 37 45 0.999010 0.000960 0.000029 84.806941 277.294195
36 37 45 0.692465 0.060227 0.247308 88.602990 285.763241
37 46 45 0.250349 0.439697 0.309953 116.617003 304.438122
37 46 45 0.770220 0.041372 0.188408 117.696079 286.757552
37 46 45 0.879873 0.119519 0.000608 122.702846 285.501145
37 46 45 0.805564 0.018237 0.176199 118.840521 286.292452
37 46 45 0.133902 0.286685 0.579413 105.648405 310.738617
37 46 45 0.627517 0.011696 0.360787 113.089152 293.055090
37 46 45 0.083476 0.439246 0.477279 112.382642 313.187962
37 46 45 0.675406 0.008292 0.316302 110.914772 288.858403
37 46 45 0.830946 0.102808 0.066246 121.461643 281.731456
37 46 45 0.254382 0.041508 0.704110 102.467880 303.165588
37 38 46 0.376527 0.465475 0.157998 140.030561 284.286473
37 38 46 0.644310 0.078448 0.277242 125.328473 290.302095
37 38 46 0.237244 0.402190 0.360566 138.800425 294.393063
37 38 46 0.958332 0.036173 0.005495 122.873962 275.184854
37 38 46 0.880281 0.001711 0.118008 123.081544 282.316991
37 38 46 0.106078 0.065032 0.828890 130.581120 310.734617
37 38 46 0.752327 0.061858 0.185816 127.274946 285.110492
37 38 46 0.639441 0.006472 0.354086 122.954730 289.808374
37 38 46 0.790182 0.032306 0.177511 125.222359 284.937095
37 38 46 0.778395 0.067220 0.154385 127.541297 286.947645
38 47 46 0.398879 0.141262 0.459859 146.450981 299.964022
38 47 46 0.084985 0.268558 0.646457 140.359219 312.374148
38 47 46 0.986289 0.011194 0.002517 160.931756 281.892246
38 47 46 0.807693 0.114459 0.077848 156.612318 286.220381
38 47 46 0.652870 0.150358 0.196772 152.082125 293.972666
38 47 46 0.470097 0.114697 0.415206 145.245131 296.028676
38 47 46 0.580337 0.333271 0.086392 163.440164 297.791919
38 47 46 0.792458 0.062914 0.144628 156.024884 287.585987
38 47 46 0.624748 0.373220 0.002032 162.934904 293.174248
38 47 46 0.510976 0.306360 0.182665 156.263414 300.350136
38 39 47 0.914450 0.039556 0.045993 163.289468 285.953854
38 39 47 0.341008 0.221648 0.437343 172.009377 298.143974
38 39 47 0.363482 0.056487 0.580031 169.156325 302.018418
38 39 47 0.153116 0.564251 0.282633 185.512517 292.095880
38 39 47 0.800059 0.180184 0.019757 171.510744 282.294478
38 39 47 0.341906 0.389692 0.268401 179.311340 290.456805
38 39 47 0.866253 0.089001 0.044746 166.216354 282.125814
38 39 47 0.905437 0.046841 0.047722 158.547603 282.587773
38 39 47 0.034988 0.714213 0.250799 190.505048 290.253750
38 39 47 0.980784 0.004861 0.014356 162.987045 281.351068
39 48 47 0.091030 0.172682 0.736288 173.022560 317.296703
39 48 47 0.757256 0.240115 0.002628 202.729591 291.651716
39 48 47 0.910111 0.071025 0.018865 201.752500 285.886384
39 48 47 0.042610 0.770860 0.186530 194.332147 317.947341
39 48 47 0.817027 0.066953 0.116020 198.144100 293.813459
39 48 47 0.596387 0.063883 0.339730 193.384686 294.685856
39 48 47 0.805014 0.001113 0.193873 194.703730 289.967939
39 48 47 0.624532 0.040642 0.334826 191.783639 297.521761
39 48 47 0.190400 0.482230 0.327370 189.048091 309.926131
39 48 47 0.269538 0.020563 0.709900 178.704639 305.579603
39 40 48 0.923365 0.054930 0.021705 198.837463 280.763438
39 40 48 0.157991 0.072710 0.769299 203.206608 308.050998
39 40 48 0.149909 0.093032 0.757059 205.620021 313.445874
39 40 48 0.282389 0.016167 0.701444 204.801742 304.748450
39 40 48 0.122348 0.572760 0.304892 225.408083 295.416875
39 40 48 0.506002 0.025265 0.468733 204.520320 300.451037
39 40 48 0.000636 0.750109 0.249255 232.878561 293.711382
39 40 48 0.292429 0.340602 0.366968 217.295324 296.145010
39 40 48 0.506088 0.154065 0.339847 207.093053 297.113215
39 40 48 0.404222 0.048619 0.547158 201.552721 302.948240
40 49 48 0.102575 0.823032 0.074393 236.680809 314.103104
40 49 48 0.382055 0.531423 0.086522 238.701565 303.212049
40 49 48 0.293509 0.234436 0.472055 222.353122 309.428034
40 49 48 0.292340 0.263908 0.443752 222.539155 312.588335
40 49 48 0.047271 0.366345 0.586384 217.336748 317.943485
40 49 48 0.268384 0.562694 0.168922 232.981744 310.149599
40 49 48 0.007027 0.236518 0.756455 206.801460 318.286664
40 49 48 0.328785 0.474260 0.196955 233.321855 306.365114
40 49 48 0.797843 0.150495 0.051662 239.455943 290.900171
40 49 48 0.363368 0.179958 0.456674 224.457986 306.517303
40 41 49 0.400915 0.006718 0.592367 242.560599 304.524291
40 41 49 0.860215 0.013591 0.126194 244.040717 287.628451
40 41 49 0.527225 0.362765 0.110010 262.218377 287.161723
40 41 49 0.357398 0.409000 0.233603 259.134640 292.307836
40 41 49 0.989819 0.002831 0.007350 245.429428 284.715165
40 41 49 0.341688 0.051196 0.607116 243.501848 305.883704
40 41 49 0.072314 0.552583 0.375103 263.397369 297.089928
40 41 49 0.251153 0.082787 0.666060 244.411277 309.970981
40 41 49 0.146941 0.431211 0.421848 258.548216 299.209899
40 41 49 0.295927 0.420403 0.283670 259.409175 294.002711
41 50 49 0.542274 0.002741 0.454986 265.927471 300.257123
41 50 49 0.578089 0.112333 0.309577 270.711696 296.229152
41 50 49 0.308215 0.316846 0.374938 270.640020 314.395675
41 50 49 0.520112 0.410795 0.069093 285.067506 304.147927
41 50 49 0.132761 0.866939 0.000299 284.679821 312.840199
41 50 49 0.482761 0.093215 0.424023 267.525185 307.671110
41 50 49 0.894240 0.095344 0.010416 282.989311 287.960604
41 50 49 0.029893 0.317306 0.652800 253.681984 315.120818
41 50 49 0.510541 0.330278 0.159181 279.261580 300.042903
41 50 49 0.752908 0.202553 0.044538 283.178028 294.912996
41 42 50 0.442033 0.241734 0.316233 293.096171 299.428247
41 42 50 0.283297 0.578710 0.137992 311.080768 289.898729
41 42 50 0.306878 0.117412 0.575710 291.505883 304.272996
41 42 50 0.440484 0.420402 0.139114 303.632480 288.850250
41 42 50 0.681304 0.115789 0.202908 289.725456 295.123540
41 42 50 0.372275 0.166233 0.461492 293.982266 299.772374
41 42 50 0.034423 0.255723 0.709854 294.336588 311.461046
41 42 50 0.679694 0.218840 0.101465 293.655236 289.126205
41 42 50 0.922311 0.055934 0.021755 289.698656 287.290638
41 42 50 0.244589 0.466936 0.288475 304.004729 300.445124
42 51 50 0.183073 0.192755 0.624172 298.872576 315.193080
42 51 50 0.111764 0.315775 0.572461 302.168026 317.590532
42 51 50 0.087336 0.806609 0.106055 317.181125 318.182400
42 51 50 0.076514 0.391680 0.531806 302.490485 318.193788
42 51 50 0.384810 0.327363 0.287827 315.567868 302.963593
42 51 50 0.189701 0.355540 0.454758 305.687459 317.779806
42 51 50 0.847218 0.113284 0.039498 325.019925 291.960058
42 51 50 0.274429 0.301172 0.424399 305.023772 308.435574
42 51 50 0.949236 0.006374 0.044390 326.627352 287.673575
42 51 50 0.899275 0.044151 0.056575 324.896726 289.936940
42 43 51 0.926320 0.003129 0.070550 327.281330 287.616047
42 43 51 0.408878 0.458156 0.132965 346.867207 296.447278
42 43 51 0.031881 0.865361 0.102758 362.795583 296.001070
42 43 51 0.586405 0.177251 0.236344 335.462351 294.608392
42 43 51 0.726483 0.027450 0.246068 326.453813 294.979293
42 43 51 0.286769 0.127873 0.585358 327.798667 307.471577
42 43 51 0.456169 0.331012 0.212819 342.869634 293.148409
42 43 51 0.122115 0.247030 0.630855 337.174947 310.782253
42 43 51 0.314777 0.206381 0.478842 335.681922 303.888206
42 43 51 0.285113 0.193853 0.521035 330.356869 305.437592
43 52 51 0.973007 0.023954 0.003040 371.873385 284.908615
43 52 51 0.821596 0.081618 0.096785 365.487698 292.709551
43 52 51 0.494498 0.083168 0.422334 350.254533 306.968700
43 52 51 0.699101 0.129771 0.171128 363.981545 299.612170
43 52 51 0.313313 0.664152 0.022536 362.723077 315.445601
43 52 51 0.734817 0.116624 0.148559 362.712952 298.606923
43 52 51 0.903889 0.064979 0.031132 373.658037 291.035466
43 52 51 0.762617 0.138035 0.099348 364.910260 297.350656
43 52 51 0.145049 0.748567 0.106384 359.923824 323.760566
43 52 51 0.551526 0.272310 0.176164 359.908958 303.975855
43 44 52 0.499713 0.400047 0.100240 391.205268 286.710544
43 44 52 0.741476 0.207580 0.050944 380.807027 288.947165
43 44 52 0.927768 0.019304 0.052927 371.461838 289.530811
43 44 52 0.495295 0.092136 0.412569 374.580340 302.001237
43 44 52 0.571115 0.336182 0.092703 382.489856 291.668813
43 44 52 0.147629 0.455121 0.397250 389.038004 305.809943
43 44 52 0.164329 0.086916 0.748754 368.557487 316.639908
43 44 52 0.415152 0.528921 0.055928 397.021220 292.159708
43 44 52 0.959928 0.020326 0.019746 371.073654 290.958104
43 44 52 0.053639 0.199028 0.747333 379.095578 314.274632
44 53 52 0.717245 0.028832 0.253923 402.560308 298.604541
44 53 52 0.360550 0.310830 0.328620 397.311614 313.534120
44 53 52 0.303751 0.339481 0.356768 397.510499 318.521893
44 53 52 0.273627 0.146434 0.579939 384.392364 315.039014
44 53 52 0.878653 0.104068 0.017279 416.351627 295.729245
44 53 52 0.185048 0.628459 0.186493 401.554891 318.056359
44 53 52 0.366253 0.615472 0.018275 412.819808 313.514327
44 53 52 0.044361 0.700643 0.254997 401.720170 326.544486
44 53 52 0.807884 0.057090 0.135025 410.451043 295.395089
44 53 52 0.779592 0.000485 0.219924 402.130312 295.050283
45 46 54 0.928990 0.055531 0.015479 91.520964 312.089189
45 46 54 0.634015 0.044171 0.321814 96.762468 320.163483
45 46 54 0.871026 0.082263 0.046711 91.462859 313.144540
45 46 54 0.753157 0.018108 0.228736 96.926522 319.496739
45 46 54 0.958204 0.001277 0.040518 93.049887 314.138483
45 46 54 0.276269 0.452411 0.271320 108.539745 323.709945
45 46 54 0.185906 0.207344 0.606750 105.430550 332.633724
45 46 54 0.335945 0.288842 0.375213 105.514646 322.589761
45 46 54 0.900986 0.093837 0.005177 95.380183 313.328882
45 46 54 0.224236 0.541254 0.234510 110.615910 316.155253
46 55 54 0.588010 0.294132 0.117858 126.931493 326.393058
46 55 54 0.291593 0.510559 0.197848 125.350777 329.325423
46 55 54 0.970056 0.018715 0.011230 130.970855 318.670782
46 55 54 0.485736 0.400221 0.114044 129.545121 330.532057
46 55 54 0.129591 0.750884 0.119525 126.517006 339.498078
46 55 54 0.123385 0.493102 0.383513 121.144179 340.004853
46 55 54 0.191157 0.194687 0.614157 115.111854 330.990140
46 55 54 0.264595 0.071721 0.663684 110.693644 332.804473
46 55 54 0.830468 0.053470 0.116063 121.444768 320.368792
46 55 54 0.887127 0.109594 0.003280 130.998106 320.384601
46 47 55 0.814879 0.137723 0.047398 136.552472 316.944689
46 47 55 0.978476 0.000151 0.021373 130.763327 317.151256
46 47 55 0.846153 0.004112 0.149735 128.908837 316.481867
46 47 55 0.858908 0.034405 0.106688 131.998427 317.144007
46 47 55 0.622886 0.267924 0.109190 139.859310 320.395169
46 47 55 0.084880 0.540126 0.374994 152.958595 328.404827
46 47 55 0.304925 0.149140 0.545935 133.820529 332.522880
46 47 55 0.631842 0.282974 0.085184 140.382567 315.671275
46 47 55 0.846289 0.086748 0.066963 133.366260 318.197625
46 47 55 0.626146 0.308979 0.064874 138.174013 318.249238
47 56 55 0.817032 0.085874 0.097093 165.036698 316.881571
47 56 55 0.027717 0.807923 0.164361 168.315870 345.276945
47 56 55 0.055109 0.370031 0.574860 151.238111 339.170327
47 56 55 0.409830 0.447897 0.142273 162.113361 328.818652
47 56 55 0.135987 0.312129 0.551883 151.241786 337.557670
47 56 55 0.747049 0.049122 0.203829 160.500863 324.281395
47 56 55 0.739494 0.132649 0.127857 162.369768 322.023167
47 56 55 0.613843 0.255979 0.130178 165.695256 328.137373
47 56 55 0.212675 0.166190 0.621135 148.981339 337.693059
47 56 55 0.795321 0.185818 0.018860 167.874324 323.192716
47 48 56 0.782410 0.097243 0.120347 170.550197 322.983270
47 48 56 0.979845 0.007759 0.012397 167.431562 316.972705
47 48 56 0.915058 0.005241 0.079701 166.652928 315.409992
47 48 56 0.662605 0.111362 0.226033 172.520407 323.034019
47 48 56 0.757109 0.058161 0.184730 171.846925 322.055021
47 48 56 0.737325 0.206833 0.055843 174.208866 319.942953
47 48 56 0.695218 0.216316 0.088466 175.315312 320.608519
47 48 56 0.999325 0.000260 0.000414 167.499215 317.601391
47 48 56 0.354489 0.201959 0.443552 173.855213 329.291354
47 48 56 0.714117 0.275029 0.010854 178.312572 317.834827
48 57 56 0.564709 0.169317 0.265974 197.175115 331.742578
48 57 56 0.751599 0.063166 0.185236 198.182089 325.691810
48 57 56 0.303814 0.136987 0.559199 183.689701 339.246047
48 57 56 0.300972 0.303281 0.395747 191.493116 342.018204
48 57 56 0.149471 0.342850 0.507680 189.380071 341.576477
48 57 56 0.401410 0.432242 0.166349 200.141403 338.761763
48 57 56 0.829166 0.052594 0.118240 198.813241 324.816052
48 57 56 0.831276 0.143809 0.024914 203.003535 321.816652
48 57 56 0.211763 0.350538 0.437698 192.661271 340.989542
48 57 56 0.541064 0.322125 0.136811 199.993728 329.896560
48 49 57 0.445813 0.258949 0.295238 213.545815 329.940069
48 49 57 0.877893 0.056996 0.065112 203.841290 322.357711
48 49 57 0.604483 0.281948 0.113569 211.931593 320.485742
48 49 57 0.058268 0.913722 0.028010 239.307269 319.593545
48 49 57 0.829900 0.059526 0.110574 205.353781 322.969342
48 49 57 0.431820 0.185769 0.382410 215.056356 329.248503
48 49 57 0.167340 0.017158 0.815503 206.687037 341.539966
48 49 57 0.541922 0.086453 0.371625 207.371680 329.792301
48 49 57 0.388951 0.162136 0.448913 212.517269 333.020512
48 49 57 0.223735 0.698361 0.077903 227.870310 326.799049
49 58 57 0.303541 0.501845 0.194613 237.688026 340.339759
49 58 57 0.833824 0.036604 0.129572 232.987768 324.443602
49 58 57 0.647530 0.168394 0.184076 235.668319 330.352948
49 58 57 0.873760 0.125125 0.001115 244.320225 322.042236
49 58 57 0.725972 0.132796 0.141233 237.649538 326.925592
49 58 57 0.900696 0.049756 0.049549 239.187417 323.443392
49 58 57 0.724595 0.262302 0.013103 241.446022 327.975131
49 58 57 0.149325 0.236465 0.614210 221.794558 344.490221
49 58 57 0.356024 0.442109 0.201867 237.569237 336.318946
49 58 57 0.333314 0.464964 0.201722 235.362176 342.051928
49 50 58 0.684079 0.275888 0.040033 252.901445 320.241843
49 50 58 0.855307 0.120016 0.024677 246.435256 319.294585
49 50 58 0.609807 0.261682 0.128511 252.531710 323.367764
49 50 58 0.739529 0.256102 0.004369 250.241920 317.663709
49 50 58 0.602329 0.032298 0.365373 244.802742 330.293291
49 50 58 0.339513 0.349561 0.310927 254.032751 330.010844
49 50 58 0.659025 0.233372 0.107603 251.764718 324.726300
49 50 58 0.674823 0.178913 0.146265 248.274334 321.643340
49 50 58 0.135858 0.525031 0.339111 261.043570 332.534803
49 50 58 0.762821 0.033052 0.204127 242.213993 324.252415
50 59 58 0.008768 0.606233 0.384999 269.896995 348.952759
50 59 58 0.742600 0.126450 0.130950 280.197949 332.481274
50 59 58 0.811603 0.048689 0.139708 279.666068 327.004181
50 59 58 0.877039 0.065528 0.057433 283.993181 325.001609
50 59 58 0.432577 0.079248 0.488176 266.125336 335.924580
50 59 58 0.013773 0.639341 0.346887 267.952860 354.272783
50 59 58 0.417977 0.154796 0.427227 269.231082 334.186012
50 59 58 0.719765 0.142660 0.137575 281.328887 327.058411
50 59 58 0.869694 0.012241 0.118065 280.039277 328.296564
50 59 58 0.135825 0.606150 0.258025 270.459750 344.788266
50 51 59 0.663517 0.133333 0.203150 288.397444 328.170333
50 51 59 0.272605 0.353853 0.373542 296.828654 331.550676
50 51 59 0.975219 0.015231 0.009550 282.319278 324.091556
50 51 59 0.643649 0.210370 0.145981 293.108071 323.527136
50 51 59 0.690365 0.071463 0.238172 284.409534 328.155569
50 51 59 0.920761 0.013210 0.066029 288.412399 325.206752
50 51 59 0.418126 0.212779 0.369095 290.206220 332.574853
50 51 59 0.882858 0.095742 0.021400 286.501361 318.536388
50 51 59 0.735594 0.179456 0.084949 293.669416 326.471355
50 51 59 0.235743 0.107178 0.657079 284.916618 344.115857
51 60 59 0.594735 0.118539 0.286726 309.424604 336.374121
51 60 59 0.193509 0.243016 0.563475 302.483497 347.573565
51 60 59 0.304200 0.202701 0.493098 305.728332 343.589533
51 60 59 0.732592 0.098651 0.168757 316.855937 331.668718
51 60 59 0.198754 0.183478 0.617768 299.251723 344.379279
51 60 59 0.614358 0.125385 0.260257 311.869041 336.886493
51 60 59 0.852426 0.106198 0.041376 323.835714 328.297075
51 60 59 0.561598 0.323495 0.114907 320.384428 339.893275
51 60 59 0.048954 0.652974 0.298072 306.957557 349.929063
51 60 59 0.984836 0.009807 0.005358 326.655891 321.820126
51 52 60 0.670584 0.288433 0.040983 339.318734 327.541010
51 52 60 0.986361 0.011055 0.002584 325.131456 324.641702
51 52 60 0.270992 0.184899 0.544109 328.932737 337.898242
51 52 60 0.486927 0.040314 0.472759 321.761307 339.299138
51 52 60 0.997161 0.001050 0.001789 326.958575 324.551931
51 52 60 0.137292 0.458418 0.404290 341.650878 335.390612
51 52 60 0.308970 0.474269 0.216761 345.551561 328.425027
51 52 60 0.353124 0.536216 0.110660 347.411593 331.403115
51 52 60 0.004340 0.984884 0.010777 364.899789 325.050682
51 52 60 0.874292 0.021638 0.104070 325.594864 322.606365
52 61 60 0.065703 0.635573 0.298724 347.887926 348.705545
52 61 60 0.379340 0.496239 0.124421 357.268429 344.425646
52 61 60 0.928815 0.006735 0.064450 360.297977 333.788611
52 61 60 0.481100 0.499887 0.019013 362.140695 341.671648
52 61 60 0.454143 0.058498 0.487359 339.418172 345.932186
52 61 60 0.177914 0.803573 0.018513 365.958878 353.720566
52 61 60 0.827582 0.122220 0.050198 361.047824 333.243285
52 61 60 0.402217 0.519478 0.078306 362.187026 344.882558
52 61 60 0.913148 0.070972 0.015880 366.843648 327.900206
52 61 60 0.864635 0.034917 0.100447 362.073667 329.036690
52 53 61 0.948007 0.028333 0.023661 365.076216 328.475059
52 53 61 0.835104 0.157792 0.007104 369.556271 327.514516
52 53 61 0.940351 0.036791 0.022858 366.537478 324.255493
52 53 61 0.134241 0.504237 0.361522 385.613487 338.727356
52 53 61 0.517602 0.189032 0.293367 375.351395 335.520504
52 53 61 0.026463 0.379895 0.593642 380.820731 346.408256
52 53 61 0.942209 0.025955 0.031835 367.327869 324.604738
52 53 61 0.794496 0.053488 0.152016 372.463863 330.645033
52 53 61 0.794599 0.077249 0.128151 366.564333 331.966423
52 53 61 0.203353 0.368173 0.428474 380.030553 342.243316
53 62 61 0.117454 0.101697 0.780849 368.182171 355.278875
53 62 61 0.032185 0.614848 0.352966 389.069100 353.560900
53 62 61 0.838473 0.110905 0.050623 407.769386 333.770187
53 62 61 0.363015 0.544753 0.092232 401.409351 349.335189
53 62 61 0.011485 0.946888 0.041627 403.978800 358.254263
53 62 61 0.129945 0.255274 0.614781 377.510852 356.603800
53 62 61 0.735752 0.249095 0.015153 405.126483 336.038454
53 62 61 0.160199 0.335923 0.503878 381.357485 350.701259
53 62 61 0.293488 0.614900 0.091612 403.259091 349.216337
53 62 61 0.991489 0.006097 0.002414 412.145329 330.995819
54 55 63 0.603503 0.098535 0.297961 108.511924 346.868356
54 55 63 0.771891 0.198014 0.030095 107.290475 341.232469
54 55 63 0.202767 0.453967 0.343266 123.712117 349.804424
54 55 63 0.877752 0.019462 0.102786 102.172026 340.964545
54 55 63 0.211221 0.446080 0.342700 116.813769 349.267968
54 55 63 0.682943 0.150344 0.166713 106.270246 343.343184
54 55 63 0.105109 0.881778 0.013114 128.176203 339.513323
54 55 63 0.089653 0.727920 0.182427 127.262069 343.245710
54 55 63 0.421562 0.172839 0.405599 111.513496 346.079036
54 55 63 0.411307 0.379803 0.208890 116.457243 344.287619
55 64 63 0.284940 0.265548 0.449512 127.212034 356.966521
55 64 63 0.553967 0.374326 0.071707 135.295571 350.521222
55 64 63 0.704479 0.004761 0.290760 127.846686 348.463171
55 64 63 0.117992 0.049645 0.832362 116.929261 359.520377
55 64 63 0.109483 0.848633 0.041885 140.739703 358.028185
55 64 63 0.697476 0.200320 0.102204 136.023802 350.795730
55 64 63 0.606814 0.252981 0.140205 136.903553 349.664211
55 64 63 0.369890 0.410300 0.219811 134.403167 356.646365
55 64 63 0.609355 0.088645 0.302000 127.146414 348.184134
55 64 63 0.616740 0.319927 0.063332 138.197376 352.266810
55 56 64 0.134323 0.613186 0.252491 157.847384 348.875427
55 56 64 0.690397 0.051696 0.257907 140.409991 350.136800
55 56 64 0.041551 0.097816 0.860632 146.675112 359.587541
55 56 64 0.917557 0.037145 0.045298 133.555959 341.777654
55 56 64 0.639931 0.190965 0.169104 142.203056 345.295128
55 56 64 0.923964 0.022080 0.053957 135.161357 342.680164
55 56 64 0.168766 0.818347 0.012888 165.313416 343.327990
55 56 64 0.766851 0.052433 0.180716 137.500695 348.311350
55 56 64 0.368952 0.187955 0.443092 145.537144 352.509991
55 56 64 0.155894 0.685585 0.158521 159.264480 349.086893
56 65 64 0.123426 0.155803 0.720771 153.135396 362.538822
56 65 64 0.070688 0.357961 0.571351 160.618597 361.629445
56 65 64 0.059686 0.756760 0.183554 170.151667 360.281363
56 65 64 0.983142 0.015465 0.001394 172.726433 345.465665
56 65 64 0.549090 0.436442 0.014468 174.040395 350.981021
56 65 64 0.947097 0.034355 0.018547 175.225467 342.356924
56 65 64 0.005379 0.249066 0.745555 153.002648 362.810078
56 65 64 0.610625 0.306832 0.082543 173.054758 356.857779
56 65 64 0.856602 0.095566 0.047832 171.666381 346.484123
56 65 64 0.296511 0.371124 0.332366 166.721343 362.461341
56 57 65 0.159984 0.561924 0.278092 193.618562 351.467775
56 57 65 0.691308 0.229809 0.078882 185.344240 346.457226
56 57 65 0.861847 0.032994 0.105159 174.655267 350.289567
56 57 65 0.689284 0.309703 0.001012 184.775966 344.290793
56 57 65 0.427780 0.302549 0.269671 186.653180 351.067795
56 57 65 0.013807 0.531545 0.454647 192.782172 356.179549
56 57 65 0.754159 0.158511 0.087330 179.765218 348.492486
56 57 65 0.577031 0.256435 0.166534 181.698872 350.810161
56 57 65 0.712552 0.035969 0.251480 171.418020 350.067230
56 57 65 0.548192 0.416445 0.035363 188.146408 342.966022
57 66 65 0.824737 0.011062 0.164200 203.295707 348.674735
57 66 65 0.236674 0.113386 0.649939 192.227120 360.913273
57 66 65 0.960614 0.021589 0.017797 204.926609 345.399899
57 66 65 0.155913 0.455660 0.388427 195.921734 358.992064
57 66 65 0.053909 0.327455 0.618636 190.767136 367.127462
57 66 65 0.163987 0.183169 0.652844 192.663019 359.996582
57 66 65 0.540467 0.197377 0.262156 203.296989 353.755735
57 66 65 0.865434 0.100482 0.034084 213.325028 350.411921
57 66 65 0.004926 0.752957 0.242117 206.218531 365.140892
57 66 65 0.301553 0.152755 0.545693 192.305343 358.808975
57 58 66 0.092003 0.311458 0.596539 224.986368 359.201900
57 58 66 0.318103 0.291855 0.390042 219.938857 358.665483
57 58 66 0.543789 0.329619 0.126592 221.830330 350.473326
57 58 66 0.768564 0.152204 0.079232 210.746921 348.056847
57 58 66 0.777250 0.091189 0.131561 210.206771 348.206279
57 58 66 0.180342 0.267472 0.552186 216.676741 358.097539
57 58 66 0.530121 0.174282 0.295597 211.634637 356.663437
57 58 66 0.857812 0.033122 0.109066 208.226591 351.520935
57 58 66 0.294296 0.309071 0.396633 220.434312 359.171256
57 58 66 0.914916 0.003258 0.081826 206.482684 351.248884
58 67 66 0.326648 0.514774 0.158577 238.285759 362.200921
58 67 66 0.443377 0.154975 0.401648 231.886229 361.018078
58 67 66 0.045340 0.551314 0.403346 232.262626 366.232086
58 67 66 0.299168 0.142247 0.558585 230.603319 361.910468
58 67 66 0.575061 0.104828 0.320111 234.409970 356.152782
58 67 66 0.300283 0.325384 0.374334 234.770937 363.068370
58 67 66 0.982730 0.012384 0.004886 242.869146 351.962859
58 67 66 0.863610 0.096350 0.040040 244.054500 353.092588
58 67 66 0.867946 0.117095 0.014959 242.567556 349.117397
58 67 66 0.763478 0.149807 0.086715 242.655174 356.228355
58 59 67 0.919452 0.066665 0.013883 247.730845 348.642075
58 59 67 0.230436 0.033004 0.736560 252.629356 367.165136
58 59 67 0.337367 0.099246 0.563387 249.288058 364.387146
58 59 67 0.821298 0.019532 0.159170 244.282880 350.327108
58 59 67 0.941193 0.007715 0.051092 248.298180 350.204694
58 59 67 0.688252 0.272949 0.038799 254.238520 353.425005
58 59 67 0.662494 0.028857 0.308650 246.401296 353.419189
58 59 67 0.013316 0.219758 0.766925 254.875404 366.683159
58 59 67 0.092897 0.507804 0.399299 259.948569 361.126673
58 59 67 0.171626 0.345361 0.483013 255.279424 358.354034
59 68 67 0.024239 0.662959 0.312802 270.557522 372.009451
59 68 67 0.745130 0.152766 0.102104 277.296844 355.330211
59 68 67 0.160658 0.091974 0.747368 255.348602 367.287618
59 68 67 0.485392 0.256185 0.258423 274.729465 361.519895
59 68 67 0.509399 0.472000 0.018601 284.678591 362.085186
59 68 67 0.094712 0.042900 0.862388 252.483716 368.138560
59 68 67 0.524645 0.034144 0.441211 263.940835 363.929514
59 68 67 0.640253 0.183042 0.176705 276.337057 361.657499
59 68 67 0.005918 0.591229 0.402852 270.547816 367.803016
59 68 67 0.781279 0.122685 0.096036 282.514952 354.429704
59 60 68 0.386857 0.324032 0.289111 293.629178 354.708357
59 60 68 0.586017 0.273688 0.140294 290.364576 354.953374
59 60 68 0.976623 0.017530 0.005847 284.209854 352.907450
59 60 68 0.739049 0.160278 0.100673 291.343859 351.859844
59 60 68 0.426263 0.513161 0.060575 298.502974 355.528049
59 60 68 0.076594 0.230886 0.692520 292.686584 367.622206
59 60 68 0.254443 0.246213 0.499344 292.232095 364.286633
59 60 68 0.256270 0.370414 0.373316 296.828751 363.116486
59 60 68 0.232148 0.620704 0.147148 303.159572 358.795710
59 60 68 0.764490 0.001032 0.234478 285.370461 354.697839
60 69 68 0.399294 0.503144 0.097562 314.218094 364.514233
60 69 68 0.369504 0.197138 0.433358 303.018991 367.564668
60 69 68 0.880439 0.032097 0.087464 318.195269 359.352253
60 69 68 0.855196 0.122561 0.022243 320.370698 356.906897
60 69 68 0.790614 0.176940 0.032446 319.483352 358.249988
60 69 68 0.695325 0.037829 0.266846 309.719967 360.331603
60 69 68 0.316413 0.107584 0.576002 298.731245 369.580151
60 69 68 0.530367 0.032892 0.436741 305.503364 363.927010
60 69 68 0.364908 0.106938 0.528154 297.605203 365.804339
60 69 68 0.444304 0.185831 0.369865 303.354925 367.108496
60 61 69 0.304740 0.196996 0.498264 328.152430 365.294381
60 61 69 0.181546 0.729853 0.088602 348.398625 354.827645
60 61 69 0.491121 0.369286 0.139593 334.724526 360.602134
60 61 69 0.539661 0.239556 0.220783 329.674466 362.911832
60 61 69 0.783021 0.135038 0.081941 326.458621 354.528546
60 61 69 0.663580 0.202831 0.133589 331.521123 358.193103
60 61 69 0.772939 0.154868 0.072193 327.075294 355.507127
60 61 69 0.295989 0.295038 0.408973 333.026608 364.676864
60 61 69 0.634059 0.004027 0.361914 317.901953 364.938269
60 61 69 0.354891 0.481938 0.163171 343.150500 358.551769
61 70 69 0.485459 0.253597 0.260944 345.010979 367.039680
61 70 69 0.902877 0.043155 0.053968 358.552170 361.867283
61 70 69 0.972357 0.009702 0.017940 362.287449 360.680781
61 70 69 0.725087 0.003055 0.271858 350.833056 363.179476
61 70 69 0.046546 0.805953 0.147501 348.446078 376.590148
61 70 69 0.961848 0.001983 0.036169 357.997415 356.611206
61 70 69 0.846460 0.126985 0.026555 358.661693 359.303297
61 70 69 0.620356 0.295257 0.084386 354.095031 366.968000
61 70 69 0.985306 0.014373 0.000321 362.111615 359.147772
61 70 69 0.200242 0.067312 0.732446 328.855373 370.385385
61 62 70 0.378240 0.298491 0.323269 370.742297 363.036919
61 62 70 0.457244 0.391718 0.151039 377.501630 357.118371
61 62 70 0.845092 0.075928 0.078980 364.486139 361.521915
61 62 70 0.400671 0.290012 0.309317 369.433255 363.677258
61 62 70 0.418855 0.320947 0.260198 375.516752 364.823012
61 62 70 0.988022 0.004797 0.007181 362.932524 361.087178
61 62 70 0.951764 0.030028 0.018208 365.386900 357.883130
61 62 70 0.348273 0.271091 0.380636 368.854097 364.830296
61 62 70 0.008660 0.875501 0.115838 395.508226 364.626072
61 62 70 0.350905 0.588692 0.060403 382.810477 362.102411
62 71 70 0.276644 0.699889 0.023467 394.274355 373.495357
62 71 70 0.060265 0.697105 0.242630 388.443388 380.025893
62 71 70 0.481395 0.163845 0.354761 386.074798 371.359060
62 71 70 0.225761 0.136210 0.638029 370.213050 374.257737
62 71 70 0.635777 0.204563 0.159660 395.316949 367.144783
62 71 70 0.766800 0.181457 0.051743 402.455404 364.331190
62 71 70 0.022876 0.542076 0.435048 376.406288 379.550411
62 71 70 0.538468 0.153244 0.308289 383.348958 369.243897
62 71 70 0.336369 0.280214 0.383416 381.642143 371.438517
62 71 70 0.913814 0.011992 0.074194 399.666147 361.349480
63 64 72 0.001273 0.307117 0.691610 129.857677 370.416313
63 64 72 0.428834 0.390290 0.180876 127.903653 357.867682
63 64 72 0.168917 0.278361 0.552722 127.250271 371.978586
63 64 72 0.099791 0.849312 0.050897 136.832544 361.692923
63 64 72 0.321492 0.194725 0.483784 123.312062 367.035521
63 64 72 0.193510 0.551439 0.255051 134.612292 362.445721
63 64 72 0.692220 0.022105 0.285675 117.856315 365.285812
63 64 72 0.194971 0.134145 0.670884 124.627390 371.135466
63 64 72 0.600809 0.178995 0.220196 117.891760 364.793120
63 64 72 0.364354 0.494867 0.140779 131.322088 362.816774
64 73 72 0.529981 0.312125 0.157894 143.155382 374.449922
64 73 72 0.931202 0.017849 0.050949 145.039392 363.474548
64 73 72 0.197800 0.352996 0.449204 138.986063 371.430755
64 73 72 0.808328 0.035010 0.156662 142.503632 368.616489
64 73 72 0.289950 0.128276 0.581775 128.739895 370.910860
64 73 72 0.943661 0.044780 0.011559 144.354360 369.160899
64 73 72 0.763395 0.231961 0.004644 143.147271 368.512995
64 73 72 0.155598 0.043812 0.800590 129.264865 374.480862
64 73 72 0.662610 0.051430 0.285960 138.445126 368.234927
64 73 72 0.020096 0.493589 0.486314 141.854418 374.547441
64 65 73 0.164431 0.647218 0.188351 167.133545 367.782686
64 65 73 0.380970 0.023374 0.595657 151.454497 367.405829
64 65 73 0.101781 0.236381 0.661838 157.947553 374.942249
64 65 73 0.463353 0.097895 0.438752 154.285332 371.726442
64 65 73 0.999992 0.000001 0.000007 143.875295 359.064878
64 65 73 0.828995 0.047327 0.123678 149.846202 362.637372
64 65 73 0.742168 0.014601 0.243231 146.096746 366.110499
64 65 73 0.157796 0.839905 0.002299 169.898529 363.376759
64 65 73 0.756030 0.122159 0.121811 149.315768 365.364620
64 65 73 0.791528 0.187305 0.021167 155.158247 362.331712
65 74 73 0.237095 0.037397 0.725507 161.697430 376.240174
65 74 73 0.408561 0.465837 0.125602 181.107584 374.144901
65 74 73 0.687275 0.009229 0.303496 169.607013 367.459685
65 74 73 0.849853 0.131983 0.018164 180.123663 372.493156
65 74 73 0.706483 0.123782 0.169735 173.268708 368.228243
65 74 73 0.710495 0.198889 0.090616 178.605444 365.324635
65 74 73 0.706893 0.236442 0.056665 178.217164 370.015626
65 74 73 0.278282 0.518620 0.203098 176.548745 378.313983
65 74 73 0.887005 0.047789 0.065206 175.610005 366.487522
65 74 73 0.252367 0.668680 0.078953 179.549016 380.402388
65 66 74 0.665617 0.143312 0.191071 183.961854 374.158650
65 66 74 0.778035 0.147054 0.074911 187.293109 368.218902
65 66 74 0.710976 0.247414 0.041611 188.707998 368.234219
65 66 74 0.647545 0.113352 0.239103 183.180647 374.249015
65 66 74 0.403248 0.004445 0.592307 180.953420 375.525224
65 66 74 0.808314 0.001165 0.190521 178.396321 366.935676
65 66 74 0.952194 0.037163 0.010643 179.158346 361.880403
65 66 74 0.251308 0.655835 0.092857 201.742783 371.938761
65 66 74 0.469234 0.110320 0.420446 188.737512 371.061350
65 66 74 0.792224 0.132984 0.074792 181.382460 363.452022
66 75 74 0.652525 0.299876 0.047599 211.747996 374.206016
66 75 74 0.911928 0.028833 0.059240 212.127477 369.244458
66 75 74 0.465936 0.262674 0.271390 205.628480 373.789942
66 75 74 0.961714 0.027844 0.010442 211.185045 367.327434
66 75 74 0.159590 0.116791 0.723619 194.677683 376.967504
66 75 74 0.467700 0.483653 0.048647 214.789329 375.368307
66 75 74 0.819872 0.040151 0.139977 208.156145 369.183421
66 75 74 0.296329 0.021204 0.682468 194.650200 375.948565
66 75 74 0.443928 0.460755 0.095317 212.066200 375.591828
66 75 74 0.767325 0.220133 0.012542 214.204166 373.147154
66 67 75 0.466207 0.321964 0.211829 225.419581 370.071954
66 67 75 0.902962 0.023701 0.073337 218.331408 370.511191
66 67 75 0.600239 0.093718 0.306043 219.784600 373.588704
66 67 75 0.863006 0.064952 0.072042 216.569649 370.088115
66 67 75 0.616414 0.375626 0.007960 224.074018 368.544061
66 67 75 0.209049 0.741669 0.049282 239.531263 371.858735
66 67 75 0.096155 0.203789 0.700055 222.030266 380.559736
66 67 75 0.560050 0.044820 0.395131 215.651836 370.125196
66 67 75 0.367364 0.491881 0.140755 228.767086 373.090923
66 67 75 0.021058 0.414670 0.564272 231.960942 376.594828
67 76 75 0.458608 0.179443 0.361950 236.181492 379.703357
67 76 75 0.178725 0.112986 0.708289 227.429401 380.036957
67 76 75 0.403789 0.211219 0.384993 235.893805 378.922906
67 76 75 0.592528 0.268062 0.139410 241.334008 374.346431
67 76 75 0.999983 0.000007 0.000010 247.491686 371.090851
67 76 75 0.560446 0.409679 0.029876 248.106075 374.777839
67 76 75 0.192178 0.438480 0.369342 237.815472 385.294460
67 76 75 0.903506 0.040272 0.056222 249.508821 371.100308
67 76 75 0.763318 0.097071 0.139611 242.063957 373.697182
67 76 75 0.315208 0.299083 0.385709 236.678756 380.597911
67 68 76 0.976914 0.015710 0.007376 250.546540 375.383620
67 68 76 0.582184 0.171723 0.246093 255.641892 374.228371
67 68 76 0.401775 0.368816 0.229409 258.652155 375.932852
67 68 76 0.399682 0.028556 0.571761 249.760389 378.481072
67 68 76 0.080152 0.224816 0.695032 256.383278 376.974792
67 68 76 0.135372 0.173116 0.691511 255.671743 385.142489
67 68 76 0.007279 0.524760 0.467961 265.862135 380.558991
67 68 76 0.103903 0.710554 0.185543 271.928092 374.472478
67 68 76 0.018510 0.683672 0.297818 270.387205 380.009377
67 68 76 0.797642 0.192084 0.010274 254.636757 369.358518
68 77 76 0.320390 0.202673 0.476937 264.555669 379.275530
68 77 76 0.841205 0.138958 0.019838 280.387157 377.124958
68 77 76 0.740158 0.091437 0.168404 277.956360 376.878834
68 77 76 0.699934 0.031783 0.268283 274.236472 380.412652
68 77 76 0.914871 0.018277 0.066852 278.511407 373.890952
68 77 76 0.857956 0.066829 0.075215 277.585884 376.914686
68 77 76 0.677419 0.290541 0.032041 278.736121 375.423504
68 77 76 0.999374 0.000508 0.000118 276.405698 375.046099
68 77 76 0.412642 0.040374 0.546985 265.569285 383.035760
68 77 76 0.474555 0.061396 0.464049 263.903859 381.639665
68 69 77 0.874549 0.011314 0.114137 283.268147 375.358943
68 69 77 0.517740 0.196692 0.285568 287.149114 376.992886
68 69 77 0.703004 0.029935 0.267061 283.753823 380.265015
68 69 77 0.860835 0.030182 0.108983 284.809083 374.432712
68 69 77 0.147624 0.270061 0.582315 289.340621 384.742703
68 69 77 0.749738 0.092170 0.158092 287.174684 380.129652
68 69 77 0.775903 0.065650 0.158446 285.655147 377.761515
68 69 77 0.794761 0.162929 0.042310 290.893985 373.468091
68 69 77 0.781273 0.172924 0.045803 284.274871 374.211033
68 69 77 0.411527 0.220582 0.367891 287.327756 378.584425
69 78 77 0.460851 0.411419 0.127730 315.382037 385.060055
69 78 77 0.467096 0.450704 0.082200 315.468255 385.967497
69 78 77 0.781317 0.001065 0.217618 311.143188 376.362664
69 78 77 0.602011 0.027518 0.370471 302.949701 380.144601
69 78 77 0.935315 0.047114 0.017571 319.101446 375.491020
69 78 77 0.537217 0.354482 0.108301 313.621924 378.277045
69 78 77 0.322209 0.498661 0.179130 307.239870 385.177901
69 78 77 0.135017 0.650616 0.214367 310.731607 384.205996
69 78 77 0.136227 0.167473 0.696300 292.423477 383.626319
69 78 77 0.473001 0.258064 0.268934 308.753158 383.602967
69 70 78 0.158831 0.572762 0.268407 338.018520 379.238474
69 70 78 0.865118 0.096831 0.038052 324.378535 376.721076
69 70 78 0.810706 0.068886 0.120408 322.903084 374.188290
69 70 78 0.766809 0.092128 0.141062 320.035783 378.622812
69 70 78 0.802209 0.163852 0.033940 321.518716 374.360095
69 70 78 0.417910 0.535847 0.046243 336.634003 377.344545
69 70 78 0.139676 0.050705 0.809619 321.921965 384.102928
69 70 78 0.925287 0.011446 0.063266 314.752843 375.866713
69 70 78 0.082290 0.815503 0.102206 345.373589 376.586544
69 70 78 0.208574 0.196534 0.594892 324.672151 388.505628
70 79 78 0.890979 0.102226 0.006795 353.671730 374.792806
70 79 78 0.598273 0.331231 0.070496 350.460266 378.973071
70 79 78 0.778943 0.159360 0.061697 349.983532 378.427460
70 79 78 0.345069 0.026668 0.628263 330.594842 384.463223
70 79 78 0.498744 0.372134 0.129122 349.610114 385.435826
70 79 78 0.254948 0.242780 0.502272 337.088662 389.033277
70 79 78 0.326603 0.006858 0.666539 328.809758 388.496741
70 79 78 0.205031 0.367879 0.427090 338.022385 391.527092
70 79 78 0.048330 0.239152 0.712519 325.911474 389.541541
70 79 78 0.473364 0.370444 0.156192 348.837429 386.833677
70 71 79 0.163691 0.754440 0.081869 381.529678 383.056013
70 71 79 0.138827 0.263670 0.597503 362.763852 388.070858
70 71 79 0.823542 0.121221 0.055238 359.801749 380.508209
70 71 79 0.065547 0.705230 0.229223 384.811543 385.117109
70 71 79 0.383947 0.367540 0.248513 369.049071 387.854152
70 71 79 0.785347 0.209676 0.004977 367.817992 380.171930
70 71 79 0.454966 0.260531 0.284503 362.336233 378.102021
70 71 79 0.182891 0.066766 0.750343 354.440661 389.809647
70 71 79 0.161575 0.413765 0.424661 368.146184 387.406117
70 71 79 0.616431 0.124757 0.258812 358.322488 383.274769
71 80 79 0.499032 0.196916 0.304052 377.501159 388.849700
71 80 79 0.415557 0.423522 0.160921 383.641291 387.411828
71 80 79 0.222439 0.679756 0.097805 390.096946 395.573374
71 80 79 0.191848 0.622780 0.185372 381.812295 393.057478
71 80 79 0.890482 0.024095 0.085423 391.741382 381.157081
71 80 79 0.495525 0.410901 0.093574 391.164918 390.384949
71 80 79 0.575994 0.127887 0.296119 380.100012 388.008407
71 80 79 0.882516 0.089392 0.028092 395.069211 381.317479
71 80 79 0.765955 0.052822 0.181223 389.243083 383.441025
71 80 79 0.465214 0.215423 0.319363 379.147864 388.524035
