0 1 9 0.646556 0.220742 0.132702 118.772269 184.318267
0 1 9 0.813473 0.132801 0.053726 115.467043 178.629731
0 1 9 0.330844 0.528859 0.140297 130.663716 180.197437
0 1 9 0.625995 0.149282 0.224723 118.957987 178.394256
0 1 9 0.312157 0.339249 0.348593 121.030041 184.749775
0 1 9 0.736549 0.102611 0.160840 112.603497 181.639997
0 1 9 0.558172 0.279309 0.162519 122.042528 184.423941
0 1 9 0.495166 0.069067 0.435767 111.289994 181.248570
0 1 9 0.965001 0.034648 0.000351 114.961479 179.923634
0 1 9 0.421849 0.574224 0.003927 136.284151 178.248987
1 10 9 0.695353 0.066149 0.238497 137.521991 189.038733
1 10 9 0.316976 0.651353 0.031671 139.454214 185.819276
1 10 9 0.204927 0.355550 0.439523 124.742078 189.936462
1 10 9 0.322935 0.412134 0.264931 131.886605 187.971550
1 10 9 0.861295 0.099672 0.039033 137.495513 185.221538
1 10 9 0.784303 0.049710 0.165987 138.348703 184.453865
1 10 9 0.321856 0.365047 0.313096 130.966478 189.111660
1 10 9 0.022402 0.240966 0.736632 115.066313 193.585156
1 10 9 0.976150 0.023369 0.000480 146.618109 183.273448
1 10 9 0.850246 0.138153 0.011601 144.005475 184.382268
1 2 10 0.783467 0.142994 0.073539 148.929204 186.019501
1 2 10 0.343665 0.274492 0.381844 152.839394 181.711496
1 2 10 0.610746 0.093163 0.296091 144.655590 181.259475
1 2 10 0.481351 0.148655 0.369994 148.446035 183.749979
1 2 10 0.702501 0.038730 0.258768 143.211380 182.686673
1 2 10 0.306434 0.504437 0.189129 162.773402 182.230420
1 2 10 0.997074 0.000528 0.002398 144.158762 179.341928
1 2 10 0.704089 0.194025 0.101887 152.307267 182.945922
1 2 10 0.761794 0.105421 0.132785 149.047659 181.565860
1 2 10 0.341314 0.468754 0.189931 162.812992 179.181195
2 11 10 0.003937 0.187697 0.808366 145.399982 190.395503
2 11 10 0.206625 0.594033 0.199342 169.992319 186.515955
2 11 10 0.644377 0.087712 0.267912 169.946884 180.631331
2 11 10 0.139542 0.794641 0.065817 174.842392 188.093129
2 11 10 0.817475 0.151721 0.030804 176.800106 184.003858
2 11 10 0.592487 0.198568 0.208945 171.725561 187.360414
2 11 10 0.549621 0.238252 0.212127 169.489539 186.154274
2 11 10 0.692643 0.129462 0.177895 171.317558 181.592125
2 11 10 0.947007 0.035869 0.017124 178.261060 182.654015
2 11 10 0.953412 0.003077 0.043511 177.710647 182.444103
2 3 11 0.593498 0.335801 0.070700 184.336122 185.039532
2 3 11 0.234410 0.727037 0.038553 201.906479 181.013865
2 3 11 0.303845 0.296208 0.399947 186.358457 186.085988
2 3 11 0.994320 0.001806 0.003874 180.025678 180.095670
2 3 11 0.734420 0.218353 0.047227 185.770289 182.693536
2 3 11 0.748794 0.030364 0.220842 179.753076 179.995424
2 3 11 0.951814 0.043147 0.005039 178.081521 181.135098
2 3 11 0.836264 0.120369 0.043367 179.281515 180.785310
2 3 11 0.470104 0.272327 0.257569 183.245608 183.135283
2 3 11 0.471094 0.498793 0.030113 194.392884 178.675205
3 12 11 0.593735 0.239145 0.167120 204.902463 186.801512
3 12 11 0.335810 0.258285 0.405905 197.217298 187.244744
3 12 11 0.569428 0.103490 0.327083 196.799330 186.343519
3 12 11 0.981536 0.001866 0.016598 209.028898 180.703153
3 12 11 0.277081 0.246109 0.476810 197.226470 184.240999
3 12 11 0.801656 0.045325 0.153019 203.147347 179.509497
3 12 11 0.758194 0.233769 0.008037 213.331038 179.889950
3 12 11 0.218673 0.767367 0.013960 209.163383 183.621661
3 12 11 0.136807 0.285936 0.577257 190.166436 187.816395
3 12 11 0.396760 0.240328 0.362912 199.706061 185.608686
3 4 12 0.822353 0.123002 0.054645 213.109664 182.497721
3 4 12 0.809173 0.174615 0.016212 218.059868 182.225759
3 4 12 0.003578 0.295408 0.701014 219.321797 183.924028
3 4 12 0.704860 0.151506 0.143634 217.593446 182.321675
3 4 12 0.485415 0.492404 0.022181 225.354698 181.542543
3 4 12 0.168584 0.814936 0.016480 236.926375 181.129261
3 4 12 0.388342 0.044904 0.566755 212.408196 184.686103
3 4 12 0.451048 0.227151 0.321801 218.734267 183.198705
3 4 12 0.766755 0.204370 0.028874 215.862289 181.755181
3 4 12 0.285014 0.133720 0.581266 214.363807 184.091629
4 13 12 0.393831 0.485284 0.120884 235.385615 183.455455
4 13 12 0.465707 0.455638 0.078655 241.769640 186.853602
4 13 12 0.826266 0.157251 0.016483 240.266590 184.251431
4 13 12 0.655776 0.293372 0.050852 239.544874 184.291074
4 13 12 0.050209 0.322673 0.627119 223.221928 189.641135
4 13 12 0.735387 0.061509 0.203104 232.359461 183.062912
4 13 12 0.110052 0.183644 0.706304 219.216009 187.275062
4 13 12 0.690790 0.065630 0.243579 237.136428 182.990391
4 13 12 0.756474 0.109402 0.134124 237.311688 180.159425
4 13 12 0.391577 0.231370 0.377053 235.301783 188.987709
4 5 13 0.639296 0.284617 0.076087 251.179861 179.382213
4 5 13 0.118207 0.706905 0.174889 266.639359 178.137121
4 5 13 0.208722 0.751878 0.039399 265.357070 181.995443
4 5 13 0.311736 0.611024 0.077239 262.686721 183.550386
4 5 13 0.167143 0.009032 0.823825 242.686089 187.598267
4 5 13 0.949461 0.018091 0.032448 241.230926 182.663788
4 5 13 0.475079 0.514790 0.010130 261.426702 182.569486
4 5 13 0.182045 0.361534 0.456421 251.390459 183.141459
4 5 13 0.577170 0.088044 0.334787 246.378266 183.133921
4 5 13 0.158232 0.712020 0.129748 267.276039 179.415632
5 14 13 0.910746 0.028842 0.060412 275.459973 178.410444
5 14 13 0.537850 0.149866 0.312284 262.860257 180.078640
5 14 13 0.624821 0.322186 0.052993 273.529595 182.948030
5 14 13 0.954800 0.037971 0.007229 275.141571 182.143236
5 14 13 0.039168 0.081589 0.879243 250.919339 189.917721
5 14 13 0.572077 0.106986 0.320937 265.803618 183.516835
5 14 13 0.132421 0.545602 0.321977 266.047947 188.118610
5 14 13 0.611240 0.140009 0.248751 266.348738 181.165480
5 14 13 0.656792 0.244360 0.098848 270.905178 181.152881
5 14 13 0.139181 0.388972 0.471847 260.208467 186.355755
5 6 14 0.144147 0.732522 0.123331 297.970388 181.432427
5 6 14 0.210633 0.563860 0.225507 291.237760 182.120989
5 6 14 0.984467 0.010801 0.004732 275.180660 178.418426
5 6 14 0.141975 0.417396 0.440630 294.415559 180.095750
5 6 14 0.275521 0.149362 0.575117 282.012318 180.142791
5 6 14 0.736627 0.102027 0.161345 278.291870 183.044848
5 6 14 0.625320 0.083414 0.291266 278.902107 180.722353
5 6 14 0.652241 0.234513 0.113246 288.753980 176.643586
5 6 14 0.805785 0.113354 0.080861 278.101061 181.695166
5 6 14 0.696426 0.080263 0.223311 276.565770 182.620961
6 15 14 0.558271 0.175293 0.266436 301.271625 180.466689
6 15 14 0.446869 0.303089 0.250043 300.020548 184.632165
6 15 14 0.837801 0.139795 0.022404 306.593987 179.457314
6 15 14 0.416476 0.258402 0.325122 300.540894 179.648939
6 15 14 0.013695 0.694963 0.291342 304.330542 185.799022
6 15 14 0.117958 0.237147 0.644895 292.023132 180.843832
6 15 14 0.011950 0.170080 0.817969 286.981657 183.880017
6 15 14 0.524820 0.057028 0.418152 296.914335 184.609167
6 15 14 0.823279 0.077013 0.099708 306.258681 179.497520
6 15 14 0.663708 0.218756 0.117536 307.648286 180.173857
6 7 15 0.601737 0.010735 0.387528 310.888542 185.633302
6 7 15 0.849118 0.044946 0.105936 307.600745 179.917874
6 7 15 0.083609 0.690459 0.225932 330.821292 178.082055
6 7 15 0.918429 0.023902 0.057670 308.538001 178.451326
6 7 15 0.268830 0.635096 0.096073 325.901316 178.705155
6 7 15 0.260248 0.420147 0.319605 325.890336 182.989081
6 7 15 0.555399 0.283250 0.161351 316.408029 180.024544
6 7 15 0.387611 0.215007 0.397382 315.451074 183.041005
6 7 15 0.497680 0.137428 0.364893 316.540395 184.015178
6 7 15 0.437678 0.146077 0.416245 315.149432 179.141034
7 16 15 0.217578 0.773552 0.008870 345.360299 183.078387
7 16 15 0.490916 0.443738 0.065346 340.737127 182.141751
7 16 15 0.805409 0.134062 0.060529 337.176610 183.102002
7 16 15 0.936638 0.057045 0.006317 339.581327 177.650688
7 16 15 0.251886 0.610248 0.137866 341.807073 184.514223
7 16 15 0.984046 0.006975 0.008980 340.649973 176.739459
7 16 15 0.721861 0.117435 0.160704 337.252281 181.332808
7 16 15 0.868364 0.045229 0.086408 337.756478 179.415887
7 16 15 0.939578 0.009510 0.050912 339.395796 179.405323
7 16 15 0.216155 0.577314 0.206531 340.860746 183.195458
7 8 16 0.650364 0.242731 0.106905 348.786341 176.492591
7 8 16 0.854022 0.089523 0.056456 340.533406 181.152647
7 8 16 0.233264 0.606210 0.160526 359.563848 177.949790
7 8 16 0.343580 0.104001 0.552419 347.438591 181.480641
7 8 16 0.584198 0.279173 0.136629 348.461851 177.630877
7 8 16 0.330505 0.043866 0.625629 347.859621 185.876504
7 8 16 0.165167 0.806349 0.028484 362.655924 179.807775
7 8 16 0.033156 0.947804 0.019040 365.834072 175.039235
7 8 16 0.401696 0.578415 0.019889 359.637503 176.391018
7 8 16 0.639058 0.349917 0.011025 347.256141 175.726688
8 17 16 0.471917 0.073486 0.454597 359.206469 184.484423
8 17 16 0.850418 0.038732 0.110849 369.455823 179.807488
8 17 16 0.872124 0.117452 0.010424 368.562852 174.919706
8 17 16 0.495229 0.480133 0.024638 372.710846 176.982374
8 17 16 0.834094 0.057356 0.108550 367.139757 177.575616
8 17 16 0.869360 0.054966 0.075675 366.402668 178.211378
8 17 16 0.633629 0.285289 0.081082 371.493285 177.695790
8 17 16 0.590107 0.321568 0.088326 371.310711 179.099618
8 17 16 0.887690 0.049971 0.062339 367.026210 178.792047
8 17 16 0.207899 0.665752 0.126349 372.018674 181.000562
9 10 18 0.567777 0.138923 0.293299 103.863979 195.431883
9 10 18 0.417516 0.010135 0.572349 98.559438 199.320157
9 10 18 0.630191 0.218553 0.151256 113.745999 194.660429
9 10 18 0.068795 0.126843 0.804362 101.614913 205.306308
9 10 18 0.751211 0.120190 0.128600 106.762392 194.441841
9 10 18 0.660071 0.175067 0.164863 106.853468 192.789745
9 10 18 0.060777 0.763053 0.176170 129.287813 194.431272
9 10 18 0.556071 0.148635 0.295294 109.813848 195.730369
9 10 18 0.192125 0.736430 0.071445 129.572696 192.212059
9 10 18 0.804019 0.176631 0.019350 110.109905 189.282386
10 19 18 0.912557 0.083968 0.003474 139.871474 190.423823
10 19 18 0.078024 0.831726 0.090250 130.093902 202.488949
10 19 18 0.622749 0.256028 0.121223 132.023609 195.721970
10 19 18 0.078701 0.357235 0.564064 107.314251 207.413344
10 19 18 0.786903 0.180169 0.032928 135.619427 191.980770
10 19 18 0.983292 0.003985 0.012723 138.891219 190.267591
10 19 18 0.722513 0.217514 0.059973 134.048365 195.619340
10 19 18 0.921726 0.056074 0.022200 141.511377 192.314509
10 19 18 0.245719 0.603093 0.151188 126.284742 204.712245
10 19 18 0.299169 0.337726 0.363105 123.818857 204.214826
10 11 19 0.906096 0.070698 0.023207 141.902300 190.422113
10 11 19 0.281739 0.611976 0.106285 155.672200 193.047894
10 11 19 0.870562 0.122888 0.006550 145.995188 189.016717
10 11 19 0.148098 0.116143 0.735760 135.880336 204.668476
10 11 19 0.362105 0.507226 0.130668 154.795809 192.066766
10 11 19 0.610227 0.378909 0.010864 155.381867 189.372330
10 11 19 0.133732 0.527512 0.338756 154.526450 194.102980
10 11 19 0.751403 0.138592 0.110005 147.464750 194.629208
10 11 19 0.472382 0.192367 0.335251 143.631725 194.811849
10 11 19 0.018282 0.392488 0.589230 150.046802 201.376995
11 20 19 0.915516 0.049437 0.035047 174.538975 189.348187
11 20 19 0.677294 0.163270 0.159437 165.513869 196.661825
11 20 19 0.295423 0.268897 0.435680 158.421604 198.563000
11 20 19 0.873166 0.005668 0.121166 171.797925 191.046009
11 20 19 0.674807 0.307171 0.018022 168.518397 195.306691
11 20 19 0.063083 0.432912 0.504005 145.206412 203.908658
11 20 19 0.618441 0.333950 0.047610 169.505535 193.600694
11 20 19 0.624855 0.144278 0.230867 162.250589 198.940895
11 20 19 0.322948 0.666297 0.010756 169.342495 201.202631
11 20 19 0.620153 0.252855 0.126992 170.136462 196.507076
11 12 20 0.528993 0.321118 0.149889 188.125774 191.123593
11 12 20 0.075777 0.918851 0.005371 212.159834 188.057316
11 12 20 0.482705 0.451711 0.065584 193.453842 189.594007
11 12 20 0.172974 0.778718 0.048308 200.955416 190.847734
11 12 20 0.295518 0.033640 0.670842 169.535254 202.061153
11 12 20 0.194420 0.458795 0.346785 190.280828 192.488803
11 12 20 0.288426 0.283678 0.427896 182.524753 196.898499
11 12 20 0.110789 0.343188 0.546023 187.524980 198.774115
11 12 20 0.417821 0.351034 0.231145 184.329604 193.129020
11 12 20 0.524363 0.027926 0.447711 168.585784 196.092823
12 21 20 0.914235 0.082262 0.003503 208.321201 186.152939
12 21 20 0.735140 0.047885 0.216975 203.717408 193.364315
12 21 20 0.742834 0.219716 0.037450 213.578043 191.494460
12 21 20 0.350630 0.377130 0.272240 196.087994 198.603196
12 21 20 0.957307 0.021615 0.021078 211.393993 188.387164
12 21 20 0.944726 0.043255 0.012019 208.292265 187.467215
12 21 20 0.518332 0.139096 0.342572 201.660666 197.699232
12 21 20 0.130383 0.513619 0.355999 190.835536 201.368240
12 21 20 0.516911 0.151616 0.331473 196.653336 196.577944
12 21 20 0.650791 0.087649 0.261560 198.915863 192.735911
12 13 21 0.139699 0.394603 0.465698 220.621101 197.360889
12 13 21 0.321759 0.110755 0.567487 212.618469 198.009598
12 13 21 0.372018 0.306128 0.321854 216.951795 193.700405
12 13 21 0.229729 0.663263 0.107008 232.599447 185.517518
12 13 21 0.025288 0.778007 0.196705 236.174328 188.552411
12 13 21 0.798091 0.198147 0.003762 215.947166 187.303028
12 13 21 0.889038 0.023183 0.087779 209.799380 192.511102
12 13 21 0.666969 0.329689 0.003342 219.336761 185.103020
12 13 21 0.838925 0.118527 0.042548 215.518892 189.284568
12 13 21 0.449385 0.539007 0.011608 228.977226 188.507088
13 22 21 0.623880 0.125343 0.250777 231.690630 191.966597
13 22 21 0.729428 0.025555 0.245017 234.898243 190.152590
13 22 21 0.420420 0.285652 0.293928 228.980082 193.641417
13 22 21 0.446287 0.233071 0.320641 232.448016 193.409141
13 22 21 0.270278 0.166943 0.562779 219.859948 197.220377
13 22 21 0.166084 0.536224 0.297692 229.424233 198.477074
13 22 21 0.148790 0.137283 0.713928 211.198822 203.904521
13 22 21 0.014488 0.071697 0.913814 208.956778 203.494122
13 22 21 0.524252 0.411719 0.064029 239.003611 191.406472
13 22 21 0.980533 0.014616 0.004851 243.380448 190.551424
13 14 22 0.218274 0.252537 0.529189 253.367497 194.460328
13 14 22 0.591667 0.392545 0.015788 260.615815 189.129518
13 14 22 0.772478 0.216385 0.011138 253.596031 187.888708
13 14 22 0.051898 0.440668 0.507434 257.775447 195.946772
13 14 22 0.438889 0.377838 0.183273 255.433672 190.161447
13 14 22 0.834949 0.062768 0.102283 244.938157 189.274191
13 14 22 0.652969 0.246536 0.100496 251.504393 186.763351
13 14 22 0.172039 0.769898 0.058063 272.139509 184.682880
13 14 22 0.383107 0.448726 0.168167 257.969736 186.780368
13 14 22 0.358854 0.101654 0.539493 243.335173 197.344980
14 23 22 0.090855 0.692131 0.217014 275.072671 200.325517
14 23 22 0.572811 0.326066 0.101123 276.914827 189.647617
14 23 22 0.910181 0.021868 0.067950 277.935016 190.490430
14 23 22 0.376455 0.172232 0.451313 264.101566 192.904790
14 23 22 0.095939 0.743804 0.160257 273.398109 197.215383
14 23 22 0.528875 0.388846 0.082279 278.403729 192.611684
14 23 22 0.490723 0.329156 0.180121 277.058668 192.148430
14 23 22 0.182636 0.335924 0.481440 260.415206 199.530195
14 23 22 0.556316 0.365746 0.077937 280.310514 191.575282
14 23 22 0.720455 0.228680 0.050865 278.770758 188.823628
14 15 23 0.186399 0.747609 0.065992 308.294798 188.544299
14 15 23 0.906974 0.010721 0.082306 280.035355 186.297350
14 15 23 0.725954 0.179221 0.094825 285.404702 189.753162
14 15 23 0.730138 0.080703 0.189159 285.944066 187.743631
14 15 23 0.789889 0.003772 0.206339 281.298624 187.204851
14 15 23 0.127746 0.820146 0.052108 308.769279 184.456446
14 15 23 0.851196 0.064229 0.084574 280.570771 185.667076
14 15 23 0.951594 0.027214 0.021191 277.323698 185.760165
14 15 23 0.927019 0.000771 0.072210 280.237047 185.922482
14 15 23 0.410225 0.032972 0.556802 282.939185 194.372670
15 24 23 0.898218 0.081891 0.019891 313.977852 186.604306
15 24 23 0.695941 0.041925 0.262134 306.886403 190.468429
15 24 23 0.376962 0.204376 0.418662 301.405392 197.810678
15 24 23 0.762051 0.226356 0.011593 315.533863 192.179173
15 24 23 0.005593 0.029258 0.965149 283.114436 198.791255
15 24 23 0.328792 0.291460 0.379748 301.787195 196.128835
15 24 23 0.410694 0.358778 0.230528 307.151719 190.118590
15 24 23 0.406990 0.231762 0.361248 301.680662 196.582953
15 24 23 0.350736 0.149256 0.500008 298.381259 195.739833
15 24 23 0.656565 0.260568 0.082867 308.743935 190.588071
15 16 24 0.631868 0.174629 0.193503 321.896945 187.244534
15 16 24 0.444876 0.365169 0.189955 325.745456 189.802579
15 16 24 0.253647 0.373035 0.373317 328.427402 189.536287
15 16 24 0.316648 0.506110 0.177242 333.446332 192.702998
15 16 24 0.558418 0.207909 0.233672 318.699449 188.518678
15 16 24 0.692178 0.083785 0.224037 317.839287 187.302144
15 16 24 0.384628 0.605092 0.010281 335.890115 184.988973
15 16 24 0.551329 0.382557 0.066114 327.272464 185.682591
15 16 24 0.436918 0.051226 0.511856 316.651581 191.497168
15 16 24 0.006315 0.386721 0.606964 328.326915 193.805813
16 25 24 0.930552 0.007192 0.062256 346.677941 181.162498
16 25 24 0.129509 0.519936 0.350555 343.648746 197.006640
16 25 24 0.072472 0.796427 0.131101 354.533705 197.712103
16 25 24 0.767837 0.195347 0.036816 349.917515 186.035581
16 25 24 0.624891 0.189510 0.185598 345.615601 190.887341
16 25 24 0.425816 0.005222 0.568963 334.536195 191.602660
16 25 24 0.207790 0.534666 0.257544 342.675232 198.645330
16 25 24 0.813056 0.077968 0.108976 345.173780 185.763014
16 25 24 0.594463 0.028827 0.376710 335.488579 191.274781
16 25 24 0.438693 0.340523 0.220784 343.729374 190.729848
16 17 25 0.494336 0.072263 0.433402 350.772433 188.952655
16 17 25 0.594934 0.404796 0.000271 359.847053 183.500151
16 17 25 0.123080 0.820982 0.055938 374.403800 186.487855
16 17 25 0.222121 0.512972 0.264908 365.927265 189.945940
16 17 25 0.953309 0.025144 0.021548 347.451120 184.544026
16 17 25 0.309409 0.270026 0.420564 357.802781 192.168999
16 17 25 0.559199 0.141214 0.299587 354.884298 186.504616
16 17 25 0.233411 0.596077 0.170511 370.335484 188.419800
16 17 25 0.261966 0.188731 0.549303 359.307099 196.671573
16 17 25 0.152906 0.815642 0.031452 374.328854 183.091071
17 26 25 0.700705 0.149300 0.149995 377.769426 186.308698
17 26 25 0.928965 0.063214 0.007821 377.648573 184.675231
17 26 25 0.330608 0.111161 0.558231 370.710064 193.730643
17 26 25 0.865066 0.092495 0.042439 381.742144 189.847604
17 26 25 0.192684 0.329268 0.478048 369.973260 196.266955
17 26 25 0.357636 0.408175 0.234189 378.984987 193.472710
17 26 25 0.811238 0.055350 0.133412 379.974347 186.120182
17 26 25 0.105307 0.340051 0.554642 369.545254 196.955158
17 26 25 0.721801 0.257868 0.020331 382.337694 186.791437
17 26 25 0.198187 0.020523 0.781289 361.515410 196.710812
18 19 27 0.905088 0.014833 0.080079 90.371934 205.429485
18 19 27 0.938139 0.011651 0.050210 88.877638 207.145761
18 19 27 0.780913 0.024316 0.194771 88.506218 215.161310
18 19 27 0.336471 0.586950 0.076580 114.068472 212.668068
18 19 27 0.043652 0.000398 0.955950 84.764892 233.169553
18 19 27 0.304735 0.601494 0.093771 114.706772 210.661250
18 19 27 0.464830 0.440048 0.095121 106.114153 210.331391
18 19 27 0.909752 0.004546 0.085702 91.909679 210.222843
18 19 27 0.330655 0.524983 0.144362 108.666344 210.480797
18 19 27 0.667929 0.213845 0.118227 98.005779 212.152207
19 28 27 0.883110 0.098474 0.018416 126.335595 209.411403
19 28 27 0.249552 0.026719 0.723728 94.096802 230.098723
19 28 27 0.656761 0.150510 0.192729 122.714151 217.102575
19 28 27 0.969387 0.008360 0.022253 131.598921 207.311372
19 28 27 0.163818 0.034458 0.801725 94.965429 229.001483
19 28 27 0.781718 0.007330 0.210952 118.382780 215.520928
19 28 27 0.835030 0.074615 0.090355 124.869335 212.391299
19 28 27 0.577475 0.000788 0.421736 113.474119 219.417043
19 28 27 0.893002 0.057962 0.049036 129.833106 209.492500
19 28 27 0.493976 0.295876 0.210148 120.243882 222.363052
19 20 28 0.567526 0.026128 0.406346 126.357984 215.406250
19 20 28 0.525614 0.291674 0.182712 139.527275 213.649016
19 20 28 0.073316 0.837830 0.088855 164.097569 208.271690
19 20 28 0.731492 0.051773 0.216735 129.844771 213.413009
19 20 28 0.708599 0.287949 0.003453 142.027545 207.782535
19 20 28 0.380006 0.156656 0.463338 131.551533 218.555079
19 20 28 0.303352 0.051192 0.645455 130.709129 227.675440
19 20 28 0.230380 0.616766 0.152854 151.734224 210.024796
19 20 28 0.040944 0.586546 0.372510 148.491308 216.120838
19 20 28 0.976800 0.020716 0.002484 127.834014 205.962808
20 29 28 0.241244 0.134077 0.624679 139.536710 226.082511
20 29 28 0.477892 0.285521 0.236588 158.970991 223.906039
20 29 28 0.347578 0.384019 0.268403 152.212285 223.476038
20 29 28 0.284450 0.019651 0.695899 135.777294 227.058006
20 29 28 0.017401 0.266522 0.716077 133.319641 237.275114
20 29 28 0.147663 0.296336 0.556001 139.280461 233.799909
20 29 28 0.619933 0.074821 0.305246 155.537558 218.374595
20 29 28 0.185218 0.605526 0.209256 155.337320 227.105374
20 29 28 0.906282 0.037338 0.056380 165.537702 212.055435
20 29 28 0.102836 0.845687 0.051476 164.967461 231.419273
20 21 29 0.680508 0.008091 0.311400 168.745459 219.039081
20 21 29 0.785828 0.060455 0.153717 169.977062 211.924860
20 21 29 0.561852 0.161706 0.276442 171.735684 213.318622
20 21 29 0.593045 0.309880 0.097075 182.270137 211.217143
20 21 29 0.413217 0.566620 0.020163 185.151031 201.703095
20 21 29 0.494273 0.144644 0.361083 174.526130 215.406520
20 21 29 0.387151 0.536709 0.076140 187.396833 209.366080
20 21 29 0.787473 0.077140 0.135387 171.890362 209.135201
20 21 29 0.359636 0.115394 0.524970 168.605386 219.879510
20 21 29 0.159749 0.084628 0.755622 171.699261 225.340085
21 30 29 0.129139 0.551961 0.318900 193.396628 225.578308
21 30 29 0.255715 0.568439 0.175846 196.451085 226.149228
21 30 29 0.011084 0.596134 0.392782 186.463513 235.219272
21 30 29 0.790162 0.058440 0.151398 201.351541 210.629993
21 30 29 0.277764 0.612972 0.109264 199.313583 223.671501
21 30 29 0.988118 0.005784 0.006098 202.560838 203.848695
21 30 29 0.707238 0.035372 0.257390 192.493230 206.653507
21 30 29 0.605093 0.163968 0.230939 194.637069 214.690993
21 30 29 0.096046 0.220720 0.683234 171.678148 231.106178
21 30 29 0.440781 0.050793 0.508426 181.490054 220.063341
21 22 30 0.799036 0.029655 0.171309 206.046065 209.817908
21 22 30 0.550034 0.340929 0.109037 216.736782 207.414012
21 22 30 0.717679 0.257955 0.024367 210.638757 203.588448
21 22 30 0.819691 0.017273 0.163036 204.823460 209.919402
21 22 30 0.424610 0.426505 0.148884 218.539235 207.417756
21 22 30 0.667231 0.038029 0.294741 206.532389 209.314911
21 22 30 0.069755 0.387531 0.542715 220.969004 219.272368
21 22 30 0.074350 0.467120 0.458530 218.172479 214.863532
21 22 30 0.083256 0.040079 0.876665 204.960956 225.215494
21 22 30 0.161148 0.125576 0.713276 207.434036 224.951742
22 31 30 0.218330 0.489529 0.292141 233.562029 218.426143
22 31 30 0.338816 0.576285 0.084899 238.974817 221.486005
22 31 30 0.800553 0.131890 0.067557 239.495314 211.402260
22 31 30 0.008688 0.678354 0.312958 227.428633 234.534401
22 31 30 0.780774 0.214187 0.005038 238.300944 209.516852
22 31 30 0.433383 0.220447 0.346171 230.805884 219.135721
22 31 30 0.435081 0.168173 0.396746 230.661825 216.504800
22 31 30 0.232279 0.650158 0.117563 240.273301 222.747229
22 31 30 0.256379 0.234868 0.508753 221.853957 224.752972
22 31 30 0.809651 0.153041 0.037307 238.480630 206.624087
22 23 31 0.531137 0.167833 0.301030 244.130960 212.181033
22 23 31 0.830610 0.051870 0.117520 246.324832 202.457622
22 23 31 0.261073 0.036900 0.702027 244.092592 221.941510
22 23 31 0.071185 0.308161 0.620654 254.040324 218.346495
22 23 31 0.252133 0.415378 0.332489 260.653051 211.009926
22 23 31 0.700791 0.157945 0.141264 249.238848 207.096430
22 23 31 0.918139 0.028654 0.053207 235.616763 203.305770
22 23 31 0.543193 0.114611 0.342196 244.836732 212.233967
22 23 31 0.846069 0.080257 0.073674 247.298977 202.829319
22 23 31 0.796136 0.038129 0.165736 244.817239 204.951143
23 32 31 0.112105 0.710134 0.177760 277.570535 226.878839
23 32 31 0.499562 0.154144 0.346294 270.973992 215.330994
23 32 31 0.447031 0.174458 0.378511 271.461163 214.608388
23 32 31 0.327035 0.646970 0.025995 282.058292 218.127913
23 32 31 0.499273 0.021642 0.479085 261.476997 219.056874
23 32 31 0.404808 0.517259 0.077933 280.305895 217.590378
23 32 31 0.007547 0.802508 0.189945 277.713240 229.897260
23 32 31 0.770027 0.026812 0.203161 275.280579 207.739538
23 32 31 0.314483 0.344403 0.341114 267.228916 224.245840
23 32 31 0.949018 0.000821 0.050162 281.656334 203.106527
23 24 32 0.557594 0.030057 0.412350 282.999552 212.417295
23 24 32 0.007533 0.097646 0.894822 289.537774 224.505878
23 24 32 0.198778 0.031832 0.769390 280.711362 221.865471
23 24 32 0.659371 0.008960 0.331670 282.498775 209.487402
23 24 32 0.794748 0.074828 0.130424 289.237906 205.367318
23 24 32 0.122011 0.773890 0.104099 308.878822 203.851567
23 24 32 0.830634 0.092948 0.076418 285.406436 201.197077
23 24 32 0.440541 0.514416 0.045042 301.585762 197.169788
23 24 32 0.150652 0.638187 0.211161 304.807031 206.629901
23 24 32 0.552636 0.004286 0.443078 282.750200 210.344947
24 33 32 0.781494 0.066996 0.151510 314.106099 206.052462
24 33 32 0.014222 0.308933 0.676845 296.322019 228.177428
24 33 32 0.806229 0.091595 0.102175 315.222899 203.423282
24 33 32 0.373987 0.444545 0.181469 315.257019 217.489291
24 33 32 0.099837 0.855994 0.044169 321.786020 225.211934
24 33 32 0.869823 0.120416 0.009761 318.994871 205.100251
24 33 32 0.528062 0.364697 0.107241 317.900811 213.007305
24 33 32 0.661535 0.328037 0.010428 315.469966 210.543204
24 33 32 0.922845 0.014513 0.062642 315.177296 201.114855
24 33 32 0.741550 0.039183 0.219267 313.249352 206.955564
24 25 33 0.203520 0.322913 0.473567 335.214850 212.089923
24 25 33 0.086539 0.563022 0.350439 344.278741 207.774280
24 25 33 0.155679 0.546717 0.297604 341.143589 209.150259
24 25 33 0.934054 0.053731 0.012215 322.850031 203.155244
24 25 33 0.242351 0.143271 0.614378 328.209785 217.680001
24 25 33 0.399503 0.218840 0.381657 329.700846 211.281840
24 25 33 0.897184 0.008366 0.094451 317.354429 201.426018
24 25 33 0.439884 0.462788 0.097328 335.156936 205.343386
24 25 33 0.943421 0.013338 0.043242 313.915678 200.118554
24 25 33 0.131654 0.781251 0.087095 347.743223 205.553229
25 34 33 0.352807 0.108161 0.539032 341.526530 215.439360
25 34 33 0.970197 0.023418 0.006384 356.818482 201.450484
25 34 33 0.927697 0.036124 0.036179 355.965092 200.706762
25 34 33 0.123776 0.425857 0.450367 346.873069 221.632798
25 34 33 0.239630 0.085570 0.674800 337.221694 216.117671
25 34 33 0.564427 0.383500 0.052073 352.829703 212.467916
25 34 33 0.590823 0.052855 0.356323 346.043973 209.569410
25 34 33 0.673279 0.094770 0.231951 349.525402 208.532537
25 34 33 0.908364 0.007494 0.084142 353.145619 199.372448
25 34 33 0.812867 0.080865 0.106268 356.328600 207.046944
25 26 34 0.054556 0.798616 0.146828 382.004727 198.496502
25 26 34 0.047149 0.116101 0.836750 368.471151 218.025496
25 26 34 0.410858 0.000689 0.588453 357.041188 214.130085
25 26 34 0.163897 0.572634 0.263469 382.696471 202.872655
25 26 34 0.325264 0.326156 0.348580 370.115330 207.291857
25 26 34 0.262323 0.644266 0.093412 379.845750 200.462567
25 26 34 0.854721 0.124046 0.021234 362.017167 199.578564
25 26 34 0.516756 0.313901 0.169343 366.849026 203.091547
25 26 34 0.443755 0.243867 0.312379 366.459223 209.572540
25 26 34 0.999322 0.000225 0.000454 355.106460 200.222017
26 35 34 0.234414 0.249392 0.516194 383.795488 220.801584
26 35 34 0.780173 0.003208 0.216619 390.162167 201.879800
26 35 34 0.795476 0.164377 0.040147 396.970030 203.944004
26 35 34 0.252360 0.388535 0.359104 385.443477 215.279949
26 35 34 0.736529 0.077748 0.185724 386.423127 208.114997
26 35 34 0.659193 0.019978 0.320829 383.209604 206.347312
26 35 34 0.203152 0.341318 0.455529 385.364505 216.545839
26 35 34 0.620423 0.359904 0.019674 395.466152 205.204272
26 35 34 0.073009 0.773116 0.153875 395.914194 229.353510
26 35 34 0.977094 0.009689 0.013216 394.636180 198.972877
27 28 36 0.824156 0.162475 0.013369 87.684719 239.206743
27 28 36 0.888275 0.109395 0.002330 88.084373 235.371277
27 28 36 0.716950 0.147527 0.135523 84.747644 242.529385
27 28 36 0.959803 0.019018 0.021179 81.353053 240.528464
27 28 36 0.620340 0.372188 0.007472 96.542827 236.034587
27 28 36 0.723960 0.146333 0.129707 85.941974 241.477776
27 28 36 0.136484 0.182519 0.680997 86.156020 263.928724
27 28 36 0.585513 0.083493 0.330994 81.366956 253.409698
27 28 36 0.299542 0.133373 0.567086 83.799378 256.434949
27 28 36 0.735974 0.058872 0.205154 80.546369 240.672165
28 37 36 0.355114 0.389159 0.255727 112.538588 257.886439
28 37 36 0.237437 0.538847 0.223716 113.954034 265.389248
28 37 36 0.789338 0.064512 0.146151 115.213245 241.866646
28 37 36 0.423729 0.093574 0.482697 101.668958 253.688603
28 37 36 0.936468 0.055506 0.008026 120.490632 237.429836
28 37 36 0.754318 0.073054 0.172628 112.095452 244.065014
28 37 36 0.558692 0.042127 0.399182 102.427777 250.505261
28 37 36 0.698361 0.012427 0.289213 109.094851 247.042905
28 37 36 0.062235 0.890034 0.047731 117.751737 266.687500
28 37 36 0.508236 0.032714 0.459049 105.557148 257.181824
28 29 37 0.627666 0.343806 0.028528 136.330486 235.574678
28 29 37 0.854472 0.000392 0.145136 124.454951 238.201862
28 29 37 0.335128 0.586684 0.078188 145.016503 238.070619
28 29 37 0.898643 0.095609 0.005747 129.890991 238.903473
28 29 37 0.373663 0.231747 0.394590 134.096612 248.658148
28 29 37 0.771405 0.083556 0.145040 124.201549 238.339301
28 29 37 0.161052 0.569114 0.269834 145.119826 245.924601
28 29 37 0.454224 0.135816 0.409960 129.101962 250.442896
28 29 37 0.727569 0.190367 0.082064 133.430883 235.568877
28 29 37 0.183980 0.012771 0.803249 120.428790 267.231145
29 38 37 0.276471 0.574199 0.149330 156.366347 261.461041
29 38 37 0.747630 0.103796 0.148574 159.883615 246.163691
29 38 37 0.777870 0.005283 0.216847 156.279922 240.726759
29 38 37 0.310190 0.351735 0.338075 147.771246 259.888486
29 38 37 0.509458 0.079472 0.411070 145.169782 248.731193
29 38 37 0.166009 0.594704 0.239287 152.788254 265.173546
29 38 37 0.770458 0.025302 0.204240 153.474685 243.046552
29 38 37 0.100589 0.749772 0.149639 155.041258 267.635103
29 38 37 0.158189 0.170528 0.671283 130.376006 266.356608
29 38 37 0.698675 0.077829 0.223496 158.404957 243.737064
29 30 38 0.392739 0.481723 0.125538 185.252727 237.462371
29 30 38 0.927000 0.063350 0.009650 170.007247 230.625310
29 30 38 0.859480 0.123285 0.017235 169.795873 231.852684
29 30 38 0.083288 0.579205 0.337507 191.430602 245.698958
29 30 38 0.881167 0.056860 0.061972 165.575131 234.155832
29 30 38 0.370460 0.494185 0.135356 186.903029 238.704816
29 30 38 0.425854 0.397999 0.176146 181.726380 238.581867
29 30 38 0.253112 0.580740 0.166149 188.507197 237.417843
29 30 38 0.641006 0.276610 0.082383 175.790377 235.865283
29 30 38 0.575880 0.327290 0.096830 179.362950 238.661700
30 39 38 0.279747 0.166594 0.553659 183.493757 259.768517
30 39 38 0.387531 0.410220 0.202249 196.861557 254.894953
30 39 38 0.155421 0.684847 0.159732 200.392538 263.584521
30 39 38 0.811866 0.071335 0.116799 202.353374 242.966202
30 39 38 0.707705 0.189312 0.102982 201.163444 240.253608
30 39 38 0.823798 0.159942 0.016260 202.711170 236.397340
30 39 38 0.650449 0.061726 0.287824 192.068628 246.853524
30 39 38 0.653396 0.033938 0.312666 190.883228 248.887444
30 39 38 0.792503 0.074293 0.133205 195.168143 240.270248
30 39 38 0.110378 0.053320 0.836302 167.410437 265.210235
30 31 39 0.391027 0.195905 0.413068 210.953659 245.589557
30 31 39 0.240085 0.130090 0.629825 209.177970 254.037666
30 31 39 0.735953 0.198083 0.065964 212.305688 233.180730
30 31 39 0.932643 0.066532 0.000825 207.650354 233.463921
30 31 39 0.784236 0.165357 0.050407 209.661055 231.628433
30 31 39 0.434065 0.370817 0.195118 220.028460 236.482999
30 31 39 0.737764 0.186826 0.075410 212.071769 231.341236
30 31 39 0.693223 0.147655 0.159123 211.178958 238.115408
30 31 39 0.753524 0.205498 0.040978 212.256378 234.245764
30 31 39 0.691773 0.022389 0.285838 205.042229 242.898275
31 40 39 0.317706 0.068354 0.613940 221.882132 252.901201
31 40 39 0.480940 0.024446 0.494615 228.095844 250.028622
31 40 39 0.372277 0.294928 0.332795 232.548081 253.729198
31 40 39 0.827260 0.135649 0.037091 242.906961 233.015393
31 40 39 0.785910 0.064152 0.149939 237.554166 237.648895
31 40 39 0.727076 0.076957 0.195967 235.821765 239.952864
31 40 39 0.678719 0.041834 0.279447 234.971790 241.454367
31 40 39 0.727856 0.072379 0.199765 238.272828 238.934335
31 40 39 0.476628 0.057944 0.465428 227.842087 249.903373
31 40 39 0.713891 0.079715 0.206393 237.790478 240.621510
31 32 40 0.804368 0.132226 0.063406 247.553175 228.021569
31 32 40 0.415472 0.186526 0.398002 253.039183 247.073163
31 32 40 0.233339 0.253936 0.512725 256.647257 253.305143
31 32 40 0.997622 0.000036 0.002342 241.268988 232.302606
31 32 40 0.335098 0.454032 0.210870 267.179278 235.898650
31 32 40 0.991326 0.000028 0.008645 247.721238 229.682851
31 32 40 0.261394 0.464688 0.273917 261.473061 240.319230
31 32 40 0.752680 0.185873 0.061447 255.206334 236.083515
31 32 40 0.911985 0.050275 0.037740 247.123635 230.009630
31 32 40 0.294885 0.134020 0.571094 248.787343 249.970939
32 41 40 0.176874 0.127865 0.695262 259.171089 261.136109
32 41 40 0.387226 0.382070 0.230704 273.656141 252.013605
32 41 40 0.312682 0.551596 0.135722 280.786406 251.158627
32 41 40 0.460793 0.467074 0.072133 282.896928 247.833403
32 41 40 0.033016 0.151838 0.815146 251.311522 267.259040
32 41 40 0.013748 0.741946 0.244306 280.195477 262.136720
32 41 40 0.642479 0.297109 0.060412 284.997044 244.088721
32 41 40 0.468271 0.122683 0.409046 270.105755 252.533152
32 41 40 0.928892 0.005571 0.065537 280.972813 229.957613
32 41 40 0.365258 0.292582 0.342160 272.040193 252.785678
32 33 41 0.175858 0.511233 0.312910 307.455339 241.009725
32 33 41 0.467814 0.250822 0.281364 292.733208 242.820060
32 33 41 0.162808 0.322043 0.515149 298.052444 249.652962
32 33 41 0.154815 0.080292 0.764893 289.275637 258.512618
32 33 41 0.339506 0.467516 0.192978 304.012839 236.140577
32 33 41 0.826943 0.097741 0.075316 285.503092 230.359330
32 33 41 0.174475 0.261731 0.563794 298.351517 249.031151
32 33 41 0.366893 0.280375 0.352732 298.571369 237.292756
32 33 41 0.040950 0.307652 0.651398 300.768772 249.086426
32 33 41 0.138993 0.193728 0.667279 295.394841 252.963458
33 42 41 0.601338 0.113429 0.285233 313.636642 240.090815
33 42 41 0.296121 0.197355 0.506524 306.543062 256.995881
33 42 41 0.114784 0.094007 0.791209 299.243778 259.764799
33 42 41 0.115820 0.060730 0.823450 292.410833 260.216982
33 42 41 0.479121 0.062843 0.458035 307.422978 245.883414
33 42 41 0.770894 0.012831 0.216275 318.224080 233.172321
33 42 41 0.277251 0.083960 0.638789 303.572643 254.020267
33 42 41 0.311299 0.013397 0.675304 300.257982 251.872188
33 42 41 0.472371 0.151691 0.375939 312.625996 244.546467
33 42 41 0.157282 0.812083 0.030634 328.819146 258.826961
33 34 42 0.107657 0.588051 0.304291 345.971308 234.957884
33 34 42 0.900961 0.094114 0.004925 327.176621 223.534276
33 34 42 0.103771 0.611331 0.284898 348.277341 237.688500
33 34 42 0.155715 0.117700 0.726585 333.184327 252.879484
33 34 42 0.065834 0.586439 0.347727 349.330409 239.551460
33 34 42 0.683090 0.283359 0.033551 337.953789 226.171907
33 34 42 0.042711 0.253220 0.704068 340.262576 254.060199
33 34 42 0.535960 0.372625 0.091416 341.442296 231.885397
33 34 42 0.034775 0.566247 0.398978 347.926125 242.775999
33 34 42 0.226671 0.400927 0.372402 342.458751 237.701605
34 43 42 0.015923 0.549272 0.434805 353.420818 262.893988
34 43 42 0.697305 0.118867 0.183828 359.260980 237.579723
34 43 42 0.685411 0.140347 0.174242 360.223823 238.250751
34 43 42 0.821036 0.077811 0.101153 362.500494 233.390913
34 43 42 0.411023 0.270479 0.318498 355.159217 244.666559
34 43 42 0.216004 0.581129 0.202866 364.378672 253.750043
34 43 42 0.160176 0.220355 0.619469 343.268925 256.370589
34 43 42 0.370232 0.099977 0.529791 348.276823 249.530212
34 43 42 0.886598 0.059159 0.054243 362.273092 230.298640
34 43 42 0.677399 0.152825 0.169776 359.962391 238.836022
34 35 43 0.956392 0.039386 0.004222 367.550948 228.313437
34 35 43 0.848042 0.109700 0.042258 369.103801 228.312734
34 35 43 0.239470 0.150282 0.610248 375.597007 247.755702
34 35 43 0.918055 0.018085 0.063860 367.415862 222.472500
34 35 43 0.195862 0.543297 0.260841 388.155228 235.367164
34 35 43 0.869806 0.094572 0.035622 368.264485 224.630029
34 35 43 0.636797 0.011087 0.352116 365.215410 239.857450
34 35 43 0.283103 0.121778 0.595118 374.142895 248.889691
34 35 43 0.509994 0.021148 0.468859 366.930038 247.842441
34 35 43 0.001032 0.026800 0.972169 374.878288 260.928278
35 44 43 0.848998 0.069111 0.081892 402.996122 229.618804
35 44 43 0.370984 0.019421 0.609595 381.928525 245.126340
35 44 43 0.048995 0.064504 0.886501 378.249583 260.283087
35 44 43 0.994931 0.000715 0.004354 404.509762 221.441753
35 44 43 0.173339 0.395286 0.431375 398.348583 256.830084
35 44 43 0.427348 0.501504 0.071149 406.051559 241.738279
35 44 43 0.562637 0.393822 0.043541 406.261991 239.163404
35 44 43 0.209961 0.730275 0.059763 410.374299 253.502245
35 44 43 0.241022 0.333935 0.425043 390.919035 247.889743
35 44 43 0.242463 0.578600 0.178936 404.786235 248.922902
36 37 45 0.142181 0.133613 0.724206 84.422460 301.511791
36 37 45 0.215391 0.485510 0.299099 95.230506 284.830911
36 37 45 0.780656 0.183503 0.035841 84.511387 275.856473
36 37 45 0.131777 0.862716 0.005507 113.297239 271.347411
36 37 45 0.605395 0.026929 0.367676 76.265741 286.884605
36 37 45 0.193895 0.798567 0.007538 111.949196 271.618076
36 37 45 0.217955 0.139965 0.642079 79.148126 301.618379
36 37 45 0.902696 0.093188 0.004116 79.005281 271.940056
36 37 45 0.139087 0.351395 0.509518 91.802211 296.322786
36 37 45 0.283624 0.227522 0.488854 85.457335 292.374458
37 46 45 0.239433 0.531205 0.229362 112.277816 304.979934
37 46 45 0.285727 0.329266 0.385007 102.302164 304.430504
37 46 45 0.796858 0.003184 0.199958 112.481895 284.227434
37 46 45 0.498962 0.142854 0.358184 100.979879 292.941743
37 46 45 0.054938 0.147350 0.797712 86.247564 313.962368
37 46 45 0.641249 0.313427 0.045323 121.890121 288.604990
37 46 45 0.419796 0.391610 0.188594 109.930833 294.538042
37 46 45 0.285186 0.499653 0.215162 108.899935 306.180715
37 46 45 0.695718 0.280155 0.024127 116.870219 284.170882
37 46 45 0.890911 0.040138 0.068951 120.043110 276.706836
37 38 46 0.566634 0.089909 0.343457 127.141963 285.892441
37 38 46 0.702890 0.261154 0.035956 131.268580 273.816476
37 38 46 0.117207 0.369596 0.513197 134.395226 294.481494
37 38 46 0.032915 0.480632 0.486453 141.867578 292.133703
37 38 46 0.783684 0.085980 0.130336 125.320936 278.803884
37 38 46 0.370782 0.336987 0.292231 133.290536 281.855185
37 38 46 0.618904 0.376178 0.004918 135.810005 270.239397
37 38 46 0.500506 0.200413 0.299082 127.187885 286.098491
37 38 46 0.888367 0.092379 0.019253 125.126365 269.405799
37 38 46 0.414899 0.524099 0.061002 141.020997 273.940019
38 47 46 0.573544 0.035935 0.390521 146.483033 289.452818
38 47 46 0.779788 0.007582 0.212630 151.777641 279.360061
38 47 46 0.757302 0.000236 0.242462 150.701135 281.051131
38 47 46 0.319429 0.445188 0.235383 153.168466 299.338328
38 47 46 0.781370 0.001291 0.217339 153.027934 284.904757
38 47 46 0.519098 0.311457 0.169445 152.096599 291.730281
38 47 46 0.435304 0.051698 0.512997 139.848546 294.255012
38 47 46 0.765035 0.114643 0.120322 153.749311 284.237683
38 47 46 0.272861 0.681962 0.045177 159.731615 303.266850
38 47 46 0.962904 0.032923 0.004173 159.927547 274.336292
38 39 47 0.932847 0.021926 0.045226 164.130037 269.954713
38 39 47 0.225339 0.584994 0.189667 184.827260 276.233869
38 39 47 0.981207 0.018631 0.000162 159.952596 273.171714
38 39 47 0.792911 0.150213 0.056876 165.482792 271.528813
38 39 47 0.325830 0.357980 0.316191 176.443951 283.907076
38 39 47 0.518357 0.279682 0.201961 172.827813 281.545089
38 39 47 0.761901 0.045219 0.192880 166.675209 281.246143
38 39 47 0.575128 0.053089 0.371783 165.320683 286.698344
38 39 47 0.286916 0.036257 0.676828 166.253948 297.854240
38 39 47 0.614553 0.090172 0.295275 164.868079 284.234941
39 48 47 0.332988 0.441183 0.225829 191.187783 298.792299
39 48 47 0.223074 0.333766 0.443160 184.106128 301.642468
39 48 47 0.411075 0.426757 0.162169 198.417077 294.639376
39 48 47 0.732066 0.061048 0.206886 195.699396 282.133918
39 48 47 0.018956 0.858838 0.122206 202.455486 313.985883
39 48 47 0.838231 0.147525 0.014244 202.290495 276.624688
39 48 47 0.822782 0.085350 0.091868 200.090956 277.872451
39 48 47 0.812195 0.176234 0.011571 204.714782 275.909200
39 48 47 0.748934 0.247954 0.003112 203.763004 280.907238
39 48 47 0.612946 0.078991 0.308063 191.847127 284.464687
39 40 48 0.735039 0.050424 0.214537 204.613453 275.489040
39 40 48 0.759551 0.045413 0.195035 203.923787 275.127604
39 40 48 0.356533 0.353281 0.290186 217.630249 283.057212
39 40 48 0.296491 0.638078 0.065431 226.616297 274.991399
39 40 48 0.737872 0.169596 0.092532 207.973891 272.858774
39 40 48 0.531093 0.397768 0.071139 216.613007 277.074872
39 40 48 0.279534 0.197997 0.522469 212.081350 296.537239
39 40 48 0.725606 0.041978 0.232415 205.531776 274.210894
39 40 48 0.536342 0.318155 0.145503 218.387746 276.160334
39 40 48 0.649060 0.027222 0.323718 201.398566 283.199993
40 49 48 0.965973 0.004015 0.030012 241.166854 267.564225
40 49 48 0.642759 0.325236 0.032005 246.788414 283.457319
40 49 48 0.474339 0.255007 0.270654 234.565273 292.208628
40 49 48 0.492913 0.158929 0.348158 224.589266 290.922258
40 49 48 0.450208 0.368795 0.180997 238.136051 288.965445
40 49 48 0.692491 0.289278 0.018232 244.033996 282.617659
40 49 48 0.610291 0.224139 0.165570 237.286009 283.591499
40 49 48 0.049996 0.809510 0.140494 237.771741 304.797094
40 49 48 0.781775 0.199527 0.018698 245.393024 280.788170
40 49 48 0.713415 0.016825 0.269760 236.444240 282.687134
40 41 49 0.123746 0.241628 0.634627 255.860286 298.130248
40 41 49 0.590598 0.291495 0.117906 255.424696 273.591898
40 41 49 0.418051 0.381364 0.200585 258.234539 274.383924
40 41 49 0.609907 0.140775 0.249319 249.450123 274.941694
40 41 49 0.971922 0.005880 0.022198 243.319267 272.111714
40 41 49 0.561783 0.307478 0.130739 256.863448 271.866339
40 41 49 0.807953 0.169453 0.022594 252.749508 268.488774
40 41 49 0.175316 0.231755 0.592929 256.383400 293.309066
40 41 49 0.367557 0.111159 0.521283 251.729207 293.938723
40 41 49 0.313509 0.301037 0.385455 258.588309 285.346330
41 50 49 0.704484 0.072315 0.223202 278.617512 277.973565
41 50 49 0.632061 0.012918 0.355020 270.995913 281.201628
41 50 49 0.653496 0.102317 0.244187 278.511432 277.857282
41 50 49 0.079760 0.444744 0.475495 268.442615 308.565682
41 50 49 0.043919 0.776016 0.180066 283.007331 307.053013
41 50 49 0.444742 0.098888 0.456369 267.477611 287.479305
41 50 49 0.105741 0.189269 0.704990 259.307098 305.076825
41 50 49 0.130035 0.455445 0.414520 272.267195 304.886473
41 50 49 0.774427 0.152324 0.073248 283.863762 274.857590
41 50 49 0.277654 0.494876 0.227470 279.680786 299.313251
41 42 50 0.089772 0.762227 0.148002 320.680953 268.622039
41 42 50 0.929249 0.042665 0.028086 292.396116 267.505980
41 42 50 0.900892 0.065256 0.033853 289.140565 266.191101
41 42 50 0.539359 0.264652 0.195988 299.376673 274.585299
41 42 50 0.399549 0.064061 0.536390 292.453713 290.206302
41 42 50 0.396869 0.350066 0.253065 303.277183 275.989063
41 42 50 0.832458 0.072944 0.094597 290.381395 267.939750
41 42 50 0.488396 0.257521 0.254083 301.719041 276.643606
41 42 50 0.144296 0.532528 0.323176 310.248919 278.979507
41 42 50 0.632592 0.218790 0.148618 296.736592 271.332209
42 51 50 0.381345 0.616875 0.001780 333.610534 291.068035
42 51 50 0.589611 0.199568 0.210821 321.039944 284.455581
42 51 50 0.850970 0.115910 0.033120 329.247825 268.802485
42 51 50 0.861970 0.111451 0.026579 329.184629 268.516199
42 51 50 0.959775 0.031434 0.008790 332.443470 266.211535
42 51 50 0.591191 0.264200 0.144609 326.106393 280.386203
42 51 50 0.482734 0.008470 0.508796 312.541148 287.223088
42 51 50 0.188624 0.550041 0.261335 323.121978 299.779402
42 51 50 0.851599 0.111835 0.036565 327.906242 273.135116
42 51 50 0.894381 0.061406 0.044213 328.940549 271.679432
42 43 51 0.419677 0.164596 0.415727 338.009377 279.374264
42 43 51 0.104540 0.240016 0.655443 340.744538 290.239904
42 43 51 0.942974 0.014873 0.042154 329.306294 269.314874
42 43 51 0.626580 0.293436 0.079984 344.715390 264.620300
42 43 51 0.049698 0.597836 0.352466 354.124653 275.134779
42 43 51 0.469776 0.007934 0.522290 330.007902 286.593914
42 43 51 0.289624 0.523348 0.187028 355.402928 271.023498
42 43 51 0.480965 0.518126 0.000909 352.371361 262.255561
42 43 51 0.842117 0.067014 0.090869 332.152377 270.328908
42 43 51 0.118366 0.247279 0.634355 343.830962 289.073170
43 52 51 0.021286 0.549152 0.429562 358.087582 303.991301
43 52 51 0.403298 0.100585 0.496117 352.975612 287.302498
43 52 51 0.898161 0.097738 0.004101 371.695289 267.478896
43 52 51 0.426319 0.145122 0.428559 353.552603 288.757523
43 52 51 0.714136 0.075649 0.210215 362.981007 277.157491
43 52 51 0.782321 0.180951 0.036728 370.561666 271.124205
43 52 51 0.851309 0.110959 0.037732 368.065117 272.280120
43 52 51 0.722101 0.027511 0.250388 364.786250 274.794741
43 52 51 0.785082 0.122614 0.092305 370.621890 270.991616
43 52 51 0.399184 0.051949 0.548867 352.253539 288.031908
43 44 52 0.214100 0.756728 0.029172 404.327490 260.822394
43 44 52 0.674074 0.239801 0.086125 381.553836 264.896206
43 44 52 0.181482 0.778707 0.039812 403.699384 259.962326
43 44 52 0.389415 0.037998 0.572587 373.983686 285.088373
43 44 52 0.434679 0.037100 0.528221 372.532270 283.677714
43 44 52 0.461022 0.260198 0.278780 381.923354 272.713806
43 44 52 0.376473 0.235644 0.387883 382.957625 276.415080
43 44 52 0.425592 0.389885 0.184523 388.427438 267.973244
43 44 52 0.722655 0.066410 0.210934 377.017930 268.287817
43 44 52 0.771634 0.082520 0.145846 376.196383 266.661832
44 53 52 0.499407 0.147514 0.353080 400.509486 284.913787
44 53 52 0.384179 0.584254 0.031567 414.972489 285.895752
44 53 52 0.843893 0.093075 0.063032 411.532268 270.311925
44 53 52 0.464214 0.290979 0.244807 404.710149 282.882078
44 53 52 0.682441 0.086130 0.231429 406.757484 272.911201
44 53 52 0.157068 0.132223 0.710709 386.711071 298.174443
44 53 52 0.584833 0.345321 0.069846 412.189286 276.274106
44 53 52 0.140891 0.198523 0.660585 390.566129 297.058812
44 53 52 0.840884 0.158711 0.000405 412.306410 271.255477
44 53 52 0.832229 0.164431 0.003340 416.530468 270.727275
45 46 54 0.451606 0.393842 0.154552 94.425004 323.174777
45 46 54 0.231525 0.207637 0.560838 85.078428 341.303801
45 46 54 0.462397 0.002548 0.535055 78.222363 343.401531
45 46 54 0.820518 0.143127 0.036355 80.503188 314.424679
45 46 54 0.270868 0.338051 0.391081 89.018927 331.912457
45 46 54 0.441912 0.304392 0.253696 90.751668 332.904186
45 46 54 0.320599 0.246667 0.432734 87.923715 332.286021
45 46 54 0.492578 0.489588 0.017834 97.816754 317.818819
45 46 54 0.236624 0.710321 0.053055 106.049060 318.240111
45 46 54 0.679546 0.022344 0.298110 79.147408 328.766750
46 55 54 0.614697 0.060350 0.324953 108.667084 333.311606
46 55 54 0.198080 0.039643 0.762277 87.950433 348.762203
46 55 54 0.893583 0.067884 0.038533 118.528594 321.499470
46 55 54 0.815539 0.024254 0.160207 112.595417 321.823685
46 55 54 0.405881 0.396152 0.197967 112.857674 340.360599
46 55 54 0.148165 0.609898 0.241937 108.211717 352.716646
46 55 54 0.970159 0.013044 0.016797 117.474270 320.526030
46 55 54 0.342083 0.524333 0.133584 113.116129 342.268160
46 55 54 0.255419 0.178423 0.566158 97.283542 349.585829
46 55 54 0.636413 0.347513 0.016074 120.029644 332.417464
46 47 55 0.516952 0.133318 0.349730 122.801243 327.570137
46 47 55 0.723401 0.078495 0.198104 122.388672 326.196984
46 47 55 0.670182 0.239789 0.090028 127.720344 318.138962
46 47 55 0.251456 0.019664 0.728880 117.238376 349.447888
46 47 55 0.468633 0.322291 0.209076 133.810008 324.643427
46 47 55 0.593251 0.303559 0.103189 135.166765 315.333301
46 47 55 0.286997 0.427408 0.285596 138.078533 327.109588
46 47 55 0.400586 0.003655 0.595759 116.570779 339.105767
46 47 55 0.058473 0.788307 0.153219 155.569545 318.602203
46 47 55 0.702864 0.081208 0.215928 125.578663 326.479077
47 56 55 0.055687 0.343886 0.600427 138.802360 355.012732
47 56 55 0.340373 0.257003 0.402624 148.356183 341.958692
47 56 55 0.183096 0.778734 0.038170 166.394586 351.415793
47 56 55 0.979951 0.001783 0.018265 164.421769 313.105977
47 56 55 0.850232 0.087576 0.062193 162.674708 323.822562
47 56 55 0.351146 0.330912 0.317942 151.647298 339.120987
47 56 55 0.494243 0.046593 0.459164 144.212806 335.121103
47 56 55 0.185738 0.535055 0.279207 151.307582 350.766202
47 56 55 0.497280 0.310296 0.192424 154.870625 334.252682
47 56 55 0.986386 0.006906 0.006709 163.697866 313.340776
47 48 56 0.638498 0.175152 0.186350 171.527389 321.371456
47 48 56 0.308322 0.627778 0.063900 186.046619 319.805992
47 48 56 0.977615 0.007274 0.015111 164.372849 316.072795
47 48 56 0.997759 0.002240 0.000001 161.791116 313.571389
47 48 56 0.699572 0.246456 0.053972 173.544642 313.014114
47 48 56 0.857752 0.113260 0.028988 167.914806 313.991576
47 48 56 0.141754 0.790858 0.067388 192.937902 315.001896
47 48 56 0.256375 0.013253 0.730373 169.192819 344.215217
47 48 56 0.940090 0.032948 0.026962 167.226697 314.921668
47 48 56 0.123706 0.492417 0.383878 184.096043 331.614800
48 57 56 0.756644 0.083732 0.159624 194.703075 320.898067
48 57 56 0.658969 0.047607 0.293423 194.669408 325.976234
48 57 56 0.272204 0.542570 0.185226 196.326161 343.667860
48 57 56 0.841554 0.016648 0.141798 201.925443 321.947445
48 57 56 0.265814 0.539825 0.194361 198.515441 346.793662
48 57 56 0.386694 0.329059 0.284247 192.858465 339.023345
48 57 56 0.332840 0.542652 0.124508 199.186596 341.858429
48 57 56 0.564038 0.206130 0.229833 194.724359 329.017816
48 57 56 0.574751 0.077042 0.348207 188.101458 333.980415
48 57 56 0.052248 0.497986 0.449766 190.856827 353.199929
48 49 57 0.851767 0.027035 0.121199 203.028494 316.004229
48 49 57 0.438269 0.549310 0.012422 225.530274 309.742697
48 49 57 0.686771 0.150666 0.162563 209.422128 321.683604
48 49 57 0.064259 0.694209 0.241532 233.171886 321.820311
48 49 57 0.442984 0.387819 0.169197 223.172376 314.461671
48 49 57 0.554976 0.248925 0.196099 212.472874 319.506996
48 49 57 0.788137 0.201401 0.010462 211.292790 310.582564
48 49 57 0.433926 0.188933 0.377141 212.652918 323.875076
48 49 57 0.032273 0.608820 0.358908 229.664473 322.232795
48 49 57 0.443197 0.114435 0.442368 208.555693 330.932672
49 58 57 0.806405 0.124403 0.069191 245.128900 319.368645
49 58 57 0.264421 0.454550 0.281029 234.950422 342.049589
49 58 57 0.916207 0.081447 0.002346 246.896600 311.294074
49 58 57 0.460833 0.532021 0.007146 246.539563 329.339110
49 58 57 0.958073 0.014195 0.027733 243.119225 310.529704
49 58 57 0.974412 0.020593 0.004995 243.730351 312.359022
49 58 57 0.292500 0.420080 0.287419 234.216872 337.574224
49 58 57 0.996899 0.001443 0.001657 248.283656 311.399745
49 58 57 0.414253 0.468031 0.117716 242.407422 336.122631
49 58 57 0.911328 0.074037 0.014634 243.722306 312.930971
49 50 58 0.243692 0.122340 0.633968 251.883892 336.191579
49 50 58 0.103565 0.517361 0.379074 270.885539 323.935257
49 50 58 0.871333 0.044954 0.083713 248.466579 316.412007
49 50 58 0.674729 0.120756 0.204516 246.854546 316.359172
49 50 58 0.710007 0.118485 0.171508 249.008175 316.322773
49 50 58 0.063654 0.896184 0.040163 289.913643 308.693628
49 50 58 0.740395 0.238671 0.020934 254.490189 308.933272
49 50 58 0.361500 0.393384 0.245116 260.376170 318.608556
49 50 58 0.096348 0.476018 0.427634 270.317117 325.598522
49 50 58 0.502337 0.418070 0.079594 263.698372 313.409072
50 59 58 0.628161 0.226483 0.145356 282.753576 322.901943
50 59 58 0.869346 0.070359 0.060295 286.408192 314.842458
50 59 58 0.845867 0.128086 0.026047 291.862947 312.502551
50 59 58 0.638779 0.237071 0.124150 287.213461 321.915899
50 59 58 0.752217 0.213646 0.034138 289.843685 317.022298
50 59 58 0.440872 0.139782 0.419346 271.680727 331.304801
50 59 58 0.493482 0.004615 0.501903 267.358021 330.371600
50 59 58 0.232730 0.015647 0.751623 260.129153 340.255411
50 59 58 0.479908 0.282932 0.237160 280.656849 328.479287
50 59 58 0.549057 0.088619 0.362324 278.219863 326.801272
50 51 59 0.242925 0.332149 0.424926 303.784169 324.301973
50 51 59 0.357455 0.316106 0.326439 304.737266 325.733559
50 51 59 0.699853 0.018936 0.281211 291.024181 321.430697
50 51 59 0.375284 0.120418 0.504298 292.881861 328.739961
50 51 59 0.702728 0.002874 0.294398 289.696322 316.826949
50 51 59 0.234062 0.258168 0.507770 296.701956 328.626388
50 51 59 0.410924 0.496137 0.092938 311.777897 310.299317
50 51 59 0.637969 0.117870 0.244161 295.101194 313.482686
50 51 59 0.631871 0.218392 0.149737 298.627952 316.662566
50 51 59 0.870250 0.090030 0.039719 295.024100 311.126019
51 60 59 0.666769 0.262813 0.070418 330.738627 322.209009
51 60 59 0.223771 0.192404 0.583824 307.469404 337.150209
51 60 59 0.618918 0.245484 0.135598 326.826544 322.705509
51 60 59 0.584751 0.073408 0.341841 315.444513 324.948753
51 60 59 0.743992 0.110346 0.145662 325.013287 319.514335
51 60 59 0.276272 0.016919 0.706809 305.664445 338.535085
51 60 59 0.850446 0.092692 0.056861 331.113986 316.836154
51 60 59 0.582323 0.211751 0.205925 322.282180 323.710979
51 60 59 0.951963 0.035098 0.012939 334.734383 310.072454
51 60 59 0.179716 0.520995 0.299289 319.727658 339.829915
51 52 60 0.034257 0.324418 0.641325 348.225400 330.502366
51 52 60 0.039537 0.017218 0.943246 332.436705 343.292791
51 52 60 0.629738 0.325735 0.044527 347.805342 310.733981
51 52 60 0.184962 0.800143 0.014895 366.142120 305.759886
51 52 60 0.668992 0.318002 0.013006 347.396477 306.049574
51 52 60 0.851387 0.030586 0.118027 336.214372 308.156905
51 52 60 0.175805 0.427566 0.396629 352.536983 322.319927
51 52 60 0.783426 0.089952 0.126622 337.799551 314.741722
51 52 60 0.525244 0.094380 0.380376 336.805674 323.895115
51 52 60 0.211922 0.108756 0.679322 336.655706 332.514094
52 61 60 0.254037 0.554410 0.191553 367.891497 338.606112
52 61 60 0.281929 0.583860 0.134212 367.334075 336.461197
52 61 60 0.303436 0.581948 0.114616 367.730398 333.450424
52 61 60 0.859671 0.066634 0.073695 370.679305 310.082404
52 61 60 0.081544 0.211854 0.706603 343.822789 340.902570
52 61 60 0.227295 0.285665 0.487041 352.887263 338.050072
52 61 60 0.519061 0.163286 0.317653 356.926744 325.079964
52 61 60 0.746881 0.247479 0.005640 371.569170 318.235539
52 61 60 0.667929 0.211103 0.120968 364.335956 316.796760
52 61 60 0.771412 0.055906 0.172681 367.114843 316.864453
52 53 61 0.366800 0.179114 0.454086 382.679211 324.728044
52 53 61 0.931585 0.038561 0.029854 378.115870 305.238756
52 53 61 0.364579 0.055084 0.580337 375.346995 329.055274
52 53 61 0.400294 0.277513 0.322194 387.086123 319.910158
52 53 61 0.414861 0.147353 0.437787 382.423302 320.774607
52 53 61 0.202916 0.427867 0.369217 394.860796 319.323212
52 53 61 0.788656 0.092790 0.118554 375.150535 312.948180
52 53 61 0.831698 0.136794 0.031508 379.483784 308.257194
52 53 61 0.492425 0.421745 0.085830 391.918346 308.560453
52 53 61 0.009966 0.530604 0.459430 400.254861 322.175773
53 62 61 0.037133 0.943757 0.019111 415.415050 340.759014
53 62 61 0.331873 0.414847 0.253280 405.135251 329.711125
53 62 61 0.622760 0.269830 0.107410 413.298248 317.888086
53 62 61 0.485229 0.199706 0.315066 404.665060 323.809762
53 62 61 0.711924 0.013141 0.274935 405.819846 315.867557
53 62 61 0.239756 0.188169 0.572075 394.952710 334.833227
53 62 61 0.681822 0.078721 0.239457 405.601481 317.231106
53 62 61 0.241271 0.246729 0.512000 392.210157 334.652816
53 62 61 0.969427 0.009262 0.021311 418.516256 308.600874
53 62 61 0.549315 0.447721 0.002964 419.751739 321.772231
54 55 63 0.737499 0.112977 0.149524 84.149336 368.365012
54 55 63 0.386256 0.551481 0.062263 100.681747 358.368328
54 55 63 0.030157 0.137026 0.832816 86.932955 392.933967
54 55 63 0.368473 0.305627 0.325900 94.261949 373.589311
54 55 63 0.565753 0.403069 0.031179 95.285529 360.584265
54 55 63 0.752154 0.001681 0.246165 78.995966 372.428508
54 55 63 0.983336 0.001465 0.015199 78.014919 364.239189
54 55 63 0.915861 0.067974 0.016164 83.516187 360.022166
54 55 63 0.737034 0.012117 0.250850 81.312111 369.044648
54 55 63 0.276273 0.291510 0.432217 93.796020 374.210450
55 64 63 0.709057 0.243888 0.047055 117.762745 364.898622
55 64 63 0.484463 0.223964 0.291573 112.298191 377.690103
55 64 63 0.454463 0.187425 0.358112 109.912889 381.066013
55 64 63 0.045040 0.263437 0.691523 97.227457 398.013769
55 64 63 0.492829 0.283679 0.223491 112.533485 375.450207
55 64 63 0.498323 0.205863 0.295814 107.432054 376.617760
55 64 63 0.418524 0.248590 0.332886 111.144357 380.180478
55 64 63 0.106582 0.299086 0.594332 100.612137 392.244335
55 64 63 0.364397 0.292886 0.342717 105.650381 378.566802
55 64 63 0.026887 0.365109 0.608003 103.721951 396.518660
55 56 64 0.352808 0.336436 0.310756 135.968692 371.708453
55 56 64 0.629589 0.163152 0.207259 124.392512 364.881984
55 56 64 0.331171 0.045144 0.623685 128.670171 378.954418
55 56 64 0.910231 0.063790 0.025979 120.503662 359.253168
55 56 64 0.623367 0.001527 0.375106 120.795584 375.153856
55 56 64 0.999614 0.000265 0.000121 122.794152 358.069637
55 56 64 0.005403 0.976213 0.018384 167.489923 357.672669
55 56 64 0.183615 0.743018 0.073367 152.791593 364.196729
55 56 64 0.977539 0.021894 0.000567 118.966624 361.311484
55 56 64 0.148738 0.130741 0.720521 133.763192 384.640717
56 65 64 0.332607 0.570921 0.096472 165.016175 384.092581
56 65 64 0.202525 0.736673 0.060802 166.379547 387.074662
56 65 64 0.854655 0.142317 0.003029 162.868438 364.332009
56 65 64 0.756776 0.219094 0.024129 164.498676 361.805024
56 65 64 0.119023 0.134509 0.746468 136.776915 390.131391
56 65 64 0.525399 0.273166 0.201435 155.414768 374.081351
56 65 64 0.183582 0.332892 0.483525 149.817992 385.189341
56 65 64 0.817990 0.147569 0.034440 163.357961 361.679386
56 65 64 0.541440 0.005790 0.452770 144.334605 374.859006
56 65 64 0.837890 0.120632 0.041478 165.294829 360.455251
56 57 65 0.444066 0.335501 0.220434 180.291095 365.040771
56 57 65 0.772538 0.225455 0.002007 173.203934 353.380689
56 57 65 0.751131 0.037015 0.211855 166.125979 366.137639
56 57 65 0.282645 0.535847 0.181508 187.160789 361.100482
56 57 65 0.583298 0.277562 0.139140 178.992368 359.899608
56 57 65 0.248333 0.039566 0.712101 169.959829 380.098441
56 57 65 0.806227 0.042612 0.151161 166.279759 359.551281
56 57 65 0.177909 0.505603 0.316488 188.475879 363.894535
56 57 65 0.386737 0.224927 0.388336 175.634513 370.973148
56 57 65 0.978749 0.005410 0.015841 159.520200 357.633400
57 66 65 0.301760 0.139435 0.558805 184.390107 380.943372
57 66 65 0.351716 0.474660 0.173624 197.948814 376.824476
57 66 65 0.606507 0.137690 0.255803 196.524329 363.578481
57 66 65 0.566706 0.158309 0.274985 199.245119 369.272283
57 66 65 0.319533 0.344051 0.336417 197.664484 375.786870
57 66 65 0.713924 0.265203 0.020872 207.689836 365.843405
57 66 65 0.069662 0.474548 0.455790 190.184711 390.074593
57 66 65 0.821579 0.148831 0.029590 203.861418 359.856723
57 66 65 0.737294 0.102435 0.160270 200.529858 363.224741
57 66 65 0.773315 0.185110 0.041574 206.087630 363.912962
57 58 66 0.231502 0.657792 0.110705 235.593906 361.181338
57 58 66 0.587553 0.117985 0.294463 211.599763 362.760665
57 58 66 0.801327 0.047347 0.151327 212.212495 358.933888
57 58 66 0.265085 0.393847 0.341068 225.319304 365.237656
57 58 66 0.645409 0.246055 0.108536 218.137017 357.250421
57 58 66 0.988868 0.006620 0.004512 208.362254 352.346684
57 58 66 0.682761 0.000988 0.316251 206.812481 366.376875
57 58 66 0.323310 0.668241 0.008448 238.680031 349.434554
57 58 66 0.789962 0.161559 0.048479 211.454714 351.705590
57 58 66 0.502695 0.457459 0.039846 225.586954 353.013796
58 67 66 0.607566 0.072413 0.320021 234.633452 366.554138
58 67 66 0.041532 0.033331 0.925137 213.915992 389.670352
58 67 66 0.382336 0.261368 0.356297 239.440276 375.836424
58 67 66 0.714420 0.220648 0.064932 248.519239 359.193006
58 67 66 0.485113 0.370364 0.144523 245.492422 367.381757
58 67 66 0.354444 0.507016 0.138541 246.694426 373.476788
58 67 66 0.759767 0.133776 0.106457 241.796960 358.588710
58 67 66 0.428500 0.166691 0.404809 231.607182 377.448000
58 67 66 0.998583 0.000642 0.000774 246.794382 348.827324
58 67 66 0.774912 0.181385 0.043703 250.706299 362.173495
58 59 67 0.360777 0.252920 0.386303 260.548183 369.520274
58 59 67 0.275293 0.569944 0.154763 277.486932 355.054461
58 59 67 0.177749 0.054368 0.767883 253.606814 378.109415
58 59 67 0.819955 0.071862 0.108183 251.614943 358.050040
58 59 67 0.392896 0.246138 0.360965 261.764543 361.902476
58 59 67 0.702841 0.195529 0.101629 256.355424 353.425245
58 59 67 0.668460 0.301873 0.029668 260.505148 350.719620
58 59 67 0.751417 0.062886 0.185697 250.337061 362.075848
58 59 67 0.293916 0.501702 0.204383 272.547734 356.830240
58 59 67 0.964482 0.024254 0.011265 245.847045 348.185861
59 68 67 0.543936 0.015580 0.440483 277.080746 366.163338
59 68 67 0.400512 0.008561 0.590926 267.654872 370.981084
59 68 67 0.314112 0.165807 0.520080 271.177260 377.804380
59 68 67 0.606917 0.037021 0.356062 279.937751 366.409355
59 68 67 0.009067 0.252733 0.738200 264.707543 387.821731
59 68 67 0.064338 0.811587 0.124074 282.688374 382.917732
59 68 67 0.752802 0.056018 0.191180 285.252980 359.106302
59 68 67 0.988509 0.008802 0.002689 293.113263 350.016387
59 68 67 0.740280 0.225221 0.034499 288.830057 359.731289
59 68 67 0.142866 0.148839 0.708295 260.449941 383.198471
59 60 68 0.164065 0.591874 0.244061 311.985758 358.198790
59 60 68 0.632696 0.052421 0.314883 291.552549 361.542261
59 60 68 0.987020 0.001663 0.011317 289.987540 346.811866
59 60 68 0.182623 0.639746 0.177630 316.550444 353.939492
59 60 68 0.565183 0.159414 0.275403 298.318723 358.386893
59 60 68 0.101588 0.510242 0.388170 308.062550 361.927332
59 60 68 0.029586 0.068192 0.902223 292.403711 380.834794
59 60 68 0.623060 0.083985 0.292956 297.566444 356.566094
59 60 68 0.391253 0.049856 0.558891 294.894290 369.017080
59 60 68 0.889049 0.029247 0.081704 290.939685 352.627502
60 69 68 0.568183 0.123198 0.308619 321.367373 364.503555
60 69 68 0.712502 0.259738 0.027760 328.918896 359.262298
60 69 68 0.469736 0.426408 0.103856 326.853484 369.326059
60 69 68 0.409508 0.425827 0.164665 321.892214 374.851976
60 69 68 0.543150 0.155236 0.301613 318.300194 363.590883
60 69 68 0.467537 0.324429 0.208035 321.236489 369.746071
60 69 68 0.722985 0.127855 0.149160 325.442697 357.205572
60 69 68 0.597028 0.360631 0.042341 326.604834 358.512567
60 69 68 0.048042 0.591873 0.360085 314.486627 382.576258
60 69 68 0.567039 0.299353 0.133608 326.460550 366.567507
60 61 69 0.408882 0.317012 0.274106 345.829511 358.286905
60 61 69 0.158327 0.111075 0.730598 335.110305 373.217048
60 61 69 0.494469 0.268535 0.236996 341.542937 352.738193
60 61 69 0.341754 0.152095 0.506151 340.410332 364.572567
60 61 69 0.650754 0.136445 0.212800 341.450388 357.371397
60 61 69 0.687769 0.199463 0.112768 340.137030 350.592703
60 61 69 0.326901 0.477406 0.195693 353.211576 352.733107
60 61 69 0.333653 0.617798 0.048549 356.863053 347.761741
60 61 69 0.959041 0.018724 0.022235 331.167115 350.904383
60 61 69 0.934289 0.054556 0.011156 335.097530 347.553837
61 70 69 0.238973 0.613540 0.147487 361.447437 371.604487
61 70 69 0.524591 0.222414 0.252995 359.750685 361.168226
61 70 69 0.694164 0.070285 0.235551 360.857076 358.830045
61 70 69 0.418398 0.124190 0.457412 351.805685 362.513565
61 70 69 0.902772 0.022061 0.075167 373.530088 348.496282
61 70 69 0.990299 0.001883 0.007818 372.763109 345.620158
61 70 69 0.431100 0.240152 0.328747 354.640286 365.600730
61 70 69 0.786152 0.139794 0.074054 369.895516 352.827015
61 70 69 0.242322 0.295016 0.462662 349.606306 373.066141
61 70 69 0.629754 0.220404 0.149842 366.080644 358.765835
61 62 70 0.467672 0.351046 0.181282 385.378564 348.190706
61 62 70 0.842438 0.066526 0.091036 374.110423 350.512589
61 62 70 0.816982 0.113674 0.069344 379.043338 349.560883
61 62 70 0.570081 0.413869 0.016050 387.544841 346.447174
61 62 70 0.270400 0.652753 0.076847 399.916284 342.599306
61 62 70 0.427770 0.090062 0.482168 374.463973 362.803420
61 62 70 0.176760 0.320625 0.502616 385.988084 364.912113
61 62 70 0.836052 0.075924 0.088024 377.014483 347.947026
61 62 70 0.637418 0.048143 0.314439 374.762262 353.367109
61 62 70 0.772546 0.070453 0.157001 376.264178 349.868469
62 71 70 0.018249 0.874532 0.107220 407.377823 378.690047
62 71 70 0.889685 0.070840 0.039475 415.013112 345.494329
62 71 70 0.923914 0.064473 0.011613 413.602910 345.060825
62 71 70 0.756611 0.176798 0.066591 413.299700 354.715177
62 71 70 0.561027 0.118851 0.320122 401.421079 360.029736
62 71 70 0.989170 0.003281 0.007549 414.755625 342.592517
62 71 70 0.411961 0.321796 0.266243 401.577264 361.592345
62 71 70 0.784268 0.067420 0.148313 404.236382 352.868988
62 71 70 0.210218 0.089752 0.700030 384.753932 373.771967
62 71 70 0.910824 0.068920 0.020256 413.889044 342.714500
63 64 72 0.771318 0.126865 0.101817 90.362538 400.606104
63 64 72 0.171446 0.621207 0.207347 112.155031 399.478692
63 64 72 0.077995 0.207177 0.714828 95.777452 418.074373
63 64 72 0.433296 0.247909 0.318795 95.180293 402.873793
63 64 72 0.158155 0.515592 0.326253 110.099866 404.343093
63 64 72 0.689827 0.181257 0.128916 89.105802 399.404229
63 64 72 0.851120 0.095734 0.053146 88.131992 398.271918
63 64 72 0.471458 0.508381 0.020161 105.538973 397.768702
63 64 72 0.881368 0.068703 0.049929 88.530481 400.971497
63 64 72 0.102811 0.084296 0.812893 91.962291 417.421808
64 73 72 0.154017 0.759206 0.086777 131.712506 419.568482
64 73 72 0.453883 0.511540 0.034577 127.679082 409.645557
64 73 72 0.744502 0.227863 0.027635 130.898980 402.848118
64 73 72 0.315540 0.000696 0.683764 104.921480 416.508911
64 73 72 0.238659 0.238611 0.522730 110.548659 418.927992
64 73 72 0.574919 0.265767 0.159314 118.538361 405.167029
64 73 72 0.050455 0.426093 0.523452 110.875844 422.094864
64 73 72 0.026841 0.557783 0.415377 114.670606 422.658304
64 73 72 0.421290 0.048731 0.529979 106.697954 410.074201
64 73 72 0.332750 0.005629 0.661621 101.756438 414.453220
64 65 73 0.793524 0.026866 0.179610 131.207144 403.703298
64 65 73 0.038488 0.200391 0.761121 137.793947 413.623056
64 65 73 0.428248 0.228571 0.343181 135.775682 405.087548
64 65 73 0.550291 0.180200 0.269509 137.837090 401.737613
64 65 73 0.400730 0.469332 0.129938 147.021783 400.738411
64 65 73 0.903741 0.013518 0.082741 129.566315 395.935626
64 65 73 0.724853 0.231788 0.043359 134.439883 392.857258
64 65 73 0.049576 0.880984 0.069440 166.271212 394.401794
64 65 73 0.709497 0.192750 0.097753 133.271363 398.873078
64 65 73 0.997291 0.001222 0.001487 128.428830 394.876294
65 74 73 0.112404 0.610390 0.277206 160.568694 418.333968
65 74 73 0.111002 0.495308 0.393689 152.816316 418.413895
65 74 73 0.258901 0.171026 0.570073 148.621653 416.092065
65 74 73 0.043932 0.404147 0.551921 152.820460 417.470280
65 74 73 0.509200 0.300030 0.190770 163.070311 405.980666
65 74 73 0.936487 0.063311 0.000202 169.840115 393.762885
65 74 73 0.721555 0.233856 0.044589 172.685175 400.486155
65 74 73 0.651353 0.133909 0.214737 165.388621 399.589089
65 74 73 0.662154 0.173592 0.164255 161.818894 402.320008
65 74 73 0.983423 0.011665 0.004912 165.478689 396.285559
65 66 74 0.910018 0.071340 0.018641 170.797984 390.560302
65 66 74 0.890639 0.003662 0.105699 170.475176 395.848676
65 66 74 0.142870 0.607664 0.249466 193.536666 397.133250
65 66 74 0.419930 0.149064 0.431006 175.713045 402.806369
65 66 74 0.143692 0.303307 0.553001 183.076758 411.922614
65 66 74 0.010869 0.348603 0.640528 188.573144 408.396048
65 66 74 0.617105 0.301200 0.081695 183.759172 395.122155
65 66 74 0.409461 0.239087 0.351453 181.067176 399.170256
65 66 74 0.831255 0.005641 0.163104 172.032882 392.764778
65 66 74 0.312721 0.274225 0.413054 178.903704 402.278612
66 75 74 0.406684 0.559126 0.034190 209.342546 409.734887
66 75 74 0.792461 0.154075 0.053464 207.736813 397.755419
66 75 74 0.219494 0.629559 0.150947 205.609765 411.301949
66 75 74 0.725631 0.093928 0.180441 202.101605 397.437980
66 75 74 0.016173 0.204192 0.779635 181.196165 421.626317
66 75 74 0.297174 0.346911 0.355915 196.551075 408.927733
66 75 74 0.827518 0.044087 0.128396 203.961577 397.671505
66 75 74 0.194418 0.267072 0.538510 194.011272 416.157037
66 75 74 0.912651 0.077757 0.009592 209.328003 389.079004
66 75 74 0.227524 0.702457 0.070019 207.832898 411.703423
66 67 75 0.903270 0.058462 0.038268 209.612035 390.976621
66 67 75 0.089553 0.564193 0.346255 236.231782 403.054640
66 67 75 0.645798 0.311782 0.042420 223.901960 391.130439
66 67 75 0.885324 0.102869 0.011806 210.951422 385.502677
66 67 75 0.604570 0.009881 0.385549 207.963640 398.133903
66 67 75 0.507708 0.133803 0.358489 215.687371 402.049555
66 67 75 0.971203 0.006190 0.022607 208.250415 390.812762
66 67 75 0.812670 0.100950 0.086381 211.914457 393.968955
66 67 75 0.333912 0.303672 0.362416 221.976773 396.279128
66 67 75 0.293040 0.187957 0.519003 222.155139 403.231183
67 76 75 0.552462 0.250712 0.196826 241.491023 402.408514
67 76 75 0.474100 0.508237 0.017663 247.539711 402.917039
67 76 75 0.405740 0.455142 0.139118 249.956476 405.437131
67 76 75 0.053661 0.134981 0.811358 219.429603 418.212489
67 76 75 0.709749 0.079147 0.211104 240.616110 394.689577
67 76 75 0.565216 0.336274 0.098510 246.342579 400.061038
67 76 75 0.611080 0.007065 0.381855 231.765572 402.106727
67 76 75 0.496156 0.482576 0.021268 251.470236 402.726773
67 76 75 0.135407 0.423771 0.440822 236.339634 415.764695
67 76 75 0.707885 0.144648 0.147466 244.131560 395.811300
67 68 76 0.459493 0.438599 0.101908 268.891419 391.113617
67 68 76 0.680794 0.135526 0.183680 254.496854 392.959030
67 68 76 0.192550 0.410703 0.396747 265.253301 403.158736
67 68 76 0.141569 0.079356 0.779075 253.890590 408.219614
67 68 76 0.372460 0.424115 0.203425 269.039042 391.967131
67 68 76 0.890095 0.009689 0.100216 249.279222 389.484963
67 68 76 0.369177 0.622113 0.008710 276.955605 385.723651
67 68 76 0.783608 0.121855 0.094536 260.038176 393.456124
67 68 76 0.769979 0.173522 0.056499 256.517854 390.789387
67 68 76 0.302927 0.284429 0.412644 262.932785 401.067055
68 77 76 0.331989 0.176419 0.491593 268.874902 407.660162
68 77 76 0.268654 0.465464 0.265881 281.394374 406.480530
68 77 76 0.158913 0.017071 0.824016 260.396057 414.415567
68 77 76 0.321221 0.257054 0.421725 272.949595 403.691672
68 77 76 0.102732 0.810366 0.086902 286.968107 409.777441
68 77 76 0.235706 0.159393 0.604901 268.920664 410.514985
68 77 76 0.759240 0.073789 0.166971 285.527874 391.958252
68 77 76 0.193165 0.386394 0.420442 271.956504 408.981713
68 77 76 0.362148 0.031012 0.606840 266.864746 405.528239
68 77 76 0.279399 0.423943 0.296657 280.584532 407.971636
68 69 77 0.251610 0.144488 0.603902 294.610635 398.412832
68 69 77 0.426918 0.238081 0.335001 297.839649 398.439006
68 69 77 0.617706 0.350702 0.031592 306.527916 384.617716
68 69 77 0.994439 0.005154 0.000407 291.772342 386.184282
68 69 77 0.695238 0.242239 0.062524 300.557213 386.012031
68 69 77 0.823951 0.152192 0.023857 295.917700 384.174516
68 69 77 0.488148 0.404080 0.107772 306.811891 390.373061
68 69 77 0.244187 0.271515 0.484298 301.707359 399.722797
68 69 77 0.024332 0.797075 0.178593 319.736519 389.390730
68 69 77 0.709247 0.018350 0.272403 292.071521 396.538811
69 78 77 0.279978 0.677186 0.042836 325.301111 400.562232
69 78 77 0.169029 0.392367 0.438604 313.011608 406.294175
69 78 77 0.360079 0.257889 0.382033 314.923214 404.248199
69 78 77 0.419554 0.384442 0.196004 319.539197 400.064473
69 78 77 0.567376 0.167784 0.264839 318.224480 394.597581
69 78 77 0.463280 0.073448 0.463272 307.530841 398.028505
69 78 77 0.581115 0.268504 0.150381 323.931302 396.963642
69 78 77 0.152293 0.782325 0.065382 325.487143 402.262924
69 78 77 0.744650 0.243493 0.011858 327.111374 389.511310
69 78 77 0.604573 0.180961 0.214466 320.142241 396.680129
69 70 78 0.102244 0.198705 0.699051 341.455334 402.669433
69 70 78 0.909320 0.012620 0.078061 331.366968 387.633809
69 70 78 0.962016 0.005070 0.032913 328.150962 383.289421
69 70 78 0.234292 0.169857 0.595850 336.347001 400.474111
69 70 78 0.528096 0.358307 0.113597 343.555327 387.807803
69 70 78 0.072085 0.210004 0.717911 337.529347 399.488619
69 70 78 0.604223 0.274253 0.121524 337.301485 386.417622
69 70 78 0.066367 0.328421 0.605212 340.377752 400.922762
69 70 78 0.262394 0.719319 0.018287 360.114807 379.902307
69 70 78 0.912793 0.074945 0.012262 333.840996 384.026405
70 79 78 0.225629 0.356661 0.417710 348.880780 403.158181
70 79 78 0.350545 0.587182 0.062273 367.101063 397.378140
70 79 78 0.953887 0.018096 0.028017 367.722139 380.601361
70 79 78 0.897068 0.015491 0.087441 365.675089 383.777016
70 79 78 0.368712 0.378226 0.253062 359.181515 399.919319
70 79 78 0.708537 0.174648 0.116816 364.066058 389.271942
70 79 78 0.857818 0.038218 0.103964 366.643849 384.637645
70 79 78 0.137797 0.566677 0.295526 354.974202 401.001532
70 79 78 0.136651 0.111701 0.751648 337.926186 405.433642
70 79 78 0.355966 0.215332 0.428702 350.714318 400.095194
70 71 79 0.433862 0.310303 0.255836 380.085100 383.790419
70 71 79 0.796234 0.062511 0.141256 369.036376 386.496806
70 71 79 0.054353 0.287890 0.657757 379.161014 397.084081
70 71 79 0.307290 0.198199 0.494511 374.091469 389.927395
70 71 79 0.877866 0.094010 0.028124 375.861283 377.550970
70 71 79 0.653444 0.259659 0.086897 378.297169 383.421755
70 71 79 0.098701 0.407803 0.493496 381.150727 391.565116
70 71 79 0.301544 0.153068 0.545388 372.700651 394.403090
70 71 79 0.065138 0.884887 0.049975 403.875763 380.423849
70 71 79 0.916253 0.025339 0.058408 369.822826 383.955760
71 80 79 0.493666 0.487226 0.019107 401.364856 390.171737
71 80 79 0.484596 0.416712 0.098692 400.593749 391.708645
71 80 79 0.790896 0.142988 0.066116 405.853789 384.660305
71 80 79 0.830703 0.156651 0.012646 411.874190 383.769262
71 80 79 0.187540 0.485399 0.327061 390.477708 401.151385
71 80 79 0.115390 0.403089 0.481521 384.495782 402.644271
71 80 79 0.772832 0.048227 0.178942 399.971926 381.848878
71 80 79 0.868543 0.069154 0.062302 407.275982 380.899221
71 80 79 0.039410 0.899328 0.061262 399.150545 404.315042
71 80 79 0.397657 0.408766 0.193577 398.672778 394.293626
