0 1 9 0.954703 0.034529 0.010768 119.915801 166.566899
0 1 9 0.274040 0.227152 0.498807 118.954639 173.893457
0 1 9 0.021784 0.889431 0.088785 141.950044 168.008602
0 1 9 0.596114 0.280041 0.123845 127.428468 167.423279
0 1 9 0.069097 0.378315 0.552588 125.099916 172.044825
0 1 9 0.017398 0.800463 0.182139 136.866104 167.673648
0 1 9 0.886130 0.044907 0.068963 116.132027 168.706594
0 1 9 0.556536 0.416899 0.026565 133.409188 165.664167
0 1 9 0.327972 0.290159 0.381870 122.581533 174.568555
0 1 9 0.938420 0.012860 0.048720 116.287916 165.946804
1 10 9 0.107666 0.647440 0.244894 132.815465 179.716992
1 10 9 0.860103 0.104138 0.035759 145.891596 170.093711
1 10 9 0.950683 0.005620 0.043697 146.850272 162.538172
1 10 9 0.852211 0.082867 0.064922 145.292688 167.961983
1 10 9 0.376979 0.038441 0.584580 125.224909 175.977901
1 10 9 0.197381 0.109626 0.692993 119.889554 177.689315
1 10 9 0.331211 0.011611 0.657178 119.469547 174.563000
1 10 9 0.806042 0.079214 0.114744 146.579807 168.567469
1 10 9 0.338269 0.081753 0.579978 124.725915 175.170043
1 10 9 0.063929 0.797838 0.138232 136.767477 178.506226
1 2 10 0.129885 0.509684 0.360431 163.140241 169.279347
1 2 10 0.910346 0.060270 0.029383 152.480695 167.490215
1 2 10 0.070837 0.900706 0.028457 176.962718 162.508960
1 2 10 0.896440 0.031676 0.071884 148.831717 164.638147
1 2 10 0.456173 0.143918 0.399909 150.231819 170.586118
1 2 10 0.754982 0.231109 0.013909 156.289251 164.238831
1 2 10 0.094036 0.538772 0.367193 168.285481 169.830533
1 2 10 0.579461 0.139196 0.281342 153.885373 173.785092
1 2 10 0.079441 0.368561 0.551998 158.987010 170.921398
1 2 10 0.390441 0.457906 0.151653 164.001353 171.938451
2 11 10 0.491412 0.134152 0.374436 166.401813 171.460537
2 11 10 0.012630 0.914612 0.072758 174.000650 176.834591
2 11 10 0.753706 0.158426 0.087868 173.169252 169.497058
2 11 10 0.465909 0.049711 0.484381 161.686109 173.279131
2 11 10 0.534110 0.307319 0.158571 172.363060 171.881048
2 11 10 0.874218 0.077939 0.047843 180.543561 165.962152
2 11 10 0.933744 0.058295 0.007961 180.721863 165.856407
2 11 10 0.660470 0.151446 0.188085 172.415499 164.253713
2 11 10 0.864557 0.019605 0.115838 174.490101 165.481272
2 11 10 0.394942 0.037073 0.567985 158.490320 174.675072
2 3 11 0.936232 0.046644 0.017125 183.620721 165.637355
2 3 11 0.272795 0.383482 0.343723 192.945168 165.901925
2 3 11 0.283399 0.182653 0.533948 183.491116 176.867035
2 3 11 0.763994 0.043873 0.192133 180.847158 168.146929
2 3 11 0.328648 0.151667 0.519685 186.893021 173.426771
2 3 11 0.515412 0.032929 0.451659 181.623358 171.978793
2 3 11 0.058119 0.310102 0.631779 186.473229 171.100038
2 3 11 0.233280 0.157051 0.609669 183.929139 171.587087
2 3 11 0.669996 0.183114 0.146889 190.619821 169.326363
2 3 11 0.556129 0.161431 0.282440 182.574897 169.795630
3 12 11 0.301136 0.647558 0.051306 209.377499 173.511546
3 12 11 0.465812 0.209754 0.324434 200.986188 169.314776
3 12 11 0.975115 0.000157 0.024728 214.895102 165.141983
3 12 11 0.188288 0.309676 0.502036 191.580755 176.672227
3 12 11 0.221045 0.279943 0.499013 199.921756 176.215568
3 12 11 0.222433 0.422070 0.355497 200.533694 172.037023
3 12 11 0.041787 0.552738 0.405475 197.047291 176.630982
3 12 11 0.085183 0.066310 0.848506 181.629547 172.709457
3 12 11 0.654700 0.155137 0.190163 208.639180 165.891140
3 12 11 0.174630 0.250223 0.575147 191.579163 174.345211
3 4 12 0.507885 0.116531 0.375583 219.438109 167.356741
3 4 12 0.045457 0.134280 0.820263 218.281879 173.996777
3 4 12 0.384279 0.403049 0.212672 226.203765 164.739384
3 4 12 0.948669 0.040541 0.010790 217.436622 166.979297
3 4 12 0.059215 0.111662 0.829123 216.253631 169.451032
3 4 12 0.575810 0.300352 0.123838 223.192232 165.488525
3 4 12 0.520450 0.336803 0.142747 227.270444 166.561055
3 4 12 0.961457 0.001030 0.037513 214.860303 165.183054
3 4 12 0.669680 0.302444 0.027875 223.586285 165.526184
3 4 12 0.901610 0.063776 0.034615 214.945702 162.618213
4 13 12 0.227030 0.714535 0.058435 242.409690 176.733316
4 13 12 0.693929 0.185362 0.120710 240.315401 165.574687
4 13 12 0.438536 0.442802 0.118662 240.136505 173.285846
4 13 12 0.383905 0.240342 0.375753 235.378774 170.615898
4 13 12 0.850144 0.103055 0.046801 242.972702 167.333897
4 13 12 0.522269 0.189043 0.288687 235.652580 170.142805
4 13 12 0.209775 0.103575 0.686649 222.995730 169.363079
4 13 12 0.025322 0.716357 0.258322 236.723603 177.224290
4 13 12 0.338100 0.048648 0.613252 226.504866 170.625608
4 13 12 0.771954 0.087954 0.140092 239.786134 162.927952
4 5 13 0.835979 0.005186 0.158835 245.387583 169.258309
4 5 13 0.896065 0.048481 0.055454 247.396038 167.175252
4 5 13 0.319430 0.249223 0.431347 255.209357 169.604028
4 5 13 0.266013 0.533110 0.200877 263.722893 168.651163
4 5 13 0.342383 0.307711 0.349906 255.830724 167.918297
4 5 13 0.938566 0.004455 0.056979 247.343040 163.170382
4 5 13 0.882451 0.062502 0.055047 246.218964 162.048442
4 5 13 0.484451 0.400056 0.115493 261.540694 168.296838
4 5 13 0.833797 0.114792 0.051411 252.891461 161.788732
4 5 13 0.238085 0.432478 0.329436 260.963927 168.131462
5 14 13 0.209056 0.254801 0.536144 260.475797 172.823298
5 14 13 0.714239 0.148208 0.137552 277.419646 167.889898
5 14 13 0.716338 0.002876 0.280786 271.265179 170.372845
5 14 13 0.989582 0.009956 0.000462 281.110263 163.985677
5 14 13 0.748948 0.070688 0.180364 275.352733 166.784120
5 14 13 0.908021 0.003623 0.088356 280.520878 165.678284
5 14 13 0.799499 0.134533 0.065967 281.152678 168.755829
5 14 13 0.319855 0.223192 0.456953 265.956976 169.571725
5 14 13 0.352625 0.110446 0.536929 265.847222 176.339178
5 14 13 0.989498 0.000091 0.010411 282.926372 162.808165
5 6 14 0.604817 0.337861 0.057321 294.516226 162.505230
5 6 14 0.172194 0.275131 0.552675 291.507506 169.944077
5 6 14 0.684453 0.276153 0.039394 291.409225 168.170660
5 6 14 0.548273 0.060315 0.391412 286.126284 167.076197
5 6 14 0.541859 0.093189 0.364952 284.732777 163.682781
5 6 14 0.034668 0.229071 0.736261 291.002964 170.223790
5 6 14 0.573145 0.049134 0.377721 282.499535 164.675731
5 6 14 0.449770 0.505869 0.044361 303.318561 161.974783
5 6 14 0.628449 0.315760 0.055790 291.871434 163.887077
5 6 14 0.641444 0.250021 0.108536 292.047705 163.371576
6 15 14 0.002706 0.529875 0.467419 297.335553 170.032752
6 15 14 0.664906 0.246139 0.088955 315.785914 167.670551
6 15 14 0.838769 0.068034 0.093197 312.541853 165.141781
6 15 14 0.311707 0.603456 0.084837 314.936439 170.314918
6 15 14 0.897594 0.077468 0.024937 318.192174 162.430599
6 15 14 0.267730 0.477237 0.255032 312.833674 172.932528
6 15 14 0.270424 0.105833 0.623742 297.582711 170.341539
6 15 14 0.294749 0.456119 0.249132 309.534248 170.004049
6 15 14 0.935089 0.032195 0.032715 313.082538 160.830348
6 15 14 0.059562 0.636701 0.303736 310.321677 175.699407
6 7 15 0.859697 0.062922 0.077381 320.900850 167.287296
6 7 15 0.739029 0.043948 0.217023 315.764868 165.308630
6 7 15 0.365147 0.327914 0.306938 325.684854 163.608659
6 7 15 0.569047 0.374330 0.056623 331.199459 161.275059
6 7 15 0.796920 0.176184 0.026896 321.448460 164.116371
6 7 15 0.244633 0.564765 0.190602 337.518884 162.929215
6 7 15 0.476202 0.117728 0.406070 323.853637 169.461894
6 7 15 0.484693 0.138672 0.376635 325.639646 167.138036
6 7 15 0.770845 0.027043 0.202112 317.759350 163.638768
6 7 15 0.128606 0.630762 0.240632 339.706305 162.766808
7 16 15 0.359582 0.062178 0.578239 335.548666 167.176891
7 16 15 0.357095 0.187284 0.455621 344.641339 169.465597
7 16 15 0.030472 0.110693 0.858835 326.445755 176.237781
7 16 15 0.891871 0.093423 0.014706 350.282088 159.533344
7 16 15 0.249027 0.123046 0.627927 330.762869 173.919009
7 16 15 0.098414 0.411261 0.490325 338.503810 171.570401
7 16 15 0.758185 0.059534 0.182281 342.362986 163.592651
7 16 15 0.257727 0.668876 0.073397 353.023128 168.890901
7 16 15 0.372688 0.477239 0.150073 348.025931 170.425513
7 16 15 0.645675 0.205594 0.148731 347.120324 165.787633
7 8 16 0.982628 0.017048 0.000325 350.728514 161.451817
7 8 16 0.980504 0.018480 0.001016 351.927900 158.291125
7 8 16 0.856519 0.108058 0.035423 354.168592 159.264847
7 8 16 0.937278 0.026192 0.036530 350.288394 156.748423
7 8 16 0.387916 0.339859 0.272225 362.776686 163.661867
7 8 16 0.331232 0.380690 0.288078 364.576017 165.289984
7 8 16 0.703855 0.059421 0.236724 355.021964 161.030189
7 8 16 0.793329 0.127078 0.079593 360.912528 162.206545
7 8 16 0.636598 0.298867 0.064535 359.093964 161.020146
7 8 16 0.454476 0.262518 0.283007 361.024124 167.572488
8 17 16 0.142649 0.305378 0.551973 369.955940 171.086005
8 17 16 0.963120 0.008359 0.028521 385.754660 161.549423
8 17 16 0.547549 0.145126 0.307325 377.635456 164.104924
8 17 16 0.131625 0.633153 0.235222 381.603469 172.532885
8 17 16 0.687070 0.042902 0.270027 378.783666 163.737731
8 17 16 0.664000 0.290764 0.045237 383.568780 164.605119
8 17 16 0.175420 0.678233 0.146347 383.841282 173.864213
8 17 16 0.259665 0.502605 0.237730 382.438795 172.468479
8 17 16 0.138055 0.850384 0.011561 393.096034 171.346024
8 17 16 0.790987 0.160694 0.048320 384.470392 164.814748
9 10 18 0.261091 0.281555 0.457354 110.310630 195.158960
9 10 18 0.549398 0.433437 0.017165 123.056038 177.725758
9 10 18 0.250620 0.317236 0.432144 112.121592 185.893794
9 10 18 0.063536 0.771389 0.165076 129.573749 186.474052
9 10 18 0.986378 0.002301 0.011321 107.967170 181.282731
9 10 18 0.394900 0.314983 0.290117 113.740543 187.766503
9 10 18 0.021640 0.322908 0.655452 109.848552 193.333909
9 10 18 0.280606 0.181977 0.537417 105.415128 194.919543
9 10 18 0.222980 0.680958 0.096062 127.699336 181.160018
9 10 18 0.460885 0.266331 0.272783 109.902220 182.663992
10 19 18 0.184980 0.751652 0.063368 130.545808 197.580870
10 19 18 0.972223 0.018782 0.008996 140.492571 179.970441
10 19 18 0.021581 0.500445 0.477975 113.948988 204.020530
10 19 18 0.842239 0.150422 0.007338 137.828629 183.432325
10 19 18 0.765155 0.154423 0.080422 133.918378 182.825369
10 19 18 0.311390 0.066159 0.622451 113.042093 192.831946
10 19 18 0.805366 0.105110 0.089524 138.352894 184.437214
10 19 18 0.013141 0.973695 0.013164 132.001532 201.889761
10 19 18 0.596154 0.175478 0.228368 129.503279 190.848406
10 19 18 0.621306 0.220874 0.157820 130.415082 187.009928
10 11 19 0.475407 0.235837 0.288756 146.621062 184.444861
10 11 19 0.249895 0.694874 0.055231 163.832956 182.912733
10 11 19 0.517729 0.076074 0.406198 143.255165 189.965167
10 11 19 0.941523 0.033332 0.025144 141.955463 180.581725
10 11 19 0.068860 0.603565 0.327576 157.575348 184.482347
10 11 19 0.185349 0.622379 0.192273 161.806439 182.663896
10 11 19 0.873798 0.097440 0.028763 143.563610 180.724020
10 11 19 0.293504 0.273090 0.433406 147.460329 188.793798
10 11 19 0.156977 0.666085 0.176938 165.037606 181.770432
10 11 19 0.356254 0.389055 0.254691 156.339084 185.460321
11 20 19 0.446985 0.341938 0.211077 163.129161 192.336971
11 20 19 0.450186 0.308344 0.241470 160.955329 192.039067
11 20 19 0.495534 0.407478 0.096988 169.301524 192.653246
11 20 19 0.989602 0.006715 0.003683 178.200587 173.191248
11 20 19 0.961699 0.017901 0.020400 172.309912 178.491609
11 20 19 0.817874 0.132063 0.050063 167.449113 186.672819
11 20 19 0.168586 0.030694 0.800720 140.218876 198.053238
11 20 19 0.502009 0.290439 0.207552 167.708638 187.679027
11 20 19 0.736320 0.169460 0.094220 170.321745 178.958403
11 20 19 0.656621 0.092822 0.250557 162.833685 184.128632
11 12 20 0.728881 0.014386 0.256733 175.000376 184.785878
11 12 20 0.493943 0.321059 0.184999 186.539929 179.535758
11 12 20 0.860597 0.137256 0.002148 183.221330 179.104905
11 12 20 0.010770 0.294871 0.694359 179.305888 195.976103
11 12 20 0.200160 0.366076 0.433765 187.435364 182.889108
11 12 20 0.034994 0.826572 0.138434 200.006675 178.708034
11 12 20 0.772383 0.068555 0.159062 176.953018 180.683513
11 12 20 0.455632 0.030740 0.513629 170.805864 190.708860
11 12 20 0.025383 0.013650 0.960966 170.106181 201.402719
11 12 20 0.116452 0.151200 0.732347 175.710101 196.601559
12 21 20 0.080859 0.422972 0.496168 187.728607 198.367236
12 21 20 0.228189 0.121431 0.650380 184.205920 195.344579
12 21 20 0.244038 0.279399 0.476563 190.895479 194.319700
12 21 20 0.090249 0.180976 0.728775 181.480701 197.236966
12 21 20 0.878921 0.075473 0.045605 210.494611 180.137143
12 21 20 0.410787 0.346756 0.242457 199.658614 190.298789
12 21 20 0.551588 0.122219 0.326192 197.653974 185.284283
12 21 20 0.982961 0.000786 0.016253 213.108609 176.795185
12 21 20 0.951865 0.021789 0.026346 209.287162 174.138776
12 21 20 0.217638 0.141158 0.641204 184.754126 196.460816
12 13 21 0.534309 0.195476 0.270214 218.129745 180.573027
12 13 21 0.282223 0.406301 0.311476 222.947384 184.837380
12 13 21 0.574030 0.173648 0.252322 217.146668 181.808984
12 13 21 0.738655 0.171515 0.089830 216.184308 179.125907
12 13 21 0.272580 0.107579 0.619841 210.124012 191.790303
12 13 21 0.048618 0.047784 0.903598 209.160548 197.672398
12 13 21 0.241802 0.160981 0.597217 214.965880 190.944882
12 13 21 0.232153 0.562386 0.205461 230.037456 178.386389
12 13 21 0.987294 0.008302 0.004403 210.332428 180.637552
12 13 21 0.186799 0.352994 0.460207 221.238236 191.413949
13 22 21 0.899326 0.043333 0.057341 241.767676 176.069019
13 22 21 0.943237 0.009679 0.047084 245.649238 176.990135
13 22 21 0.836655 0.002695 0.160650 237.117941 181.746330
13 22 21 0.566069 0.017470 0.416461 229.402156 186.695537
13 22 21 0.386034 0.336592 0.277374 234.881026 188.264183
13 22 21 0.979397 0.013625 0.006978 248.106189 180.362024
13 22 21 0.986414 0.008929 0.004657 247.826105 172.890279
13 22 21 0.056861 0.743894 0.199245 235.766861 199.216051
13 22 21 0.622145 0.259503 0.118352 241.693959 188.195534
13 22 21 0.507667 0.450360 0.041973 244.767136 190.099541
13 14 22 0.231929 0.701438 0.066633 274.929253 176.300045
13 14 22 0.813353 0.015865 0.170782 247.159941 182.815587
13 14 22 0.746730 0.095768 0.157503 249.316176 182.513082
13 14 22 0.501563 0.271408 0.227029 258.379359 180.971244
13 14 22 0.424099 0.421787 0.154113 262.726111 177.719125
13 14 22 0.957044 0.001939 0.041016 241.535252 173.593080
13 14 22 0.235699 0.498301 0.266000 260.118434 183.927731
13 14 22 0.539540 0.369710 0.090749 260.800115 178.279124
13 14 22 0.823489 0.106563 0.069949 250.725591 177.826289
13 14 22 0.619704 0.068143 0.312153 248.467814 183.507135
14 23 22 0.938650 0.047608 0.013742 284.884737 173.885729
14 23 22 0.795746 0.083484 0.120770 279.014329 177.524863
14 23 22 0.143032 0.479160 0.377809 273.733156 192.653737
14 23 22 0.030535 0.247524 0.721941 254.727256 200.378953
14 23 22 0.499111 0.482101 0.018789 287.828317 188.939083
14 23 22 0.738980 0.198826 0.062194 283.840732 181.125466
14 23 22 0.740869 0.072705 0.186425 277.671018 183.822987
14 23 22 0.104970 0.749065 0.145965 276.833214 196.641771
14 23 22 0.236965 0.016993 0.746042 251.642898 194.082170
14 23 22 0.728428 0.038098 0.233474 275.585753 180.995533
14 15 23 0.743222 0.005277 0.251501 281.704113 183.392778
14 15 23 0.114809 0.723091 0.162100 310.541243 179.435575
14 15 23 0.972324 0.013018 0.014658 284.733777 172.432162
14 15 23 0.550613 0.019204 0.430183 287.072113 185.655308
14 15 23 0.414876 0.038945 0.546179 289.965841 188.931352
14 15 23 0.573880 0.000032 0.426088 287.158594 184.929249
14 15 23 0.133970 0.004902 0.861128 285.352406 193.219371
14 15 23 0.921435 0.003455 0.075110 285.198320 178.198968
14 15 23 0.719998 0.261003 0.019000 295.599008 175.870981
14 15 23 0.281224 0.619601 0.099175 307.376856 179.575131
15 24 23 0.003468 0.031948 0.964584 287.071254 199.809465
15 24 23 0.859080 0.114872 0.026048 320.214559 177.854031
15 24 23 0.238980 0.044540 0.716480 293.765682 196.541647
15 24 23 0.262680 0.095252 0.642068 297.730203 192.667165
15 24 23 0.987203 0.006435 0.006362 317.457167 175.050045
15 24 23 0.808522 0.097384 0.094095 315.411975 179.511587
15 24 23 0.847653 0.033653 0.118694 317.539320 181.446779
15 24 23 0.721909 0.261143 0.016947 324.138010 184.203300
15 24 23 0.011379 0.420485 0.568136 304.553763 196.752237
15 24 23 0.454082 0.005575 0.540343 302.642428 191.457124
15 16 24 0.670401 0.025814 0.303785 322.163107 181.339837
15 16 24 0.589050 0.002618 0.408331 321.273531 184.308270
15 16 24 0.800368 0.104280 0.095352 324.963666 180.505815
15 16 24 0.120865 0.582364 0.296772 341.626085 182.753317
15 16 24 0.983561 0.015840 0.000598 323.625221 179.003161
15 16 24 0.752730 0.141009 0.106261 324.403254 179.368478
15 16 24 0.536926 0.360250 0.102824 337.931489 174.583882
15 16 24 0.765518 0.052975 0.181507 329.105259 179.078919
15 16 24 0.984955 0.012850 0.002195 320.634781 177.697597
15 16 24 0.403863 0.437407 0.158730 335.882245 181.775620
16 25 24 0.604341 0.085497 0.310162 351.732733 183.523956
16 25 24 0.247759 0.707646 0.044594 359.189793 190.817110
16 25 24 0.491334 0.096301 0.412364 345.712670 186.464809
16 25 24 0.591022 0.152026 0.256952 353.626336 183.361719
16 25 24 0.975590 0.005685 0.018725 360.583831 174.244338
16 25 24 0.352834 0.249623 0.397542 346.713585 190.021256
16 25 24 0.768768 0.056293 0.174939 350.781056 177.987338
16 25 24 0.797888 0.172726 0.029386 356.879419 176.616479
16 25 24 0.463014 0.366931 0.170055 353.383290 188.338982
16 25 24 0.876825 0.070587 0.052587 358.488740 175.976239
16 17 25 0.357138 0.626030 0.016832 380.091963 172.055969
16 17 25 0.019021 0.352983 0.627996 371.165179 185.513195
16 17 25 0.006706 0.592156 0.401138 381.372745 185.004593
16 17 25 0.843085 0.011592 0.145323 357.104077 179.493187
16 17 25 0.187064 0.367646 0.445290 370.602158 185.449519
16 17 25 0.826746 0.076139 0.097116 362.269243 175.260384
16 17 25 0.101071 0.001727 0.897202 362.613270 193.021842
16 17 25 0.630103 0.164894 0.205003 364.260306 178.429281
16 17 25 0.807109 0.121535 0.071356 360.108849 176.103450
16 17 25 0.318328 0.144587 0.537085 366.758882 190.615529
17 26 25 0.090481 0.754647 0.154872 396.784600 197.011586
17 26 25 0.707158 0.273804 0.019038 395.458101 184.308271
17 26 25 0.551306 0.221224 0.227470 388.558573 181.609353
17 26 25 0.919088 0.010276 0.070636 389.350323 174.207783
17 26 25 0.128727 0.497836 0.373436 386.361799 194.191057
17 26 25 0.025632 0.105881 0.868487 365.876600 197.455257
17 26 25 0.224789 0.087802 0.687408 373.379652 195.719711
17 26 25 0.894360 0.085963 0.019677 393.282427 174.739269
17 26 25 0.247911 0.374507 0.377581 385.795241 190.253040
17 26 25 0.492778 0.055727 0.451495 378.874179 186.984880
18 19 27 0.150548 0.037733 0.811719 87.531412 230.630646
18 19 27 0.652776 0.103712 0.243512 96.211386 210.448870
18 19 27 0.508037 0.404622 0.087341 107.219783 204.746201
18 19 27 0.541246 0.308888 0.149866 100.813813 208.884015
18 19 27 0.348607 0.543379 0.108014 111.417858 207.902349
18 19 27 0.423137 0.305128 0.271735 105.964515 214.388697
18 19 27 0.699935 0.119519 0.180546 96.958907 210.244720
18 19 27 0.447615 0.035152 0.517234 91.104130 219.466842
18 19 27 0.913027 0.085407 0.001565 98.898876 204.705615
18 19 27 0.858001 0.037107 0.104892 95.888103 204.407351
19 28 27 0.407633 0.394433 0.197934 116.747589 222.670781
19 28 27 0.529611 0.165092 0.305296 108.965700 217.060446
19 28 27 0.427701 0.368053 0.204246 115.429308 214.865927
19 28 27 0.287123 0.686080 0.026797 128.023968 228.258999
19 28 27 0.621162 0.038204 0.340635 116.984816 215.248046
19 28 27 0.143621 0.651670 0.204710 115.885994 229.392115
19 28 27 0.529966 0.024866 0.445168 110.876964 218.996304
19 28 27 0.667046 0.253379 0.079575 123.968469 211.597871
19 28 27 0.518998 0.453365 0.027638 128.018750 217.439013
19 28 27 0.916142 0.059688 0.024170 127.094201 205.500866
19 20 28 0.699430 0.231653 0.068918 134.092728 205.989461
19 20 28 0.197731 0.760041 0.042227 161.121570 201.807060
19 20 28 0.000743 0.381990 0.617268 140.422686 220.616636
19 20 28 0.336366 0.608372 0.055262 153.850595 204.103611
19 20 28 0.233402 0.033451 0.733147 129.816339 223.539790
19 20 28 0.358852 0.175094 0.466054 136.875438 215.019581
19 20 28 0.934732 0.024649 0.040619 131.377238 203.813488
19 20 28 0.250222 0.650165 0.099613 150.815516 204.471326
19 20 28 0.831182 0.026948 0.141870 124.479722 207.521124
19 20 28 0.945193 0.043693 0.011114 133.399570 203.747715
20 29 28 0.125744 0.145040 0.729216 137.061523 232.318083
20 29 28 0.497198 0.400475 0.102327 160.035203 216.899712
20 29 28 0.114497 0.578813 0.306690 151.367211 229.173063
20 29 28 0.356148 0.275820 0.368032 148.923907 225.994654
20 29 28 0.223999 0.067533 0.708467 139.406788 232.073643
20 29 28 0.769744 0.216590 0.013667 164.872744 208.644632
20 29 28 0.855944 0.072650 0.071407 164.129486 204.352730
20 29 28 0.651271 0.171768 0.176961 157.696928 213.308797
20 29 28 0.027736 0.255958 0.716305 132.855331 232.581199
20 29 28 0.796554 0.160370 0.043076 167.405621 207.218620
20 21 29 0.634753 0.332499 0.032747 178.339892 203.874890
20 21 29 0.785102 0.154297 0.060601 172.625899 205.589851
20 21 29 0.892927 0.018550 0.088523 168.062376 203.042594
20 21 29 0.239849 0.134857 0.625294 170.210963 222.202638
20 21 29 0.871101 0.116424 0.012475 169.884724 202.733862
20 21 29 0.417936 0.330173 0.251891 179.840817 211.517122
20 21 29 0.109576 0.233934 0.656491 173.352609 223.201915
20 21 29 0.432909 0.344147 0.222944 179.326201 209.047133
20 21 29 0.391361 0.517463 0.091176 186.736593 202.281473
20 21 29 0.356180 0.196653 0.447167 173.599448 217.649504
21 30 29 0.179994 0.610146 0.209859 194.801621 231.048716
21 30 29 0.541521 0.327399 0.131080 200.006370 217.378087
21 30 29 0.909952 0.061637 0.028410 202.785492 204.790576
21 30 29 0.629156 0.342482 0.028362 206.457159 211.351948
21 30 29 0.615262 0.227547 0.157191 196.822872 210.866732
21 30 29 0.283151 0.458264 0.258585 191.741494 223.630372
21 30 29 0.891951 0.087191 0.020858 204.029716 205.283143
21 30 29 0.649962 0.232925 0.117113 201.033756 209.517660
21 30 29 0.615727 0.110537 0.273737 197.452887 212.545669
21 30 29 0.075549 0.807536 0.116915 202.688226 233.478216
21 22 30 0.189437 0.645008 0.165555 230.146960 200.713091
21 22 30 0.546827 0.176505 0.276668 211.067224 209.544975
21 22 30 0.285384 0.372275 0.342341 219.831519 211.583433
21 22 30 0.488818 0.339012 0.172170 220.348954 205.293583
21 22 30 0.580166 0.152055 0.267778 209.290845 210.006364
21 22 30 0.680639 0.065270 0.254091 210.255659 208.861692
21 22 30 0.858469 0.111344 0.030188 209.675939 202.817319
21 22 30 0.729309 0.142708 0.127983 209.861720 205.475442
21 22 30 0.545307 0.106161 0.348532 209.356627 208.100671
21 22 30 0.697824 0.194894 0.107282 212.584004 202.433486
22 31 30 0.868793 0.099073 0.032134 243.707105 199.779798
22 31 30 0.591067 0.156567 0.252366 234.519591 211.027366
22 31 30 0.165731 0.572980 0.261289 233.380711 229.324028
22 31 30 0.554071 0.223720 0.222209 233.268676 215.348930
22 31 30 0.776216 0.102836 0.120949 241.051890 206.600881
22 31 30 0.076919 0.158422 0.764660 217.686840 233.989500
22 31 30 0.355621 0.071351 0.573027 223.230359 217.407677
22 31 30 0.469211 0.410596 0.120193 240.902811 218.090162
22 31 30 0.559812 0.181559 0.258629 234.858038 215.123654
22 31 30 0.661615 0.016412 0.321973 233.796610 208.253908
22 23 31 0.696170 0.279285 0.024545 255.143487 199.792552
22 23 31 0.347012 0.518079 0.134908 265.998306 201.935218
22 23 31 0.363035 0.499360 0.137605 265.415123 203.172053
22 23 31 0.775173 0.192639 0.032188 253.717167 199.949635
22 23 31 0.254515 0.589922 0.155562 264.136065 209.359819
22 23 31 0.334338 0.537453 0.128208 268.081575 203.803091
22 23 31 0.031590 0.726658 0.241752 278.776743 207.916427
22 23 31 0.789887 0.144409 0.065704 251.269012 205.682862
22 23 31 0.690192 0.268082 0.041726 256.507045 200.666244
22 23 31 0.932627 0.010934 0.056439 246.444281 198.338411
23 32 31 0.147044 0.123704 0.729252 256.374709 224.959678
23 32 31 0.759629 0.235274 0.005097 287.263015 208.122490
23 32 31 0.729497 0.062076 0.208428 280.608041 207.712824
23 32 31 0.987312 0.008333 0.004355 285.863519 199.354452
23 32 31 0.099355 0.115494 0.785151 251.498872 228.258295
23 32 31 0.720713 0.211905 0.067382 286.959068 209.069182
23 32 31 0.636008 0.304875 0.059117 281.717514 208.953680
23 32 31 0.002248 0.546501 0.451251 264.505619 235.852381
23 32 31 0.226267 0.758948 0.014785 283.647758 227.116106
23 32 31 0.651359 0.317811 0.030830 283.956705 211.391539
23 24 32 0.227915 0.679954 0.092131 307.662573 204.275444
23 24 32 0.124362 0.173804 0.701835 291.453029 224.245159
23 24 32 0.133537 0.000940 0.865522 285.985028 227.269377
23 24 32 0.936846 0.018927 0.044227 286.477211 200.422419
23 24 32 0.757194 0.118686 0.124119 290.527230 201.313255
23 24 32 0.833200 0.020346 0.146454 285.726400 204.782542
23 24 32 0.055228 0.734233 0.210539 316.238028 204.607581
23 24 32 0.307818 0.020207 0.671976 287.116348 224.885547
23 24 32 0.620457 0.089337 0.290206 287.542031 210.762825
23 24 32 0.513666 0.450889 0.035444 301.867146 201.827984
24 33 32 0.362275 0.309221 0.328505 312.092675 219.526512
24 33 32 0.229100 0.636632 0.134267 319.729257 224.624270
24 33 32 0.064194 0.203627 0.732179 294.987662 229.094528
24 33 32 0.282777 0.394327 0.322895 310.505374 218.401587
24 33 32 0.261516 0.032888 0.705596 298.930780 221.056036
24 33 32 0.830747 0.129082 0.040171 320.230864 199.048736
24 33 32 0.472536 0.328841 0.198623 317.457807 214.472029
24 33 32 0.988082 0.011728 0.000191 323.025013 199.710607
24 33 32 0.883206 0.038603 0.078192 320.708709 200.619051
24 33 32 0.252290 0.716609 0.031102 325.190748 222.800570
24 25 33 0.353773 0.422872 0.223355 343.501148 205.123334
24 25 33 0.679789 0.244848 0.075364 334.824376 204.402454
24 25 33 0.331495 0.526869 0.141636 349.208700 200.195484
24 25 33 0.826312 0.046240 0.127449 325.966162 203.021713
24 25 33 0.625332 0.072189 0.302479 324.452489 206.591387
24 25 33 0.611663 0.284242 0.104095 336.228409 201.847417
24 25 33 0.166542 0.217453 0.616005 331.943989 218.916210
24 25 33 0.981911 0.005284 0.012805 324.939669 197.044373
24 25 33 0.449632 0.023596 0.526772 325.525277 213.199970
24 25 33 0.203862 0.737960 0.058178 356.437773 202.922904
25 34 33 0.952909 0.018329 0.028761 361.609982 201.156269
25 34 33 0.857796 0.134139 0.008065 362.882783 204.724126
25 34 33 0.647753 0.253836 0.098412 355.601722 206.258996
25 34 33 0.184252 0.078811 0.736937 338.439893 224.006844
25 34 33 0.382814 0.258872 0.358314 349.562413 217.175736
25 34 33 0.460937 0.274794 0.264268 355.594800 216.037168
25 34 33 0.381454 0.192770 0.425777 348.303555 215.924414
25 34 33 0.183677 0.394491 0.421832 349.759968 226.307203
25 34 33 0.846637 0.041533 0.111830 359.968776 206.431503
25 34 33 0.916366 0.069577 0.014057 362.826777 204.176387
25 26 34 0.178894 0.584850 0.236257 385.477919 208.244938
25 26 34 0.030679 0.250008 0.719313 377.182237 220.844133
25 26 34 0.208238 0.138564 0.653199 372.416206 219.315650
25 26 34 0.201080 0.317234 0.481685 376.414148 213.315576
25 26 34 0.462250 0.393377 0.144373 382.230809 203.209077
25 26 34 0.839467 0.000006 0.160527 359.598024 204.356771
25 26 34 0.173940 0.285147 0.540914 376.913328 218.579572
25 26 34 0.659662 0.223615 0.116724 373.114111 199.548585
25 26 34 0.664048 0.295410 0.040542 377.208064 201.220859
25 26 34 0.924493 0.004931 0.070576 358.837585 199.045510
26 35 34 0.748848 0.172815 0.078336 403.772164 203.593626
26 35 34 0.288088 0.318500 0.393412 393.720900 221.976816
26 35 34 0.906211 0.056461 0.037327 401.764124 200.655072
26 35 34 0.107431 0.820908 0.071661 407.860143 226.388126
26 35 34 0.387711 0.552653 0.059636 403.944718 215.879051
26 35 34 0.143335 0.849448 0.007217 407.196815 228.299338
26 35 34 0.584624 0.112058 0.303318 397.311647 209.128845
26 35 34 0.005760 0.727483 0.266757 399.727504 228.306929
26 35 34 0.140686 0.198258 0.661057 381.364184 228.428400
26 35 34 0.079314 0.890624 0.030062 406.120743 224.944284
27 28 36 0.518264 0.403392 0.078344 101.408004 237.423302
27 28 36 0.139336 0.032375 0.828289 83.319824 266.277786
27 28 36 0.925127 0.041407 0.033466 86.760236 238.282810
27 28 36 0.736438 0.050816 0.212746 83.517632 243.027106
27 28 36 0.875338 0.074095 0.050567 86.534148 238.864863
27 28 36 0.880822 0.065805 0.053373 85.606099 238.008203
27 28 36 0.117528 0.559232 0.323240 101.308104 245.122859
27 28 36 0.265894 0.678119 0.055986 112.383738 240.228769
27 28 36 0.041741 0.538683 0.419577 103.050251 250.983286
27 28 36 0.077715 0.693194 0.229091 110.848229 244.727068
28 37 36 0.254538 0.443409 0.302053 108.834494 262.133232
28 37 36 0.661714 0.113821 0.224465 113.126691 251.682832
28 37 36 0.997561 0.001804 0.000635 123.093026 234.898364
28 37 36 0.942430 0.053160 0.004409 126.836375 237.778703
28 37 36 0.138080 0.272579 0.589341 94.851566 266.897564
28 37 36 0.027117 0.690397 0.282487 109.222407 273.736297
28 37 36 0.568916 0.291761 0.139323 119.781511 251.398885
28 37 36 0.914182 0.061902 0.023917 123.152391 241.090525
28 37 36 0.106745 0.622583 0.270672 109.881054 270.391208
28 37 36 0.184911 0.762206 0.052883 116.184908 265.937557
28 29 37 0.908322 0.071900 0.019778 127.911369 236.576676
28 29 37 0.397071 0.353141 0.249788 138.412067 245.139975
28 29 37 0.130890 0.755032 0.114078 153.814888 238.127282
28 29 37 0.807018 0.060918 0.132064 130.187031 240.970225
28 29 37 0.359802 0.038681 0.601517 127.502805 258.940712
28 29 37 0.572034 0.376249 0.051716 139.942058 237.778252
28 29 37 0.673432 0.295489 0.031080 134.190884 237.348127
28 29 37 0.652456 0.282868 0.064676 137.239583 239.337392
28 29 37 0.792028 0.122155 0.085817 131.636822 239.770747
28 29 37 0.072140 0.629260 0.298600 147.260303 242.272973
29 38 37 0.445399 0.267879 0.286722 150.370305 255.378176
29 38 37 0.773253 0.199668 0.027078 159.972978 240.809653
29 38 37 0.022214 0.572711 0.405075 143.652129 274.522684
29 38 37 0.655122 0.011013 0.333865 150.343261 250.036861
29 38 37 0.096439 0.628634 0.274927 151.656167 272.062420
29 38 37 0.397262 0.163206 0.439532 145.547397 256.485646
29 38 37 0.604385 0.170952 0.224663 153.754110 247.620532
29 38 37 0.896694 0.037421 0.065886 160.435165 234.951311
29 38 37 0.778554 0.207420 0.014026 162.358031 241.856159
29 38 37 0.116118 0.147736 0.736146 131.202242 269.461845
29 30 38 0.195950 0.732653 0.071398 190.820735 235.097325
29 30 38 0.702754 0.201651 0.095595 170.655020 239.773502
29 30 38 0.931995 0.021751 0.046254 165.806068 236.926477
29 30 38 0.801695 0.001998 0.196308 164.755139 240.158325
29 30 38 0.603391 0.221034 0.175575 172.865184 242.818003
29 30 38 0.319859 0.163669 0.516472 169.531728 257.565247
29 30 38 0.755174 0.046008 0.198818 164.110926 238.814299
29 30 38 0.717603 0.126449 0.155948 164.040799 239.831325
29 30 38 0.400517 0.023306 0.576177 162.094167 258.534082
29 30 38 0.345680 0.173526 0.480795 167.903136 255.514641
30 39 38 0.078936 0.418931 0.502133 181.155543 271.629755
30 39 38 0.043802 0.129979 0.826219 173.513935 273.434924
30 39 38 0.530569 0.024297 0.445133 183.656858 257.788099
30 39 38 0.315634 0.128334 0.556031 180.307726 262.102539
30 39 38 0.413928 0.177140 0.408933 183.645957 258.157703
30 39 38 0.883171 0.105674 0.011154 205.431504 240.122135
30 39 38 0.767999 0.162231 0.069770 200.116658 244.362520
30 39 38 0.033482 0.786840 0.179679 193.704056 270.787607
30 39 38 0.500178 0.297858 0.201964 197.898673 253.672671
30 39 38 0.351242 0.338332 0.310426 189.926865 258.345017
30 31 39 0.175275 0.423345 0.401380 219.389279 252.277439
30 31 39 0.325247 0.204946 0.469807 211.477593 251.669541
30 31 39 0.662436 0.105480 0.232084 210.562248 240.759341
30 31 39 0.998527 0.001076 0.000397 205.520782 232.301397
30 31 39 0.225999 0.510191 0.263810 226.998803 245.674572
30 31 39 0.085726 0.104405 0.809869 206.672564 265.815686
30 31 39 0.084162 0.136931 0.778907 208.688881 267.530794
30 31 39 0.141716 0.193724 0.664560 211.983867 260.143425
30 31 39 0.445967 0.352902 0.201130 218.129574 245.072820
30 31 39 0.626580 0.322147 0.051274 218.185237 236.115755
31 40 39 0.477143 0.348597 0.174260 236.722193 254.896269
31 40 39 0.454612 0.246406 0.298981 233.758287 255.278757
31 40 39 0.447776 0.390439 0.161785 235.714590 257.049613
31 40 39 0.327504 0.039831 0.632664 219.577516 260.927262
31 40 39 0.524778 0.116579 0.358643 230.202230 253.441762
31 40 39 0.498030 0.105745 0.396225 230.282398 252.299514
31 40 39 0.206803 0.444147 0.349050 227.873090 264.452830
31 40 39 0.511605 0.150006 0.338389 230.517809 251.259615
31 40 39 0.616073 0.272810 0.111117 241.235813 247.965926
31 40 39 0.478174 0.423094 0.098732 239.059748 254.608673
31 32 40 0.299421 0.064139 0.636440 249.682685 262.582062
31 32 40 0.225000 0.662983 0.112018 269.382177 240.097082
31 32 40 0.509951 0.021583 0.468466 246.621529 252.469151
31 32 40 0.710691 0.158612 0.130697 249.704525 238.783679
31 32 40 0.405938 0.165397 0.428665 249.356118 249.597195
31 32 40 0.533511 0.195167 0.271322 250.417479 239.406622
31 32 40 0.295993 0.536940 0.167067 260.863606 238.595166
31 32 40 0.137034 0.256175 0.606791 252.972720 260.378773
31 32 40 0.250546 0.425884 0.323569 263.140789 246.099603
31 32 40 0.662103 0.285682 0.052215 255.189849 231.461366
32 41 40 0.348530 0.408523 0.242947 279.154975 261.993406
32 41 40 0.682361 0.179586 0.138053 276.975465 243.835565
32 41 40 0.618963 0.175588 0.205448 276.119726 246.807455
32 41 40 0.173219 0.470478 0.356303 269.699925 269.212136
32 41 40 0.227131 0.299468 0.473401 266.194015 263.706881
32 41 40 0.793288 0.016309 0.190403 278.884291 239.855767
32 41 40 0.276685 0.547590 0.175725 275.605697 260.992142
32 41 40 0.770857 0.055988 0.173155 276.995588 243.641108
32 41 40 0.249173 0.200409 0.550418 263.776250 262.092173
32 41 40 0.550628 0.220217 0.229155 275.376970 252.048461
32 33 41 0.328773 0.136924 0.534303 289.620854 252.894662
32 33 41 0.336894 0.335339 0.327767 301.888511 243.026722
32 33 41 0.674629 0.001088 0.324283 288.157275 245.785620
32 33 41 0.375804 0.443361 0.180835 303.827331 240.060131
32 33 41 0.552151 0.299507 0.148342 297.454189 238.553161
32 33 41 0.129223 0.754342 0.116435 320.658781 237.459539
32 33 41 0.151961 0.585230 0.262809 309.693140 240.649937
32 33 41 0.528179 0.447932 0.023889 304.651567 232.502110
32 33 41 0.466256 0.113883 0.419861 293.781066 248.255541
32 33 41 0.248938 0.113985 0.637077 287.328207 262.818481
33 42 41 0.516534 0.424079 0.059387 326.301871 250.116308
33 42 41 0.672457 0.082590 0.244953 315.142983 241.481117
33 42 41 0.658648 0.065500 0.275852 315.713915 245.815230
33 42 41 0.180531 0.156603 0.662867 302.557168 267.327756
33 42 41 0.426427 0.536317 0.037257 326.277641 256.057454
33 42 41 0.456637 0.244351 0.299012 314.171965 256.315234
33 42 41 0.630267 0.128253 0.241480 315.283663 245.467164
33 42 41 0.405242 0.424782 0.169976 320.751286 261.975653
33 42 41 0.172543 0.101529 0.725928 300.281496 266.602814
33 42 41 0.522941 0.284086 0.192973 317.221828 249.060707
33 34 42 0.306390 0.047208 0.646402 327.349799 256.656918
33 34 42 0.793083 0.187923 0.018994 333.399796 234.894621
33 34 42 0.944622 0.015160 0.040219 329.101747 233.800785
33 34 42 0.205152 0.402631 0.392217 347.004496 249.004169
33 34 42 0.433319 0.066385 0.500296 329.374805 253.062126
33 34 42 0.017786 0.225972 0.756242 335.504852 263.865230
33 34 42 0.117518 0.598755 0.283727 356.466800 240.506526
33 34 42 0.721057 0.186700 0.092244 334.938449 234.886850
33 34 42 0.732505 0.214156 0.053339 338.555911 230.600283
33 34 42 0.587688 0.286939 0.125373 342.334238 234.633956
34 43 42 0.527384 0.355562 0.117055 363.542523 249.332891
34 43 42 0.153096 0.538832 0.308072 357.488161 262.328395
34 43 42 0.877541 0.035543 0.086916 365.655767 239.867070
34 43 42 0.632448 0.179768 0.187784 362.699674 244.680024
34 43 42 0.559105 0.077587 0.363308 352.137544 247.803323
34 43 42 0.506467 0.110659 0.382874 353.477621 250.739335
34 43 42 0.745706 0.247175 0.007119 370.136807 243.112101
34 43 42 0.342864 0.464483 0.192653 359.442264 259.009861
34 43 42 0.943074 0.018885 0.038041 368.411851 238.324895
34 43 42 0.254626 0.100872 0.644502 342.651735 262.196737
34 35 43 0.999020 0.000682 0.000299 369.621445 229.953848
34 35 43 0.470832 0.235830 0.293339 379.078850 243.854950
34 35 43 0.609612 0.292965 0.097423 380.936748 235.432399
34 35 43 0.497675 0.427536 0.074788 387.957092 235.747309
34 35 43 0.083136 0.159233 0.757631 379.724871 260.145265
34 35 43 0.289631 0.280624 0.429746 383.157185 249.381139
34 35 43 0.690629 0.070525 0.238845 374.958847 240.214977
34 35 43 0.830023 0.053342 0.116636 368.379781 236.685622
34 35 43 0.414476 0.004874 0.580650 369.349541 258.164620
34 35 43 0.090097 0.798133 0.111770 398.601902 236.529395
35 44 43 0.479599 0.270080 0.250321 400.412804 252.866615
35 44 43 0.758685 0.098352 0.142964 404.819084 240.971070
35 44 43 0.352095 0.447483 0.200422 404.223213 255.221426
35 44 43 0.984050 0.004527 0.011423 407.068307 231.190104
35 44 43 0.617090 0.288979 0.093931 406.813354 243.834828
35 44 43 0.682890 0.079232 0.237878 401.870181 243.573509
35 44 43 0.558383 0.380802 0.060815 408.856923 249.050061
35 44 43 0.217645 0.364980 0.417375 396.639707 261.492868
35 44 43 0.177284 0.228039 0.594678 387.780406 260.283215
35 44 43 0.323701 0.555467 0.120832 410.821549 262.075753
36 37 45 0.906807 0.048003 0.045189 84.866427 274.379102
36 37 45 0.339147 0.534448 0.126405 100.755448 281.873500
36 37 45 0.918136 0.024275 0.057589 79.781649 279.451982
36 37 45 0.264566 0.569511 0.165923 101.391699 277.504453
36 37 45 0.399991 0.175624 0.424384 85.646462 293.280475
36 37 45 0.098575 0.598153 0.303272 105.881136 287.805087
36 37 45 0.949910 0.001408 0.048681 82.457178 276.058488
36 37 45 0.015202 0.639157 0.345641 103.555769 290.322457
36 37 45 0.885209 0.091288 0.023503 82.892178 272.474043
36 37 45 0.049505 0.468097 0.482398 100.968167 296.208030
37 46 45 0.551972 0.106091 0.341936 108.231678 287.809637
37 46 45 0.972827 0.009624 0.017549 119.773236 278.459500
37 46 45 0.680343 0.281322 0.038335 121.377660 291.327208
37 46 45 0.221249 0.304871 0.473880 98.941043 308.933646
37 46 45 0.039509 0.226041 0.734449 92.173818 312.989636
37 46 45 0.319741 0.343984 0.336275 109.885119 303.570660
37 46 45 0.377763 0.320146 0.302090 106.393150 301.128131
37 46 45 0.748113 0.052646 0.199241 112.339385 284.180649
37 46 45 0.160349 0.297114 0.542537 97.804937 309.669686
37 46 45 0.535333 0.117301 0.347366 105.366925 295.316425
37 38 46 0.014710 0.142874 0.842416 127.317394 306.538450
37 38 46 0.473484 0.408936 0.117580 136.969923 278.151391
37 38 46 0.795071 0.105818 0.099111 124.405540 278.077749
37 38 46 0.984241 0.006133 0.009626 124.000459 276.266599
37 38 46 0.536807 0.236580 0.226612 132.374201 285.961090
37 38 46 0.364452 0.397314 0.238234 136.716853 286.256971
37 38 46 0.270353 0.694270 0.035378 147.050217 277.468081
37 38 46 0.117958 0.615178 0.266864 145.507458 285.218319
37 38 46 0.531794 0.418877 0.049329 137.921307 278.739161
37 38 46 0.856787 0.034127 0.109086 124.838759 275.724874
38 47 46 0.794407 0.201980 0.003612 162.516042 283.630154
38 47 46 0.065940 0.498722 0.435338 145.521605 315.169814
38 47 46 0.011029 0.433175 0.555796 138.608847 317.537492
38 47 46 0.666379 0.197800 0.135821 158.722567 288.056718
38 47 46 0.436912 0.180368 0.382720 146.655552 301.012949
38 47 46 0.015524 0.792553 0.191923 154.381555 314.111254
38 47 46 0.007597 0.084544 0.907859 124.905879 317.397340
38 47 46 0.506620 0.427228 0.066152 159.941290 296.244035
38 47 46 0.360291 0.012034 0.627675 134.462668 299.554404
38 47 46 0.584279 0.187917 0.227805 152.234132 290.015717
38 39 47 0.294589 0.117343 0.588068 167.549848 299.858194
38 39 47 0.247615 0.000399 0.751986 164.291776 308.283932
38 39 47 0.360981 0.147842 0.491177 166.502452 295.062088
38 39 47 0.983065 0.012068 0.004867 163.244400 275.293395
38 39 47 0.859193 0.099426 0.041381 166.696038 278.012785
38 39 47 0.282100 0.260400 0.457501 172.938779 293.941241
38 39 47 0.124331 0.507563 0.368106 182.210575 291.297013
38 39 47 0.334555 0.573040 0.092406 183.761279 276.428378
38 39 47 0.091036 0.115693 0.793271 163.872039 308.718250
38 39 47 0.911784 0.063014 0.025202 160.665429 275.449986
39 48 47 0.713364 0.065058 0.221579 195.331963 290.778422
39 48 47 0.721769 0.010855 0.267376 191.381270 284.257193
39 48 47 0.067127 0.519099 0.413774 184.939250 315.273974
39 48 47 0.522687 0.077117 0.400195 190.526658 295.546094
39 48 47 0.645267 0.005154 0.349579 188.201782 285.869341
39 48 47 0.750512 0.082437 0.167051 200.348516 285.082636
39 48 47 0.276213 0.682041 0.041746 199.051985 304.943000
39 48 47 0.616500 0.188691 0.194809 197.707130 287.399939
39 48 47 0.223341 0.113487 0.663172 176.391392 303.441315
39 48 47 0.276530 0.069877 0.653593 175.795809 306.215883
39 40 48 0.396489 0.569452 0.034058 226.043033 277.782493
39 40 48 0.425950 0.157734 0.416316 207.235434 291.166585
39 40 48 0.244539 0.509278 0.246183 222.368871 283.908460
39 40 48 0.243858 0.400786 0.355356 220.726870 291.334451
39 40 48 0.001101 0.285572 0.713327 211.365976 305.820806
39 40 48 0.478208 0.279207 0.242586 214.604075 282.390638
39 40 48 0.808309 0.123752 0.067939 205.146419 276.349510
39 40 48 0.136846 0.284744 0.578410 213.796785 295.864373
39 40 48 0.161480 0.636789 0.201731 227.018846 283.994192
39 40 48 0.764570 0.179158 0.056271 206.921870 272.928415
40 49 48 0.444468 0.223397 0.332136 227.170735 298.120370
40 49 48 0.061277 0.613867 0.324856 230.540414 313.810290
40 49 48 0.587317 0.165432 0.247252 232.396871 291.131888
40 49 48 0.024749 0.198174 0.777078 211.666870 314.884386
40 49 48 0.472728 0.194977 0.332295 227.995907 296.189450
40 49 48 0.864041 0.051841 0.084118 238.756400 280.543670
40 49 48 0.581014 0.085022 0.333964 227.855509 293.150517
40 49 48 0.125414 0.541695 0.332890 225.445705 312.604215
40 49 48 0.165484 0.673497 0.161019 234.936342 306.448817
40 49 48 0.053711 0.405978 0.540312 217.106517 316.615280
40 41 49 0.933851 0.011829 0.054321 245.674846 279.215432
40 41 49 0.096947 0.064778 0.838275 251.690099 310.962291
40 41 49 0.987495 0.005176 0.007329 243.486416 272.930570
40 41 49 0.970120 0.009357 0.020522 244.864714 275.205139
40 41 49 0.943829 0.042355 0.013816 241.563335 275.595128
40 41 49 0.447661 0.372478 0.179860 260.431934 282.358869
40 41 49 0.448642 0.114735 0.436622 248.490498 291.242626
40 41 49 0.546733 0.289140 0.164127 254.952919 279.273946
40 41 49 0.820263 0.167646 0.012091 250.267222 274.349185
40 41 49 0.284226 0.411153 0.304621 259.818995 286.262932
41 50 49 0.755226 0.243167 0.001607 287.634285 285.059020
41 50 49 0.330956 0.391690 0.277354 274.758191 304.118377
41 50 49 0.424964 0.083726 0.491311 266.930984 292.359270
41 50 49 0.633503 0.268566 0.097931 284.650136 288.706310
41 50 49 0.490705 0.398743 0.110552 284.364605 293.181600
41 50 49 0.128168 0.005407 0.866425 248.663541 308.309637
41 50 49 0.436014 0.066970 0.497016 266.103507 295.646479
41 50 49 0.900250 0.067694 0.032057 288.330042 277.800419
41 50 49 0.676422 0.319422 0.004155 287.551869 286.740680
41 50 49 0.925719 0.038462 0.035819 284.145596 272.253604
41 42 50 0.154619 0.756097 0.089283 319.227410 275.451806
41 42 50 0.805171 0.063304 0.131524 288.683200 277.238887
41 42 50 0.930480 0.065275 0.004245 293.745523 274.258680
41 42 50 0.099399 0.099411 0.801190 289.950094 308.762245
41 42 50 0.782886 0.062872 0.154242 287.161369 282.072671
41 42 50 0.490274 0.138899 0.370827 297.537207 286.264298
41 42 50 0.738440 0.056381 0.205179 294.008980 281.565825
41 42 50 0.515929 0.078924 0.405147 292.532530 290.745613
41 42 50 0.781647 0.116900 0.101452 289.076399 276.579973
41 42 50 0.104710 0.517690 0.377600 310.306167 285.752329
42 51 50 0.773439 0.092446 0.134115 324.381530 281.433574
42 51 50 0.871934 0.119407 0.008659 327.772812 279.498880
42 51 50 0.120016 0.418141 0.461842 306.623757 306.876269
42 51 50 0.803222 0.002774 0.194004 317.913769 279.983795
42 51 50 0.177750 0.452909 0.369341 315.770963 306.452147
42 51 50 0.657767 0.069492 0.272741 316.821161 288.276241
42 51 50 0.756113 0.105532 0.138355 327.697259 282.899926
42 51 50 0.705104 0.010266 0.284630 317.055147 282.202002
42 51 50 0.708857 0.216936 0.074207 330.363709 282.977359
42 51 50 0.698605 0.012471 0.288924 315.933546 286.248492
42 43 51 0.067058 0.365470 0.567472 344.021643 297.474903
42 43 51 0.379657 0.193489 0.426854 336.345129 290.986955
42 43 51 0.312213 0.279384 0.408404 345.347889 287.833171
42 43 51 0.681721 0.096138 0.222141 329.615539 281.383289
42 43 51 0.135124 0.236097 0.628779 336.646553 298.797246
42 43 51 0.866955 0.096511 0.036534 334.647262 275.845473
42 43 51 0.588197 0.183296 0.228506 337.857707 281.182915
42 43 51 0.457847 0.054226 0.487927 327.806832 292.458836
42 43 51 0.407077 0.471976 0.120946 352.194419 275.190354
42 43 51 0.651152 0.093342 0.255505 332.707031 279.870052
43 52 51 0.723475 0.206411 0.070114 369.655367 288.022472
43 52 51 0.634159 0.171534 0.194307 364.997499 286.261017
43 52 51 0.749763 0.143670 0.106567 367.861601 283.367639
43 52 51 0.481233 0.387556 0.131210 368.310195 294.000254
43 52 51 0.094166 0.126392 0.779442 340.047068 310.154021
43 52 51 0.338870 0.138497 0.522633 346.831171 299.184633
43 52 51 0.634090 0.024119 0.341791 356.274077 289.991072
43 52 51 0.392101 0.073113 0.534787 349.908502 298.637381
43 52 51 0.406841 0.040265 0.552893 350.043578 295.424237
43 52 51 0.351351 0.092227 0.556422 353.471800 298.422067
43 44 52 0.701923 0.238882 0.059195 382.994261 272.599275
43 44 52 0.163236 0.663611 0.173154 401.073788 279.000474
43 44 52 0.933423 0.056698 0.009879 377.072926 271.448819
43 44 52 0.638889 0.100314 0.260796 380.324704 282.671303
43 44 52 0.654743 0.155256 0.190001 379.834087 279.993358
43 44 52 0.226786 0.236204 0.537010 381.714543 295.135720
43 44 52 0.876467 0.032274 0.091259 371.578965 271.356335
43 44 52 0.199520 0.748650 0.051830 406.412257 274.430081
43 44 52 0.875336 0.056131 0.068533 372.684152 275.479909
43 44 52 0.825957 0.165800 0.008243 380.285884 272.792009
44 53 52 0.454876 0.111303 0.433821 397.456320 295.834953
44 53 52 0.067145 0.052834 0.880021 372.878759 306.768150
44 53 52 0.835130 0.146307 0.018563 416.801885 277.718328
44 53 52 0.559365 0.000955 0.439680 395.818273 289.626874
44 53 52 0.061713 0.071081 0.867206 375.911644 311.614221
44 53 52 0.723812 0.235484 0.040704 416.500912 283.011383
44 53 52 0.861120 0.035118 0.103762 412.059886 274.769486
44 53 52 0.607458 0.151795 0.240747 407.258490 289.407250
44 53 52 0.395326 0.503207 0.101467 413.137629 299.805417
44 53 52 0.568405 0.068268 0.363327 401.149884 288.917573
45 46 54 0.554925 0.389136 0.055939 93.808354 318.349190
45 46 54 0.213425 0.424294 0.362281 99.845740 330.937454
45 46 54 0.614804 0.311137 0.074059 95.498545 319.601567
45 46 54 0.130648 0.737144 0.132207 111.045752 323.938075
45 46 54 0.194135 0.541866 0.263999 102.826639 330.336049
45 46 54 0.336283 0.230426 0.433291 91.803387 333.420332
45 46 54 0.794618 0.104443 0.100939 87.599697 319.432683
45 46 54 0.131026 0.630137 0.238837 108.762596 326.901371
45 46 54 0.741479 0.229699 0.028821 89.564844 314.937098
45 46 54 0.431557 0.012887 0.555556 81.973215 338.713663
46 55 54 0.502128 0.287001 0.210871 111.504636 336.169935
46 55 54 0.841691 0.030137 0.128172 119.158799 321.781927
46 55 54 0.491603 0.165393 0.343003 109.085862 337.215187
46 55 54 0.076766 0.138028 0.785206 97.693819 351.078602
46 55 54 0.684742 0.173577 0.141681 115.460143 327.610109
46 55 54 0.303157 0.251764 0.445079 105.834038 343.712257
46 55 54 0.166437 0.437064 0.396499 106.165651 348.904490
46 55 54 0.012336 0.826190 0.161474 116.123329 353.843404
46 55 54 0.560095 0.301507 0.138397 119.027412 332.253620
46 55 54 0.614569 0.076316 0.309115 110.779847 332.365543
46 47 55 0.650003 0.124292 0.225706 127.261106 325.157745
46 47 55 0.541900 0.384772 0.073328 138.712249 319.600193
46 47 55 0.381554 0.139151 0.479295 128.733662 337.398580
46 47 55 0.676048 0.056239 0.267713 123.331739 325.892758
46 47 55 0.655200 0.191360 0.153440 128.863799 318.966024
46 47 55 0.525731 0.302111 0.172158 132.364502 321.567251
46 47 55 0.269726 0.093234 0.637039 127.093034 340.884521
46 47 55 0.314563 0.018071 0.667365 122.444431 341.803371
46 47 55 0.741531 0.191092 0.067377 132.183651 318.211090
46 47 55 0.808283 0.002372 0.189345 119.104717 322.612896
47 56 55 0.412765 0.520934 0.066301 161.191012 337.789345
47 56 55 0.514185 0.095290 0.390525 148.147794 333.131464
47 56 55 0.923164 0.075591 0.001245 158.126482 321.507813
47 56 55 0.245346 0.103959 0.650695 138.687859 346.308400
47 56 55 0.593750 0.072990 0.333260 148.184093 335.191899
47 56 55 0.765749 0.167638 0.066613 160.763203 324.872138
47 56 55 0.130391 0.612022 0.257587 152.840238 355.948233
47 56 55 0.397766 0.109261 0.492972 142.762603 337.053918
47 56 55 0.988748 0.000596 0.010655 160.658466 315.676196
47 56 55 0.449181 0.363530 0.187290 158.780678 337.507365
47 48 56 0.314255 0.541175 0.144570 182.017129 322.802152
47 48 56 0.759921 0.230223 0.009856 170.844761 319.472941
47 48 56 0.413119 0.193221 0.393660 171.978436 335.961049
47 48 56 0.309536 0.395794 0.294669 175.581890 328.334538
47 48 56 0.657901 0.303172 0.038927 175.776831 316.403918
47 48 56 0.153590 0.137767 0.708642 167.778573 341.504496
47 48 56 0.639268 0.114532 0.246200 164.754079 327.582684
47 48 56 0.934110 0.002742 0.063148 164.812943 322.318066
47 48 56 0.277262 0.319192 0.403546 178.995310 334.825009
47 48 56 0.772834 0.218534 0.008632 174.440984 317.809461
48 57 56 0.754171 0.039269 0.206561 193.819262 326.213448
48 57 56 0.568454 0.255520 0.176026 197.498013 334.712635
48 57 56 0.594804 0.095687 0.309509 193.398398 332.466653
48 57 56 0.626331 0.358688 0.014981 202.538293 331.318342
48 57 56 0.516803 0.151625 0.331572 190.520487 340.483741
48 57 56 0.055268 0.302177 0.642556 179.598880 354.375602
48 57 56 0.710157 0.186482 0.103361 199.624260 328.841569
48 57 56 0.032011 0.830994 0.136995 201.872783 355.197343
48 57 56 0.149230 0.528117 0.322652 189.985751 345.471867
48 57 56 0.964341 0.028439 0.007220 200.340327 319.727635
48 49 57 0.045984 0.705175 0.248841 230.902740 325.666113
48 49 57 0.662315 0.018250 0.319435 203.277712 330.164294
48 49 57 0.130259 0.155408 0.714333 208.081789 342.410565
48 49 57 0.322983 0.070778 0.606239 203.909776 338.461532
48 49 57 0.033546 0.024471 0.941983 204.976137 349.089896
48 49 57 0.025505 0.024002 0.950494 205.058390 350.751772
48 49 57 0.698309 0.156702 0.144988 209.212530 322.196972
48 49 57 0.411427 0.236981 0.351593 215.165608 327.314767
48 49 57 0.631368 0.037119 0.331512 205.051163 327.734963
48 49 57 0.022873 0.907968 0.069160 240.740860 319.134952
49 58 57 0.237657 0.761642 0.000701 244.295465 347.998039
49 58 57 0.117381 0.755269 0.127350 238.949719 349.186981
49 58 57 0.945638 0.024328 0.030034 243.308845 318.025013
49 58 57 0.542529 0.155563 0.301908 234.134208 333.487688
49 58 57 0.857380 0.011155 0.131465 236.483043 319.941117
49 58 57 0.706019 0.126212 0.167770 236.635574 326.764142
49 58 57 0.003190 0.709238 0.287571 237.135618 352.424427
49 58 57 0.031814 0.648509 0.319677 229.524610 350.775838
49 58 57 0.705034 0.063214 0.231752 232.038079 323.458740
49 58 57 0.538519 0.435933 0.025547 240.817295 333.646397
49 50 58 0.054204 0.613662 0.332134 276.825596 327.398233
49 50 58 0.515165 0.475334 0.009501 263.047343 313.204450
49 50 58 0.592157 0.378385 0.029458 258.365395 317.460603
49 50 58 0.972306 0.019739 0.007956 245.436055 317.582626
49 50 58 0.759176 0.015386 0.225438 244.747408 322.661915
49 50 58 0.736097 0.143615 0.120288 250.679133 318.084034
49 50 58 0.508614 0.115725 0.375662 251.501699 331.837598
49 50 58 0.104032 0.474064 0.421905 268.639067 330.486766
49 50 58 0.979502 0.019477 0.001022 249.872959 315.680701
49 50 58 0.216123 0.501556 0.282321 265.021731 327.120236
50 59 58 0.264376 0.060404 0.675220 259.394043 341.161841
50 59 58 0.962848 0.035622 0.001531 286.730789 317.654656
50 59 58 0.593347 0.359737 0.046915 284.226750 333.902786
50 59 58 0.642692 0.196168 0.161140 279.169490 329.492796
50 59 58 0.028864 0.061829 0.909306 250.019177 349.961961
50 59 58 0.877261 0.068804 0.053935 286.268213 324.057286
50 59 58 0.719619 0.261897 0.018483 289.008655 324.525494
50 59 58 0.309492 0.518513 0.171995 279.498992 339.476871
50 59 58 0.347068 0.647600 0.005332 283.611705 342.853228
50 59 58 0.040906 0.900846 0.058248 284.517631 351.158469
50 51 59 0.607915 0.013127 0.378958 289.950314 327.753616
50 51 59 0.086144 0.757924 0.155932 321.826075 321.500732
50 51 59 0.085629 0.273151 0.641220 298.093796 336.108711
50 51 59 0.567465 0.211388 0.221147 295.855712 324.350828
50 51 59 0.495877 0.009537 0.494587 289.611323 331.678200
50 51 59 0.466833 0.095387 0.437780 291.016044 332.509755
50 51 59 0.067614 0.377077 0.555309 301.565760 335.109994
50 51 59 0.583574 0.340564 0.075862 301.443511 315.816834
50 51 59 0.922749 0.068968 0.008283 288.527444 317.339819
50 51 59 0.069350 0.643065 0.287584 313.433828 328.543743
51 60 59 0.804019 0.155192 0.040789 328.667329 327.539279
51 60 59 0.984830 0.011928 0.003242 329.347549 313.322137
51 60 59 0.065381 0.434159 0.500460 306.899328 353.200556
51 60 59 0.546262 0.043872 0.409866 316.494830 334.632416
51 60 59 0.898236 0.099155 0.002609 329.568762 319.051869
51 60 59 0.158283 0.766095 0.075622 326.699098 345.015141
51 60 59 0.493261 0.499533 0.007206 328.287823 335.977619
51 60 59 0.342913 0.218694 0.438393 309.571989 342.537356
51 60 59 0.093477 0.024246 0.882277 291.195271 350.725646
51 60 59 0.973264 0.016736 0.010000 329.746213 317.340880
51 52 60 0.318203 0.656781 0.025016 359.446438 319.739132
51 52 60 0.357577 0.562369 0.080054 351.899981 318.125396
51 52 60 0.738839 0.195072 0.066090 338.210658 319.001073
51 52 60 0.799387 0.187747 0.012866 337.519882 315.606685
51 52 60 0.499740 0.211823 0.288437 339.930673 327.950479
51 52 60 0.947868 0.031308 0.020824 330.125672 314.824484
51 52 60 0.041008 0.064638 0.894354 330.595107 348.764879
51 52 60 0.146142 0.478175 0.375683 350.785634 328.652322
51 52 60 0.472029 0.518165 0.009805 353.126619 315.761559
51 52 60 0.416589 0.076073 0.507338 331.865225 331.489853
52 61 60 0.622594 0.199632 0.177774 360.703770 327.242679
52 61 60 0.378580 0.510427 0.110993 365.689667 338.412226
52 61 60 0.021767 0.390027 0.588207 344.005212 351.319404
52 61 60 0.212616 0.131532 0.655852 341.391203 342.168726
52 61 60 0.398839 0.153715 0.447446 349.927569 338.004379
52 61 60 0.802320 0.035977 0.161703 363.269071 323.156197
52 61 60 0.588902 0.010618 0.400479 353.752210 331.537560
52 61 60 0.721224 0.130631 0.148145 362.387154 322.468101
52 61 60 0.664773 0.290076 0.045151 369.049611 324.744034
52 61 60 0.380366 0.080315 0.539318 350.294355 339.100632
52 53 61 0.357525 0.134590 0.507884 377.745686 334.051137
52 53 61 0.077392 0.848337 0.074270 410.257862 317.011469
52 53 61 0.101259 0.497955 0.400785 392.549709 327.275000
52 53 61 0.769596 0.197495 0.032909 378.479327 315.527686
52 53 61 0.518703 0.034721 0.446576 371.433786 334.493867
52 53 61 0.706899 0.060137 0.232963 372.696497 325.138007
52 53 61 0.719336 0.270745 0.009919 384.495826 314.227024
52 53 61 0.847785 0.071443 0.080771 374.411564 322.714247
52 53 61 0.795772 0.004291 0.199937 372.148634 321.409295
52 53 61 0.429527 0.049105 0.521367 374.568269 335.548251
53 62 61 0.644025 0.130635 0.225341 407.254175 333.565611
53 62 61 0.202729 0.347325 0.449946 393.953695 339.762046
53 62 61 0.273979 0.539826 0.186195 409.180593 346.115819
53 62 61 0.562877 0.019200 0.417923 396.853573 332.364976
53 62 61 0.909735 0.058960 0.031304 414.894284 319.865119
53 62 61 0.616900 0.003563 0.379537 398.139188 329.329282
53 62 61 0.241588 0.697104 0.061308 408.032200 347.609710
53 62 61 0.329530 0.328651 0.341819 397.673685 339.116050
53 62 61 0.221669 0.596910 0.181421 405.975334 345.159272
53 62 61 0.814650 0.013943 0.171407 409.855502 323.016045
54 55 63 0.946610 0.003081 0.050309 86.677174 356.324834
54 55 63 0.143389 0.391959 0.464652 99.936401 372.960684
54 55 63 0.182950 0.186496 0.630555 99.582028 374.450417
54 55 63 0.250344 0.533657 0.215998 103.975774 364.611329
54 55 63 0.966740 0.032597 0.000663 84.454961 353.768292
54 55 63 0.297437 0.443726 0.258837 105.956573 359.920915
54 55 63 0.070376 0.333401 0.596222 106.031870 373.228555
54 55 63 0.129730 0.545896 0.324374 108.415926 364.209156
54 55 63 0.213245 0.509277 0.277478 106.051138 363.616912
54 55 63 0.317195 0.266865 0.415940 98.284645 365.722149
55 64 63 0.341192 0.220501 0.438308 109.081452 374.923292
55 64 63 0.851590 0.118394 0.030016 122.088646 358.349822
55 64 63 0.096394 0.636664 0.266942 119.893253 383.339834
55 64 63 0.024558 0.103246 0.872196 100.096526 387.706308
55 64 63 0.130936 0.432203 0.436861 111.864579 379.798965
55 64 63 0.660636 0.044303 0.295062 116.633453 366.801064
55 64 63 0.205030 0.084248 0.710721 100.085605 378.307748
55 64 63 0.380161 0.367986 0.251853 118.253656 375.834461
55 64 63 0.280908 0.240268 0.478824 109.940161 372.754997
55 64 63 0.344354 0.023511 0.632135 106.393458 375.067804
55 56 64 0.529793 0.117434 0.352773 131.955594 367.621449
55 56 64 0.231988 0.023873 0.744139 131.871266 379.563649
55 56 64 0.955003 0.040268 0.004729 122.203249 352.024256
55 56 64 0.624997 0.066936 0.308066 130.350905 362.994051
55 56 64 0.556781 0.350451 0.092767 140.909859 355.471599
55 56 64 0.696186 0.179616 0.124198 128.527897 360.857679
55 56 64 0.332612 0.107028 0.560360 136.020636 373.166747
55 56 64 0.109526 0.511102 0.379372 151.402072 367.779714
55 56 64 0.490389 0.315072 0.194539 138.067226 362.806146
55 56 64 0.591672 0.006054 0.402274 124.361653 365.100634
56 65 64 0.677420 0.081865 0.240715 157.135943 367.243990
56 65 64 0.165543 0.804300 0.030156 169.762666 381.003237
56 65 64 0.911729 0.045504 0.042768 165.084527 359.141807
56 65 64 0.116051 0.671351 0.212598 162.002190 379.719792
56 65 64 0.028022 0.914064 0.057914 166.148533 382.898659
56 65 64 0.541633 0.226447 0.231920 157.832280 371.607074
56 65 64 0.821137 0.052899 0.125964 161.006937 362.412276
56 65 64 0.503976 0.359440 0.136584 163.325693 371.443996
56 65 64 0.283754 0.110404 0.605842 143.078032 375.074906
56 65 64 0.093885 0.645060 0.261055 160.093277 379.610292
56 57 65 0.706363 0.086441 0.207197 170.901345 360.710729
56 57 65 0.616023 0.041360 0.342616 168.012419 367.409554
56 57 65 0.237678 0.390499 0.371823 184.130385 363.221162
56 57 65 0.866684 0.107090 0.026225 169.016176 358.598104
56 57 65 0.106528 0.784398 0.109074 196.497775 358.593379
56 57 65 0.299830 0.423177 0.276994 181.285166 364.363650
56 57 65 0.694250 0.115106 0.190645 169.134125 362.615169
56 57 65 0.752626 0.007810 0.239564 165.895885 365.681959
56 57 65 0.629415 0.001141 0.369444 164.516035 363.881863
56 57 65 0.703679 0.215241 0.081079 176.942483 361.479594
57 66 65 0.658392 0.198454 0.143154 203.761945 364.829833
57 66 65 0.989462 0.002744 0.007794 204.768185 355.947230
57 66 65 0.513320 0.161271 0.325408 189.466961 368.482106
57 66 65 0.177162 0.194700 0.628138 184.764636 380.887287
57 66 65 0.043739 0.160777 0.795484 176.247017 384.288800
57 66 65 0.886650 0.077608 0.035742 203.019438 359.177231
57 66 65 0.106479 0.049034 0.844487 176.497406 382.679638
57 66 65 0.702507 0.145515 0.151978 198.500760 358.951656
57 66 65 0.858399 0.074695 0.066906 205.276746 357.114722
57 66 65 0.273745 0.324190 0.402065 193.631561 375.478216
57 58 66 0.990429 0.004669 0.004902 208.260711 355.228462
57 58 66 0.457958 0.237605 0.304437 219.402063 363.471905
57 58 66 0.114823 0.439307 0.445870 223.381873 367.550491
57 58 66 0.902142 0.071035 0.026823 208.020523 354.658594
57 58 66 0.843917 0.032537 0.123545 207.775254 358.249703
57 58 66 0.005800 0.904516 0.089683 242.113743 356.562207
57 58 66 0.264229 0.182043 0.553728 213.412797 369.349315
57 58 66 0.216617 0.131864 0.651519 216.031333 373.534402
57 58 66 0.842217 0.094175 0.063608 210.330349 357.987893
57 58 66 0.627670 0.120775 0.251555 212.463445 362.654129
58 67 66 0.500989 0.342282 0.156729 240.035591 367.510160
58 67 66 0.521937 0.363097 0.114966 238.596342 368.299816
58 67 66 0.468280 0.516205 0.015515 246.970098 370.110243
58 67 66 0.716227 0.243589 0.040183 244.217614 364.157048
58 67 66 0.981977 0.004781 0.013242 242.359516 354.291311
58 67 66 0.559421 0.217146 0.223434 239.065363 368.323340
58 67 66 0.317113 0.383262 0.299625 235.082832 373.297961
58 67 66 0.152023 0.068894 0.779083 217.290093 381.943022
58 67 66 0.170375 0.437190 0.392434 233.094249 379.201357
58 67 66 0.429669 0.272998 0.297333 233.253698 370.969775
58 59 67 0.441255 0.136753 0.421992 253.864809 366.114106
58 59 67 0.288859 0.210420 0.500721 254.874103 367.800359
58 59 67 0.302016 0.515654 0.182331 265.971825 359.025363
58 59 67 0.934830 0.029568 0.035602 245.720474 352.771058
58 59 67 0.667892 0.008567 0.323541 248.000623 364.362531
58 59 67 0.359901 0.530954 0.109145 265.907486 354.949574
58 59 67 0.579643 0.151971 0.268386 250.680270 361.946658
58 59 67 0.841650 0.136896 0.021455 244.618366 355.498247
58 59 67 0.974129 0.009168 0.016702 245.591513 354.638298
58 59 67 0.381954 0.055622 0.562424 246.180618 371.621199
59 68 67 0.770236 0.179227 0.050537 282.965642 361.423921
59 68 67 0.443692 0.356391 0.199917 277.727798 373.114315
59 68 67 0.641974 0.022646 0.335380 274.817259 366.711648
59 68 67 0.816749 0.067550 0.115701 285.701612 359.905249
59 68 67 0.853573 0.001050 0.145378 279.107144 358.678427
59 68 67 0.072423 0.649287 0.278290 273.982899 383.600408
59 68 67 0.685795 0.015431 0.298774 276.511429 362.679188
59 68 67 0.867030 0.092516 0.040454 284.384090 356.530957
59 68 67 0.752633 0.222334 0.025032 282.018073 361.387705
59 68 67 0.809279 0.169725 0.020996 285.039347 365.471015
59 60 68 0.426018 0.125043 0.448939 289.796006 366.358501
59 60 68 0.342929 0.407071 0.250000 303.487177 360.117235
59 60 68 0.262095 0.609931 0.127974 309.949600 355.585754
59 60 68 0.844211 0.013699 0.142090 281.738368 358.639169
59 60 68 0.069119 0.457976 0.472905 303.264865 367.779725
59 60 68 0.041338 0.933751 0.024911 326.038245 354.350213
59 60 68 0.252194 0.409550 0.338256 302.529361 365.419332
59 60 68 0.803619 0.025088 0.171293 287.699956 356.308783
59 60 68 0.423329 0.182499 0.394172 296.737578 365.519335
59 60 68 0.085547 0.336802 0.577652 301.382927 372.711885
60 69 68 0.068675 0.416307 0.515018 304.542803 380.699384
60 69 68 0.114783 0.514555 0.370662 311.003006 381.780552
60 69 68 0.511425 0.005637 0.482938 304.900371 371.958246
60 69 68 0.205126 0.671297 0.123577 317.487851 376.041404
60 69 68 0.411266 0.087444 0.501290 302.130692 373.837444
60 69 68 0.261572 0.715956 0.022473 323.199516 377.688089
60 69 68 0.584954 0.282539 0.132506 324.720653 368.945540
60 69 68 0.705534 0.157243 0.137223 322.476558 366.281762
60 69 68 0.247347 0.531475 0.221177 317.113127 376.982461
60 69 68 0.390185 0.246343 0.363471 315.936279 373.257395
60 61 69 0.691527 0.075035 0.233438 331.324615 362.296701
60 61 69 0.101136 0.272654 0.626210 338.594753 373.537553
60 61 69 0.072736 0.755730 0.171534 360.216353 362.425022
60 61 69 0.769894 0.203488 0.026618 334.773944 355.216371
60 61 69 0.917150 0.066060 0.016790 330.043212 357.113466
60 61 69 0.753571 0.230882 0.015547 336.425770 352.075633
60 61 69 0.618706 0.014906 0.366388 324.033562 363.982945
60 61 69 0.422272 0.018599 0.559129 323.949815 369.847245
60 61 69 0.607226 0.118354 0.274420 332.762963 366.725291
60 61 69 0.521270 0.057067 0.421663 330.792160 369.419641
61 70 69 0.067700 0.511570 0.420729 348.207147 379.820438
61 70 69 0.001345 0.632609 0.366046 350.689693 383.162913
61 70 69 0.936765 0.052156 0.011080 366.933817 356.521330
61 70 69 0.812511 0.064097 0.123392 360.789217 361.672209
61 70 69 0.735757 0.039589 0.224654 360.142058 362.015164
61 70 69 0.656867 0.212782 0.130351 360.295277 362.129924
61 70 69 0.322275 0.334276 0.343448 351.504809 375.996141
61 70 69 0.430029 0.494448 0.075524 362.112469 374.554087
61 70 69 0.866011 0.107239 0.026749 370.655341 357.175170
61 70 69 0.115226 0.496624 0.388149 346.547563 384.234221
61 62 70 0.809693 0.160799 0.029508 377.001969 354.677467
61 62 70 0.656627 0.018274 0.325099 367.374115 365.933418
61 62 70 0.228470 0.260774 0.510756 378.603119 368.619172
61 62 70 0.462910 0.485257 0.051834 388.657692 357.872541
61 62 70 0.745493 0.210940 0.043567 380.823277 355.874177
61 62 70 0.449527 0.267894 0.282579 381.299349 361.348333
61 62 70 0.089453 0.776230 0.134317 403.623209 357.244027
61 62 70 0.091457 0.303517 0.605025 382.539096 371.123879
61 62 70 0.652117 0.224128 0.123756 379.183457 358.402509
61 62 70 0.293187 0.323018 0.383795 380.532399 364.676544
62 71 70 0.266920 0.307042 0.426038 388.518914 377.206053
62 71 70 0.563964 0.283290 0.152746 404.110698 366.657047
62 71 70 0.209326 0.717996 0.072678 403.774732 376.714134
62 71 70 0.240560 0.483673 0.275767 396.553935 373.648819
62 71 70 0.056968 0.211246 0.731786 373.629141 381.817888
62 71 70 0.455034 0.114264 0.430703 387.199056 369.968543
62 71 70 0.110941 0.087038 0.802021 370.750764 381.790360
62 71 70 0.840029 0.114088 0.045883 410.802264 353.629215
62 71 70 0.309878 0.262190 0.427933 390.738089 374.149211
62 71 70 0.558752 0.256028 0.185219 402.287308 367.780922
63 64 72 0.100420 0.057095 0.842485 104.263926 401.420301
63 64 72 0.935741 0.021753 0.042505 93.356516 388.451705
63 64 72 0.445991 0.468071 0.085938 109.847552 386.252880
63 64 72 0.508249 0.235334 0.256417 104.381008 391.528686
63 64 72 0.789534 0.156298 0.054168 96.232083 384.239956
63 64 72 0.216650 0.383818 0.399532 114.947415 394.338707
63 64 72 0.189864 0.756280 0.053857 126.532625 391.114500
63 64 72 0.193476 0.152486 0.654038 103.462088 398.001054
63 64 72 0.249208 0.229953 0.520839 105.083832 399.164754
63 64 72 0.283940 0.266614 0.449445 107.955858 398.762061
64 73 72 0.971764 0.015269 0.012966 130.795500 388.240991
64 73 72 0.457011 0.047217 0.495772 115.853872 396.802492
64 73 72 0.647496 0.309565 0.042940 131.474815 394.119462
64 73 72 0.749272 0.039057 0.211671 123.010981 388.892197
64 73 72 0.063201 0.822890 0.113909 131.696675 407.421227
64 73 72 0.179779 0.017802 0.802419 106.193661 403.576554
64 73 72 0.005263 0.435234 0.559502 116.722218 408.588903
64 73 72 0.538617 0.104189 0.357194 122.649204 397.816746
64 73 72 0.927409 0.053013 0.019579 128.007105 386.208833
64 73 72 0.087644 0.637135 0.275220 128.394409 403.591358
64 65 73 0.180017 0.249074 0.570909 145.581698 399.884162
64 65 73 0.746003 0.236582 0.017415 140.170743 386.904548
64 65 73 0.681052 0.266987 0.051962 144.710918 384.854054
64 65 73 0.411510 0.238770 0.349720 139.745712 393.417195
64 65 73 0.093206 0.430387 0.476407 149.044450 398.532951
64 65 73 0.048422 0.140478 0.811100 144.625168 404.626657
64 65 73 0.342251 0.382292 0.275458 145.426742 391.610444
64 65 73 0.779018 0.204009 0.016973 138.282229 387.698135
64 65 73 0.011319 0.831225 0.157456 159.031020 389.709387
64 65 73 0.287417 0.200828 0.511756 143.662067 396.825901
65 74 73 0.879219 0.116019 0.004761 169.995824 387.353177
65 74 73 0.708137 0.037618 0.254245 163.700823 393.208052
65 74 73 0.912996 0.072755 0.014249 171.624059 386.649430
65 74 73 0.810965 0.089486 0.099549 164.419281 392.243327
65 74 73 0.522637 0.344799 0.132563 167.859626 396.035396
65 74 73 0.606218 0.384710 0.009072 170.208565 397.038490
65 74 73 0.020436 0.150955 0.828609 144.961759 410.000296
65 74 73 0.391659 0.066938 0.541403 153.707415 399.758903
65 74 73 0.112197 0.457198 0.430605 164.428761 408.673186
65 74 73 0.959576 0.005096 0.035328 171.668997 389.402729
65 66 74 0.525521 0.303855 0.170624 180.672919 392.555945
65 66 74 0.825040 0.101471 0.073489 173.845086 386.355105
65 66 74 0.431527 0.387069 0.181404 182.817657 389.299134
65 66 74 0.037118 0.298180 0.664702 181.222178 399.747964
65 66 74 0.319869 0.625240 0.054891 191.482881 384.720125
65 66 74 0.299950 0.361078 0.338971 185.218862 395.920593
65 66 74 0.119105 0.613001 0.267894 191.737505 395.217994
65 66 74 0.483845 0.112706 0.403449 174.648158 395.231297
65 66 74 0.560912 0.095989 0.343100 174.314888 393.584016
65 66 74 0.208527 0.253822 0.537652 184.130266 395.188485
66 75 74 0.321829 0.229459 0.448712 194.285213 400.628133
66 75 74 0.485172 0.370785 0.144044 207.432802 393.782013
66 75 74 0.303730 0.101984 0.594286 188.280212 400.576001
66 75 74 0.134809 0.371992 0.493199 193.709213 403.255103
66 75 74 0.102420 0.305318 0.592263 186.868376 405.630537
66 75 74 0.253788 0.597600 0.148612 207.877600 401.194120
66 75 74 0.394465 0.198269 0.407266 197.663659 396.673149
66 75 74 0.031309 0.236824 0.731868 184.451131 405.885332
66 75 74 0.904814 0.058022 0.037164 207.002290 383.446969
66 75 74 0.263153 0.229805 0.507042 196.274592 405.490149
66 67 75 0.166253 0.028366 0.805381 212.279967 404.516106
66 67 75 0.238223 0.417456 0.344322 226.472009 391.523153
66 67 75 0.313676 0.149245 0.537080 214.740673 396.256615
66 67 75 0.556775 0.299948 0.143277 217.435325 387.010540
66 67 75 0.150778 0.294324 0.554897 223.340014 394.079105
66 67 75 0.532677 0.288926 0.178397 221.247508 388.281315
66 67 75 0.040559 0.886997 0.072444 241.710654 389.010020
66 67 75 0.980486 0.015081 0.004433 209.321161 383.739859
66 67 75 0.900291 0.057455 0.042254 213.821013 388.927429
66 67 75 0.540167 0.123116 0.336717 213.988920 393.937547
67 76 75 0.894178 0.029549 0.076274 247.894400 390.628380
67 76 75 0.612160 0.155641 0.232199 239.278488 394.027074
67 76 75 0.274944 0.219029 0.506027 232.595701 398.781021
67 76 75 0.896012 0.089304 0.014684 246.206358 387.375362
67 76 75 0.988668 0.007538 0.003794 250.666182 387.756170
67 76 75 0.977858 0.002775 0.019367 249.656913 384.013708
67 76 75 0.666881 0.323849 0.009270 246.910120 393.213427
67 76 75 0.846046 0.019976 0.133979 242.774378 387.793285
67 76 75 0.532108 0.337011 0.130881 242.329331 394.697180
67 76 75 0.536544 0.338849 0.124606 242.652504 400.172454
67 68 76 0.550728 0.252979 0.196294 259.726690 391.576178
67 68 76 0.037217 0.278454 0.684329 257.657281 399.574433
67 68 76 0.528043 0.288310 0.183647 256.365091 390.720751
67 68 76 0.475832 0.254238 0.269930 259.641975 390.917462
67 68 76 0.547613 0.039175 0.413212 249.773780 393.987418
67 68 76 0.301330 0.217022 0.481648 255.804259 396.902725
67 68 76 0.498165 0.177814 0.324022 253.805506 394.752486
67 68 76 0.362982 0.338192 0.298826 261.386712 392.449814
67 68 76 0.472126 0.483935 0.043940 266.170384 387.300282
67 68 76 0.086005 0.741176 0.172819 274.220937 390.032487
68 77 76 0.020884 0.376698 0.602418 261.041239 409.976165
68 77 76 0.243461 0.290005 0.466534 269.145222 401.484585
68 77 76 0.616715 0.363602 0.019684 280.878965 394.564297
68 77 76 0.907255 0.086616 0.006129 285.130591 387.437217
68 77 76 0.550531 0.233047 0.216422 276.467520 393.717922
68 77 76 0.947989 0.032520 0.019491 284.813689 386.795619
68 77 76 0.452766 0.071784 0.475450 267.304816 397.052720
68 77 76 0.781339 0.164420 0.054240 282.650450 387.979660
68 77 76 0.686934 0.082699 0.230367 276.487525 390.965138
68 77 76 0.732300 0.057999 0.209701 278.487031 392.893458
68 69 77 0.480861 0.139111 0.380028 292.374304 392.065102
68 69 77 0.181437 0.313936 0.504627 295.060681 399.072865
68 69 77 0.745709 0.024342 0.229950 287.480829 388.303471
68 69 77 0.431978 0.357977 0.210046 300.294550 390.070878
68 69 77 0.152366 0.068606 0.779028 285.754881 401.736098
68 69 77 0.240363 0.692099 0.067538 312.157084 384.686743
68 69 77 0.515398 0.123622 0.360980 291.866378 392.615343
68 69 77 0.981813 0.010729 0.007459 284.380287 387.881549
68 69 77 0.041545 0.300126 0.658328 300.747269 400.520320
68 69 77 0.922403 0.027955 0.049641 285.442703 388.805142
69 78 77 0.014811 0.187233 0.797956 292.074966 405.477053
69 78 77 0.483726 0.347399 0.168875 321.415502 395.715385
69 78 77 0.301834 0.579709 0.118457 317.440602 400.933144
69 78 77 0.327900 0.334002 0.338098 309.043349 400.480963
69 78 77 0.704228 0.024278 0.271494 314.554125 391.111147
69 78 77 0.476610 0.457311 0.066079 318.865747 402.094827
69 78 77 0.946352 0.042060 0.011588 323.586312 384.135085
69 78 77 0.831709 0.094480 0.073812 322.479326 390.516717
69 78 77 0.155368 0.686106 0.158526 314.900838 402.164892
69 78 77 0.695088 0.249267 0.055645 320.796157 392.591035
69 70 78 0.288625 0.582849 0.128526 342.749761 389.433664
69 70 78 0.613463 0.348119 0.038418 334.926073 383.891973
69 70 78 0.876190 0.009050 0.114761 324.892537 388.756224
69 70 78 0.337599 0.424476 0.237925 339.006850 389.019020
69 70 78 0.845085 0.035114 0.119801 325.841132 388.560027
69 70 78 0.652785 0.237999 0.109216 330.070603 384.821114
69 70 78 0.390730 0.144382 0.464888 329.388485 395.107821
69 70 78 0.414323 0.496466 0.089211 341.702096 383.764806
69 70 78 0.420793 0.394565 0.184642 335.120581 394.562243
69 70 78 0.706064 0.198623 0.095313 330.894509 384.275117
70 79 78 0.243316 0.314354 0.442330 342.815513 398.309795
70 79 78 0.515571 0.210115 0.274315 347.412939 389.814579
70 79 78 0.601241 0.127423 0.271336 348.262886 392.391989
70 79 78 0.332610 0.269597 0.397793 344.845590 400.719413
70 79 78 0.822328 0.127434 0.050238 359.117991 388.848313
70 79 78 0.219423 0.228430 0.552147 340.363101 402.695799
70 79 78 0.059415 0.665177 0.275408 351.258306 404.940827
70 79 78 0.075229 0.349083 0.575689 336.664418 402.000086
70 79 78 0.600955 0.226900 0.172145 353.719022 392.955589
70 79 78 0.729854 0.016529 0.253616 352.107071 386.769725
70 71 79 0.776243 0.124635 0.099122 369.282360 388.592625
70 71 79 0.482100 0.264800 0.253101 373.761916 391.373983
70 71 79 0.274652 0.130816 0.594532 365.382703 393.979043
70 71 79 0.239220 0.173892 0.586889 368.482063 397.107088
70 71 79 0.090365 0.464121 0.445514 381.131604 391.856294
70 71 79 0.718607 0.094294 0.187099 365.864574 386.668092
70 71 79 0.309907 0.028586 0.661507 363.164688 397.156571
70 71 79 0.540403 0.455694 0.003903 382.731655 384.807734
70 71 79 0.851270 0.076118 0.072612 366.490861 383.994806
70 71 79 0.948594 0.005497 0.045910 364.910630 386.775022
71 80 79 0.139411 0.718539 0.142050 390.737389 400.508516
71 80 79 0.363917 0.465031 0.171052 391.823640 398.050802
71 80 79 0.621342 0.035777 0.342881 388.982815 391.018222
71 80 79 0.834647 0.006276 0.159077 394.903176 385.290950
71 80 79 0.780355 0.186144 0.033501 402.457192 391.065204
71 80 79 0.091012 0.581241 0.327747 385.058348 403.297580
71 80 79 0.659830 0.155853 0.184317 397.413245 389.935197
71 80 79 0.187573 0.715397 0.097030 394.603301 399.566220
71 80 79 0.123386 0.250213 0.626401 375.252485 400.645571
71 80 79 0.504433 0.297919 0.197648 392.659425 394.011595
