0 1 9 0.080613 0.615121 0.304266 119.635597 168.889204
0 1 9 0.403362 0.280483 0.316155 106.483444 167.198838
0 1 9 0.789088 0.086401 0.124512 101.072577 168.554533
0 1 9 0.280776 0.040342 0.678882 96.442009 174.473859
0 1 9 0.801967 0.051787 0.146246 103.332485 164.244619
0 1 9 0.350015 0.632408 0.017577 125.167119 165.932490
0 1 9 0.701607 0.132980 0.165412 103.477669 164.825130
0 1 9 0.685599 0.046085 0.268316 97.936548 168.974747
0 1 9 0.043532 0.257038 0.699429 104.875455 173.584292
0 1 9 0.439687 0.509071 0.051242 118.259141 165.534339
1 10 9 0.231594 0.060289 0.708117 105.461517 174.330756
1 10 9 0.953064 0.001583 0.045353 137.555762 168.293963
1 10 9 0.514189 0.449046 0.036765 133.772556 173.063641
1 10 9 0.510176 0.008048 0.481776 117.470948 171.821326
1 10 9 0.368730 0.061782 0.569488 108.788920 173.713953
1 10 9 0.558905 0.215063 0.226032 126.573576 173.758257
1 10 9 0.525130 0.367306 0.107563 130.451156 168.138006
1 10 9 0.518590 0.024213 0.457197 120.563998 168.820462
1 10 9 0.321117 0.178370 0.500513 115.962683 174.323317
1 10 9 0.224156 0.328986 0.446859 115.266882 178.257622
1 2 10 0.744075 0.061429 0.194496 140.128049 168.173438
1 2 10 0.744037 0.035697 0.220266 139.343379 167.097972
1 2 10 0.465794 0.078465 0.455740 138.430391 167.900494
1 2 10 0.919170 0.070541 0.010289 136.866737 165.401251
1 2 10 0.386352 0.420813 0.192835 151.283746 167.848440
1 2 10 0.159747 0.824640 0.015614 164.243164 162.806843
1 2 10 0.475035 0.342003 0.182961 152.643387 165.644031
1 2 10 0.935482 0.037880 0.026639 140.994441 166.706305
1 2 10 0.270020 0.119232 0.610748 138.964947 172.058408
1 2 10 0.435742 0.544010 0.020248 159.433040 162.416862
2 11 10 0.760001 0.229983 0.010016 173.707199 167.411948
2 11 10 0.121253 0.390190 0.488557 151.070443 173.683804
2 11 10 0.186899 0.304389 0.508712 148.264864 173.920431
2 11 10 0.478529 0.317611 0.203860 166.327437 173.388799
2 11 10 0.104470 0.278968 0.616562 148.751302 178.592655
2 11 10 0.195715 0.311524 0.492761 146.861261 174.111365
2 11 10 0.696008 0.050777 0.253214 165.418853 165.363132
2 11 10 0.208486 0.035258 0.756256 141.479297 177.199159
2 11 10 0.569477 0.070048 0.360475 154.813068 168.134723
2 11 10 0.588623 0.193606 0.217771 165.499412 169.273223
2 3 11 0.634644 0.108898 0.256458 177.319427 164.290509
2 3 11 0.320171 0.110133 0.569695 172.543464 168.535464
2 3 11 0.426813 0.481955 0.091233 189.512798 166.564616
2 3 11 0.361819 0.205386 0.432795 175.682820 169.409641
2 3 11 0.840177 0.033968 0.125854 171.379986 165.559187
2 3 11 0.329765 0.279767 0.390468 180.145013 168.887812
2 3 11 0.176608 0.053698 0.769694 171.097350 172.929525
2 3 11 0.511223 0.049948 0.438829 174.228404 170.443691
2 3 11 0.119489 0.685520 0.194990 196.032383 165.590034
2 3 11 0.546664 0.242894 0.210442 179.373057 165.762226
3 12 11 0.389110 0.474667 0.136223 203.310587 172.448054
3 12 11 0.453232 0.537253 0.009515 204.026370 166.725548
3 12 11 0.829086 0.083355 0.087560 206.737289 164.366180
3 12 11 0.038949 0.760425 0.200626 195.640709 174.078559
3 12 11 0.583982 0.085156 0.330862 192.726271 169.812764
3 12 11 0.982227 0.006438 0.011335 204.555630 164.789484
3 12 11 0.617240 0.236917 0.145843 205.009865 168.074549
3 12 11 0.694583 0.033860 0.271557 192.753324 169.154056
3 12 11 0.779717 0.159253 0.061029 206.831870 172.212571
3 12 11 0.688878 0.150895 0.160227 203.031256 170.673435
3 4 12 0.850169 0.118144 0.031686 215.029564 165.658424
3 4 12 0.925621 0.033727 0.040652 208.916178 163.316753
3 4 12 0.157994 0.661656 0.180350 227.002700 161.345639
3 4 12 0.091402 0.576591 0.332007 226.380042 167.036487
3 4 12 0.652117 0.226958 0.120925 213.039137 163.941737
3 4 12 0.051725 0.829021 0.119254 233.386997 164.452222
3 4 12 0.129623 0.761739 0.108638 230.828503 163.572697
3 4 12 0.849959 0.104492 0.045550 214.845233 165.469084
3 4 12 0.912192 0.017433 0.070375 210.046097 166.157257
3 4 12 0.821385 0.122726 0.055888 211.761236 165.803601
4 13 12 0.137810 0.568421 0.293768 228.002143 173.084261
4 13 12 0.967800 0.023771 0.008430 240.251808 164.015026
4 13 12 0.147666 0.497516 0.354817 233.955327 172.367457
4 13 12 0.403115 0.257281 0.339603 233.021343 170.397596
4 13 12 0.283194 0.413468 0.303338 231.040671 173.148147
4 13 12 0.192595 0.674677 0.132728 239.711209 175.922548
4 13 12 0.304785 0.454358 0.240856 232.074074 172.570079
4 13 12 0.473727 0.433981 0.092292 241.553045 169.518634
4 13 12 0.390510 0.326791 0.282699 235.783048 173.086769
4 13 12 0.898766 0.019844 0.081390 239.282724 163.786668
4 5 13 0.853975 0.107571 0.038454 244.089879 166.485211
4 5 13 0.454848 0.323571 0.221581 251.942420 164.256559
4 5 13 0.447403 0.286749 0.265848 250.821676 167.252427
4 5 13 0.451424 0.524047 0.024529 260.490500 162.714390
4 5 13 0.673643 0.221920 0.104437 248.116822 168.795179
4 5 13 0.148353 0.639485 0.212163 268.693264 165.409643
4 5 13 0.657803 0.048502 0.293695 242.664208 169.355522
4 5 13 0.064288 0.677532 0.258180 262.965820 168.739091
4 5 13 0.525857 0.291209 0.182934 254.070528 165.384920
4 5 13 0.524673 0.068099 0.407227 243.244239 168.004926
5 14 13 0.149117 0.574012 0.276871 271.477248 173.574336
5 14 13 0.472792 0.162090 0.365118 267.453348 171.544348
5 14 13 0.006684 0.234631 0.758685 250.602876 175.395856
5 14 13 0.504479 0.366327 0.129194 273.545449 172.281722
5 14 13 0.839609 0.064172 0.096219 277.364135 168.235719
5 14 13 0.526145 0.278337 0.195518 271.441880 171.928134
5 14 13 0.493014 0.046360 0.460626 266.466279 172.045553
5 14 13 0.529603 0.408995 0.061403 278.917298 168.758496
5 14 13 0.180034 0.035084 0.784882 254.332971 173.653251
5 14 13 0.739353 0.018701 0.241945 269.597801 168.005819
5 6 14 0.823675 0.061249 0.115076 282.084323 167.063507
5 6 14 0.169987 0.160844 0.669169 289.706598 171.544880
5 6 14 0.627311 0.321289 0.051399 290.005170 161.868431
5 6 14 0.413397 0.192188 0.394414 286.768604 170.435059
5 6 14 0.648297 0.239505 0.112198 285.181708 165.128412
5 6 14 0.478067 0.041987 0.479947 283.376677 168.064825
5 6 14 0.830457 0.045150 0.124393 279.953330 167.785244
5 6 14 0.197399 0.151101 0.651500 286.001237 168.591529
5 6 14 0.241451 0.663669 0.094880 299.349672 166.683177
5 6 14 0.677500 0.059968 0.262532 278.307319 166.520581
6 15 14 0.676815 0.079582 0.243603 305.325290 168.229483
6 15 14 0.761860 0.224710 0.013431 312.727113 161.808878
6 15 14 0.254680 0.324834 0.420486 305.554604 172.154082
6 15 14 0.065688 0.382039 0.552273 297.389451 173.652264
6 15 14 0.892322 0.083324 0.024354 314.087082 166.387902
6 15 14 0.317946 0.646627 0.035427 312.457716 171.726218
6 15 14 0.019170 0.759603 0.221228 314.347165 172.703343
6 15 14 0.285984 0.290433 0.423583 305.069477 173.972547
6 15 14 0.744773 0.166304 0.088923 314.398225 164.818334
6 15 14 0.025357 0.515061 0.459582 299.970718 174.094140
6 7 15 0.721359 0.126526 0.152115 318.368171 169.070013
6 7 15 0.145115 0.316875 0.538010 328.439952 170.400953
6 7 15 0.240240 0.169082 0.590678 322.240096 165.722260
6 7 15 0.216162 0.698785 0.085054 338.153850 173.179486
6 7 15 0.810396 0.016389 0.173215 312.763806 165.632820
6 7 15 0.092264 0.236365 0.671371 321.877627 169.084950
6 7 15 0.207505 0.336015 0.456480 327.969784 171.528910
6 7 15 0.655390 0.318633 0.025976 321.817207 164.637640
6 7 15 0.718033 0.176896 0.105072 323.758092 164.032002
6 7 15 0.565643 0.385424 0.048933 323.813464 166.125804
7 16 15 0.833797 0.105928 0.060275 341.188326 167.541332
7 16 15 0.515158 0.296469 0.188373 344.181609 170.142459
7 16 15 0.167340 0.306594 0.526066 340.170881 173.688276
7 16 15 0.901728 0.019048 0.079224 346.405230 164.925029
7 16 15 0.056802 0.501465 0.441734 345.290874 172.100867
7 16 15 0.111558 0.238193 0.650249 331.046828 172.980565
7 16 15 0.803131 0.063356 0.133513 343.441013 166.977880
7 16 15 0.070757 0.070321 0.858922 327.055183 176.833095
7 16 15 0.210149 0.171436 0.618415 333.343751 172.614193
7 16 15 0.438024 0.008200 0.553776 333.026554 168.301616
7 8 16 0.828854 0.166680 0.004466 346.930806 165.098702
7 8 16 0.436206 0.395351 0.168443 362.576778 163.846320
7 8 16 0.533522 0.253465 0.213013 353.561325 166.521362
7 8 16 0.399340 0.092082 0.508578 353.849295 172.641038
7 8 16 0.382785 0.233062 0.384153 357.182302 167.278049
7 8 16 0.601200 0.380152 0.018648 356.723041 164.493005
7 8 16 0.474229 0.096081 0.429690 354.690483 168.316412
7 8 16 0.276388 0.568974 0.154638 367.954016 166.416061
7 8 16 0.242518 0.717437 0.040044 368.223621 167.801634
7 8 16 0.555061 0.304585 0.140354 354.530168 165.754713
8 17 16 0.655360 0.105836 0.238805 374.088066 166.273383
8 17 16 0.513514 0.313662 0.172824 379.228280 169.110767
8 17 16 0.075316 0.876941 0.047743 390.480138 169.122911
8 17 16 0.353582 0.214122 0.432296 370.503227 168.017148
8 17 16 0.179029 0.270214 0.550757 371.625816 172.490416
8 17 16 0.652517 0.179274 0.168209 380.039058 168.760524
8 17 16 0.019930 0.779794 0.200276 384.365570 174.941546
8 17 16 0.265853 0.125883 0.608264 366.301322 171.707628
8 17 16 0.631706 0.330989 0.037305 382.705807 163.557798
8 17 16 0.577956 0.249505 0.172539 378.552542 167.696879
9 10 18 0.082385 0.760284 0.157332 122.182506 180.689685
9 10 18 0.001759 0.989836 0.008405 130.492248 177.008623
9 10 18 0.296253 0.451972 0.251776 105.997079 183.599940
9 10 18 0.933622 0.023616 0.042762 94.191901 175.047458
9 10 18 0.484284 0.228926 0.286790 101.671245 180.340421
9 10 18 0.580542 0.309646 0.109811 102.095075 181.247515
9 10 18 0.428102 0.298996 0.272902 99.380443 179.770048
9 10 18 0.576364 0.154589 0.269047 97.378808 185.162897
9 10 18 0.893656 0.000452 0.105893 88.238046 179.119807
9 10 18 0.092422 0.265498 0.642080 98.799622 189.993204
10 19 18 0.612287 0.004690 0.383023 108.968852 184.765301
10 19 18 0.971260 0.004086 0.024654 133.022153 180.455205
10 19 18 0.315652 0.047399 0.636949 101.539044 200.066871
10 19 18 0.844701 0.056083 0.099217 126.627822 181.675799
10 19 18 0.847076 0.000734 0.152190 127.072768 183.388271
10 19 18 0.759748 0.007128 0.233124 116.992473 183.534576
10 19 18 0.791664 0.041720 0.166616 121.644466 179.977784
10 19 18 0.412572 0.565695 0.021734 125.729360 194.198621
10 19 18 0.794954 0.042216 0.162829 122.345238 185.684684
10 19 18 0.983384 0.010988 0.005628 131.195911 180.813267
10 11 19 0.361825 0.286810 0.351365 140.755275 188.718249
10 11 19 0.085381 0.091078 0.823541 126.050532 197.797469
10 11 19 0.515393 0.103884 0.380722 129.592143 185.602334
10 11 19 0.099936 0.118104 0.781961 124.624454 196.099456
10 11 19 0.986785 0.010388 0.002827 129.665088 177.558391
10 11 19 0.605681 0.381702 0.012617 143.300573 175.896537
10 11 19 0.166774 0.372465 0.460761 139.374668 190.809076
10 11 19 0.750548 0.018910 0.230542 128.439312 183.890067
10 11 19 0.660707 0.188427 0.150866 138.293797 183.679305
10 11 19 0.107095 0.769571 0.123334 165.194005 180.951470
11 20 19 0.547394 0.077891 0.374715 151.730365 187.102239
11 20 19 0.091520 0.908292 0.000188 167.645183 195.930495
11 20 19 0.924370 0.034976 0.040654 166.424324 176.397396
11 20 19 0.969071 0.027239 0.003690 172.129373 178.485860
11 20 19 0.430800 0.348811 0.220389 155.019892 193.820925
11 20 19 0.562539 0.014834 0.422627 149.119254 189.143847
11 20 19 0.853660 0.010751 0.135589 164.695580 178.846479
11 20 19 0.650891 0.201679 0.147431 161.811828 186.354951
11 20 19 0.456522 0.397439 0.146039 162.746510 187.383278
11 20 19 0.340100 0.399961 0.259939 157.276658 194.799791
11 12 20 0.729007 0.160314 0.110679 175.554509 181.316071
11 12 20 0.579651 0.177524 0.242825 180.041350 185.040304
11 12 20 0.001727 0.057566 0.940708 167.518622 202.150676
11 12 20 0.437666 0.527034 0.035300 187.009241 176.279091
11 12 20 0.180023 0.435768 0.384209 186.270425 181.921096
11 12 20 0.750831 0.209527 0.039642 180.958862 176.521607
11 12 20 0.383912 0.602108 0.013981 191.720957 175.638240
11 12 20 0.222021 0.122364 0.655615 171.159823 193.281962
11 12 20 0.429421 0.031091 0.539488 165.286219 188.572928
11 12 20 0.236326 0.308193 0.455481 177.709036 186.778992
12 21 20 0.116290 0.562680 0.321030 191.218945 196.560241
12 21 20 0.654768 0.082497 0.262735 198.152646 184.467187
12 21 20 0.990529 0.007948 0.001523 210.734570 171.799221
12 21 20 0.922597 0.023277 0.054126 205.999491 175.841070
12 21 20 0.734873 0.050533 0.214594 200.097112 178.868446
12 21 20 0.898347 0.034317 0.067336 202.102967 174.747829
12 21 20 0.018243 0.372444 0.609313 180.002507 199.418962
12 21 20 0.010479 0.528914 0.460607 188.004056 196.635078
12 21 20 0.081253 0.593817 0.324931 191.575389 197.874647
12 21 20 0.001537 0.055310 0.943153 162.389179 201.926586
12 13 21 0.746878 0.005044 0.248079 209.889091 178.244385
12 13 21 0.917554 0.082358 0.000088 209.851722 176.417386
12 13 21 0.592895 0.039280 0.367825 209.615387 186.868669
12 13 21 0.585581 0.265600 0.148819 216.604081 178.121932
12 13 21 0.283083 0.042982 0.673935 205.571993 188.116994
12 13 21 0.648243 0.099018 0.252739 209.390109 181.464989
12 13 21 0.307311 0.239920 0.452769 215.158520 188.759766
12 13 21 0.215492 0.730228 0.054281 235.220365 172.141518
12 13 21 0.826748 0.067985 0.105267 208.076061 173.576074
12 13 21 0.448104 0.464000 0.087896 223.404907 177.195220
13 22 21 0.187937 0.014542 0.797521 211.501046 193.722903
13 22 21 0.573977 0.199685 0.226339 231.735344 184.580857
13 22 21 0.463315 0.159362 0.377323 224.972886 186.836406
13 22 21 0.104709 0.026840 0.868451 208.595603 195.192812
13 22 21 0.539254 0.323506 0.137240 240.567612 188.219648
13 22 21 0.594118 0.304004 0.101878 234.882453 184.545528
13 22 21 0.017712 0.370351 0.611937 214.536508 197.790661
13 22 21 0.615885 0.377828 0.006287 241.592887 185.168566
13 22 21 0.467974 0.357618 0.174407 238.829171 185.021768
13 22 21 0.680463 0.274069 0.045467 242.243081 180.605787
13 14 22 0.289355 0.476896 0.233749 260.451566 179.403121
13 14 22 0.758110 0.027127 0.214762 246.838669 179.853262
13 14 22 0.897542 0.057900 0.044558 240.395385 175.603211
13 14 22 0.198498 0.461716 0.339786 263.729849 183.473603
13 14 22 0.427079 0.490715 0.082206 266.929902 176.011081
13 14 22 0.344509 0.120198 0.535293 254.164127 188.155717
13 14 22 0.854344 0.090780 0.054876 250.090575 176.007599
13 14 22 0.920546 0.032314 0.047140 245.519422 177.029750
13 14 22 0.654821 0.086142 0.259038 248.823391 181.604870
13 14 22 0.187856 0.566677 0.245467 265.899447 180.182536
14 23 22 0.038779 0.549318 0.411903 267.768428 195.908741
14 23 22 0.899688 0.065139 0.035173 280.947720 174.545663
14 23 22 0.434736 0.311828 0.253436 276.705095 188.651277
14 23 22 0.865764 0.000388 0.133848 277.554744 175.067979
14 23 22 0.187182 0.627015 0.185803 276.855328 194.722230
14 23 22 0.209808 0.779874 0.010318 286.808999 190.616792
14 23 22 0.185859 0.674827 0.139314 278.802588 190.899522
14 23 22 0.613709 0.360726 0.025565 282.744402 186.871626
14 23 22 0.744950 0.115372 0.139678 275.587833 179.136828
14 23 22 0.551975 0.110619 0.337406 269.704417 179.979182
14 15 23 0.840451 0.001785 0.157764 279.045353 176.996411
14 15 23 0.526381 0.038578 0.435041 289.152399 181.532983
14 15 23 0.896476 0.029466 0.074058 283.704012 172.445275
14 15 23 0.432212 0.260517 0.307271 294.855071 178.738219
14 15 23 0.591918 0.319531 0.088551 296.737620 176.209865
14 15 23 0.681290 0.249422 0.069288 294.717542 175.578385
14 15 23 0.551781 0.024399 0.423820 285.936668 179.358996
14 15 23 0.735934 0.178495 0.085572 286.747967 175.774242
14 15 23 0.434178 0.075083 0.490739 288.163448 185.795203
14 15 23 0.308986 0.306067 0.384947 296.416714 183.006654
15 24 23 0.181740 0.629490 0.188770 316.701846 199.187838
15 24 23 0.318776 0.282788 0.398436 310.556436 191.060283
15 24 23 0.345543 0.272697 0.381760 308.483511 189.057065
15 24 23 0.849209 0.029303 0.121489 317.676857 178.408215
15 24 23 0.329642 0.169131 0.501227 306.183343 190.074547
15 24 23 0.157531 0.241575 0.600894 298.457187 195.572766
15 24 23 0.853526 0.123782 0.022692 321.883241 175.544367
15 24 23 0.985522 0.013255 0.001223 320.804744 175.943882
15 24 23 0.985480 0.007254 0.007266 322.549370 174.406683
15 24 23 0.999366 0.000270 0.000363 321.283420 177.210431
15 16 24 0.331508 0.575795 0.092697 340.133631 175.646704
15 16 24 0.315951 0.389949 0.294100 338.663635 180.679163
15 16 24 0.701073 0.074139 0.224788 322.426980 177.684000
15 16 24 0.818060 0.079702 0.102239 324.071567 173.540976
15 16 24 0.905337 0.021675 0.072988 315.268473 181.124970
15 16 24 0.422304 0.293146 0.284550 327.826968 181.639174
15 16 24 0.630416 0.296895 0.072689 331.517061 175.071616
15 16 24 0.200494 0.469602 0.329904 340.829902 181.852489
15 16 24 0.150701 0.734844 0.114455 349.116644 178.363006
15 16 24 0.345429 0.457809 0.196762 337.961175 176.094005
16 25 24 0.257435 0.171283 0.571282 337.911037 194.770375
16 25 24 0.956513 0.003654 0.039833 355.341410 174.635406
16 25 24 0.458463 0.043446 0.498091 338.760240 191.088907
16 25 24 0.932176 0.030534 0.037290 357.839541 178.479440
16 25 24 0.713863 0.161112 0.125025 352.818672 180.003463
16 25 24 0.273535 0.428894 0.297571 353.520759 192.867734
16 25 24 0.062850 0.584510 0.352640 347.348053 199.566710
16 25 24 0.999373 0.000104 0.000523 358.569568 177.324483
16 25 24 0.498829 0.280058 0.221114 349.987102 184.743822
16 25 24 0.228692 0.368627 0.402681 347.737223 190.196961
16 17 25 0.807720 0.051528 0.140752 361.131753 173.847627
16 17 25 0.669476 0.192526 0.137998 362.679101 180.211117
16 17 25 0.084172 0.181273 0.734554 364.102583 190.730753
16 17 25 0.028830 0.574877 0.396294 381.903216 182.149514
16 17 25 0.044164 0.884127 0.071709 387.739326 176.902105
16 17 25 0.085428 0.095235 0.819336 365.402622 192.681414
16 17 25 0.777338 0.059084 0.163578 363.598740 176.465560
16 17 25 0.432740 0.072588 0.494672 363.009988 183.889794
16 17 25 0.284116 0.686993 0.028891 381.058598 173.450464
16 17 25 0.076924 0.681351 0.241726 377.959510 179.438967
17 26 25 0.387771 0.087559 0.524670 378.360526 190.800299
17 26 25 0.873680 0.099674 0.026646 392.257269 178.138614
17 26 25 0.649951 0.170973 0.179076 389.303171 181.124493
17 26 25 0.737273 0.133591 0.129135 390.394371 177.745452
17 26 25 0.026746 0.141993 0.831261 370.071945 195.949642
17 26 25 0.282963 0.552111 0.164926 392.079174 187.955868
17 26 25 0.143741 0.053876 0.802383 369.558857 192.604112
17 26 25 0.958230 0.022486 0.019284 392.226309 172.391221
17 26 25 0.177492 0.128645 0.693863 371.768876 191.981298
17 26 25 0.933559 0.066179 0.000262 390.270239 178.682125
18 19 27 0.554248 0.265627 0.180124 91.444477 208.107414
18 19 27 0.166477 0.388268 0.445254 93.959490 217.288786
18 19 27 0.440608 0.034392 0.525000 80.551069 222.242325
18 19 27 0.138426 0.253556 0.608019 83.005273 219.845011
18 19 27 0.069440 0.459437 0.471123 97.791092 222.263304
18 19 27 0.734617 0.003675 0.261708 80.067681 210.906591
18 19 27 0.449676 0.037678 0.512645 79.237783 222.441237
18 19 27 0.711375 0.142053 0.146571 85.376669 207.152781
18 19 27 0.220997 0.776997 0.002006 110.966943 199.174979
18 19 27 0.439100 0.016513 0.544387 76.508404 223.440010
19 28 27 0.005670 0.268635 0.725695 90.296517 240.393425
19 28 27 0.185058 0.471126 0.343816 105.501952 232.894999
19 28 27 0.070131 0.459940 0.469929 97.669038 235.290912
19 28 27 0.866317 0.073555 0.060128 117.664480 209.215332
19 28 27 0.351332 0.338373 0.310295 103.558910 224.806913
19 28 27 0.072798 0.836070 0.091133 114.170354 238.432126
19 28 27 0.661792 0.024138 0.314069 107.822421 214.808911
19 28 27 0.958621 0.023629 0.017750 119.308103 204.415614
19 28 27 0.715267 0.100440 0.184293 111.337227 213.345094
19 28 27 0.710430 0.136879 0.152691 113.272628 211.950655
19 20 28 0.195971 0.407260 0.396769 136.887235 218.732730
19 20 28 0.941094 0.027488 0.031418 121.207674 200.307264
19 20 28 0.249769 0.396207 0.354024 137.140167 212.635291
19 20 28 0.908775 0.074032 0.017193 124.659323 202.757351
19 20 28 0.829130 0.077524 0.093346 124.623801 206.862295
19 20 28 0.859179 0.058762 0.082059 123.547790 204.142787
19 20 28 0.857222 0.043134 0.099644 124.102074 203.815922
19 20 28 0.097194 0.155742 0.747063 125.449243 227.604764
19 20 28 0.866991 0.079404 0.053605 124.256519 202.489553
19 20 28 0.401482 0.486085 0.112433 142.022496 202.864747
20 29 28 0.490368 0.231488 0.278144 149.627948 221.424734
20 29 28 0.178186 0.688033 0.133781 153.406502 232.496826
20 29 28 0.343624 0.540507 0.115868 160.997220 224.773739
20 29 28 0.652921 0.007853 0.339226 149.956841 216.595137
20 29 28 0.768605 0.194763 0.036632 159.403997 212.685736
20 29 28 0.697376 0.144685 0.157939 153.796683 210.975170
20 29 28 0.533119 0.215668 0.251214 149.391046 219.488688
20 29 28 0.593661 0.047910 0.358429 148.570119 213.747219
20 29 28 0.031863 0.902562 0.065575 158.485608 237.076519
20 29 28 0.187935 0.167588 0.644477 137.571024 232.357728
20 21 29 0.385395 0.407048 0.207556 175.804762 204.560540
20 21 29 0.997890 0.001158 0.000953 161.125643 201.399306
20 21 29 0.074321 0.144806 0.780873 168.093153 227.936300
20 21 29 0.694378 0.165630 0.139991 167.366945 207.714214
20 21 29 0.965989 0.017867 0.016144 163.103783 202.515925
20 21 29 0.550713 0.362461 0.086827 177.496628 203.262733
20 21 29 0.697352 0.002018 0.300630 163.940861 207.525518
20 21 29 0.975977 0.002226 0.021797 164.121928 204.245090
20 21 29 0.251275 0.311905 0.436820 173.297505 216.498790
20 21 29 0.256519 0.661205 0.082276 189.748181 203.356842
21 30 29 0.398554 0.346627 0.254819 194.287808 222.503060
21 30 29 0.919345 0.045677 0.034978 199.166424 204.357953
21 30 29 0.865069 0.126950 0.007981 202.212616 204.535438
21 30 29 0.270526 0.546190 0.183285 194.815872 226.621917
21 30 29 0.656541 0.218308 0.125150 199.386057 211.956128
21 30 29 0.527402 0.260723 0.211875 196.250908 216.722969
21 30 29 0.203477 0.040212 0.756311 170.408434 228.896307
21 30 29 0.952487 0.006583 0.040929 200.741605 198.396888
21 30 29 0.347584 0.075943 0.576472 178.964350 224.481333
21 30 29 0.410579 0.070917 0.518505 182.848946 223.700255
21 22 30 0.610441 0.060758 0.328801 208.162186 210.549784
21 22 30 0.963837 0.023945 0.012218 202.533570 201.182329
21 22 30 0.909258 0.065243 0.025499 203.311898 201.776023
21 22 30 0.679049 0.182287 0.138664 216.020890 201.602689
21 22 30 0.276994 0.615442 0.107564 228.889676 203.025136
21 22 30 0.375623 0.088893 0.535484 208.121726 221.788650
21 22 30 0.667380 0.270256 0.062365 215.197702 198.428668
21 22 30 0.872492 0.124711 0.002797 208.924457 200.284027
21 22 30 0.984245 0.014254 0.001501 204.901219 200.505929
21 22 30 0.034140 0.879098 0.086763 237.525959 197.165635
22 31 30 0.381042 0.324312 0.294646 235.121514 218.143020
22 31 30 0.447689 0.442784 0.109526 240.063468 222.394321
22 31 30 0.658349 0.233572 0.108079 236.411361 213.981709
22 31 30 0.521768 0.044147 0.434085 227.128254 215.223310
22 31 30 0.503429 0.138619 0.357952 229.784433 217.916136
22 31 30 0.554750 0.003600 0.441650 224.484863 216.904943
22 31 30 0.945437 0.042127 0.012436 242.966560 201.499865
22 31 30 0.299083 0.384388 0.316529 229.723058 220.731973
22 31 30 0.258931 0.041308 0.699761 214.620530 224.661066
22 31 30 0.474591 0.038837 0.486572 225.310150 217.606782
22 23 31 0.883218 0.034241 0.082541 244.244959 195.167859
22 23 31 0.754300 0.030381 0.215319 244.721784 207.964315
22 23 31 0.889001 0.061604 0.049395 242.051314 197.970192
22 23 31 0.616061 0.052936 0.331003 247.173470 208.236312
22 23 31 0.624961 0.272322 0.102717 257.596848 204.855206
22 23 31 0.529263 0.185010 0.285726 252.821780 203.854723
22 23 31 0.300383 0.588298 0.111319 272.219654 201.968595
22 23 31 0.892716 0.037868 0.069416 243.748682 202.663797
22 23 31 0.938494 0.005572 0.055934 245.520098 204.701461
22 23 31 0.771971 0.081927 0.146101 247.975370 203.203260
23 32 31 0.628842 0.093085 0.278073 274.939206 207.232417
23 32 31 0.006198 0.817149 0.176653 281.033886 233.341316
23 32 31 0.165239 0.325205 0.509556 266.925950 231.433489
23 32 31 0.721742 0.248409 0.029849 288.287355 207.995993
23 32 31 0.177570 0.318995 0.503435 267.883712 230.159131
23 32 31 0.545115 0.173760 0.281125 275.718819 213.754232
23 32 31 0.258261 0.650229 0.091509 289.612976 222.660886
23 32 31 0.554351 0.214321 0.231328 274.064696 210.715727
23 32 31 0.325430 0.373549 0.301021 272.488613 225.183333
23 32 31 0.264378 0.303479 0.432143 263.784615 226.773762
23 24 32 0.412640 0.539378 0.047981 305.795711 196.272235
23 24 32 0.161348 0.502691 0.335961 304.047570 208.095783
23 24 32 0.249506 0.024992 0.725502 287.421118 225.024972
23 24 32 0.274763 0.182834 0.542403 291.483672 219.561576
23 24 32 0.096497 0.784707 0.118796 315.125204 203.701262
23 24 32 0.262617 0.135355 0.602028 291.588316 220.012498
23 24 32 0.197973 0.014333 0.787694 288.924524 227.847537
23 24 32 0.668804 0.252427 0.078769 296.705168 201.386115
23 24 32 0.845664 0.062040 0.092296 287.246479 200.633935
23 24 32 0.829912 0.157892 0.012196 291.650848 197.329088
24 33 32 0.478456 0.458374 0.063170 324.302696 217.050173
24 33 32 0.107374 0.706635 0.185991 318.827571 226.088945
24 33 32 0.431333 0.416742 0.151925 322.468376 219.218754
24 33 32 0.283353 0.063119 0.653528 298.392491 225.296532
24 33 32 0.491478 0.225466 0.283056 312.919260 217.068289
24 33 32 0.170270 0.763056 0.066674 326.488907 222.492762
24 33 32 0.414797 0.317531 0.267672 314.170585 219.464379
24 33 32 0.816994 0.104783 0.078223 323.074586 202.820249
24 33 32 0.539538 0.146313 0.314149 314.781992 215.432196
24 33 32 0.221612 0.646702 0.131686 323.784080 227.306885
24 25 33 0.387370 0.465196 0.147434 345.054670 198.866027
24 25 33 0.613741 0.286763 0.099496 338.248158 197.612850
24 25 33 0.604318 0.258345 0.137337 332.752383 201.756937
24 25 33 0.956534 0.003865 0.039601 322.569368 198.724290
24 25 33 0.926783 0.010675 0.062542 330.461710 202.289600
24 25 33 0.399500 0.514015 0.086485 343.210834 198.422712
24 25 33 0.561767 0.168820 0.269414 332.356111 204.714745
24 25 33 0.856269 0.039641 0.104090 326.255798 201.623268
24 25 33 0.881876 0.052497 0.065627 324.691758 203.672349
24 25 33 0.239930 0.394202 0.365868 341.097569 209.333778
25 34 33 0.015414 0.276610 0.707976 343.532310 234.715441
25 34 33 0.744421 0.014224 0.241354 356.656745 204.418958
25 34 33 0.276714 0.128456 0.594830 344.342187 219.778792
25 34 33 0.516108 0.114044 0.369848 350.735087 213.543164
25 34 33 0.026150 0.805515 0.168335 361.719976 232.595254
25 34 33 0.485546 0.444426 0.070028 364.014426 214.583606
25 34 33 0.335783 0.493408 0.170808 363.086923 220.273678
25 34 33 0.559625 0.138708 0.301667 355.536086 212.488457
25 34 33 0.042478 0.532585 0.424937 354.264163 231.694826
25 34 33 0.036977 0.589309 0.373714 358.933910 230.412679
25 26 34 0.862866 0.025425 0.111709 363.832256 201.220858
25 26 34 0.691490 0.025466 0.283043 365.645138 206.468371
25 26 34 0.640869 0.114912 0.244219 370.050503 206.256295
25 26 34 0.079919 0.333574 0.586507 382.154438 214.395702
25 26 34 0.909823 0.048780 0.041397 366.279514 201.194248
25 26 34 0.003569 0.389610 0.606821 382.191407 219.154072
25 26 34 0.311133 0.500864 0.188003 386.332321 205.074044
25 26 34 0.680389 0.029575 0.290036 366.818570 206.424819
25 26 34 0.245340 0.090839 0.663820 370.448784 217.802937
25 26 34 0.365393 0.023605 0.611002 373.228215 216.654271
26 35 34 0.064724 0.565156 0.370120 398.006782 231.361942
26 35 34 0.759370 0.052121 0.188509 399.196357 205.992339
26 35 34 0.584337 0.211922 0.203741 401.148924 211.291139
26 35 34 0.129158 0.276526 0.594316 385.962900 226.344432
26 35 34 0.666837 0.042492 0.290671 392.476308 205.813772
26 35 34 0.263791 0.065038 0.671170 381.549519 221.010829
26 35 34 0.710777 0.145228 0.143994 399.562852 204.454227
26 35 34 0.099550 0.898938 0.001511 410.016472 226.564565
26 35 34 0.584007 0.217812 0.198181 398.391983 207.665784
26 35 34 0.751817 0.218328 0.029855 406.943038 201.117299
27 28 36 0.342990 0.258590 0.398420 82.313107 254.305647
27 28 36 0.142038 0.477161 0.380801 94.775541 254.423829
27 28 36 0.599638 0.241428 0.158934 88.520243 248.231346
27 28 36 0.058497 0.799541 0.141962 112.555993 247.407563
27 28 36 0.906575 0.000330 0.093095 74.503295 244.199436
27 28 36 0.674478 0.081409 0.244114 75.353326 249.947664
27 28 36 0.891859 0.046839 0.061302 71.557809 240.272564
27 28 36 0.986466 0.000481 0.013053 76.249830 243.231883
27 28 36 0.340227 0.228723 0.431050 82.676953 257.352859
27 28 36 0.994092 0.004707 0.001201 73.867360 239.092050
28 37 36 0.015159 0.557050 0.427791 101.371113 279.522634
28 37 36 0.064006 0.464676 0.471317 98.277583 275.439951
28 37 36 0.155158 0.390209 0.454633 95.971025 276.627157
28 37 36 0.651718 0.216811 0.131471 111.121765 255.448968
28 37 36 0.734239 0.021824 0.243937 108.481688 250.542818
28 37 36 0.998307 0.000715 0.000977 118.910720 240.608780
28 37 36 0.453274 0.406776 0.139951 112.077715 264.938986
28 37 36 0.554686 0.277607 0.167707 111.897038 254.725372
28 37 36 0.175449 0.707708 0.116843 114.829438 274.533911
28 37 36 0.620816 0.222228 0.156957 111.627666 254.585897
28 29 37 0.642993 0.112906 0.244101 126.238892 249.884601
28 29 37 0.770240 0.185938 0.043821 128.383789 242.191917
28 29 37 0.191348 0.672115 0.136537 145.983557 242.097566
28 29 37 0.570240 0.119301 0.310459 118.634386 254.606618
28 29 37 0.463592 0.279958 0.256450 128.678907 250.305249
28 29 37 0.190423 0.690646 0.118931 145.772496 241.212824
28 29 37 0.241263 0.274962 0.483775 128.048338 255.419304
28 29 37 0.203993 0.596955 0.199051 143.588124 249.691667
28 29 37 0.226360 0.719235 0.054405 147.527456 234.831350
28 29 37 0.490975 0.006991 0.502034 118.830509 260.491218
29 38 37 0.410644 0.022903 0.566452 138.626133 261.843983
29 38 37 0.699219 0.292081 0.008699 157.995595 251.294611
29 38 37 0.632593 0.350273 0.017134 161.157257 253.241868
29 38 37 0.143418 0.428186 0.428396 145.892404 268.576684
29 38 37 0.696133 0.034040 0.269826 148.193390 250.762671
29 38 37 0.601732 0.272555 0.125713 152.181870 254.321950
29 38 37 0.966903 0.013541 0.019556 160.262941 239.514824
29 38 37 0.211927 0.159288 0.628785 134.592352 269.596079
29 38 37 0.993768 0.005302 0.000931 163.682427 236.672833
29 38 37 0.286960 0.049887 0.663153 130.490004 268.142226
29 30 38 0.307697 0.588612 0.103690 184.661826 240.790076
29 30 38 0.712851 0.188161 0.098988 167.860040 244.837279
29 30 38 0.844886 0.109311 0.045803 163.420626 242.537345
29 30 38 0.132730 0.845298 0.021972 194.036225 242.255127
29 30 38 0.792669 0.038872 0.168459 164.154429 244.866663
29 30 38 0.624054 0.260310 0.115636 170.734459 242.429050
29 30 38 0.386112 0.515147 0.098741 185.678757 242.350544
29 30 38 0.284852 0.639351 0.075797 186.215626 235.885259
29 30 38 0.261214 0.276089 0.462696 171.237167 254.756713
29 30 38 0.498173 0.143361 0.358466 164.615508 254.448612
30 39 38 0.356190 0.580564 0.063246 204.045739 266.931507
30 39 38 0.673458 0.213987 0.112555 198.939391 250.670129
30 39 38 0.510814 0.095338 0.393848 189.873155 258.246490
30 39 38 0.157714 0.299523 0.542763 178.758376 273.546544
30 39 38 0.585462 0.271307 0.143231 195.482443 256.138531
30 39 38 0.904180 0.050317 0.045503 203.113961 242.240893
30 39 38 0.940767 0.046490 0.012743 205.384207 240.994198
30 39 38 0.773381 0.224570 0.002049 202.534174 246.419112
30 39 38 0.591263 0.180389 0.228348 193.963258 255.910969
30 39 38 0.637701 0.243110 0.119189 195.685953 254.934772
30 31 39 0.642892 0.162168 0.194941 207.834788 249.256044
30 31 39 0.627936 0.100803 0.271261 211.098911 249.909428
30 31 39 0.359360 0.490709 0.149931 221.578038 243.001399
30 31 39 0.617678 0.148777 0.233545 210.789855 249.794749
30 31 39 0.823303 0.159012 0.017685 207.890487 236.207587
30 31 39 0.817708 0.041850 0.140443 207.986772 240.447126
30 31 39 0.618610 0.082445 0.298944 210.109294 248.161318
30 31 39 0.819389 0.094938 0.085673 209.039420 239.110668
30 31 39 0.872624 0.108398 0.018978 210.901665 238.611195
30 31 39 0.654967 0.310331 0.034702 215.138406 236.992464
31 40 39 0.917538 0.043234 0.039228 246.433189 239.564872
31 40 39 0.827765 0.095223 0.077012 240.588820 246.203033
31 40 39 0.411019 0.393354 0.195627 235.190363 258.849141
31 40 39 0.942164 0.053285 0.004551 245.684208 238.010300
31 40 39 0.491952 0.442796 0.065252 242.715142 257.208289
31 40 39 0.733296 0.132469 0.134236 239.432092 246.798248
31 40 39 0.217722 0.463472 0.318807 230.696767 270.761460
31 40 39 0.950002 0.000975 0.049023 242.693987 235.896486
31 40 39 0.872111 0.064035 0.063853 241.051586 243.141204
31 40 39 0.500527 0.161660 0.337814 229.760408 255.894289
31 32 40 0.151790 0.226538 0.621672 256.415382 261.527262
31 32 40 0.693465 0.305727 0.000808 260.283493 236.908961
31 32 40 0.411290 0.564080 0.024630 268.993701 235.067162
31 32 40 0.783469 0.096112 0.120419 251.706002 238.536189
31 32 40 0.156823 0.640166 0.203011 267.148291 241.279719
31 32 40 0.567054 0.104608 0.328338 248.271424 251.985253
31 32 40 0.695339 0.265059 0.039602 258.057662 237.151605
31 32 40 0.777153 0.092107 0.130739 246.159519 241.572075
31 32 40 0.297602 0.171315 0.531084 250.386513 260.187005
31 32 40 0.275036 0.071270 0.653694 247.951392 265.745833
32 41 40 0.364676 0.043922 0.591401 264.049537 263.468703
32 41 40 0.698665 0.148761 0.152574 283.703709 248.020575
32 41 40 0.887427 0.026844 0.085729 281.228205 238.859857
32 41 40 0.473199 0.212010 0.314791 275.301112 256.817373
32 41 40 0.098959 0.177988 0.723053 259.707907 270.736360
32 41 40 0.290324 0.483560 0.226116 282.959364 265.468174
32 41 40 0.500667 0.240021 0.259313 277.768055 257.334286
32 41 40 0.572643 0.096704 0.330654 272.216527 254.531188
32 41 40 0.261998 0.143840 0.594162 261.483426 267.132481
32 41 40 0.276579 0.424823 0.298598 276.680372 264.842212
32 33 41 0.369858 0.189899 0.440243 297.785768 247.450301
32 33 41 0.863065 0.054249 0.082685 289.743423 237.536224
32 33 41 0.484392 0.038868 0.476740 287.468221 257.259306
32 33 41 0.628487 0.195506 0.176008 291.990450 242.047621
32 33 41 0.131632 0.310728 0.557640 300.253724 257.106426
32 33 41 0.649144 0.231424 0.119432 301.128717 236.956479
32 33 41 0.357139 0.540367 0.102494 311.479852 233.635832
32 33 41 0.976819 0.002908 0.020273 286.879531 239.616016
32 33 41 0.223439 0.584606 0.191954 313.338440 243.409365
32 33 41 0.592010 0.202663 0.205328 296.590118 245.237226
33 42 41 0.915102 0.071054 0.013843 329.270704 234.306507
33 42 41 0.674480 0.170068 0.155452 322.116581 248.535777
33 42 41 0.078853 0.339995 0.581152 312.035725 271.117080
33 42 41 0.739060 0.250603 0.010337 332.389721 240.716199
33 42 41 0.754404 0.161145 0.084451 325.117796 241.080214
33 42 41 0.418775 0.346442 0.234783 321.101036 257.715897
33 42 41 0.854455 0.010764 0.134781 319.273703 238.729470
33 42 41 0.611551 0.145705 0.242744 315.131341 250.456380
33 42 41 0.878332 0.075912 0.045755 330.202818 238.303243
33 42 41 0.214644 0.530990 0.254366 317.624401 266.394519
33 34 42 0.020907 0.756258 0.222835 361.413894 240.314068
33 34 42 0.294348 0.589754 0.115899 357.379198 238.220983
33 34 42 0.100801 0.347309 0.551890 346.934801 253.507702
33 34 42 0.477730 0.434103 0.088167 348.970327 239.928639
33 34 42 0.213902 0.454773 0.331325 350.254927 247.296396
33 34 42 0.565098 0.118905 0.315997 336.361186 248.635317
33 34 42 0.592730 0.020061 0.387209 331.300872 249.317371
33 34 42 0.265591 0.643845 0.090565 357.158671 235.942823
33 34 42 0.459561 0.440288 0.100152 347.947432 237.516007
33 34 42 0.288218 0.454233 0.257549 349.321941 242.731931
34 43 42 0.063182 0.000161 0.936658 332.789549 267.529914
34 43 42 0.327276 0.405199 0.267525 362.032139 262.513697
34 43 42 0.013921 0.671876 0.314204 359.208400 276.424341
34 43 42 0.739664 0.259841 0.000494 371.586461 243.853574
34 43 42 0.564542 0.339993 0.095465 367.319280 249.122118
34 43 42 0.986630 0.012226 0.001145 375.661488 231.454560
34 43 42 0.820918 0.166609 0.012473 371.613181 240.916613
34 43 42 0.829001 0.079641 0.091358 368.634032 239.946167
34 43 42 0.172189 0.197654 0.630158 344.115118 266.488304
34 43 42 0.627669 0.163400 0.208931 361.200414 247.683206
34 35 43 0.475256 0.057643 0.467101 374.319225 251.999849
34 35 43 0.772328 0.075641 0.152031 378.946318 238.396341
34 35 43 0.781048 0.012853 0.206099 371.219766 240.275709
34 35 43 0.947926 0.019942 0.032132 373.788736 229.742893
34 35 43 0.131849 0.837084 0.031066 409.693209 233.046116
34 35 43 0.907089 0.023710 0.069201 373.060769 236.246557
34 35 43 0.793179 0.013069 0.193752 373.636996 243.698768
34 35 43 0.892850 0.100810 0.006340 379.814222 232.441560
34 35 43 0.308856 0.189748 0.501396 376.817765 252.991595
34 35 43 0.212039 0.699252 0.088709 398.368815 234.937214
35 44 43 0.995230 0.000874 0.003896 407.553969 232.739636
35 44 43 0.503922 0.104305 0.391773 394.503846 255.725015
35 44 43 0.490158 0.508863 0.000978 413.663031 250.255561
35 44 43 0.375643 0.209183 0.415175 397.170612 254.459496
35 44 43 0.385141 0.608878 0.005981 413.187484 255.701563
35 44 43 0.823801 0.095762 0.080437 412.110598 238.641654
35 44 43 0.652408 0.073771 0.273821 404.008325 243.726941
35 44 43 0.497886 0.011660 0.490454 392.483720 251.600516
35 44 43 0.469148 0.300338 0.230514 405.795518 251.679514
35 44 43 0.888336 0.094162 0.017502 409.641808 235.306612
36 37 45 0.213246 0.435307 0.351447 95.493565 295.158926
36 37 45 0.209454 0.192525 0.598021 85.071680 303.970451
36 37 45 0.480216 0.007691 0.512093 76.114246 302.297355
36 37 45 0.925458 0.036618 0.037924 75.575782 285.934048
36 37 45 0.367743 0.006434 0.625823 80.350015 305.434634
36 37 45 0.760353 0.076419 0.163228 81.191258 290.496489
36 37 45 0.561473 0.236411 0.202116 89.357344 286.646308
36 37 45 0.874636 0.099870 0.025493 79.686218 282.829115
36 37 45 0.513258 0.055693 0.431050 77.760445 299.385325
36 37 45 0.208035 0.755157 0.036808 109.195568 283.363849
37 46 45 0.061105 0.619782 0.319113 107.462784 320.193479
37 46 45 0.962974 0.025288 0.011737 118.874245 284.348465
37 46 45 0.005055 0.820067 0.174878 116.266085 320.898368
37 46 45 0.394862 0.488513 0.116625 109.617196 306.516898
37 46 45 0.674164 0.222884 0.102952 113.904205 297.175978
37 46 45 0.983700 0.004330 0.011970 116.441323 283.684829
37 46 45 0.035732 0.662421 0.301846 107.565370 321.137507
37 46 45 0.310382 0.408876 0.280742 105.731830 310.928715
37 46 45 0.981898 0.010400 0.007702 117.865153 282.240427
37 46 45 0.786132 0.019255 0.194613 108.255545 285.733546
37 38 46 0.220373 0.573212 0.206415 143.050231 288.681599
37 38 46 0.086280 0.666980 0.246740 142.158658 292.510119
37 38 46 0.509289 0.467879 0.022832 139.128526 276.154208
37 38 46 0.537480 0.314518 0.148003 135.032746 286.736286
37 38 46 0.426323 0.079199 0.494478 122.509448 301.723336
37 38 46 0.040423 0.100350 0.859227 122.996046 315.809748
37 38 46 0.634846 0.252872 0.112282 130.472665 283.966985
37 38 46 0.402047 0.046762 0.551190 121.788219 304.797055
37 38 46 0.115767 0.864191 0.020043 151.329711 281.092350
37 38 46 0.096735 0.575353 0.327912 142.093923 293.859478
38 47 46 0.492284 0.275594 0.232122 148.912690 296.527294
38 47 46 0.358535 0.070466 0.570999 141.563953 306.335711
38 47 46 0.577225 0.357680 0.065095 159.984529 297.804436
38 47 46 0.226325 0.387351 0.386324 146.511253 314.708025
38 47 46 0.137770 0.739893 0.122338 162.286930 315.870275
38 47 46 0.444801 0.403477 0.151722 158.031905 302.741721
38 47 46 0.934714 0.030805 0.034481 159.327132 284.269180
38 47 46 0.506253 0.418000 0.075747 160.920475 302.562417
38 47 46 0.346237 0.366163 0.287600 150.887228 307.709579
38 47 46 0.153146 0.331588 0.515267 140.659024 316.967625
38 39 47 0.491187 0.227253 0.281561 173.569995 294.008338
38 39 47 0.224652 0.196808 0.578540 169.822047 303.606616
38 39 47 0.900633 0.014943 0.084424 160.830367 281.017368
38 39 47 0.286331 0.398913 0.314756 177.247160 295.106050
38 39 47 0.854607 0.047125 0.098268 162.513683 284.513087
38 39 47 0.009797 0.700126 0.290077 193.294809 294.858410
38 39 47 0.946666 0.002581 0.050754 156.290412 279.932636
38 39 47 0.208886 0.350226 0.440889 177.430159 299.348419
38 39 47 0.242630 0.662292 0.095078 190.718798 284.922697
38 39 47 0.598093 0.327403 0.074504 175.353744 282.957586
39 48 47 0.372241 0.303582 0.324177 192.243761 305.665874
39 48 47 0.200489 0.149617 0.649894 179.705744 313.751699
39 48 47 0.606188 0.245021 0.148792 197.205670 294.354649
39 48 47 0.853295 0.108817 0.037888 200.156657 289.069566
39 48 47 0.562726 0.412961 0.024313 203.529212 298.379511
39 48 47 0.319395 0.017490 0.663115 177.974803 308.999982
39 48 47 0.158551 0.102766 0.738683 175.926094 314.991974
39 48 47 0.565380 0.298620 0.136000 199.950328 299.182047
39 48 47 0.910939 0.083043 0.006019 205.307477 282.506498
39 48 47 0.208631 0.104382 0.686987 178.301219 313.177112
39 40 48 0.788390 0.128143 0.083467 207.873933 282.325194
39 40 48 0.031914 0.928252 0.039834 245.234623 280.489835
39 40 48 0.193474 0.341559 0.464967 217.911994 299.567161
39 40 48 0.611704 0.141036 0.247260 210.591497 289.976567
39 40 48 0.238547 0.399493 0.361960 217.533889 299.743968
39 40 48 0.515176 0.116867 0.367957 209.455285 297.428621
39 40 48 0.952091 0.035947 0.011962 208.761499 276.373938
39 40 48 0.195242 0.653668 0.151090 226.768173 284.066942
39 40 48 0.461163 0.486022 0.052815 224.411777 281.036471
39 40 48 0.630972 0.058608 0.310420 208.457936 291.398046
40 49 48 0.171239 0.046159 0.782602 210.617061 313.333029
40 49 48 0.303624 0.547739 0.148637 235.592391 305.874011
40 49 48 0.078424 0.432621 0.488955 225.000699 311.563914
40 49 48 0.027070 0.867449 0.105480 237.072432 318.135372
40 49 48 0.696759 0.215107 0.088135 242.260789 292.718176
40 49 48 0.703081 0.296320 0.000599 248.788907 291.442718
40 49 48 0.730131 0.091138 0.178731 240.684175 291.230836
40 49 48 0.114163 0.428847 0.456990 225.507887 312.215119
40 49 48 0.412742 0.212508 0.374750 228.650501 300.741269
40 49 48 0.930809 0.000990 0.068201 240.776863 280.094050
40 41 49 0.137506 0.633524 0.228969 273.372231 284.733140
40 41 49 0.049397 0.803623 0.146980 284.365609 282.660295
40 41 49 0.999367 0.000352 0.000281 241.203575 278.823253
40 41 49 0.801022 0.040588 0.158391 243.890189 283.312188
40 41 49 0.372660 0.057323 0.570017 247.559401 301.495742
40 41 49 0.237420 0.714435 0.048145 279.222996 281.869864
40 41 49 0.580396 0.257758 0.161847 254.905235 281.952439
40 41 49 0.042945 0.747079 0.209976 275.691243 285.288047
40 41 49 0.073580 0.889766 0.036654 285.199750 278.426848
40 41 49 0.766377 0.107197 0.126425 250.221550 289.099935
41 50 49 0.008133 0.025426 0.966441 245.530966 314.034248
41 50 49 0.509350 0.338231 0.152420 282.637248 296.814635
41 50 49 0.311998 0.547208 0.140793 285.689588 303.615915
41 50 49 0.029570 0.306720 0.663710 262.073103 315.916280
41 50 49 0.373608 0.349783 0.276609 278.515423 301.484343
41 50 49 0.403946 0.290992 0.305062 278.948505 301.567910
41 50 49 0.300407 0.077591 0.622002 259.642713 303.941968
41 50 49 0.855532 0.022367 0.122101 284.246957 284.470674
41 50 49 0.237715 0.644024 0.118261 286.630347 306.965841
41 50 49 0.082196 0.677745 0.240059 281.958575 313.294937
41 42 50 0.765302 0.148465 0.086233 295.164603 279.313717
41 42 50 0.537132 0.075300 0.387568 292.192715 292.507279
41 42 50 0.930045 0.006563 0.063392 288.515451 282.090326
41 42 50 0.358536 0.105482 0.535982 294.190398 299.222649
41 42 50 0.157362 0.587836 0.254802 312.846380 285.489510
41 42 50 0.814379 0.088686 0.096935 290.758563 284.805593
41 42 50 0.693340 0.213383 0.093277 296.261490 278.578921
41 42 50 0.313107 0.449513 0.237380 304.056173 284.261677
41 42 50 0.227868 0.643587 0.128544 319.918793 281.064918
41 42 50 0.079215 0.756982 0.163803 321.014707 282.156079
42 51 50 0.046260 0.747301 0.206438 320.691614 313.381353
42 51 50 0.348111 0.142625 0.509265 311.721508 303.410253
42 51 50 0.461686 0.198301 0.340014 315.594723 295.303978
42 51 50 0.751044 0.129692 0.119265 324.951176 285.375516
42 51 50 0.989801 0.006685 0.003515 332.238821 277.576972
42 51 50 0.940799 0.059054 0.000147 331.652635 282.521636
42 51 50 0.815762 0.146643 0.037595 329.713352 279.136714
42 51 50 0.103451 0.044969 0.851580 294.924816 314.160258
42 51 50 0.714036 0.204781 0.081183 323.290791 286.895183
42 51 50 0.326740 0.393185 0.280075 319.343532 301.461362
42 43 51 0.066542 0.451579 0.481879 350.631384 295.473044
42 43 51 0.116154 0.820280 0.063566 364.771772 279.084896
42 43 51 0.476963 0.134051 0.388986 335.783074 288.044472
42 43 51 0.381052 0.585756 0.033192 354.384910 276.715250
42 43 51 0.826183 0.156766 0.017050 341.992035 275.612922
42 43 51 0.158891 0.578045 0.263064 357.732130 291.084381
42 43 51 0.861607 0.114344 0.024049 336.956352 276.395732
42 43 51 0.212693 0.132435 0.654871 333.800268 300.904091
42 43 51 0.461438 0.488794 0.049767 350.946878 279.195291
42 43 51 0.377252 0.037152 0.585596 333.810722 301.232199
43 52 51 0.172990 0.291616 0.535394 349.208457 306.942804
43 52 51 0.181657 0.551236 0.267106 358.435079 308.027765
43 52 51 0.975937 0.004998 0.019065 374.279626 274.576685
43 52 51 0.242646 0.027967 0.729387 343.106514 303.379518
43 52 51 0.041349 0.416114 0.542538 350.821868 318.869453
43 52 51 0.542761 0.260401 0.196838 363.056412 291.995966
43 52 51 0.732951 0.020176 0.246874 363.989844 284.020356
43 52 51 0.178326 0.174948 0.646726 346.488975 307.216504
43 52 51 0.460369 0.280576 0.259055 361.432986 296.480465
43 52 51 0.622005 0.168418 0.209578 362.966650 290.113706
43 44 52 0.371733 0.257397 0.370870 382.778765 286.906166
43 44 52 0.478056 0.238243 0.283701 385.719466 283.621045
43 44 52 0.176780 0.492762 0.330458 393.177782 287.562441
43 44 52 0.214455 0.035026 0.750518 371.987553 305.310758
43 44 52 0.515730 0.377768 0.106502 392.471927 274.662869
43 44 52 0.867332 0.111658 0.021010 377.860686 272.150249
43 44 52 0.451975 0.046624 0.501401 379.981773 295.045319
43 44 52 0.467800 0.249877 0.282323 382.609571 283.020190
43 44 52 0.613616 0.038848 0.347535 376.409574 286.264221
43 44 52 0.289366 0.231603 0.479031 381.457893 294.119161
44 53 52 0.691136 0.264975 0.043889 413.510419 287.272364
44 53 52 0.459742 0.182789 0.357468 398.859048 298.440646
44 53 52 0.401264 0.398636 0.200100 405.000260 297.754686
44 53 52 0.117924 0.459546 0.422530 396.501227 305.716608
44 53 52 0.326852 0.378621 0.294526 402.467015 303.875214
44 53 52 0.047840 0.206784 0.745376 382.009655 311.831525
44 53 52 0.787511 0.066269 0.146220 408.653429 279.397901
44 53 52 0.391012 0.282037 0.326951 399.334887 295.525183
44 53 52 0.558150 0.324887 0.116963 409.058034 289.854527
44 53 52 0.793788 0.179299 0.026912 411.706885 283.340358
45 46 54 0.278613 0.147313 0.574074 92.529231 342.955227
45 46 54 0.655230 0.151859 0.192911 90.414166 326.776791
45 46 54 0.978788 0.001553 0.019659 80.979188 325.777526
45 46 54 0.013181 0.527951 0.458868 108.590226 340.557257
45 46 54 0.995767 0.003528 0.000705 80.578255 324.581913
45 46 54 0.164066 0.178390 0.657544 91.663094 343.320882
45 46 54 0.864502 0.015239 0.120259 80.092052 324.365580
45 46 54 0.890713 0.004883 0.104404 79.791862 325.028885
45 46 54 0.334679 0.019888 0.645433 86.629729 342.686146
45 46 54 0.545032 0.267224 0.187744 93.988979 328.109742
46 55 54 0.563078 0.106899 0.330023 109.063888 332.506767
46 55 54 0.910266 0.079264 0.010471 120.445132 322.766377
46 55 54 0.911995 0.044396 0.043609 119.391895 321.189234
46 55 54 0.467933 0.345653 0.186414 113.932252 337.371672
46 55 54 0.121363 0.189022 0.689615 98.291209 349.218877
46 55 54 0.459871 0.328030 0.212099 115.100075 339.629697
46 55 54 0.387672 0.079243 0.533085 102.164363 343.776398
46 55 54 0.720412 0.226165 0.053424 119.124677 332.667021
46 55 54 0.301833 0.251330 0.446837 111.078970 343.966336
46 55 54 0.136560 0.858988 0.004453 123.674783 348.901092
46 47 55 0.653802 0.101648 0.244550 126.012529 330.137480
46 47 55 0.454659 0.312144 0.233198 134.294988 328.458348
46 47 55 0.367108 0.262480 0.370413 139.974417 334.107964
46 47 55 0.213548 0.099433 0.687018 130.105794 341.524652
46 47 55 0.199763 0.545006 0.255231 146.152689 329.404119
46 47 55 0.448640 0.025301 0.526058 123.838406 342.230890
46 47 55 0.482121 0.280952 0.236927 133.762677 333.865148
46 47 55 0.896892 0.089369 0.013739 128.415559 324.508186
46 47 55 0.138786 0.435392 0.425823 143.354503 336.229730
46 47 55 0.479456 0.434665 0.085879 141.542241 325.118546
47 56 55 0.080685 0.507248 0.412067 151.975546 352.837214
47 56 55 0.562060 0.428537 0.009402 167.532666 338.973916
47 56 55 0.829002 0.151980 0.019018 161.572409 325.247045
47 56 55 0.875196 0.076653 0.048151 164.522673 322.907431
47 56 55 0.815318 0.145930 0.038752 162.766834 324.685422
47 56 55 0.834655 0.022067 0.143278 161.978726 325.779536
47 56 55 0.964014 0.024752 0.011234 169.547929 322.348952
47 56 55 0.804441 0.054113 0.141446 159.216775 331.537257
47 56 55 0.336926 0.089208 0.573866 144.189138 344.126151
47 56 55 0.639291 0.045381 0.315328 153.614133 335.039223
47 48 56 0.111254 0.789029 0.099717 195.416269 325.472158
47 48 56 0.100603 0.010045 0.889352 169.589183 350.262417
47 48 56 0.751351 0.120462 0.128187 170.382998 324.109925
47 48 56 0.859462 0.043456 0.097082 165.090471 324.726270
47 48 56 0.443471 0.165609 0.390921 172.755244 336.258538
47 48 56 0.029872 0.208183 0.761946 174.370503 343.564070
47 48 56 0.339502 0.150507 0.509991 173.137344 340.157820
47 48 56 0.657297 0.026764 0.315940 168.509060 332.753651
47 48 56 0.414279 0.468400 0.117321 183.101744 325.056707
47 48 56 0.641440 0.267573 0.090987 174.323196 322.478646
48 57 56 0.964216 0.034084 0.001700 206.083166 320.852934
48 57 56 0.618937 0.325274 0.055789 200.787447 334.064039
48 57 56 0.189069 0.548170 0.262761 194.156064 346.137060
48 57 56 0.390823 0.000412 0.608765 180.173894 343.853268
48 57 56 0.308174 0.379988 0.311837 198.242245 343.965349
48 57 56 0.971043 0.022720 0.006237 205.102815 319.041544
48 57 56 0.288923 0.688778 0.022299 206.706616 341.989610
48 57 56 0.161342 0.396341 0.442317 193.090565 348.725979
48 57 56 0.814375 0.051145 0.134480 201.512220 323.263771
48 57 56 0.281469 0.619841 0.098690 203.560419 346.869952
48 49 57 0.154552 0.132466 0.712982 212.921281 342.928595
48 49 57 0.888874 0.034273 0.076853 205.608966 323.453227
48 49 57 0.432688 0.420685 0.146626 222.763772 324.281921
48 49 57 0.554116 0.402794 0.043090 217.757769 320.281788
48 49 57 0.591903 0.357620 0.050477 216.906234 322.218970
48 49 57 0.427682 0.251663 0.320654 217.131101 328.582921
48 49 57 0.844196 0.096457 0.059346 211.205549 326.138468
48 49 57 0.783242 0.111914 0.104844 209.208473 322.140559
48 49 57 0.868644 0.026017 0.105339 205.933118 323.695176
48 49 57 0.598460 0.113482 0.288059 206.806267 330.829720
49 58 57 0.185290 0.732952 0.081758 241.983629 343.336760
49 58 57 0.849606 0.132116 0.018278 244.751585 322.725157
49 58 57 0.155555 0.263676 0.580770 225.473506 343.739069
49 58 57 0.066293 0.734685 0.199021 238.842482 346.243957
49 58 57 0.585077 0.372208 0.042714 238.245639 333.420430
49 58 57 0.981270 0.010316 0.008414 246.947359 317.475358
49 58 57 0.424062 0.307828 0.268110 236.582223 335.139446
49 58 57 0.104217 0.475506 0.420277 231.597280 346.648857
49 58 57 0.459731 0.108505 0.431764 227.079915 334.621876
49 58 57 0.752234 0.021247 0.226519 236.961147 323.705803
49 50 58 0.504144 0.480166 0.015690 264.702970 314.606154
49 50 58 0.903221 0.017142 0.079637 246.350236 320.907388
49 50 58 0.060190 0.004245 0.935566 250.009329 347.591703
49 50 58 0.781741 0.092751 0.125508 251.098269 321.495287
49 50 58 0.611147 0.100575 0.288279 249.660802 326.625312
49 50 58 0.510414 0.341282 0.148304 258.788030 325.603923
49 50 58 0.305019 0.450087 0.244894 265.998973 321.493780
49 50 58 0.626998 0.288493 0.084509 258.078105 318.551902
49 50 58 0.716229 0.125165 0.158606 251.839979 321.875977
49 50 58 0.812986 0.031142 0.155872 247.879609 318.988970
50 59 58 0.662685 0.046003 0.291311 276.495529 327.874762
50 59 58 0.244689 0.427055 0.328256 273.981526 342.125199
50 59 58 0.200628 0.127600 0.671772 261.137199 345.693280
50 59 58 0.604021 0.198643 0.197336 280.330477 331.018036
50 59 58 0.925083 0.057628 0.017288 290.723909 319.739479
50 59 58 0.669713 0.070627 0.259660 276.878857 327.263378
50 59 58 0.864355 0.065021 0.070623 291.069053 318.395027
50 59 58 0.698678 0.251090 0.050232 288.534766 326.273512
50 59 58 0.545497 0.088088 0.366414 273.628333 332.776721
50 59 58 0.786457 0.027924 0.185620 281.937760 323.010186
50 51 59 0.007773 0.540488 0.451739 307.049193 332.548800
50 51 59 0.063968 0.844686 0.091346 324.312897 320.387349
50 51 59 0.193084 0.685067 0.121849 318.015624 319.538552
50 51 59 0.434243 0.216273 0.349484 296.199087 326.832869
50 51 59 0.585629 0.027082 0.387289 287.595269 329.467239
50 51 59 0.486388 0.003887 0.509726 288.283711 334.102741
50 51 59 0.539668 0.046923 0.413408 287.872270 330.088233
50 51 59 0.298043 0.465785 0.236172 304.376011 325.496338
50 51 59 0.459802 0.052240 0.487958 292.782825 335.241533
50 51 59 0.189283 0.760608 0.050109 319.008338 322.050091
51 60 59 0.470630 0.223931 0.305439 316.524041 335.538666
51 60 59 0.464909 0.024301 0.510790 307.063530 336.317132
51 60 59 0.576396 0.104676 0.318928 319.036336 329.181582
51 60 59 0.249675 0.565948 0.184377 321.488898 340.281639
51 60 59 0.620402 0.002258 0.377339 313.979225 330.144883
51 60 59 0.994631 0.001868 0.003501 330.151371 318.150666
51 60 59 0.710310 0.005199 0.284491 318.441209 327.923971
51 60 59 0.114370 0.308165 0.577465 302.736242 344.494739
51 60 59 0.926708 0.056472 0.016820 325.794698 315.961341
51 60 59 0.150164 0.003374 0.846462 297.158015 343.187555
51 52 60 0.419793 0.530894 0.049312 353.046090 321.259869
51 52 60 0.806143 0.179316 0.014542 337.350129 316.390687
51 52 60 0.302109 0.538350 0.159541 353.039535 322.474235
51 52 60 0.447902 0.364399 0.187699 345.819843 322.750480
51 52 60 0.105550 0.375288 0.519162 342.643822 331.177562
51 52 60 0.192764 0.330360 0.476876 342.103706 331.862073
51 52 60 0.250894 0.275494 0.473612 335.666762 331.323727
51 52 60 0.712991 0.134132 0.152877 340.580243 323.999655
51 52 60 0.378970 0.108568 0.512462 329.380793 333.830926
51 52 60 0.584734 0.185783 0.229484 337.790646 322.510623
52 61 60 0.084165 0.311595 0.604240 339.692221 346.680743
52 61 60 0.670530 0.199704 0.129766 364.016558 324.157512
52 61 60 0.898012 0.016158 0.085830 365.262132 318.364006
52 61 60 0.535507 0.283548 0.180945 363.168656 331.113430
52 61 60 0.717965 0.252255 0.029780 365.665012 322.885514
52 61 60 0.057151 0.526099 0.416750 349.874740 344.140864
52 61 60 0.434358 0.415836 0.149806 360.746559 335.822586
52 61 60 0.934914 0.048846 0.016240 371.649811 318.934782
52 61 60 0.088629 0.570508 0.340863 353.396147 340.975642
52 61 60 0.365779 0.332853 0.301368 354.335734 336.305939
52 53 61 0.731632 0.253044 0.015323 380.213306 316.109125
52 53 61 0.622140 0.097620 0.280240 375.010060 322.629989
52 53 61 0.111308 0.733720 0.154972 398.575519 322.901571
52 53 61 0.710607 0.147655 0.141738 375.226667 317.383549
52 53 61 0.675838 0.024621 0.299541 370.079874 325.594540
52 53 61 0.906462 0.003473 0.090065 368.995734 321.215925
52 53 61 0.447738 0.438026 0.114236 385.081948 319.382652
52 53 61 0.796767 0.076349 0.126884 372.602262 318.666011
52 53 61 0.936536 0.042593 0.020871 371.520778 315.158786
52 53 61 0.670427 0.162134 0.167438 376.321010 322.769367
53 62 61 0.849680 0.025974 0.124345 404.706135 319.043131
53 62 61 0.665118 0.174294 0.160589 403.127428 326.102500
53 62 61 0.765378 0.074419 0.160204 405.611570 322.161285
53 62 61 0.296191 0.509195 0.194615 401.012011 330.382342
53 62 61 0.863994 0.033196 0.102810 409.055803 318.754897
53 62 61 0.292638 0.162828 0.544534 388.122854 336.059504
53 62 61 0.062187 0.819294 0.118519 404.748856 339.782549
53 62 61 0.260134 0.141116 0.598750 386.033332 335.386909
53 62 61 0.406660 0.372363 0.220976 400.596454 333.169089
53 62 61 0.237657 0.355881 0.406462 389.847177 339.779331
54 55 63 0.603174 0.181745 0.215080 98.691348 360.286787
54 55 63 0.561673 0.298534 0.139793 95.729660 357.944880
54 55 63 0.236135 0.458135 0.305731 109.199963 366.076880
54 55 63 0.655128 0.048605 0.296266 88.840794 364.574735
54 55 63 0.202339 0.456784 0.340877 106.709745 358.877184
54 55 63 0.486471 0.437453 0.076076 111.841672 358.026112
54 55 63 0.639869 0.042927 0.317204 91.700631 363.219588
54 55 63 0.086300 0.582901 0.330800 116.620379 363.374251
54 55 63 0.024586 0.530251 0.445164 113.338107 364.018317
54 55 63 0.856548 0.030507 0.112945 92.429456 358.712181
55 64 63 0.659588 0.173483 0.166930 124.403286 362.958316
55 64 63 0.210516 0.336462 0.453022 117.654410 371.648615
55 64 63 0.508173 0.310592 0.181235 121.474801 363.233750
55 64 63 0.600355 0.211545 0.188099 122.073435 366.041897
55 64 63 0.583775 0.214919 0.201306 123.413526 364.332038
55 64 63 0.084007 0.709614 0.206378 128.286392 376.120785
55 64 63 0.587537 0.374803 0.037661 126.421335 364.777407
55 64 63 0.698769 0.054596 0.246635 116.313065 359.546301
55 64 63 0.857700 0.127177 0.015124 126.958064 356.625625
55 64 63 0.519133 0.074954 0.405913 116.447343 364.508114
55 56 64 0.687269 0.246291 0.066439 140.215523 355.051061
55 56 64 0.277185 0.596024 0.126791 153.503578 353.800799
55 56 64 0.065309 0.022427 0.912264 139.411798 374.478743
55 56 64 0.521164 0.467744 0.011092 145.548180 352.958908
55 56 64 0.714449 0.140133 0.145419 131.661489 359.224542
55 56 64 0.442308 0.407987 0.149705 148.785786 356.460969
55 56 64 0.823436 0.169330 0.007234 135.211791 354.461068
55 56 64 0.932856 0.032868 0.034276 129.031308 355.113621
55 56 64 0.292796 0.504952 0.202253 152.644327 361.172518
55 56 64 0.860114 0.137742 0.002145 130.481120 350.203913
56 65 64 0.257060 0.211110 0.531830 147.730173 370.046060
56 65 64 0.450616 0.394629 0.154755 163.314183 366.811809
56 65 64 0.023058 0.853801 0.123140 172.679749 374.601067
56 65 64 0.390067 0.345524 0.264409 160.673358 365.648897
56 65 64 0.986793 0.010214 0.002993 171.641481 356.389446
56 65 64 0.822177 0.177615 0.000207 171.927140 356.249836
56 65 64 0.159010 0.607082 0.233908 163.314131 371.034792
56 65 64 0.640733 0.352860 0.006407 170.982641 362.472959
56 65 64 0.570232 0.161331 0.268437 165.459037 364.284573
56 65 64 0.902528 0.011087 0.086385 168.980398 356.701043
56 57 65 0.705404 0.013485 0.281110 173.027369 364.642593
56 57 65 0.834495 0.114067 0.051438 177.390639 352.525961
56 57 65 0.491446 0.417362 0.091191 185.728318 357.963639
56 57 65 0.677079 0.280242 0.042679 180.288629 355.580838
56 57 65 0.070919 0.197612 0.731469 179.884176 368.014784
56 57 65 0.747807 0.021553 0.230640 172.060155 354.831417
56 57 65 0.026196 0.943958 0.029846 206.492971 355.134949
56 57 65 0.757264 0.149488 0.093248 178.521622 356.181652
56 57 65 0.775312 0.141220 0.083468 174.519783 354.116563
56 57 65 0.776098 0.095025 0.128878 176.550158 356.333927
57 66 65 0.302886 0.402789 0.294325 198.399162 367.805470
57 66 65 0.815734 0.087777 0.096489 202.110558 357.106818
57 66 65 0.621265 0.212604 0.166131 200.079591 364.034886
57 66 65 0.804304 0.121393 0.074303 207.803150 358.267289
57 66 65 0.984290 0.004996 0.010714 209.779966 349.649701
57 66 65 0.430108 0.056712 0.513180 189.030318 367.953397
57 66 65 0.529799 0.250830 0.219372 202.308972 361.777704
57 66 65 0.308854 0.319051 0.372095 195.935870 366.182388
57 66 65 0.412868 0.105687 0.481445 194.214959 365.334532
57 66 65 0.634529 0.316628 0.048842 204.819954 360.990116
57 58 66 0.688955 0.292994 0.018051 217.268987 353.878847
57 58 66 0.919255 0.038894 0.041851 211.901928 354.804301
57 58 66 0.824448 0.000778 0.174774 205.788591 352.742646
57 58 66 0.922975 0.000798 0.076227 206.646126 356.400228
57 58 66 0.800724 0.025394 0.173882 210.377526 354.674313
57 58 66 0.156648 0.112070 0.731282 212.541163 369.586686
57 58 66 0.829809 0.109742 0.060449 206.047082 353.072028
57 58 66 0.873046 0.084841 0.042114 214.538435 348.955034
57 58 66 0.134020 0.783287 0.082692 239.589901 348.626128
57 58 66 0.538484 0.153543 0.307973 211.410635 360.339130
58 67 66 0.071796 0.889327 0.038877 244.971686 370.020627
58 67 66 0.662784 0.170517 0.166699 242.575430 355.901911
58 67 66 0.859382 0.017032 0.123586 243.075018 354.435854
58 67 66 0.023162 0.610189 0.366649 234.458353 373.116473
58 67 66 0.986431 0.003225 0.010344 246.629171 351.508206
58 67 66 0.384617 0.511307 0.104077 243.852279 368.177486
58 67 66 0.084375 0.532435 0.383190 235.289488 372.041201
58 67 66 0.753280 0.242655 0.004065 248.851878 356.093042
58 67 66 0.714247 0.173150 0.112603 241.377858 357.991067
58 67 66 0.981146 0.013933 0.004921 247.564611 348.986658
58 59 67 0.973992 0.008484 0.017524 244.985600 349.847633
58 59 67 0.792409 0.162077 0.045513 253.790886 354.578211
58 59 67 0.407769 0.109662 0.482569 254.270320 362.456407
58 59 67 0.289371 0.590437 0.120192 270.610833 353.187444
58 59 67 0.692025 0.044137 0.263838 251.479482 354.581336
58 59 67 0.085244 0.137870 0.776886 253.708186 370.419338
58 59 67 0.792916 0.070786 0.136298 251.187017 353.087255
58 59 67 0.989519 0.001779 0.008702 247.791764 349.727710
58 59 67 0.325097 0.613348 0.061556 275.139470 352.915057
58 59 67 0.319216 0.496473 0.184311 267.161654 352.062400
59 68 67 0.722573 0.108948 0.168479 280.424491 353.972502
59 68 67 0.247529 0.529321 0.223150 273.736909 367.620067
59 68 67 0.504502 0.276524 0.218974 276.772954 363.421054
59 68 67 0.900025 0.030126 0.069848 284.360862 352.322056
59 68 67 0.879378 0.028832 0.091790 282.906469 353.724872
59 68 67 0.451930 0.103366 0.444704 265.130958 362.716470
59 68 67 0.702345 0.041945 0.255709 277.116073 358.181101
59 68 67 0.665919 0.002679 0.331402 271.744423 358.811080
59 68 67 0.935315 0.029621 0.035064 286.524870 352.417344
59 68 67 0.328539 0.622909 0.048551 281.338209 364.050777
59 60 68 0.549061 0.364967 0.085973 303.230005 349.978551
59 60 68 0.164350 0.775273 0.060377 314.081168 348.746993
59 60 68 0.808241 0.162135 0.029624 292.998490 347.027128
59 60 68 0.770690 0.070755 0.158555 286.266943 356.284019
59 60 68 0.273403 0.149770 0.576827 291.136124 361.960072
59 60 68 0.737696 0.153328 0.108976 293.100842 352.432936
59 60 68 0.108783 0.798754 0.092463 317.369288 349.429238
59 60 68 0.785408 0.018412 0.196180 281.818676 355.190760
59 60 68 0.471573 0.142478 0.385949 293.843286 358.853454
59 60 68 0.722498 0.218202 0.059300 298.689830 346.931612
60 69 68 0.084307 0.487963 0.427730 300.718653 371.416010
60 69 68 0.683890 0.028786 0.287323 312.964944 357.648869
60 69 68 0.801471 0.058026 0.140503 319.284288 351.802860
60 69 68 0.276549 0.589160 0.134290 317.823428 363.760417
60 69 68 0.551853 0.059620 0.388527 309.075396 360.273252
60 69 68 0.659733 0.081027 0.259240 311.980934 353.420197
60 69 68 0.200023 0.667966 0.132011 315.915434 369.727254
60 69 68 0.427154 0.537099 0.035747 321.509003 361.942801
60 69 68 0.430747 0.392405 0.176848 315.364862 362.530375
60 69 68 0.570891 0.108142 0.320967 312.603296 355.545441
60 61 69 0.002709 0.420117 0.577174 340.313936 360.729504
60 61 69 0.807798 0.180689 0.011513 331.868563 347.191974
60 61 69 0.895568 0.017138 0.087294 326.524313 351.787195
60 61 69 0.895042 0.071072 0.033886 331.079777 348.109119
60 61 69 0.584114 0.259332 0.156554 335.315829 352.379056
60 61 69 0.374940 0.506284 0.118776 348.116409 347.155514
60 61 69 0.849779 0.077351 0.072870 327.335009 350.816409
60 61 69 0.100288 0.878102 0.021611 361.954978 351.128473
60 61 69 0.913054 0.030873 0.056074 328.379260 352.492132
60 61 69 0.420890 0.469658 0.109452 343.612367 350.483888
61 70 69 0.917235 0.038002 0.044763 366.656523 348.168900
61 70 69 0.548819 0.198257 0.252924 350.834785 358.246452
61 70 69 0.878275 0.048364 0.073361 363.483096 349.940103
61 70 69 0.530450 0.395906 0.073644 360.554532 359.330540
61 70 69 0.472403 0.272815 0.254782 348.541117 358.863606
61 70 69 0.698961 0.219776 0.081263 358.336995 355.497389
61 70 69 0.500920 0.442338 0.056742 357.832023 359.074792
61 70 69 0.910948 0.068915 0.020136 364.842698 351.056450
61 70 69 0.038991 0.011894 0.949115 321.076376 370.975654
61 70 69 0.610621 0.055746 0.333632 350.975822 357.198295
61 62 70 0.413521 0.342131 0.244348 373.521959 348.668704
61 62 70 0.877369 0.009604 0.113026 362.437973 348.730963
61 62 70 0.335292 0.230284 0.434424 370.603427 351.664535
61 62 70 0.418773 0.353517 0.227709 378.705258 350.652985
61 62 70 0.777179 0.077844 0.144977 366.304956 351.220001
61 62 70 0.502757 0.223089 0.274153 371.619294 353.449343
61 62 70 0.985447 0.000925 0.013629 366.946399 347.650359
61 62 70 0.238121 0.390107 0.371772 378.305739 352.824722
61 62 70 0.496714 0.400181 0.103105 379.646156 349.605365
61 62 70 0.941493 0.057065 0.001442 365.537351 346.640520
62 71 70 0.706591 0.255039 0.038371 402.591733 346.673551
62 71 70 0.844918 0.056633 0.098449 401.233167 348.808464
62 71 70 0.999631 0.000077 0.000292 407.470528 343.691719
62 71 70 0.684382 0.092443 0.223175 392.159734 354.365552
62 71 70 0.800128 0.155528 0.044344 399.949543 345.802369
62 71 70 0.640498 0.154269 0.205233 389.828425 353.676212
62 71 70 0.354640 0.101723 0.543637 377.241425 363.092357
62 71 70 0.363939 0.503780 0.132281 393.634559 358.977807
62 71 70 0.391305 0.362280 0.246416 390.243313 362.469381
62 71 70 0.911009 0.057086 0.031905 402.411171 347.749942
63 64 72 0.872042 0.046455 0.081502 101.522573 380.772629
63 64 72 0.960090 0.027189 0.012721 99.704994 375.651182
63 64 72 0.762999 0.130065 0.106936 101.322884 378.768383
63 64 72 0.657125 0.282976 0.059899 108.767707 379.619508
63 64 72 0.598819 0.368995 0.032186 110.293266 374.341001
63 64 72 0.314348 0.510327 0.175325 120.331649 379.495754
63 64 72 0.450710 0.465461 0.083829 116.490565 379.072969
63 64 72 0.137310 0.208362 0.654328 112.631508 388.447998
63 64 72 0.067048 0.037122 0.895831 104.315746 391.854281
63 64 72 0.184155 0.702740 0.113106 128.795435 380.095031
64 73 72 0.637690 0.144071 0.218240 130.219109 385.780081
64 73 72 0.964613 0.013541 0.021846 137.550314 378.642982
64 73 72 0.622872 0.247763 0.129365 131.841773 382.838658
64 73 72 0.887875 0.108871 0.003254 139.168049 376.867500
64 73 72 0.690669 0.150895 0.158436 127.243355 381.389461
64 73 72 0.204845 0.520008 0.275147 131.609841 391.569274
64 73 72 0.143480 0.546004 0.310517 130.574555 388.366248
64 73 72 0.851174 0.042731 0.106094 133.152197 376.250335
64 73 72 0.819820 0.177772 0.002408 140.602315 381.530557
64 73 72 0.601486 0.048050 0.350464 125.692617 382.058327
64 65 73 0.145087 0.175983 0.678931 148.244849 387.293984
64 65 73 0.026275 0.665681 0.308045 166.984972 380.984824
64 65 73 0.076080 0.462791 0.461129 156.856043 380.852646
64 65 73 0.095533 0.587836 0.316631 163.597915 380.317582
64 65 73 0.702329 0.216151 0.081520 144.537941 377.461867
64 65 73 0.293719 0.338044 0.368237 151.241168 381.903287
64 65 73 0.125008 0.483686 0.391306 160.308264 381.273346
64 65 73 0.332279 0.051266 0.616455 144.139317 382.219391
64 65 73 0.845949 0.129424 0.024627 142.537017 376.755669
64 65 73 0.173095 0.825008 0.001897 171.366622 372.041806
65 74 73 0.887933 0.022278 0.089789 171.457665 376.789587
65 74 73 0.511825 0.171848 0.316326 162.112832 384.725550
65 74 73 0.770120 0.159266 0.070614 172.268226 375.597736
65 74 73 0.456967 0.455914 0.087120 176.122523 386.919956
65 74 73 0.945635 0.052902 0.001462 172.908664 374.730982
65 74 73 0.353463 0.185604 0.460933 161.236989 387.396563
65 74 73 0.824201 0.013445 0.162354 169.083624 378.662912
65 74 73 0.135663 0.526046 0.338290 164.682135 393.703449
65 74 73 0.829826 0.063879 0.106295 169.434124 380.326466
65 74 73 0.011040 0.943856 0.045104 179.682653 386.167624
65 66 74 0.021535 0.056318 0.922146 181.461844 390.133654
65 66 74 0.278406 0.631684 0.089910 200.345598 374.925001
65 66 74 0.414042 0.423964 0.161993 186.333863 379.183883
65 66 74 0.796998 0.043683 0.159319 177.547156 375.388460
65 66 74 0.937603 0.041434 0.020963 177.863292 372.178524
65 66 74 0.522777 0.028727 0.448496 176.443847 381.193270
65 66 74 0.169293 0.706400 0.124307 198.413686 379.445854
65 66 74 0.300322 0.084451 0.615227 178.356963 383.311110
65 66 74 0.770935 0.223475 0.005590 182.130712 371.026529
65 66 74 0.094097 0.424173 0.481731 195.659972 381.146090
66 75 74 0.906612 0.031064 0.062325 211.338835 376.776890
66 75 74 0.605409 0.059692 0.334898 198.614478 381.772482
66 75 74 0.587380 0.377213 0.035407 212.894484 378.341126
66 75 74 0.833930 0.016260 0.149810 206.130831 377.903293
66 75 74 0.551200 0.083774 0.365027 198.454537 382.641189
66 75 74 0.292282 0.511823 0.195895 206.929019 384.381929
66 75 74 0.771889 0.189596 0.038515 210.922885 376.849196
66 75 74 0.652355 0.112178 0.235467 205.016595 378.478942
66 75 74 0.178809 0.047059 0.774132 183.408016 387.458734
66 75 74 0.605744 0.239283 0.154973 207.498899 377.676367
66 67 75 0.225089 0.554622 0.220288 231.933452 378.398020
66 67 75 0.254107 0.082552 0.663341 216.380030 382.908251
66 67 75 0.192922 0.694001 0.113077 240.165945 374.751778
66 67 75 0.459229 0.363611 0.177160 221.020158 377.258779
66 67 75 0.606113 0.105593 0.288294 216.321301 376.943695
66 67 75 0.308979 0.143097 0.547925 221.818209 382.269802
66 67 75 0.546315 0.146159 0.307526 219.784900 376.653412
66 67 75 0.223835 0.321129 0.455036 223.129228 379.023039
66 67 75 0.040414 0.343503 0.616083 224.879088 378.878106
66 67 75 0.319341 0.026983 0.653676 217.705031 380.882536
67 76 75 0.045280 0.546013 0.408707 232.486054 383.302012
67 76 75 0.855584 0.090863 0.053553 242.816762 374.188944
67 76 75 0.416625 0.464511 0.118864 241.750243 381.096564
67 76 75 0.440556 0.036885 0.522559 234.087102 377.377708
67 76 75 0.237628 0.074744 0.687628 225.434244 383.587353
67 76 75 0.296104 0.559663 0.144233 240.523945 383.987309
67 76 75 0.294960 0.183452 0.521588 232.850801 385.042272
67 76 75 0.053708 0.045082 0.901210 220.773675 385.030719
67 76 75 0.213408 0.483146 0.303446 236.655840 385.665707
67 76 75 0.183143 0.546346 0.270511 243.699714 382.297886
67 68 76 0.826197 0.105033 0.068771 249.529017 374.927940
67 68 76 0.007728 0.675247 0.317024 270.216987 377.918725
67 68 76 0.707709 0.030246 0.262045 251.417780 377.008464
67 68 76 0.998112 0.001443 0.000444 249.104328 372.757193
67 68 76 0.355882 0.591933 0.052185 270.795467 371.296696
67 68 76 0.269361 0.061660 0.668978 250.990486 382.155180
67 68 76 0.683976 0.254186 0.061838 255.764237 374.154654
67 68 76 0.828172 0.146977 0.024850 252.826423 370.306142
67 68 76 0.699818 0.173853 0.126329 252.925603 374.897577
67 68 76 0.141478 0.451618 0.406904 263.368639 377.114871
68 77 76 0.566658 0.300589 0.132752 279.398422 381.007986
68 77 76 0.238101 0.670785 0.091114 277.711135 384.061348
68 77 76 0.268421 0.314176 0.417403 268.344974 386.433313
68 77 76 0.492175 0.260773 0.247052 274.560931 377.111017
68 77 76 0.885065 0.091574 0.023361 281.812225 373.766789
68 77 76 0.489821 0.410395 0.099784 283.989351 381.684058
68 77 76 0.994003 0.003466 0.002530 288.964450 372.117428
68 77 76 0.235120 0.294523 0.470357 262.276754 382.489941
68 77 76 0.776671 0.041009 0.182320 278.667014 379.177761
68 77 76 0.224605 0.423340 0.352055 271.024382 383.592263
68 69 77 0.318958 0.403931 0.277111 298.167514 378.737895
68 69 77 0.840078 0.105311 0.054612 286.731652 371.102639
68 69 77 0.038378 0.261401 0.700221 290.396769 379.800045
68 69 77 0.675496 0.111236 0.213268 289.940323 375.405599
68 69 77 0.083069 0.908004 0.008927 315.366762 372.973524
68 69 77 0.260353 0.370553 0.369094 298.903709 377.789364
68 69 77 0.818828 0.092524 0.088648 290.028083 374.842832
68 69 77 0.718002 0.013912 0.268086 286.490702 376.933769
68 69 77 0.162975 0.023719 0.813306 284.171777 382.851287
68 69 77 0.556477 0.318666 0.124857 295.258278 372.247148
69 78 77 0.471972 0.508995 0.019033 316.705523 379.800701
69 78 77 0.710802 0.198722 0.090475 314.093636 377.860124
69 78 77 0.622407 0.159269 0.218324 311.425771 375.078583
69 78 77 0.543846 0.274736 0.181418 312.758028 376.351719
69 78 77 0.282412 0.212627 0.504962 299.319068 381.125760
69 78 77 0.675189 0.234647 0.090164 314.088460 377.672163
69 78 77 0.055925 0.122031 0.822044 286.434787 385.647014
69 78 77 0.269483 0.589210 0.141307 314.122722 381.580416
69 78 77 0.951147 0.005054 0.043799 317.217297 372.736432
69 78 77 0.420073 0.542671 0.037256 318.878239 380.559417
69 70 78 0.541878 0.209790 0.248332 328.129733 375.508798
69 70 78 0.571393 0.207391 0.221216 323.992746 377.880160
69 70 78 0.020321 0.411764 0.567916 336.897417 377.453991
69 70 78 0.667986 0.048877 0.283137 323.329143 379.685667
69 70 78 0.090092 0.179584 0.730324 319.140739 381.778145
69 70 78 0.852555 0.045958 0.101487 321.307259 374.418313
69 70 78 0.126780 0.408346 0.464874 335.933033 379.477118
69 70 78 0.024455 0.069494 0.906052 320.974747 387.226611
69 70 78 0.607041 0.142305 0.250654 322.088282 380.525002
69 70 78 0.262026 0.164221 0.573753 324.639645 378.584745
70 79 78 0.587478 0.374587 0.037935 355.379320 378.211978
70 79 78 0.785330 0.172973 0.041698 348.495072 372.605426
70 79 78 0.125622 0.003892 0.870486 321.314067 385.284800
70 79 78 0.083072 0.352895 0.564033 333.932202 387.368695
70 79 78 0.471405 0.528138 0.000457 352.966779 380.745785
70 79 78 0.029634 0.187592 0.782773 325.103935 381.911271
70 79 78 0.964404 0.033258 0.002339 356.487321 370.970848
70 79 78 0.744048 0.109453 0.146499 350.563392 374.952178
70 79 78 0.890684 0.038647 0.070669 354.927423 374.376433
70 79 78 0.811568 0.037598 0.150834 351.960478 371.737712
70 71 79 0.611433 0.195671 0.192896 365.075920 373.788572
70 71 79 0.637463 0.163330 0.199207 360.891503 371.973700
70 71 79 0.065788 0.409108 0.525104 368.907371 379.529014
70 71 79 0.457600 0.444588 0.097812 375.125301 366.581421
70 71 79 0.160895 0.744842 0.094262 384.954282 374.808657
70 71 79 0.252662 0.052067 0.695272 353.524765 383.846847
70 71 79 0.871387 0.104581 0.024032 359.536028 367.555949
70 71 79 0.379685 0.009546 0.610770 354.506411 383.672448
70 71 79 0.382592 0.220046 0.397362 364.103858 376.980967
70 71 79 0.261778 0.550837 0.187384 376.382158 370.508860
71 80 79 0.325307 0.558906 0.115787 382.246140 380.514140
71 80 79 0.983935 0.003038 0.013027 392.191359 370.587974
71 80 79 0.774505 0.216212 0.009284 396.315583 372.626280
71 80 79 0.382944 0.007474 0.609583 368.931571 379.061449
71 80 79 0.653277 0.248430 0.098292 387.537460 373.289282
71 80 79 0.786013 0.111321 0.102666 389.056236 375.128119
71 80 79 0.522878 0.375702 0.101420 384.636377 375.692089
71 80 79 0.491394 0.484537 0.024068 390.659380 378.238782
71 80 79 0.631736 0.095583 0.272681 381.300101 376.970172
71 80 79 0.183013 0.014122 0.802865 361.287748 383.626295
