0 1 9 0.435402 0.107079 0.457519 109.452219 169.086051
0 1 9 0.804845 0.190461 0.004694 119.067815 157.526240
0 1 9 0.220243 0.077815 0.701942 107.054435 171.192334
0 1 9 0.680737 0.038011 0.281252 108.058451 163.285298
0 1 9 0.785777 0.183723 0.030499 115.938795 161.144408
0 1 9 0.447881 0.203750 0.348369 115.916596 163.371735
0 1 9 0.023375 0.466930 0.509695 123.305769 166.973893
0 1 9 0.909990 0.064878 0.025132 113.379241 158.564915
0 1 9 0.910197 0.014941 0.074862 111.539778 162.484230
0 1 9 0.604440 0.322679 0.072881 117.617384 163.127798
1 10 9 0.793392 0.080096 0.126513 140.637131 165.613627
1 10 9 0.016947 0.034997 0.948056 103.432708 178.117269
1 10 9 0.685935 0.154664 0.159401 139.239754 165.544293
1 10 9 0.114123 0.707926 0.177951 130.298232 172.676463
1 10 9 0.979307 0.004673 0.016020 145.967376 157.223617
1 10 9 0.522605 0.399709 0.077686 138.006931 162.124525
1 10 9 0.341753 0.576192 0.082055 135.593687 168.606365
1 10 9 0.897457 0.050669 0.051873 142.281923 157.115991
1 10 9 0.025981 0.932506 0.041513 134.896557 174.614152
1 10 9 0.551855 0.289698 0.158447 139.675822 165.136660
1 2 10 0.463857 0.519866 0.016277 160.539742 159.557688
1 2 10 0.693820 0.298578 0.007602 153.726086 159.025388
1 2 10 0.291000 0.563442 0.145559 162.056408 159.499695
1 2 10 0.892290 0.077764 0.029946 147.915475 161.009027
1 2 10 0.868353 0.112171 0.019475 151.580161 161.842399
1 2 10 0.666194 0.004621 0.329184 142.410100 164.554701
1 2 10 0.004121 0.340555 0.655324 152.180932 172.038070
1 2 10 0.372036 0.099583 0.528381 141.954886 171.324478
1 2 10 0.152781 0.007755 0.839464 140.958434 175.148150
1 2 10 0.142108 0.387212 0.470680 156.284642 166.548175
2 11 10 0.883133 0.109736 0.007132 177.134075 160.948378
2 11 10 0.222678 0.507818 0.269503 164.541768 173.755913
2 11 10 0.084711 0.587014 0.328274 162.611348 171.471449
2 11 10 0.608210 0.282428 0.109362 174.940910 164.656003
2 11 10 0.754316 0.015157 0.230527 169.436664 161.605927
2 11 10 0.143782 0.010373 0.845845 149.050191 176.107032
2 11 10 0.983798 0.000530 0.015672 174.997473 158.945737
2 11 10 0.493011 0.249902 0.257086 167.258280 167.500310
2 11 10 0.141125 0.364129 0.494746 158.242080 173.412995
2 11 10 0.689137 0.170672 0.140191 170.671850 165.989518
2 3 11 0.218505 0.609481 0.172013 199.030257 160.022006
2 3 11 0.063009 0.882831 0.054160 210.592776 154.114456
2 3 11 0.989775 0.005519 0.004706 178.725629 160.427220
2 3 11 0.754204 0.180785 0.065011 180.398328 159.538422
2 3 11 0.204475 0.181789 0.613736 185.323009 167.708890
2 3 11 0.770227 0.171680 0.058094 183.239985 155.082739
2 3 11 0.324913 0.042150 0.632937 173.524605 167.022093
2 3 11 0.464777 0.128375 0.406847 178.351194 164.815930
2 3 11 0.623263 0.283689 0.093048 188.279376 161.822094
2 3 11 0.928021 0.051945 0.020034 181.810271 156.746318
3 12 11 0.215455 0.392275 0.392270 196.648891 170.573616
3 12 11 0.452058 0.266800 0.281142 199.492936 163.785208
3 12 11 0.076306 0.421504 0.502191 189.726719 172.194413
3 12 11 0.781376 0.003250 0.215373 203.718201 161.658716
3 12 11 0.078175 0.660111 0.261713 200.571830 170.460784
3 12 11 0.055940 0.588868 0.355192 195.861788 170.016940
3 12 11 0.452947 0.427916 0.119137 203.670831 166.461758
3 12 11 0.913294 0.023317 0.063390 210.393726 157.093860
3 12 11 0.883781 0.062045 0.054174 210.041101 156.797499
3 12 11 0.517400 0.259773 0.222827 203.794805 161.368384
3 4 12 0.058754 0.245481 0.695765 217.188444 167.814701
3 4 12 0.517851 0.312676 0.169473 221.551462 156.566877
3 4 12 0.979821 0.002306 0.017873 214.327161 155.703585
3 4 12 0.119315 0.074513 0.806172 213.071253 167.662220
3 4 12 0.088357 0.351557 0.560085 224.590595 164.836249
3 4 12 0.429204 0.450900 0.119896 228.254843 156.174477
3 4 12 0.964181 0.030294 0.005525 209.697154 156.312566
3 4 12 0.521628 0.462144 0.016228 223.553457 158.952155
3 4 12 0.918803 0.000981 0.080216 214.879354 159.142097
3 4 12 0.471869 0.376270 0.151860 226.067082 158.917289
4 13 12 0.063293 0.628126 0.308580 233.229857 171.935882
4 13 12 0.246059 0.431256 0.322685 231.039345 168.451463
4 13 12 0.852427 0.109860 0.037713 240.509690 156.248783
4 13 12 0.180484 0.762683 0.056832 242.561849 167.428357
4 13 12 0.814261 0.027112 0.158627 241.251087 162.256847
4 13 12 0.306043 0.153556 0.540401 226.559446 165.053500
4 13 12 0.044810 0.651386 0.303804 235.653226 168.730606
4 13 12 0.065467 0.715899 0.218634 235.897567 173.155275
4 13 12 0.729407 0.132979 0.137615 238.692660 164.760973
4 13 12 0.852938 0.033188 0.113875 239.362278 160.450263
4 5 13 0.721812 0.115297 0.162891 249.098012 160.816755
4 5 13 0.337312 0.102244 0.560444 246.880032 164.092604
4 5 13 0.054399 0.469930 0.475671 265.664074 163.118784
4 5 13 0.439073 0.271932 0.288995 257.701597 160.245310
4 5 13 0.915129 0.017426 0.067445 243.046111 157.463823
4 5 13 0.037456 0.141375 0.821169 248.586882 173.317722
4 5 13 0.102906 0.164974 0.732120 252.256679 167.140681
4 5 13 0.934687 0.048906 0.016408 246.362628 156.821156
4 5 13 0.598474 0.000324 0.401202 247.529217 164.557541
4 5 13 0.082735 0.313116 0.604149 255.533011 168.055762
5 14 13 0.227407 0.057753 0.714840 260.753359 172.275966
5 14 13 0.621405 0.249875 0.128719 279.684640 163.757606
5 14 13 0.696987 0.177806 0.125207 278.140861 159.172868
5 14 13 0.316013 0.587813 0.096175 280.429629 167.652489
5 14 13 0.657762 0.254540 0.087698 276.794511 166.189157
5 14 13 0.566040 0.154521 0.279439 273.032705 167.104502
5 14 13 0.774103 0.210244 0.015653 286.130687 159.841779
5 14 13 0.072864 0.678764 0.248372 274.126203 165.793170
5 14 13 0.983540 0.005569 0.010891 280.133815 155.352120
5 14 13 0.133266 0.378009 0.488726 263.426109 170.090933
5 6 14 0.347111 0.403368 0.249520 297.999641 163.762065
5 6 14 0.306601 0.341922 0.351477 296.385170 155.909692
5 6 14 0.804877 0.117157 0.077966 287.107265 156.970546
5 6 14 0.606045 0.236639 0.157316 288.794521 156.495296
5 6 14 0.300730 0.419764 0.279506 299.453125 164.603384
5 6 14 0.403683 0.454869 0.141448 303.162047 152.305007
5 6 14 0.925564 0.042863 0.031573 281.724240 162.315602
5 6 14 0.998898 0.000843 0.000259 285.104649 152.516035
5 6 14 0.398921 0.448355 0.152724 296.976159 159.443903
5 6 14 0.359977 0.487311 0.152712 302.432884 156.211191
6 15 14 0.507753 0.355693 0.136554 313.625748 163.351378
6 15 14 0.746038 0.035463 0.218499 309.375382 158.899973
6 15 14 0.299306 0.290806 0.409887 307.790743 165.096830
6 15 14 0.199520 0.625250 0.175230 309.502164 168.684118
6 15 14 0.484950 0.449374 0.065676 318.645488 168.830338
6 15 14 0.609740 0.342863 0.047397 318.544934 162.677137
6 15 14 0.686073 0.058689 0.255238 309.362252 164.358470
6 15 14 0.047712 0.538655 0.413632 307.356887 171.519150
6 15 14 0.364305 0.440095 0.195600 311.888411 164.988195
6 15 14 0.301933 0.505468 0.192598 313.945837 166.403537
6 7 15 0.716308 0.276158 0.007534 330.605847 157.181934
6 7 15 0.564950 0.211684 0.223366 324.494073 165.305740
6 7 15 0.699970 0.204474 0.095556 325.994583 159.616158
6 7 15 0.353234 0.242212 0.404555 327.993908 160.586916
6 7 15 0.931118 0.014714 0.054168 318.599592 157.592707
6 7 15 0.234670 0.275494 0.489837 334.265758 163.998575
6 7 15 0.980966 0.015451 0.003583 320.058353 157.610864
6 7 15 0.448942 0.498635 0.052423 332.838974 156.959983
6 7 15 0.470972 0.358648 0.170380 334.366693 159.813492
6 7 15 0.764915 0.107092 0.127993 325.067241 159.586746
7 16 15 0.365995 0.150608 0.483397 339.735010 167.488795
7 16 15 0.448937 0.310027 0.241037 348.412915 165.485918
7 16 15 0.684607 0.062762 0.252632 346.086981 162.975329
7 16 15 0.566283 0.045077 0.388640 340.968551 160.701630
7 16 15 0.378089 0.053213 0.568698 336.730064 162.147322
7 16 15 0.131532 0.807003 0.061465 356.697584 164.969664
7 16 15 0.582194 0.340982 0.076824 354.087096 161.856008
7 16 15 0.211285 0.254363 0.534352 342.884673 165.631484
7 16 15 0.259392 0.675155 0.065453 357.759010 163.674884
7 16 15 0.138209 0.602007 0.259784 348.486645 170.088981
7 8 16 0.845421 0.123413 0.031166 358.598040 156.433604
7 8 16 0.198547 0.311291 0.490162 363.002001 159.954414
7 8 16 0.826740 0.022552 0.150707 353.038050 159.321962
7 8 16 0.725694 0.245072 0.029234 364.134968 157.340041
7 8 16 0.142090 0.855689 0.002221 379.926600 153.909299
7 8 16 0.343758 0.584230 0.072013 371.949576 158.354841
7 8 16 0.449407 0.192446 0.358148 364.709026 163.324547
7 8 16 0.231547 0.594732 0.173721 379.467827 157.390699
7 8 16 0.689406 0.268244 0.042350 363.910636 153.527884
7 8 16 0.094170 0.282391 0.623439 370.585657 165.881300
8 17 16 0.473699 0.247084 0.279217 384.820413 161.670671
8 17 16 0.935098 0.040465 0.024437 390.390348 159.743560
8 17 16 0.334620 0.042328 0.623052 373.559128 165.640632
8 17 16 0.886397 0.055868 0.057734 389.021995 157.745228
8 17 16 0.657723 0.297638 0.044638 389.475365 156.841444
8 17 16 0.905783 0.076513 0.017703 387.971224 154.968982
8 17 16 0.498824 0.409597 0.091579 389.521902 161.924810
8 17 16 0.030854 0.436348 0.532797 377.644923 167.775166
8 17 16 0.866125 0.111670 0.022205 390.398876 156.517028
8 17 16 0.927470 0.000318 0.072213 384.969096 155.299180
9 10 18 0.663119 0.210486 0.126395 104.044248 178.415903
9 10 18 0.889982 0.006209 0.103809 101.724978 179.488429
9 10 18 0.473454 0.346625 0.179921 107.684072 181.148480
9 10 18 0.914720 0.083823 0.001457 100.805454 176.190754
9 10 18 0.277139 0.718330 0.004530 124.725252 177.314197
9 10 18 0.028314 0.864120 0.107566 131.865630 179.616384
9 10 18 0.430728 0.025145 0.544127 97.307653 190.847538
9 10 18 0.332799 0.249633 0.417568 104.233660 185.428487
9 10 18 0.826952 0.145950 0.027099 107.106907 180.131046
9 10 18 0.118805 0.525760 0.355435 118.360265 188.348691
10 19 18 0.830892 0.115929 0.053180 132.515069 184.503836
10 19 18 0.967235 0.017258 0.015506 140.600106 175.502465
10 19 18 0.833911 0.082185 0.083903 134.263447 178.330402
10 19 18 0.429379 0.503632 0.066989 128.454901 189.997016
10 19 18 0.767949 0.012198 0.219853 129.771333 175.937900
10 19 18 0.016181 0.336061 0.647758 102.313444 202.003979
10 19 18 0.706574 0.057037 0.236389 126.950503 181.344077
10 19 18 0.770912 0.127498 0.101589 132.777616 180.865848
10 19 18 0.771989 0.104938 0.123073 132.790859 179.387045
10 19 18 0.950541 0.017841 0.031618 137.200725 177.672589
10 11 19 0.681688 0.195719 0.122592 139.437023 176.521979
10 11 19 0.685269 0.298954 0.015776 150.079851 176.415680
10 11 19 0.560961 0.039986 0.399052 130.913290 183.348993
10 11 19 0.271654 0.034182 0.694164 131.827517 196.891155
10 11 19 0.614377 0.330007 0.055616 145.911448 178.299633
10 11 19 0.934704 0.060065 0.005231 140.788560 177.754978
10 11 19 0.335317 0.105717 0.558966 136.893259 188.594400
10 11 19 0.041828 0.776759 0.181414 163.376445 181.301108
10 11 19 0.868444 0.006959 0.124597 138.934536 177.250634
10 11 19 0.647742 0.048756 0.303502 137.225878 181.313097
11 20 19 0.920191 0.065477 0.014332 171.004930 175.120004
11 20 19 0.282244 0.470548 0.247207 160.386461 195.701892
11 20 19 0.004189 0.492942 0.502869 148.229110 202.307055
11 20 19 0.767855 0.145617 0.086528 170.089443 179.423393
11 20 19 0.467322 0.143209 0.389469 156.332510 189.572999
11 20 19 0.347517 0.111301 0.541182 146.943091 188.404086
11 20 19 0.770423 0.122582 0.106994 165.355277 179.633615
11 20 19 0.436761 0.087484 0.475755 151.810281 188.409459
11 20 19 0.392143 0.228133 0.379725 156.072537 188.521815
11 20 19 0.104603 0.258274 0.637124 140.072129 197.736351
11 12 20 0.193889 0.104283 0.701828 171.360212 190.708614
11 12 20 0.516664 0.141812 0.341524 176.535047 181.943981
11 12 20 0.801342 0.194990 0.003668 179.163867 172.274976
11 12 20 0.207103 0.778992 0.013904 201.387223 173.389503
11 12 20 0.358167 0.014829 0.627004 168.833989 189.028268
11 12 20 0.074804 0.391880 0.533316 185.693016 188.396803
11 12 20 0.597635 0.110989 0.291376 173.884492 174.801524
11 12 20 0.985642 0.012170 0.002188 173.832612 173.095491
11 12 20 0.180003 0.392982 0.427015 186.338820 183.892172
11 12 20 0.659501 0.296739 0.043761 184.080264 174.167202
12 21 20 0.916712 0.070412 0.012876 210.414769 171.427567
12 21 20 0.769233 0.006240 0.224526 200.467365 178.762432
12 21 20 0.419404 0.183961 0.396635 189.450934 190.343352
12 21 20 0.393806 0.377665 0.228529 197.726999 186.359266
12 21 20 0.958348 0.028537 0.013115 206.614532 170.108562
12 21 20 0.718229 0.108137 0.173634 201.522378 179.722189
12 21 20 0.347000 0.605467 0.047534 201.625825 190.609532
12 21 20 0.393330 0.580476 0.026194 203.985210 187.131616
12 21 20 0.320704 0.188231 0.491065 185.925505 192.395998
12 21 20 0.157608 0.830757 0.011635 201.799191 194.923884
12 13 21 0.917431 0.054517 0.028052 213.944742 177.027139
12 13 21 0.854352 0.030992 0.114656 211.674447 180.933379
12 13 21 0.138847 0.596161 0.264992 228.673351 181.797365
12 13 21 0.439539 0.404077 0.156384 224.977278 173.160626
12 13 21 0.716731 0.141244 0.142025 209.265834 178.078932
12 13 21 0.215260 0.726412 0.058327 234.444735 174.188513
12 13 21 0.215712 0.339411 0.444877 215.940250 182.827353
12 13 21 0.501142 0.065644 0.433213 211.741284 182.293274
12 13 21 0.365458 0.455907 0.178635 225.287996 176.706801
12 13 21 0.028710 0.193564 0.777726 210.899033 192.895342
13 22 21 0.147454 0.749559 0.102987 238.679363 191.640054
13 22 21 0.615133 0.090076 0.294791 231.868040 188.793367
13 22 21 0.560785 0.156889 0.282326 235.075915 184.894050
13 22 21 0.503084 0.459691 0.037225 246.484892 185.091993
13 22 21 0.973405 0.006538 0.020057 244.256835 169.686063
13 22 21 0.927777 0.003994 0.068229 243.030749 176.287634
13 22 21 0.807602 0.168502 0.023896 241.762722 176.705681
13 22 21 0.735380 0.178616 0.086003 241.939269 179.678991
13 22 21 0.441424 0.130100 0.428476 222.994270 186.102576
13 22 21 0.285374 0.602319 0.112306 235.266445 193.401000
13 14 22 0.049076 0.425569 0.525355 259.401789 185.465504
13 14 22 0.842060 0.089484 0.068455 248.572833 171.259534
13 14 22 0.838924 0.126680 0.034396 249.122358 174.106564
13 14 22 0.782560 0.091639 0.125801 246.435223 177.159269
13 14 22 0.401329 0.455281 0.143390 267.662617 172.650665
13 14 22 0.104634 0.462700 0.432666 265.919441 181.301504
13 14 22 0.876808 0.033140 0.090052 246.968956 175.711959
13 14 22 0.815771 0.021041 0.163188 249.661504 176.601478
13 14 22 0.278474 0.470229 0.251298 265.731732 177.895428
13 14 22 0.897718 0.094636 0.007647 251.928608 165.741720
14 23 22 0.693686 0.250149 0.056166 282.196922 180.618530
14 23 22 0.995427 0.002151 0.002421 281.840929 171.475195
14 23 22 0.729540 0.016019 0.254441 273.588118 179.349499
14 23 22 0.298690 0.042875 0.658435 261.004282 190.636799
14 23 22 0.129039 0.026556 0.844405 249.597301 195.863199
14 23 22 0.069766 0.485793 0.444442 267.407596 198.240117
14 23 22 0.440506 0.495844 0.063649 280.428127 182.973538
14 23 22 0.396100 0.428715 0.175185 277.943022 187.804231
14 23 22 0.664946 0.286227 0.048828 284.585995 176.968424
14 23 22 0.792577 0.055274 0.152149 278.941535 179.094180
14 15 23 0.703505 0.011155 0.285340 286.471764 179.649789
14 15 23 0.021255 0.659992 0.318753 305.756072 176.696276
14 15 23 0.537631 0.049864 0.412505 289.696791 180.090369
14 15 23 0.878561 0.081279 0.040160 285.677383 170.078896
14 15 23 0.486154 0.202370 0.311476 295.266170 182.591797
14 15 23 0.421626 0.424128 0.154247 299.042421 173.588527
14 15 23 0.914763 0.072361 0.012877 291.455936 171.828401
14 15 23 0.706159 0.109942 0.183899 288.074562 175.949943
14 15 23 0.883939 0.110086 0.005975 288.663915 172.329234
14 15 23 0.674663 0.275403 0.049934 295.620669 168.592556
15 24 23 0.858621 0.004920 0.136459 321.807568 176.556485
15 24 23 0.566527 0.317312 0.116161 319.579866 182.575869
15 24 23 0.760219 0.203007 0.036774 320.716594 176.418785
15 24 23 0.697204 0.263879 0.038917 320.070014 178.064317
15 24 23 0.788404 0.116663 0.094933 316.313226 176.460264
15 24 23 0.073079 0.723015 0.203906 314.950606 194.468965
15 24 23 0.493481 0.133829 0.372690 311.016494 185.528636
15 24 23 0.742738 0.107451 0.149811 313.941315 177.917970
15 24 23 0.337931 0.229020 0.433050 307.276766 190.219570
15 24 23 0.559510 0.284516 0.155974 315.671452 178.011352
15 16 24 0.024401 0.008755 0.966844 324.033161 196.615979
15 16 24 0.835948 0.020602 0.143450 321.909385 175.352809
15 16 24 0.385099 0.337397 0.277504 336.853665 174.505455
15 16 24 0.130169 0.608092 0.261739 343.648269 175.796587
15 16 24 0.468749 0.429267 0.101984 339.514890 172.764179
15 16 24 0.042765 0.040053 0.917183 323.223415 192.974221
15 16 24 0.131208 0.410214 0.458578 337.589903 180.450516
15 16 24 0.183832 0.551581 0.264587 341.954791 178.472759
15 16 24 0.478896 0.370451 0.150653 337.774106 173.888429
15 16 24 0.443468 0.141608 0.414924 327.916318 182.755312
16 25 24 0.664324 0.025274 0.310402 345.685830 179.512130
16 25 24 0.803528 0.178792 0.017680 361.385630 175.116414
16 25 24 0.619859 0.307469 0.072671 358.345536 183.124964
16 25 24 0.467793 0.150269 0.381938 346.613494 182.427022
16 25 24 0.279333 0.032937 0.687730 337.592034 190.591723
16 25 24 0.221683 0.068634 0.709683 334.005096 192.293751
16 25 24 0.062795 0.555282 0.381923 352.885067 194.627883
16 25 24 0.609563 0.051911 0.338526 342.329429 181.286618
16 25 24 0.837215 0.072543 0.090241 360.071823 174.753015
16 25 24 0.359915 0.273984 0.366101 343.161819 186.848288
16 17 25 0.110908 0.876078 0.013014 391.851259 168.642371
16 17 25 0.840145 0.080083 0.079772 367.452165 169.935407
16 17 25 0.449775 0.472067 0.078158 377.441642 169.764244
16 17 25 0.188562 0.173269 0.638169 368.555809 185.724501
16 17 25 0.861953 0.121165 0.016882 364.547637 167.397657
16 17 25 0.983770 0.010089 0.006140 361.794785 171.528718
16 17 25 0.706323 0.147522 0.146156 368.178239 173.018555
16 17 25 0.187533 0.158905 0.653561 366.594296 182.068384
16 17 25 0.347719 0.181059 0.471222 368.787434 181.064118
16 17 25 0.114353 0.069129 0.816518 369.640276 193.560451
17 26 25 0.955412 0.006486 0.038102 393.950487 174.378545
17 26 25 0.920483 0.042890 0.036627 395.205095 167.781034
17 26 25 0.043344 0.469258 0.487397 388.122427 197.560042
17 26 25 0.630901 0.045880 0.323219 389.017197 177.707577
17 26 25 0.463567 0.441120 0.095314 398.436560 185.245803
17 26 25 0.754494 0.231400 0.014106 402.468502 175.756499
17 26 25 0.231746 0.016827 0.751426 377.435089 188.870944
17 26 25 0.309543 0.553456 0.137001 401.226079 187.044374
17 26 25 0.167127 0.494969 0.337905 391.941672 192.936381
17 26 25 0.195961 0.677892 0.126147 400.479902 189.008816
18 19 27 0.570991 0.219141 0.209867 92.915976 211.507919
18 19 27 0.332601 0.255128 0.412271 92.333632 216.763745
18 19 27 0.790465 0.162583 0.046952 92.442594 204.411265
18 19 27 0.425484 0.031419 0.543096 88.670426 223.079889
18 19 27 0.673175 0.016337 0.310488 93.142608 212.218001
18 19 27 0.625129 0.294007 0.080864 100.549476 204.655008
18 19 27 0.971404 0.025895 0.002701 94.002982 206.008711
18 19 27 0.464362 0.034688 0.500950 85.681862 221.559993
18 19 27 0.926533 0.019132 0.054335 86.465691 201.929533
18 19 27 0.387682 0.339957 0.272361 100.535881 210.634359
19 28 27 0.855776 0.113516 0.030708 121.551325 206.596730
19 28 27 0.862734 0.051950 0.085316 122.003343 210.143343
19 28 27 0.670521 0.249238 0.080241 125.003526 213.221701
19 28 27 0.848260 0.020947 0.130792 119.006329 206.501434
19 28 27 0.154972 0.047772 0.797256 90.537119 237.452943
19 28 27 0.785794 0.046243 0.167964 116.683453 209.396271
19 28 27 0.040436 0.335467 0.624096 98.744870 238.643948
19 28 27 0.887318 0.031141 0.081540 124.144319 209.497411
19 28 27 0.728285 0.031584 0.240131 117.833499 211.435462
19 28 27 0.249012 0.644746 0.106241 118.369523 229.299113
19 20 28 0.431651 0.537388 0.030961 148.510248 205.216615
19 20 28 0.728246 0.112233 0.159521 127.415845 206.695462
19 20 28 0.939293 0.041562 0.019145 128.163085 202.017588
19 20 28 0.982602 0.006883 0.010515 123.337460 203.263412
19 20 28 0.228187 0.568850 0.202963 145.246840 211.202255
19 20 28 0.573254 0.347996 0.078750 138.898944 206.528702
19 20 28 0.988642 0.001237 0.010122 125.603031 201.760892
19 20 28 0.843713 0.009684 0.146603 125.445816 210.849768
19 20 28 0.874166 0.000771 0.125064 125.530358 206.659728
19 20 28 0.950379 0.017211 0.032410 127.128817 205.693143
20 29 28 0.621775 0.220773 0.157452 156.132473 212.472018
20 29 28 0.383766 0.611436 0.004798 163.205742 219.724810
20 29 28 0.665210 0.229071 0.105718 161.136158 214.912892
20 29 28 0.020769 0.679148 0.300083 145.732130 239.613744
20 29 28 0.887582 0.012389 0.100029 163.219028 204.014409
20 29 28 0.140832 0.631280 0.227888 152.036798 233.909691
20 29 28 0.597081 0.129811 0.273108 153.745507 214.170580
20 29 28 0.122571 0.800710 0.076719 158.426665 229.414697
20 29 28 0.243247 0.027620 0.729134 132.449922 232.050465
20 29 28 0.398883 0.556141 0.044976 160.694964 222.538395
20 21 29 0.524595 0.195735 0.279669 170.809272 210.061848
20 21 29 0.174106 0.066343 0.759550 163.161911 229.479497
20 21 29 0.967099 0.017979 0.014922 163.919772 201.605145
20 21 29 0.758854 0.190799 0.050347 174.484865 202.827980
20 21 29 0.141367 0.439409 0.419224 179.467535 214.624622
20 21 29 0.686998 0.034910 0.278092 160.676385 214.174409
20 21 29 0.648669 0.103365 0.247966 165.648531 213.637017
20 21 29 0.555025 0.203104 0.241871 175.368487 209.738846
20 21 29 0.848577 0.091901 0.059522 166.069609 205.712244
20 21 29 0.587585 0.008175 0.404240 161.928453 214.770910
21 30 29 0.940757 0.020034 0.039209 201.495135 200.573054
21 30 29 0.090882 0.857597 0.051520 197.288869 234.180925
21 30 29 0.745916 0.014606 0.239478 192.310672 213.420957
21 30 29 0.835581 0.134924 0.029495 202.821717 204.269148
21 30 29 0.177893 0.232709 0.589398 177.520350 229.669143
21 30 29 0.754155 0.105677 0.140169 196.887990 207.743641
21 30 29 0.183732 0.478369 0.337899 187.309160 233.727447
21 30 29 0.457787 0.279082 0.263130 193.939113 219.567105
21 30 29 0.137343 0.252845 0.609812 178.854524 231.833245
21 30 29 0.672045 0.274923 0.053032 198.516564 209.174051
21 22 30 0.885784 0.089556 0.024660 205.208909 197.668222
21 22 30 0.816634 0.108698 0.074667 207.508179 201.245703
21 22 30 0.607735 0.245934 0.146331 213.221386 204.297615
21 22 30 0.300573 0.365372 0.334055 218.032322 213.699980
21 22 30 0.754965 0.088843 0.156192 204.561605 204.379124
21 22 30 0.656254 0.325089 0.018657 213.800662 200.618928
21 22 30 0.623663 0.291110 0.085227 214.884599 200.426419
21 22 30 0.033689 0.344204 0.622107 213.188969 223.846917
21 22 30 0.335626 0.014212 0.650162 201.642509 222.897565
21 22 30 0.040013 0.903791 0.056196 238.573545 199.779212
22 31 30 0.918930 0.072090 0.008980 241.054756 200.078648
22 31 30 0.089859 0.798004 0.112137 238.365839 228.368718
22 31 30 0.308320 0.265738 0.425941 222.579150 223.088688
22 31 30 0.467995 0.431850 0.100156 238.487710 220.453362
22 31 30 0.748393 0.086123 0.165485 235.166618 208.699398
22 31 30 0.283355 0.421168 0.295478 227.249280 222.971876
22 31 30 0.095537 0.828251 0.076212 240.263876 231.320410
22 31 30 0.253421 0.402473 0.344106 226.466086 229.306968
22 31 30 0.589781 0.157057 0.253162 234.919571 217.872996
22 31 30 0.356774 0.551269 0.091957 239.822727 217.734308
22 23 31 0.729324 0.127183 0.143493 248.166292 206.048968
22 23 31 0.561773 0.355561 0.082666 257.009067 202.013333
22 23 31 0.051299 0.887839 0.060862 282.674475 200.350537
22 23 31 0.779790 0.139003 0.081207 247.867600 203.944158
22 23 31 0.007744 0.457983 0.534273 261.399819 216.306278
22 23 31 0.968156 0.027922 0.003922 244.345748 199.069249
22 23 31 0.487873 0.046935 0.465192 242.742642 216.793530
22 23 31 0.485038 0.328987 0.185975 256.302714 204.735518
22 23 31 0.938947 0.013064 0.047989 243.785691 199.124405
22 23 31 0.699258 0.289997 0.010745 255.797692 196.859701
23 32 31 0.439613 0.010794 0.549594 258.735766 219.909832
23 32 31 0.684659 0.214128 0.101213 281.412390 206.541665
23 32 31 0.959184 0.024772 0.016044 288.402719 198.094764
23 32 31 0.326306 0.299346 0.374348 270.569830 222.225019
23 32 31 0.228831 0.190087 0.581082 259.289865 225.409200
23 32 31 0.276857 0.699906 0.023236 281.325045 225.597648
23 32 31 0.837661 0.029093 0.133245 278.322688 202.878072
23 32 31 0.723527 0.246476 0.029998 281.693274 207.817430
23 32 31 0.450403 0.421692 0.127905 278.886128 216.322673
23 32 31 0.705444 0.216440 0.078116 280.760767 205.071638
23 24 32 0.047458 0.568887 0.383655 308.549178 209.219715
23 24 32 0.322271 0.270029 0.407700 295.784055 209.924122
23 24 32 0.539322 0.140391 0.320287 292.542573 208.985952
23 24 32 0.101270 0.225360 0.673369 291.219885 219.235714
23 24 32 0.367737 0.387152 0.245111 299.100575 205.831905
23 24 32 0.206446 0.014118 0.779436 285.885060 229.351350
23 24 32 0.359251 0.227376 0.413373 294.384419 206.160361
23 24 32 0.114072 0.169128 0.716800 287.171774 224.634148
23 24 32 0.342060 0.377257 0.280684 301.436411 205.870854
23 24 32 0.204738 0.400269 0.394993 296.316287 212.190287
24 33 32 0.448265 0.339030 0.212705 319.031430 218.287642
24 33 32 0.343796 0.371138 0.285066 316.961145 220.212490
24 33 32 0.807631 0.114941 0.077428 320.620200 204.989154
24 33 32 0.144316 0.096028 0.759655 295.119842 228.635225
24 33 32 0.484473 0.262994 0.252533 314.321152 214.593894
24 33 32 0.738370 0.012693 0.248937 314.662519 205.742245
24 33 32 0.926093 0.072080 0.001826 322.172939 201.635935
24 33 32 0.208771 0.051533 0.739696 297.278110 224.974878
24 33 32 0.521816 0.272583 0.205601 316.555835 215.071804
24 33 32 0.247096 0.667786 0.085118 322.486626 223.496966
24 25 33 0.011697 0.344544 0.643759 339.357253 216.960729
24 25 33 0.555114 0.347932 0.096954 336.871369 199.961518
24 25 33 0.107731 0.491240 0.401029 347.972550 207.490359
24 25 33 0.765029 0.205164 0.029807 329.544808 196.954776
24 25 33 0.534340 0.048153 0.417506 329.765931 212.536277
24 25 33 0.782502 0.005025 0.212473 326.838108 203.665754
24 25 33 0.396924 0.121414 0.481661 325.190133 216.449030
24 25 33 0.958444 0.006929 0.034627 324.450735 196.003340
24 25 33 0.536374 0.393882 0.069745 339.173020 200.212585
24 25 33 0.540597 0.277235 0.182167 335.438337 206.011022
25 34 33 0.117470 0.577608 0.304922 352.309361 228.744492
25 34 33 0.810526 0.043088 0.146386 360.870424 204.087476
25 34 33 0.792884 0.017951 0.189165 356.403241 205.265384
25 34 33 0.115080 0.152112 0.732809 337.039098 222.753493
25 34 33 0.127477 0.749660 0.122863 365.076934 228.405513
25 34 33 0.983437 0.014094 0.002468 368.381392 196.452433
25 34 33 0.902074 0.030251 0.067675 362.132088 198.728189
25 34 33 0.708813 0.077632 0.213555 356.356271 207.305093
25 34 33 0.914418 0.042648 0.042934 362.990417 196.052372
25 34 33 0.032605 0.795785 0.171610 361.488804 229.407039
25 26 34 0.800188 0.010323 0.189489 365.740831 200.979724
25 26 34 0.676776 0.052935 0.270289 368.854492 206.410714
25 26 34 0.933465 0.061354 0.005181 368.741858 198.052282
25 26 34 0.507799 0.122355 0.369846 373.292064 207.932475
25 26 34 0.510178 0.261683 0.228139 374.165253 204.571310
25 26 34 0.606130 0.041734 0.352136 368.868602 209.265769
25 26 34 0.609919 0.288027 0.102054 378.530280 200.222755
25 26 34 0.320207 0.453675 0.226118 384.066507 200.696308
25 26 34 0.216988 0.546428 0.236584 389.366106 203.155583
25 26 34 0.190664 0.692323 0.117013 394.114574 201.209695
26 35 34 0.524701 0.116846 0.358453 397.164093 212.394583
26 35 34 0.371429 0.182467 0.446104 388.691156 217.020602
26 35 34 0.415657 0.382890 0.201454 402.124649 215.290254
26 35 34 0.516278 0.002026 0.481696 386.842721 212.277078
26 35 34 0.113898 0.126712 0.759390 381.193890 230.948635
26 35 34 0.068210 0.585719 0.346071 399.712407 226.241697
26 35 34 0.891672 0.053123 0.055205 406.743676 200.697176
26 35 34 0.208363 0.648036 0.143601 403.365765 224.655259
26 35 34 0.444913 0.078999 0.476088 391.448870 211.770330
26 35 34 0.398855 0.137635 0.463511 391.486528 216.826580
27 28 36 0.086844 0.468032 0.445124 97.035888 259.050532
27 28 36 0.121321 0.793169 0.085510 115.352061 241.546352
27 28 36 0.061459 0.061635 0.876906 85.715803 274.952404
27 28 36 0.330957 0.500398 0.168644 101.998326 246.600589
27 28 36 0.313638 0.402496 0.283866 100.000408 252.201563
27 28 36 0.055872 0.844058 0.100070 112.339091 243.370018
27 28 36 0.188689 0.162830 0.648481 88.722333 265.317644
27 28 36 0.065002 0.344661 0.590337 92.950830 262.667259
27 28 36 0.583461 0.007008 0.409531 82.906917 254.158559
27 28 36 0.753496 0.029157 0.217347 83.237192 249.175150
28 37 36 0.686432 0.142060 0.171508 114.331795 249.455773
28 37 36 0.757049 0.091898 0.151053 115.869345 249.954050
28 37 36 0.017763 0.750391 0.231846 110.625510 278.977483
28 37 36 0.948320 0.015251 0.036429 120.456807 238.351423
28 37 36 0.151435 0.812348 0.036217 122.849336 273.533519
28 37 36 0.082834 0.107313 0.809853 89.763544 276.311434
28 37 36 0.933216 0.059814 0.006971 121.027180 240.752966
28 37 36 0.984091 0.012913 0.002996 123.851010 237.225652
28 37 36 0.472806 0.466731 0.060463 119.345277 263.474396
28 37 36 0.224750 0.166023 0.609227 99.014005 269.519101
28 29 37 0.805581 0.131945 0.062473 129.282693 240.137894
28 29 37 0.681058 0.044215 0.274727 125.147606 250.307567
28 29 37 0.553906 0.192966 0.253128 127.698790 247.076750
28 29 37 0.313622 0.547940 0.138438 141.601131 240.380695
28 29 37 0.529905 0.069034 0.401062 127.276270 256.366082
28 29 37 0.857242 0.035184 0.107574 122.429312 242.778013
28 29 37 0.130588 0.794328 0.075085 157.123434 237.892251
28 29 37 0.436261 0.017867 0.545872 121.325252 258.844252
28 29 37 0.973775 0.005009 0.021216 120.316685 239.887638
28 29 37 0.276434 0.078103 0.645463 126.923757 265.998601
29 38 37 0.885002 0.067771 0.047227 161.375320 246.448170
29 38 37 0.711648 0.196503 0.091849 156.441290 250.660811
29 38 37 0.433076 0.531794 0.035130 158.565203 260.820790
29 38 37 0.052361 0.099802 0.847837 126.428260 276.314971
29 38 37 0.240001 0.698096 0.061903 158.159490 269.909720
29 38 37 0.211379 0.169220 0.619401 134.755325 268.143883
29 38 37 0.750633 0.123230 0.126137 158.271035 250.503969
29 38 37 0.852060 0.002311 0.145629 148.614796 245.706178
29 38 37 0.212781 0.518628 0.268592 149.002296 270.794004
29 38 37 0.832799 0.140240 0.026961 157.681812 245.976292
29 30 38 0.451873 0.176953 0.371174 168.005520 251.097990
29 30 38 0.108771 0.139263 0.751966 164.773266 269.461306
29 30 38 0.485415 0.004391 0.510195 158.248809 256.996567
29 30 38 0.581125 0.092387 0.326488 166.401903 247.515807
29 30 38 0.438654 0.342524 0.218822 172.813840 246.936542
29 30 38 0.005076 0.596594 0.398330 187.374471 253.227463
29 30 38 0.929203 0.010035 0.060761 162.789071 236.969606
29 30 38 0.811656 0.001528 0.186817 160.401965 244.252210
29 30 38 0.864728 0.119732 0.015541 166.507115 234.388101
29 30 38 0.980656 0.017251 0.002093 164.511295 238.251702
30 39 38 0.239176 0.691776 0.069048 199.627599 269.765681
30 39 38 0.679027 0.097372 0.223601 191.180627 249.884928
30 39 38 0.067382 0.376632 0.555986 176.410773 278.244272
30 39 38 0.057941 0.565998 0.376061 182.076758 278.668661
30 39 38 0.986979 0.008490 0.004531 201.644915 238.482053
30 39 38 0.500188 0.109847 0.389965 186.817499 259.313297
30 39 38 0.082401 0.774590 0.143009 196.558398 273.177227
30 39 38 0.815555 0.184128 0.000317 202.076053 243.942236
30 39 38 0.370417 0.194391 0.435192 184.632663 262.740045
30 39 38 0.306661 0.464574 0.228765 191.731607 267.232370
30 31 39 0.340332 0.346539 0.313129 214.457363 248.511959
30 31 39 0.539441 0.072107 0.388452 206.117899 253.066650
30 31 39 0.149527 0.032295 0.818178 202.329855 271.018292
30 31 39 0.179826 0.519823 0.300351 219.818557 247.324510
30 31 39 0.663853 0.138281 0.197865 210.975617 242.055397
30 31 39 0.197012 0.488241 0.314747 221.683159 249.624631
30 31 39 0.101139 0.479499 0.419362 223.462972 252.713086
30 31 39 0.869510 0.120938 0.009553 207.896033 237.220374
30 31 39 0.344900 0.208938 0.446161 210.035039 254.408069
30 31 39 0.091363 0.860986 0.047651 234.732943 236.774823
31 40 39 0.529151 0.349550 0.121298 237.430125 256.529432
31 40 39 0.499039 0.159078 0.341883 225.767465 257.719018
31 40 39 0.989608 0.001928 0.008463 243.500771 233.010079
31 40 39 0.866914 0.031177 0.101909 233.996171 239.752804
31 40 39 0.706683 0.153864 0.139453 235.389859 250.069481
31 40 39 0.969703 0.010420 0.019877 242.572555 235.950187
31 40 39 0.618199 0.114353 0.267448 229.168486 251.446513
31 40 39 0.321716 0.451625 0.226659 230.928832 265.885165
31 40 39 0.387843 0.042241 0.569916 219.787143 259.475921
31 40 39 0.003439 0.076550 0.920010 203.452328 279.114596
31 32 40 0.979176 0.002090 0.018734 242.453759 237.172893
31 32 40 0.229596 0.423443 0.346961 259.703206 250.245309
31 32 40 0.309126 0.168964 0.521910 247.427367 256.940293
31 32 40 0.825622 0.145731 0.028647 246.197756 237.152757
31 32 40 0.543805 0.271293 0.184903 249.890276 243.801009
31 32 40 0.776918 0.097117 0.125965 243.833365 239.239207
31 32 40 0.686941 0.068376 0.244683 243.600437 246.595165
31 32 40 0.078172 0.310282 0.611546 254.991272 260.363830
31 32 40 0.338250 0.214615 0.447135 249.121456 253.087515
31 32 40 0.251556 0.598170 0.150275 269.288267 239.832517
32 41 40 0.910437 0.027648 0.061915 281.720884 234.284414
32 41 40 0.771581 0.212023 0.016396 283.003896 247.035957
32 41 40 0.620181 0.071714 0.308105 271.127626 251.021210
32 41 40 0.039109 0.440084 0.520807 262.296579 277.244724
32 41 40 0.339986 0.164052 0.495962 262.597018 263.344025
32 41 40 0.713355 0.136084 0.150562 278.246938 249.850994
32 41 40 0.379663 0.392011 0.228326 270.337717 265.933634
32 41 40 0.010390 0.227022 0.762588 249.267035 277.548092
32 41 40 0.777193 0.174269 0.048539 284.072422 240.744938
32 41 40 0.651529 0.259352 0.089119 283.560498 248.378282
32 33 41 0.092945 0.084141 0.822914 287.224041 267.375340
32 33 41 0.287661 0.389579 0.322760 296.709959 239.508857
32 33 41 0.878590 0.004252 0.117158 282.850931 238.804115
32 33 41 0.145885 0.816646 0.037469 318.258226 235.538733
32 33 41 0.361580 0.581472 0.056948 310.715017 237.700776
32 33 41 0.509605 0.010405 0.479990 284.418851 255.191385
32 33 41 0.769227 0.008936 0.221837 281.943375 243.306062
32 33 41 0.869074 0.119079 0.011846 288.942743 238.408272
32 33 41 0.522198 0.247608 0.230194 296.745349 245.172671
32 33 41 0.754504 0.110667 0.134830 288.165394 237.526861
33 42 41 0.798296 0.143742 0.057962 326.163064 242.458597
33 42 41 0.737532 0.066363 0.196105 318.821752 239.454647
33 42 41 0.161849 0.294575 0.543576 304.643033 268.589271
33 42 41 0.440075 0.247401 0.312525 316.204976 254.433188
33 42 41 0.820297 0.082139 0.097564 322.387172 238.328714
33 42 41 0.538378 0.355015 0.106607 325.101097 249.560422
33 42 41 0.914432 0.055781 0.029787 327.842969 233.165632
33 42 41 0.661765 0.303105 0.035130 323.420638 245.055182
33 42 41 0.363396 0.514710 0.121893 319.662995 260.890223
33 42 41 0.484839 0.260137 0.255024 319.537201 258.075142
33 34 42 0.621054 0.185716 0.193231 333.145047 242.220265
33 34 42 0.448347 0.403392 0.148261 340.104700 237.776908
33 34 42 0.448662 0.361237 0.190102 344.553787 238.500938
33 34 42 0.567028 0.005700 0.427273 329.400213 251.362958
33 34 42 0.280540 0.036677 0.682783 328.944446 266.100238
33 34 42 0.042533 0.344083 0.613384 342.858818 260.716136
33 34 42 0.266181 0.001057 0.732762 326.172822 262.918345
33 34 42 0.761300 0.044740 0.193960 328.837427 241.503795
33 34 42 0.556823 0.042012 0.401165 333.025645 246.555084
33 34 42 0.068634 0.213032 0.718334 331.994421 261.309690
34 43 42 0.536603 0.039056 0.424342 352.746464 251.027207
34 43 42 0.139800 0.192239 0.667961 343.431407 272.545646
34 43 42 0.641630 0.205489 0.152881 365.367341 245.555326
34 43 42 0.163096 0.566752 0.270153 358.998514 267.152399
34 43 42 0.730299 0.144886 0.124815 362.806113 244.022244
34 43 42 0.468436 0.408593 0.122971 363.482549 254.446080
34 43 42 0.902608 0.084551 0.012841 368.236737 237.560731
34 43 42 0.217762 0.488710 0.293527 359.163022 262.384202
34 43 42 0.664183 0.191437 0.144380 365.052701 243.499941
34 43 42 0.812945 0.078578 0.108476 368.022850 238.218386
34 35 43 0.748421 0.027570 0.224009 375.145702 242.198291
34 35 43 0.069245 0.854708 0.076047 409.256473 234.745258
34 35 43 0.534527 0.215373 0.250100 381.499809 240.384681
34 35 43 0.889763 0.023588 0.086648 371.228584 235.229470
34 35 43 0.797533 0.097841 0.104627 371.950806 239.026733
34 35 43 0.685410 0.235643 0.078947 384.042295 233.551336
34 35 43 0.612265 0.330874 0.056861 382.787784 233.749837
34 35 43 0.427670 0.173433 0.398897 378.038590 249.105337
34 35 43 0.649362 0.057494 0.293144 371.861336 243.341731
34 35 43 0.053047 0.356622 0.590331 387.397609 255.407006
35 44 43 0.025782 0.311416 0.662802 386.534332 271.367982
35 44 43 0.802162 0.023222 0.174615 403.043233 238.889567
35 44 43 0.348841 0.143560 0.507600 389.163268 262.477808
35 44 43 0.237486 0.643040 0.119474 413.253317 262.679563
35 44 43 0.583667 0.039288 0.377045 398.072156 246.728892
35 44 43 0.186317 0.577269 0.236414 405.641700 262.517958
35 44 43 0.934638 0.023722 0.041639 411.699493 232.416571
35 44 43 0.520100 0.325832 0.154068 408.661781 257.293069
35 44 43 0.671900 0.249429 0.078670 410.609862 242.650512
35 44 43 0.331689 0.376289 0.292021 402.672775 257.361708
36 37 45 0.983181 0.014522 0.002297 82.930480 277.698484
36 37 45 0.975373 0.004861 0.019766 80.675183 280.796525
36 37 45 0.253023 0.270050 0.476927 95.260316 297.858444
36 37 45 0.217166 0.584398 0.198435 110.466566 285.785211
36 37 45 0.298978 0.561029 0.139992 106.833313 285.063301
36 37 45 0.296252 0.235686 0.468062 94.934568 297.350843
36 37 45 0.940911 0.017345 0.041744 81.402502 279.691271
36 37 45 0.165027 0.715139 0.119834 109.476339 280.930512
36 37 45 0.451894 0.099226 0.448879 90.439030 296.220304
36 37 45 0.191864 0.549876 0.258260 108.618166 286.593017
37 46 45 0.099216 0.188240 0.712544 96.689212 313.412966
37 46 45 0.697254 0.205244 0.097502 120.370640 288.778928
37 46 45 0.007983 0.729211 0.262806 118.297000 315.423844
37 46 45 0.645498 0.299584 0.054918 121.393254 291.804815
37 46 45 0.690559 0.087029 0.222411 111.736077 290.139646
37 46 45 0.058614 0.621226 0.320160 111.138187 316.767297
37 46 45 0.628244 0.014676 0.357080 111.148611 293.589390
37 46 45 0.216642 0.024647 0.758711 97.356902 311.367891
37 46 45 0.241776 0.673107 0.085116 123.812014 306.954269
37 46 45 0.367715 0.104939 0.527346 100.879230 303.599108
37 38 46 0.324895 0.058185 0.616919 124.936124 303.703473
37 38 46 0.486786 0.044064 0.469149 123.844522 295.262957
37 38 46 0.349236 0.330249 0.320515 132.376446 288.827205
37 38 46 0.254499 0.581043 0.164458 144.509861 284.667084
37 38 46 0.049986 0.707972 0.242042 150.843111 286.878528
37 38 46 0.849017 0.026165 0.124818 119.514498 286.273058
37 38 46 0.418511 0.467543 0.113945 142.445156 283.440146
37 38 46 0.507570 0.160571 0.331859 130.393585 291.478429
37 38 46 0.139448 0.559367 0.301185 147.872731 291.090207
37 38 46 0.622192 0.098149 0.279659 127.148311 292.224948
38 47 46 0.003883 0.573735 0.422382 147.457797 320.239591
38 47 46 0.570946 0.004291 0.424763 147.113804 298.310998
38 47 46 0.681020 0.115768 0.203212 150.826027 293.044578
38 47 46 0.427789 0.382254 0.189957 156.597432 296.637321
38 47 46 0.017330 0.261896 0.720774 135.780190 317.782992
38 47 46 0.780648 0.178695 0.040657 157.997605 288.272802
38 47 46 0.175319 0.216737 0.607944 136.219623 311.700726
38 47 46 0.503676 0.391969 0.104355 160.399699 294.387321
38 47 46 0.531433 0.402733 0.065834 156.617941 300.272538
38 47 46 0.211803 0.619819 0.168378 157.272707 311.234038
38 39 47 0.930035 0.042753 0.027212 162.482721 278.883705
38 39 47 0.268743 0.598125 0.133132 184.112467 282.137554
38 39 47 0.429289 0.412663 0.158048 174.281177 285.368307
38 39 47 0.484344 0.486162 0.029495 179.841481 281.257739
38 39 47 0.148395 0.763718 0.087888 189.854947 282.400305
38 39 47 0.152619 0.525260 0.322122 186.794968 294.123509
38 39 47 0.211616 0.169357 0.619027 172.665472 300.836763
38 39 47 0.421098 0.409497 0.169406 180.552619 285.221668
38 39 47 0.196947 0.038237 0.764816 164.878714 309.966131
38 39 47 0.805583 0.138945 0.055473 165.475653 281.374257
39 48 47 0.956986 0.007742 0.035272 201.536390 281.729895
39 48 47 0.202324 0.020182 0.777494 168.468864 310.324111
39 48 47 0.943709 0.001324 0.054967 201.028618 284.311126
39 48 47 0.746506 0.019214 0.234281 189.737925 291.571692
39 48 47 0.629597 0.218677 0.151726 195.320923 292.171825
39 48 47 0.534909 0.121304 0.343787 190.515991 294.397177
39 48 47 0.122819 0.531161 0.346020 188.678806 317.925525
39 48 47 0.223446 0.699164 0.077390 200.939805 310.845246
39 48 47 0.632823 0.206277 0.160900 196.729170 292.839369
39 48 47 0.881479 0.086547 0.031974 202.500957 285.686367
39 40 48 0.403736 0.202182 0.394082 208.730869 295.780716
39 40 48 0.264165 0.093028 0.642806 204.110047 307.097961
39 40 48 0.061276 0.049955 0.888770 202.193377 312.293179
39 40 48 0.345332 0.070971 0.583697 201.588375 302.453450
39 40 48 0.599818 0.262939 0.137242 211.654824 286.595572
39 40 48 0.591594 0.069020 0.339386 205.171039 291.132990
39 40 48 0.457304 0.189762 0.352933 208.234701 294.529654
39 40 48 0.382632 0.392721 0.224647 217.431928 286.757808
39 40 48 0.470532 0.041233 0.488235 203.708304 298.981455
39 40 48 0.103406 0.049584 0.847010 202.550582 315.822758
40 49 48 0.050973 0.272389 0.676638 214.968815 312.740182
40 49 48 0.096546 0.248353 0.655101 215.290321 319.000387
40 49 48 0.306107 0.348867 0.345025 230.182996 306.700471
40 49 48 0.481521 0.178285 0.340194 229.354176 298.346865
40 49 48 0.026708 0.678375 0.294917 231.697282 315.595641
40 49 48 0.666509 0.318435 0.015055 238.962799 288.412887
40 49 48 0.730953 0.214649 0.054398 241.388144 290.639000
40 49 48 0.923339 0.047970 0.028691 240.832791 283.509063
40 49 48 0.899687 0.087633 0.012680 242.920666 277.575738
40 49 48 0.243525 0.014233 0.742242 209.339449 308.984825
40 41 49 0.754088 0.067006 0.178907 241.773157 286.559330
40 41 49 0.223055 0.716677 0.060268 271.604001 277.150153
40 41 49 0.938752 0.044358 0.016890 243.266124 276.656381
40 41 49 0.587422 0.191821 0.220757 254.864184 284.976499
40 41 49 0.369172 0.271939 0.358890 251.409431 291.785937
40 41 49 0.943951 0.046288 0.009760 244.142062 275.504225
40 41 49 0.006707 0.035363 0.957930 242.913369 314.386209
40 41 49 0.818942 0.141951 0.039107 247.037133 280.321017
40 41 49 0.223049 0.555374 0.221578 265.096210 286.922119
40 41 49 0.805362 0.096057 0.098581 246.295796 281.413900
41 50 49 0.461492 0.194165 0.344343 272.988234 300.782439
41 50 49 0.283578 0.665421 0.051001 281.724133 308.338032
41 50 49 0.266605 0.662336 0.071059 286.375913 307.970330
41 50 49 0.942208 0.004512 0.053280 281.833637 280.548571
41 50 49 0.702482 0.169074 0.128444 283.795880 287.610474
41 50 49 0.420013 0.468959 0.111028 284.212310 301.588492
41 50 49 0.818427 0.096465 0.085108 284.564415 286.132336
41 50 49 0.524283 0.225217 0.250499 273.198274 295.787060
41 50 49 0.851725 0.147031 0.001243 285.390112 283.136165
41 50 49 0.488259 0.063782 0.447960 267.230439 299.833194
41 42 50 0.842132 0.088737 0.069131 287.207159 275.020063
41 42 50 0.793144 0.077066 0.129790 293.826562 281.184165
41 42 50 0.855672 0.087056 0.057272 291.652837 279.055769
41 42 50 0.324492 0.353905 0.321603 300.329449 286.867991
41 42 50 0.918997 0.031656 0.049347 290.699202 276.632494
41 42 50 0.930626 0.049994 0.019380 288.817098 274.040503
41 42 50 0.544003 0.345277 0.110720 297.832182 283.255642
41 42 50 0.698201 0.183207 0.118593 295.658120 277.586243
41 42 50 0.776786 0.079085 0.144130 289.654839 282.976517
41 42 50 0.674039 0.102162 0.223799 291.585705 286.778345
42 51 50 0.013262 0.903164 0.083574 323.481489 319.136813
42 51 50 0.140543 0.491567 0.367890 313.936259 312.892650
42 51 50 0.586205 0.337703 0.076092 326.484128 294.271187
42 51 50 0.433335 0.319123 0.247542 315.336693 297.715532
42 51 50 0.079173 0.800782 0.120045 323.140940 309.777435
42 51 50 0.619945 0.278783 0.101271 326.022510 289.605743
42 51 50 0.362249 0.026894 0.610857 302.350971 301.219712
42 51 50 0.133283 0.169421 0.697296 297.321220 308.861492
42 51 50 0.505169 0.023270 0.471561 308.582646 296.139234
42 51 50 0.946635 0.042291 0.011074 324.810590 280.153827
42 43 51 0.196136 0.031269 0.772595 329.806280 309.695476
42 43 51 0.017110 0.942874 0.040016 369.010834 276.649587
42 43 51 0.234160 0.155440 0.610400 335.485716 298.873718
42 43 51 0.866693 0.025944 0.107362 331.289903 277.565427
42 43 51 0.013498 0.909582 0.076920 367.904098 274.273656
42 43 51 0.105799 0.540729 0.353472 350.739620 285.391090
42 43 51 0.500809 0.384302 0.114889 342.182607 281.262681
42 43 51 0.246593 0.684728 0.068679 360.288792 279.994341
42 43 51 0.522964 0.245156 0.231880 339.299996 287.535367
42 43 51 0.047503 0.896154 0.056343 368.316505 277.569068
43 52 51 0.779398 0.203381 0.017221 373.634664 282.755919
43 52 51 0.726678 0.115299 0.158023 366.022707 288.258497
43 52 51 0.376404 0.323068 0.300527 357.982072 299.537903
43 52 51 0.275927 0.489162 0.234911 366.179664 305.897261
43 52 51 0.570880 0.316218 0.112903 364.740668 290.609446
43 52 51 0.126275 0.373029 0.500696 349.928879 312.415859
43 52 51 0.773640 0.139054 0.087306 373.511364 279.982105
43 52 51 0.547638 0.162997 0.289365 357.629066 291.602009
43 52 51 0.739819 0.238584 0.021597 371.912402 281.559551
43 52 51 0.332843 0.097867 0.569290 346.026172 304.131194
43 44 52 0.857009 0.061620 0.081371 373.990813 276.014476
43 44 52 0.284854 0.611536 0.103610 398.477768 277.076703
43 44 52 0.158721 0.668281 0.172998 401.269644 281.222641
43 44 52 0.210390 0.320660 0.468950 386.517632 292.637149
43 44 52 0.856337 0.122268 0.021394 376.959222 275.571682
43 44 52 0.673526 0.273505 0.052969 389.284451 276.173944
43 44 52 0.203531 0.070083 0.726386 372.246599 306.238563
43 44 52 0.555309 0.216092 0.228598 381.449148 285.510958
43 44 52 0.772130 0.119592 0.108279 376.229590 278.253191
43 44 52 0.755312 0.230727 0.013961 379.393677 273.247674
44 53 52 0.134267 0.614040 0.251693 401.610806 312.257650
44 53 52 0.835708 0.024068 0.140224 405.719703 280.390453
44 53 52 0.289337 0.381878 0.328785 400.914104 306.563583
44 53 52 0.316186 0.235640 0.448174 396.634114 305.304279
44 53 52 0.276192 0.236515 0.487293 397.457514 306.513958
44 53 52 0.895338 0.034131 0.070530 416.336484 279.362131
44 53 52 0.262595 0.676588 0.060817 418.076401 306.006295
44 53 52 0.244432 0.110199 0.645369 388.406706 304.115021
44 53 52 0.743358 0.170727 0.085915 409.633940 284.551161
44 53 52 0.590729 0.046569 0.362702 399.920516 289.840488
45 46 54 0.412301 0.398028 0.189671 105.693561 323.973907
45 46 54 0.603169 0.281072 0.115760 98.873604 323.483321
45 46 54 0.688095 0.225405 0.086499 98.193316 323.303900
45 46 54 0.893803 0.082474 0.023722 92.677221 317.489320
45 46 54 0.555939 0.078187 0.365874 92.470958 328.115010
45 46 54 0.352265 0.449778 0.197957 103.470984 323.254448
45 46 54 0.859396 0.064210 0.076394 89.291493 320.357852
45 46 54 0.287143 0.184081 0.528776 95.133355 336.009241
45 46 54 0.643268 0.034141 0.322591 90.978773 330.105846
45 46 54 0.230224 0.345719 0.424057 102.163879 333.182795
46 55 54 0.190823 0.056116 0.753061 102.510967 346.579937
46 55 54 0.188212 0.643374 0.168414 122.390873 344.224211
46 55 54 0.676872 0.260196 0.062932 123.022507 332.340075
46 55 54 0.450680 0.027647 0.521673 110.662005 340.879799
46 55 54 0.980750 0.008650 0.010600 125.624258 318.046263
46 55 54 0.783767 0.212864 0.003369 126.336113 327.814948
46 55 54 0.228209 0.650790 0.121001 123.198549 342.615271
46 55 54 0.265561 0.590544 0.143895 126.545994 344.556032
46 55 54 0.904184 0.039150 0.056666 120.773679 318.740958
46 55 54 0.979730 0.005506 0.014764 126.866890 319.663091
46 47 55 0.452303 0.042122 0.505575 131.651181 333.414885
46 47 55 0.171405 0.002716 0.825880 127.355022 344.803196
46 47 55 0.160589 0.277483 0.561927 135.907764 336.148477
46 47 55 0.860017 0.089866 0.050117 130.270889 318.486020
46 47 55 0.327769 0.068896 0.603336 134.710137 333.523396
46 47 55 0.562841 0.414172 0.022987 143.905753 319.302974
46 47 55 0.887095 0.062206 0.050699 125.772721 322.444236
46 47 55 0.158986 0.138454 0.702560 131.977665 343.760268
46 47 55 0.760395 0.168450 0.071154 129.601800 321.261821
46 47 55 0.161365 0.318291 0.520344 143.543968 333.105192
47 56 55 0.749420 0.178347 0.072233 163.344287 325.747848
47 56 55 0.940693 0.007150 0.052157 167.797170 318.908156
47 56 55 0.269611 0.157594 0.572795 145.789649 344.969656
47 56 55 0.529515 0.389931 0.080553 163.853486 331.879798
47 56 55 0.833133 0.138480 0.028386 164.675732 323.038282
47 56 55 0.225939 0.251285 0.522776 146.417053 345.309861
47 56 55 0.952653 0.004744 0.042603 161.004985 319.365834
47 56 55 0.189288 0.484253 0.326459 157.171018 347.028344
47 56 55 0.145506 0.375802 0.478693 149.988346 344.900608
47 56 55 0.009460 0.051042 0.939499 133.107788 349.775543
47 48 56 0.928934 0.034277 0.036789 166.829086 317.824860
47 48 56 0.012160 0.745402 0.242438 192.430313 323.150471
47 48 56 0.520160 0.321531 0.158308 178.331025 324.569429
47 48 56 0.588009 0.395007 0.016984 178.103115 316.883582
47 48 56 0.413869 0.428011 0.158119 185.051884 324.404289
47 48 56 0.504165 0.322859 0.172976 177.865966 323.091738
47 48 56 0.792124 0.123020 0.084856 170.836761 321.485544
47 48 56 0.496089 0.017952 0.485960 167.533768 333.470353
47 48 56 0.162000 0.571204 0.266796 186.849814 326.043983
47 48 56 0.252121 0.015102 0.732777 164.121487 345.150461
48 57 56 0.279781 0.279678 0.440540 191.385846 342.194378
48 57 56 0.296745 0.644588 0.058668 202.577839 344.875696
48 57 56 0.168024 0.770245 0.061731 206.764296 343.221401
48 57 56 0.436290 0.236439 0.327271 193.940835 337.887517
48 57 56 0.809552 0.099022 0.091427 198.270477 325.720624
48 57 56 0.840920 0.025692 0.133387 197.996244 326.498567
48 57 56 0.380799 0.414449 0.204751 196.334370 338.309955
48 57 56 0.754538 0.046241 0.199222 196.348347 328.163657
48 57 56 0.788605 0.176496 0.034900 202.137154 325.990511
48 57 56 0.621933 0.255144 0.122923 202.172290 334.031813
48 49 57 0.013554 0.490153 0.496293 224.146521 335.626436
48 49 57 0.975632 0.001252 0.023116 203.199699 320.523044
48 49 57 0.784353 0.083037 0.132610 207.346794 321.008743
48 49 57 0.565003 0.314568 0.120429 216.424438 324.313077
48 49 57 0.256152 0.458534 0.285314 222.730055 327.343453
48 49 57 0.985749 0.011749 0.002502 202.712769 316.700844
48 49 57 0.470309 0.131043 0.398649 211.619122 333.020478
48 49 57 0.401194 0.233338 0.365469 213.129511 331.368094
48 49 57 0.588322 0.353722 0.057956 214.130556 321.921436
48 49 57 0.491138 0.185472 0.323390 206.280826 331.314734
49 58 57 0.996698 0.003035 0.000268 245.817140 318.052609
49 58 57 0.907560 0.091409 0.001031 244.903755 318.259875
49 58 57 0.415556 0.438944 0.145500 237.892083 335.725083
49 58 57 0.569386 0.178266 0.252348 230.997806 331.339292
49 58 57 0.963005 0.007379 0.029617 241.649235 315.822060
49 58 57 0.391919 0.510605 0.097476 243.327013 337.530301
49 58 57 0.099665 0.432597 0.467738 227.068813 350.657661
49 58 57 0.657403 0.318837 0.023761 241.352719 329.442454
49 58 57 0.807335 0.183521 0.009144 245.830312 324.595905
49 58 57 0.504048 0.002328 0.493624 220.943728 334.188223
49 50 58 0.463961 0.533424 0.002616 262.941032 313.300600
49 50 58 0.046189 0.898527 0.055285 283.266876 322.314482
49 50 58 0.393130 0.483623 0.123247 263.197221 322.030645
49 50 58 0.301041 0.117723 0.581236 254.867457 337.194328
49 50 58 0.611279 0.228246 0.160475 253.524307 325.252011
49 50 58 0.954654 0.040874 0.004472 246.264614 316.617159
49 50 58 0.641831 0.140007 0.218162 247.748057 327.818347
49 50 58 0.888374 0.033026 0.078600 247.811594 324.399143
49 50 58 0.073004 0.475790 0.451206 266.072706 330.011564
49 50 58 0.589548 0.037623 0.372829 245.865670 328.260160
50 59 58 0.603324 0.302957 0.093719 285.546132 330.025111
50 59 58 0.432232 0.341459 0.226309 277.109420 334.709761
50 59 58 0.195611 0.380700 0.423689 270.773244 342.721311
50 59 58 0.855270 0.135249 0.009480 289.070538 321.769441
50 59 58 0.201725 0.553243 0.245032 277.505753 346.188858
50 59 58 0.913207 0.070369 0.016425 286.958369 318.847626
50 59 58 0.744598 0.097883 0.157519 281.640137 327.024070
50 59 58 0.120861 0.673051 0.206088 279.022928 350.170279
50 59 58 0.345764 0.278247 0.375990 268.846254 339.752043
50 59 58 0.135290 0.604513 0.260197 276.203026 344.597580
50 51 59 0.883614 0.075062 0.041324 290.339950 316.540405
50 51 59 0.572760 0.262000 0.165240 297.517937 322.821901
50 51 59 0.216880 0.754921 0.028200 320.062866 316.022400
50 51 59 0.030886 0.599402 0.369712 310.853198 328.650662
50 51 59 0.915945 0.011781 0.072274 289.585208 320.752262
50 51 59 0.832386 0.122149 0.045466 292.222303 319.097659
50 51 59 0.452696 0.033612 0.513692 286.969312 335.971857
50 51 59 0.876197 0.070751 0.053051 291.253572 319.526464
50 51 59 0.630124 0.218653 0.151224 295.253260 320.254233
50 51 59 0.148288 0.175012 0.676700 293.973058 340.981114
51 60 59 0.088274 0.057501 0.854224 290.817732 348.129202
51 60 59 0.883737 0.053272 0.062990 326.663585 322.288746
51 60 59 0.762848 0.193038 0.044114 323.068512 329.195752
51 60 59 0.582470 0.399670 0.017860 325.391207 332.522202
51 60 59 0.935602 0.024789 0.039610 324.478054 317.003622
51 60 59 0.309201 0.041325 0.649474 302.138743 342.740350
51 60 59 0.267731 0.071590 0.660678 301.292421 342.547029
51 60 59 0.998239 0.001022 0.000739 328.424425 319.124941
51 60 59 0.621274 0.183608 0.195118 317.271918 330.356835
51 60 59 0.525777 0.305599 0.168624 320.927890 336.498462
51 52 60 0.570398 0.406018 0.023583 346.840777 317.092135
51 52 60 0.700752 0.100984 0.198263 332.771063 326.696123
51 52 60 0.465784 0.411185 0.123031 347.587673 323.530286
51 52 60 0.816392 0.136762 0.046847 331.286270 319.578972
51 52 60 0.911481 0.024242 0.064278 332.624866 318.916525
51 52 60 0.922366 0.046664 0.030970 331.495868 318.153198
51 52 60 0.905062 0.087725 0.007213 332.032209 315.406330
51 52 60 0.068198 0.847409 0.084392 364.558701 321.445594
51 52 60 0.669101 0.126783 0.204116 334.033176 328.004125
51 52 60 0.881796 0.041443 0.076762 333.504640 319.330930
52 61 60 0.294004 0.631556 0.074440 370.262525 344.131067
52 61 60 0.668661 0.064503 0.266837 358.208163 329.953344
52 61 60 0.676351 0.032012 0.291637 359.032829 327.667734
52 61 60 0.806326 0.142054 0.051620 370.354648 321.316455
52 61 60 0.184721 0.535245 0.280034 357.207988 348.949356
52 61 60 0.129267 0.066498 0.804236 336.647605 344.682549
52 61 60 0.689692 0.226450 0.083859 364.259933 332.044847
52 61 60 0.550162 0.271807 0.178032 362.149697 335.369426
52 61 60 0.246234 0.652398 0.101368 364.621277 344.163205
52 61 60 0.989450 0.009836 0.000714 370.098974 321.411724
52 53 61 0.204507 0.236644 0.558850 380.828174 339.846365
52 53 61 0.997415 0.000405 0.002180 367.570168 318.261674
52 53 61 0.207123 0.180502 0.612375 374.076359 340.741796
52 53 61 0.308646 0.143700 0.547654 374.784362 340.435224
52 53 61 0.688278 0.286641 0.025081 380.326543 318.548208
52 53 61 0.783375 0.094493 0.122132 374.540993 320.945539
52 53 61 0.122064 0.597495 0.280440 394.501595 326.849413
52 53 61 0.716267 0.014833 0.268900 370.983123 326.429918
52 53 61 0.576119 0.355390 0.068490 390.389050 320.716391
52 53 61 0.319566 0.571414 0.109019 396.219262 319.451396
53 62 61 0.972186 0.002768 0.025046 415.861216 319.692819
53 62 61 0.107485 0.105231 0.787283 378.048239 350.714764
53 62 61 0.886198 0.002475 0.111328 412.540104 321.138757
53 62 61 0.689253 0.281959 0.028788 415.581599 326.068127
53 62 61 0.142578 0.271000 0.586422 387.012861 349.817660
53 62 61 0.055620 0.395183 0.549197 389.455370 350.322088
53 62 61 0.682458 0.180088 0.137454 411.022092 328.280539
53 62 61 0.682240 0.145093 0.172668 407.834914 324.859180
53 62 61 0.726052 0.121530 0.152418 406.137118 325.284254
53 62 61 0.912539 0.081048 0.006414 418.379504 316.935910
54 55 63 0.334334 0.414363 0.251303 111.922741 355.090538
54 55 63 0.023171 0.830284 0.146544 128.416522 357.232648
54 55 63 0.817465 0.064609 0.117926 101.470257 353.345280
54 55 63 0.304969 0.637739 0.057292 116.657944 348.028245
54 55 63 0.340355 0.163771 0.495874 106.717728 364.370920
54 55 63 0.687315 0.072527 0.240159 102.746620 357.370433
54 55 63 0.279792 0.442897 0.277311 111.308014 360.367480
54 55 63 0.130966 0.768183 0.100851 124.516687 351.210092
54 55 63 0.198134 0.311914 0.489951 114.042831 363.417515
54 55 63 0.939745 0.011981 0.048274 96.447102 350.610665
55 64 63 0.643920 0.111137 0.244943 126.635996 365.433143
55 64 63 0.078248 0.914400 0.007352 142.351852 379.171049
55 64 63 0.042818 0.708824 0.248358 128.887962 377.523746
55 64 63 0.283364 0.118438 0.598198 114.951837 370.892415
55 64 63 0.905920 0.029699 0.064381 128.951612 354.451217
55 64 63 0.012954 0.626278 0.360767 126.151266 376.704777
55 64 63 0.491830 0.033656 0.474515 118.688659 368.254208
55 64 63 0.499268 0.093123 0.407609 120.765375 366.197323
55 64 63 0.786507 0.031546 0.181947 125.804570 357.255796
55 64 63 0.157543 0.521647 0.320810 129.019081 372.351843
55 56 64 0.179704 0.142237 0.678059 142.038014 364.505300
55 56 64 0.430461 0.359133 0.210406 152.345865 359.932416
55 56 64 0.633299 0.174316 0.192385 139.948321 354.408605
55 56 64 0.164654 0.406801 0.428545 154.853523 361.379057
55 56 64 0.261911 0.050840 0.687249 139.482368 367.623273
55 56 64 0.759280 0.174135 0.066585 141.035642 356.373158
55 56 64 0.288762 0.522279 0.188959 155.519996 360.329725
55 56 64 0.162751 0.511724 0.325525 154.340766 366.924700
55 56 64 0.410177 0.169266 0.420557 141.197924 360.166989
55 56 64 0.335873 0.147361 0.516765 141.373951 362.243795
56 65 64 0.338544 0.352744 0.308712 164.994854 366.500483
56 65 64 0.432336 0.520702 0.046962 175.521749 367.809319
56 65 64 0.100740 0.461559 0.437701 155.019719 376.913320
56 65 64 0.418106 0.486742 0.095152 170.651537 367.217855
56 65 64 0.217692 0.529617 0.252691 162.677363 367.702278
56 65 64 0.806752 0.051026 0.142222 167.374630 357.591937
56 65 64 0.149485 0.477437 0.373078 161.269505 372.859840
56 65 64 0.000610 0.572837 0.426553 160.640281 376.925313
56 65 64 0.882235 0.109827 0.007939 171.156670 358.255093
56 65 64 0.607245 0.146664 0.246091 162.807778 362.755902
56 57 65 0.452568 0.317562 0.229870 186.943407 358.177877
56 57 65 0.040331 0.653677 0.305992 194.334754 359.403302
56 57 65 0.576442 0.030287 0.393271 174.262521 361.146679
56 57 65 0.748509 0.019712 0.231779 171.489354 360.849100
56 57 65 0.189512 0.504369 0.306119 190.508597 358.713689
56 57 65 0.739982 0.114594 0.145425 177.471687 357.439816
56 57 65 0.564541 0.098442 0.337017 177.088296 361.802430
56 57 65 0.439655 0.294305 0.266040 182.106883 359.117947
56 57 65 0.064777 0.177955 0.757268 184.027469 372.212185
56 57 65 0.355749 0.526140 0.118112 190.330357 354.040988
57 66 65 0.863721 0.134519 0.001760 207.250357 352.108174
57 66 65 0.095871 0.332011 0.572118 190.982129 377.546294
57 66 65 0.769799 0.144612 0.085589 206.334786 358.755183
57 66 65 0.814260 0.053852 0.131888 203.057516 358.613001
57 66 65 0.644071 0.071382 0.284547 196.092539 359.766876
57 66 65 0.782670 0.016031 0.201299 201.451521 356.034075
57 66 65 0.819918 0.118609 0.061473 207.646261 352.249868
57 66 65 0.777968 0.043236 0.178796 199.104049 358.207139
57 66 65 0.314946 0.613694 0.071361 206.372963 371.528999
57 66 65 0.317744 0.179043 0.503212 191.953043 372.914124
57 58 66 0.412086 0.564133 0.023781 231.200372 352.324575
57 58 66 0.851265 0.000965 0.147770 205.768159 355.127474
57 58 66 0.251791 0.137888 0.610321 219.108031 367.608278
57 58 66 0.015611 0.900392 0.083997 242.935099 356.947788
57 58 66 0.841085 0.153385 0.005530 214.587930 349.885230
57 58 66 0.102159 0.416858 0.480983 228.118662 363.915443
57 58 66 0.680087 0.261738 0.058174 219.191640 354.341383
57 58 66 0.797130 0.054437 0.148433 212.867124 352.598772
57 58 66 0.214317 0.474644 0.311039 227.124775 359.223375
57 58 66 0.692035 0.249614 0.058350 215.026650 352.879319
58 67 66 0.199564 0.479959 0.320478 234.362272 374.115115
58 67 66 0.851749 0.014138 0.134113 241.741844 359.294792
58 67 66 0.781574 0.064952 0.153474 244.505851 356.404358
58 67 66 0.190751 0.117448 0.691801 227.700523 375.666068
58 67 66 0.323259 0.413797 0.262944 241.035119 368.096430
58 67 66 0.575920 0.320839 0.103241 245.708764 365.916872
58 67 66 0.648518 0.346345 0.005136 247.501489 360.523723
58 67 66 0.405556 0.139391 0.455052 233.020999 367.623569
58 67 66 0.659274 0.128052 0.212674 238.158891 361.537401
58 67 66 0.678710 0.155506 0.165785 242.351660 358.977349
58 59 67 0.346021 0.097706 0.556273 250.184153 368.947532
58 59 67 0.487104 0.162248 0.350649 255.310327 363.866788
58 59 67 0.397186 0.428782 0.174032 262.150807 355.254856
58 59 67 0.380141 0.479450 0.140409 265.946041 359.939457
58 59 67 0.113750 0.437065 0.449185 265.033941 364.257249
58 59 67 0.654716 0.279816 0.065468 258.585281 354.744469
58 59 67 0.026566 0.867436 0.105998 281.170946 357.617915
58 59 67 0.292149 0.010049 0.697802 251.156383 374.222391
58 59 67 0.304288 0.027394 0.668318 250.259023 369.623320
58 59 67 0.776687 0.013628 0.209685 244.911520 359.664302
59 68 67 0.142470 0.201391 0.656139 261.922811 376.067914
59 68 67 0.557905 0.264135 0.177960 280.827795 362.587163
59 68 67 0.787753 0.042947 0.169301 279.073201 357.115328
59 68 67 0.871852 0.077451 0.050697 282.767301 355.615612
59 68 67 0.334233 0.580991 0.084776 285.357907 371.752860
59 68 67 0.272912 0.667427 0.059661 282.560343 372.867012
59 68 67 0.213621 0.402314 0.384064 274.010772 373.137534
59 68 67 0.551767 0.295958 0.152275 277.272692 367.348555
59 68 67 0.179862 0.403157 0.416981 268.738903 374.572653
59 68 67 0.315066 0.475719 0.209216 278.062154 373.163598
59 60 68 0.288344 0.329070 0.382586 298.504341 360.747124
59 60 68 0.496838 0.171014 0.332148 290.474934 363.576428
59 60 68 0.186098 0.010146 0.803756 290.929660 372.119898
59 60 68 0.366415 0.272769 0.360816 298.425396 365.300604
59 60 68 0.016498 0.975156 0.008347 327.382992 353.466880
59 60 68 0.768120 0.208371 0.023508 294.519205 350.535762
59 60 68 0.211539 0.317448 0.471013 299.326827 365.243759
59 60 68 0.531966 0.329011 0.139023 297.235810 360.643455
59 60 68 0.997910 0.001753 0.000336 289.429287 354.861915
59 60 68 0.659359 0.054396 0.286246 293.308194 365.104174
60 69 68 0.413729 0.263550 0.322721 310.278684 370.593647
60 69 68 0.071535 0.470431 0.458034 303.832829 376.037639
60 69 68 0.548722 0.085936 0.365343 309.882292 368.368274
60 69 68 0.215021 0.469953 0.315027 313.120731 375.145293
60 69 68 0.281710 0.314446 0.403844 307.019437 373.899717
60 69 68 0.390295 0.322101 0.287603 314.345092 372.775080
60 69 68 0.385261 0.456329 0.158410 314.933519 370.232914
60 69 68 0.865532 0.112849 0.021619 324.491873 358.431389
60 69 68 0.980038 0.006559 0.013403 325.416867 353.548179
60 69 68 0.458618 0.256913 0.284470 312.344286 368.672619
60 61 69 0.973425 0.023802 0.002773 328.541350 351.578218
60 61 69 0.376136 0.174973 0.448891 335.022520 361.037952
60 61 69 0.858622 0.027487 0.113891 326.935150 356.331860
60 61 69 0.605946 0.182588 0.211466 335.104054 360.375157
60 61 69 0.570417 0.129628 0.299956 331.920687 358.671025
60 61 69 0.706753 0.223475 0.069772 334.985756 355.133038
60 61 69 0.915688 0.030818 0.053494 329.629976 361.117422
60 61 69 0.735041 0.010734 0.254225 325.886477 358.005201
60 61 69 0.226058 0.411460 0.362482 345.748949 363.756204
60 61 69 0.949155 0.008284 0.042561 328.895813 356.124492
61 70 69 0.862780 0.127582 0.009639 366.977114 359.800380
61 70 69 0.852477 0.146079 0.001444 366.381029 357.878916
61 70 69 0.200282 0.572049 0.227669 361.143223 376.790785
61 70 69 0.786789 0.064220 0.148991 362.837204 360.875285
61 70 69 0.681169 0.072246 0.246585 354.366370 361.568704
61 70 69 0.266127 0.636906 0.096967 357.772234 375.027943
61 70 69 0.368419 0.017006 0.614575 337.772587 370.268283
61 70 69 0.527523 0.040024 0.432453 343.356942 365.468479
61 70 69 0.534265 0.183295 0.282440 352.026417 366.530762
61 70 69 0.123646 0.809703 0.066650 364.536766 382.285982
61 62 70 0.355435 0.214294 0.430271 378.893947 361.027193
61 62 70 0.334824 0.191303 0.473873 369.773495 370.737434
61 62 70 0.563360 0.168939 0.267701 376.390512 362.892780
61 62 70 0.291377 0.304685 0.403938 382.964362 366.095476
61 62 70 0.193838 0.246807 0.559355 373.219957 369.461024
61 62 70 0.483834 0.219151 0.297015 375.000264 360.098563
61 62 70 0.317189 0.598566 0.084245 392.276032 354.902722
61 62 70 0.043385 0.659158 0.297457 396.803532 363.567552
61 62 70 0.872496 0.105335 0.022169 374.073018 356.501454
61 62 70 0.840825 0.111725 0.047450 374.122659 354.563981
62 71 70 0.153947 0.567143 0.278910 394.615442 375.834864
62 71 70 0.285035 0.384983 0.329981 391.824614 372.035660
62 71 70 0.003920 0.846192 0.149888 398.637725 379.394910
62 71 70 0.476211 0.146426 0.377364 389.814538 366.846230
62 71 70 0.444770 0.282104 0.273126 397.062824 372.137726
62 71 70 0.418772 0.089412 0.491816 388.608041 370.143296
62 71 70 0.851608 0.040133 0.108259 404.270583 355.731455
62 71 70 0.687906 0.118644 0.193450 400.112514 363.698326
62 71 70 0.723197 0.055249 0.221554 401.026043 359.906805
62 71 70 0.039653 0.191164 0.769183 371.905786 379.932102
63 64 72 0.858428 0.116732 0.024841 111.955878 374.658392
63 64 72 0.935244 0.056033 0.008723 108.127592 377.108732
63 64 72 0.744864 0.066609 0.188527 110.209131 380.440026
63 64 72 0.955613 0.004075 0.040312 107.863756 378.287974
63 64 72 0.999359 0.000362 0.000280 105.577700 377.135745
63 64 72 0.511992 0.104279 0.383729 116.216081 385.064301
63 64 72 0.511536 0.079823 0.408641 112.760768 388.065221
63 64 72 0.199460 0.236824 0.563716 120.334104 389.043423
63 64 72 0.243375 0.655500 0.101126 129.508099 379.998879
63 64 72 0.517110 0.103552 0.379338 112.078571 383.135443
64 73 72 0.785655 0.172761 0.041584 140.622412 379.491083
64 73 72 0.224561 0.287164 0.488275 129.363902 390.918252
64 73 72 0.990413 0.001311 0.008276 140.252578 372.692305
64 73 72 0.037194 0.591127 0.371679 139.817388 392.939195
64 73 72 0.327148 0.253007 0.419846 132.625907 389.613997
64 73 72 0.204789 0.380750 0.414461 133.658824 391.465379
64 73 72 0.203653 0.020143 0.776204 122.944429 395.390499
64 73 72 0.093538 0.767896 0.138566 146.132409 397.137047
64 73 72 0.518430 0.349144 0.132426 144.986500 390.234911
64 73 72 0.852915 0.089795 0.057290 141.048842 381.504990
64 65 73 0.132696 0.048372 0.818932 148.570860 391.823536
64 65 73 0.905633 0.023537 0.070830 143.330390 379.782849
64 65 73 0.150173 0.252739 0.597088 154.844390 389.182043
64 65 73 0.664719 0.169506 0.165775 145.869862 381.531715
64 65 73 0.815780 0.063820 0.120400 143.603671 379.626748
64 65 73 0.297369 0.114177 0.588454 149.883847 387.773593
64 65 73 0.052242 0.490793 0.456965 160.715638 385.449007
64 65 73 0.039757 0.585297 0.374946 161.977537 384.192217
64 65 73 0.874956 0.010972 0.114071 143.298946 382.913794
64 65 73 0.798747 0.197239 0.004014 144.245009 375.222743
65 74 73 0.557069 0.175699 0.267232 173.571422 386.817028
65 74 73 0.505610 0.143558 0.350833 166.944795 386.206200
65 74 73 0.446228 0.058245 0.495527 161.366984 384.082019
65 74 73 0.229533 0.410192 0.360275 173.340126 394.363800
65 74 73 0.991182 0.003906 0.004912 174.957111 378.575332
65 74 73 0.433710 0.145552 0.420738 165.110015 391.681173
65 74 73 0.584581 0.133370 0.282050 166.321546 385.294160
65 74 73 0.060248 0.352885 0.586866 161.312334 391.967981
65 74 73 0.537491 0.285134 0.177375 175.097256 388.353039
65 74 73 0.055927 0.465029 0.479044 165.053912 394.169102
65 66 74 0.868918 0.018766 0.112316 173.799694 378.669611
65 66 74 0.350888 0.177837 0.471276 186.207745 387.350088
65 66 74 0.687033 0.162976 0.149991 180.165471 380.526386
65 66 74 0.396746 0.202777 0.400477 184.933726 389.091124
65 66 74 0.517415 0.441438 0.041147 192.740456 381.487607
65 66 74 0.557128 0.021957 0.420915 177.434698 385.583063
65 66 74 0.994680 0.000142 0.005178 173.600499 379.831006
65 66 74 0.790064 0.140811 0.069125 183.987755 383.367639
65 66 74 0.296681 0.620645 0.082674 200.171168 382.530858
65 66 74 0.918952 0.072848 0.008200 179.046300 375.186512
66 75 74 0.415204 0.442992 0.141804 212.430852 390.401143
66 75 74 0.254753 0.089932 0.655315 196.789672 392.180528
66 75 74 0.091588 0.655162 0.253250 208.337133 393.994053
66 75 74 0.349781 0.540352 0.109867 215.329807 389.202101
66 75 74 0.052388 0.148307 0.799305 191.576261 393.689210
66 75 74 0.841049 0.046015 0.112936 210.540395 381.102520
66 75 74 0.251300 0.227254 0.521445 196.428921 394.983444
66 75 74 0.626283 0.113851 0.259865 209.144712 382.283047
66 75 74 0.428878 0.137263 0.433859 201.729046 393.458111
66 75 74 0.295175 0.696038 0.008787 217.433256 391.220924
66 67 75 0.026167 0.229756 0.744077 224.946914 394.152721
66 67 75 0.018967 0.108556 0.872477 222.009718 395.311398
66 67 75 0.598599 0.168772 0.232629 217.859654 381.199781
66 67 75 0.020471 0.086497 0.893032 220.734264 397.034191
66 67 75 0.322943 0.433025 0.244032 227.690048 381.011677
66 67 75 0.269016 0.589040 0.141944 237.149702 379.770462
66 67 75 0.031484 0.915547 0.052970 246.030829 376.960704
66 67 75 0.295254 0.019213 0.685532 216.030937 387.924158
66 67 75 0.670974 0.296135 0.032891 225.344811 377.472046
66 67 75 0.815859 0.152172 0.031969 218.384016 376.533072
67 76 75 0.052090 0.941943 0.005968 254.646681 397.885724
67 76 75 0.634814 0.164778 0.200408 246.206703 388.322777
67 76 75 0.789326 0.074088 0.136586 245.801246 382.882929
67 76 75 0.996734 0.001711 0.001556 248.304173 377.906846
67 76 75 0.264345 0.548113 0.187542 246.059983 391.410089
67 76 75 0.646179 0.040516 0.313305 240.580884 383.038968
67 76 75 0.787650 0.147664 0.064686 248.219222 383.254111
67 76 75 0.715134 0.002345 0.282521 239.961310 383.292824
67 76 75 0.025435 0.893741 0.080823 245.923226 396.884807
67 76 75 0.554555 0.273455 0.171990 242.848842 385.019550
67 68 76 0.742572 0.099863 0.157565 251.610940 380.543553
67 68 76 0.853819 0.105364 0.040817 255.412319 380.823160
67 68 76 0.628177 0.077336 0.294486 253.276222 382.861170
67 68 76 0.109897 0.774705 0.115399 278.436806 381.387741
67 68 76 0.108881 0.592299 0.298820 273.677979 386.195726
67 68 76 0.284519 0.055844 0.659637 254.689292 391.682022
67 68 76 0.497074 0.271041 0.231885 262.571149 384.788374
67 68 76 0.979772 0.002534 0.017694 251.261407 377.407915
67 68 76 0.690298 0.179759 0.129943 254.782536 378.980671
67 68 76 0.938080 0.020862 0.041058 251.673036 385.688981
68 77 76 0.143433 0.006979 0.849588 254.630228 392.152447
68 77 76 0.478776 0.031381 0.489843 268.160455 390.151104
68 77 76 0.863281 0.111268 0.025451 286.633500 380.859304
68 77 76 0.827701 0.090634 0.081665 281.082644 379.248707
68 77 76 0.601602 0.286935 0.111463 279.629596 386.071063
68 77 76 0.250129 0.224781 0.525090 268.386608 394.796729
68 77 76 0.021809 0.972714 0.005477 286.819363 398.380508
68 77 76 0.262590 0.375758 0.361652 277.901978 395.448403
68 77 76 0.554695 0.250043 0.195261 280.043197 386.426673
68 77 76 0.637407 0.089946 0.272647 276.353190 387.474941
68 69 77 0.889376 0.041252 0.069372 287.288370 383.106519
68 69 77 0.128924 0.284108 0.586968 298.040466 394.225220
68 69 77 0.394588 0.569617 0.035795 308.030918 379.930923
68 69 77 0.161710 0.428178 0.410112 301.189533 386.304176
68 69 77 0.915897 0.008259 0.075844 289.607300 380.523125
68 69 77 0.605123 0.253559 0.141318 291.017953 383.757034
68 69 77 0.764114 0.179707 0.056179 288.232863 383.406032
68 69 77 0.953691 0.025525 0.020783 287.168925 380.590728
68 69 77 0.980880 0.013939 0.005181 285.111803 380.885293
68 69 77 0.712804 0.279126 0.008070 295.233959 380.958199
69 78 77 0.792036 0.143550 0.064414 319.607384 382.815450
69 78 77 0.559485 0.040471 0.400044 309.796606 390.497131
69 78 77 0.378194 0.029759 0.592047 302.542641 388.267504
69 78 77 0.459048 0.096846 0.444106 306.041034 389.546483
69 78 77 0.161497 0.298487 0.540016 304.197662 397.211902
69 78 77 0.130478 0.261062 0.608460 302.604380 395.219351
69 78 77 0.683268 0.169003 0.147729 318.931018 386.419679
69 78 77 0.598833 0.182040 0.219127 316.766407 390.444762
69 78 77 0.194326 0.627437 0.178236 316.451365 398.121829
69 78 77 0.859754 0.070053 0.070192 318.788442 385.803702
69 70 78 0.534702 0.321767 0.143530 336.250885 384.185639
69 70 78 0.395305 0.339335 0.265360 339.975373 384.799484
69 70 78 0.492529 0.275225 0.232246 338.843762 382.703160
69 70 78 0.197762 0.578086 0.224152 348.220119 385.537413
69 70 78 0.268708 0.486026 0.245265 345.972554 384.089094
69 70 78 0.615017 0.067875 0.317109 330.611065 387.183463
69 70 78 0.472054 0.171927 0.356019 335.555376 388.364958
69 70 78 0.060819 0.738920 0.200261 351.648556 381.682208
69 70 78 0.970899 0.019079 0.010022 325.804855 381.325682
69 70 78 0.548303 0.028022 0.423675 322.577794 392.030369
70 79 78 0.857772 0.008545 0.133682 360.275136 383.169165
70 79 78 0.027289 0.632546 0.340165 347.172572 396.907520
70 79 78 0.735293 0.199291 0.065416 359.040943 384.946331
70 79 78 0.802793 0.010781 0.186426 358.751694 385.315187
70 79 78 0.198755 0.344284 0.456961 343.255195 396.013452
70 79 78 0.197359 0.585885 0.216756 354.727246 397.953773
70 79 78 0.249187 0.511295 0.239518 350.339229 396.072970
70 79 78 0.235801 0.408351 0.355848 348.794261 395.398505
70 79 78 0.088521 0.436512 0.474967 344.805019 401.749603
70 79 78 0.683612 0.229888 0.086499 361.280965 388.955659
70 71 79 0.610556 0.162275 0.227169 371.846783 386.206511
70 71 79 0.672607 0.172454 0.154939 371.240915 383.616256
70 71 79 0.259811 0.000210 0.739979 358.598142 394.595499
70 71 79 0.221546 0.647641 0.130813 390.817828 382.696997
70 71 79 0.028358 0.128694 0.842948 366.796701 401.077921
70 71 79 0.598763 0.392006 0.009231 383.147541 382.551003
70 71 79 0.750887 0.176988 0.072124 373.578169 383.628982
70 71 79 0.688561 0.293814 0.017625 374.812524 387.416866
70 71 79 0.113807 0.600118 0.286075 387.381234 390.960203
70 71 79 0.399276 0.232351 0.368373 373.142287 391.592473
71 80 79 0.165211 0.023885 0.810904 368.296715 401.327728
71 80 79 0.526625 0.204090 0.269285 395.929531 394.796900
71 80 79 0.718923 0.045764 0.235313 394.630062 387.991828
71 80 79 0.502957 0.436616 0.060427 402.111061 392.333326
71 80 79 0.583906 0.114033 0.302061 392.133251 389.183722
71 80 79 0.649838 0.201880 0.148282 397.480060 387.625328
71 80 79 0.177920 0.563758 0.258322 389.278826 398.727475
71 80 79 0.446869 0.156950 0.396181 386.454334 395.271099
71 80 79 0.399090 0.306523 0.294386 393.799065 394.677036
71 80 79 0.310837 0.535993 0.153171 394.413257 397.529408
