0 1 9 0.117663 0.013111 0.869226 113.752313 184.289571
0 1 9 0.637266 0.334107 0.028627 132.135647 177.204817
0 1 9 0.188027 0.261947 0.550026 126.600025 181.515501
0 1 9 0.542313 0.406684 0.051003 138.995751 175.310196
0 1 9 0.716119 0.059512 0.224369 119.974833 175.594135
0 1 9 0.314991 0.040822 0.644187 115.557421 183.316797
0 1 9 0.592867 0.278952 0.128180 128.168644 177.607760
0 1 9 0.498922 0.150811 0.350266 121.269238 179.240695
0 1 9 0.572021 0.405477 0.022502 132.325272 174.486681
0 1 9 0.590493 0.404928 0.004579 133.094296 174.065256
1 10 9 0.460084 0.053274 0.486642 133.669298 185.423751
1 10 9 0.058527 0.370782 0.570691 125.946595 184.901690
1 10 9 0.618517 0.124215 0.257268 143.000616 180.419163
1 10 9 0.552004 0.109641 0.338355 137.357144 183.312334
1 10 9 0.828293 0.132516 0.039191 151.895575 180.489361
1 10 9 0.440063 0.179178 0.380759 133.313073 180.515258
1 10 9 0.738503 0.122513 0.138984 145.166928 176.637124
1 10 9 0.239836 0.648503 0.111661 142.054208 185.048636
1 10 9 0.447169 0.007691 0.545141 133.089104 183.438512
1 10 9 0.962119 0.029491 0.008390 152.080138 175.527911
1 2 10 0.164213 0.353179 0.482608 160.582342 182.646874
1 2 10 0.004941 0.600156 0.394902 169.416291 181.431169
1 2 10 0.265301 0.194586 0.540112 154.713040 182.084976
1 2 10 0.736573 0.107881 0.155547 154.078333 180.324519
1 2 10 0.242934 0.540664 0.216402 167.093198 177.019503
1 2 10 0.091069 0.184859 0.724073 156.352436 181.219374
1 2 10 0.842945 0.111193 0.045863 151.006175 175.204596
1 2 10 0.720969 0.225854 0.053177 162.405747 176.272575
1 2 10 0.770524 0.033456 0.196020 153.364188 177.607926
1 2 10 0.102256 0.232642 0.665101 157.971076 183.119967
2 11 10 0.986699 0.012522 0.000779 179.679145 178.091386
2 11 10 0.338552 0.524368 0.137079 181.137719 182.282516
2 11 10 0.702243 0.043769 0.253988 174.744383 178.969439
2 11 10 0.085641 0.541100 0.373259 168.076210 183.395530
2 11 10 0.310797 0.056205 0.632999 161.073647 184.073334
2 11 10 0.714325 0.018824 0.266852 172.316076 180.568651
2 11 10 0.574779 0.070836 0.354386 170.498666 179.702827
2 11 10 0.996351 0.002998 0.000651 184.760821 175.264012
2 11 10 0.979735 0.001214 0.019051 184.072546 176.909714
2 11 10 0.708938 0.264520 0.026543 185.049851 179.529225
2 3 11 0.487243 0.206647 0.306110 190.735384 181.174604
2 3 11 0.708372 0.077500 0.214127 183.728982 177.182941
2 3 11 0.357747 0.067664 0.574589 181.763323 184.532585
2 3 11 0.442226 0.551066 0.006707 198.732597 173.154502
2 3 11 0.053733 0.897356 0.048911 210.335430 178.364746
2 3 11 0.051685 0.883795 0.064520 210.536203 179.422070
2 3 11 0.307963 0.089258 0.602779 184.005146 181.311394
2 3 11 0.267474 0.058331 0.674195 181.378012 178.706399
2 3 11 0.378485 0.536129 0.085386 200.156914 179.951509
2 3 11 0.402382 0.020052 0.577566 179.810325 183.959573
3 12 11 0.733773 0.180579 0.085649 210.166900 181.450550
3 12 11 0.293506 0.690340 0.016153 211.978273 185.304990
3 12 11 0.239344 0.207010 0.553646 195.262942 183.093153
3 12 11 0.881679 0.066069 0.052252 213.405245 179.301379
3 12 11 0.950263 0.030396 0.019341 212.792439 176.542747
3 12 11 0.005673 0.755064 0.239262 198.982996 188.068483
3 12 11 0.923994 0.024698 0.051308 211.829347 178.283567
3 12 11 0.517540 0.470167 0.012292 213.277761 177.309411
3 12 11 0.904455 0.024170 0.071375 213.365006 174.253560
3 12 11 0.898297 0.035846 0.065857 214.151607 175.478222
3 4 12 0.600065 0.190182 0.209752 219.222278 181.297296
3 4 12 0.565482 0.161650 0.272867 219.757087 178.078995
3 4 12 0.178379 0.589158 0.232463 233.591881 181.371688
3 4 12 0.878648 0.010215 0.111137 211.900116 176.886853
3 4 12 0.799551 0.174928 0.025521 219.119571 172.129060
3 4 12 0.633147 0.019240 0.347613 217.228585 180.955961
3 4 12 0.324786 0.427064 0.248151 227.433142 178.549240
3 4 12 0.311257 0.189395 0.499348 220.210751 180.061841
3 4 12 0.424154 0.328025 0.247822 225.345206 175.799457
3 4 12 0.219962 0.248271 0.531767 221.261160 181.303872
4 13 12 0.315291 0.038280 0.646429 223.735530 182.318388
4 13 12 0.948046 0.014013 0.037942 247.991949 176.243418
4 13 12 0.246902 0.561958 0.191140 238.207340 183.078183
4 13 12 0.501823 0.453381 0.044796 245.757413 183.038411
4 13 12 0.069122 0.045089 0.885789 215.755746 182.724376
4 13 12 0.629884 0.060532 0.309584 238.954214 178.326983
4 13 12 0.793485 0.080801 0.125714 244.123744 177.693965
4 13 12 0.532157 0.321327 0.146515 239.709950 182.387876
4 13 12 0.394036 0.430574 0.175390 239.039673 183.818501
4 13 12 0.546458 0.015862 0.437680 233.758390 180.140830
4 5 13 0.287921 0.567286 0.144793 266.552637 174.510204
4 5 13 0.598505 0.210239 0.191256 250.675777 174.983807
4 5 13 0.781223 0.036996 0.181781 246.098276 180.265856
4 5 13 0.917935 0.018686 0.063379 247.238879 179.177396
4 5 13 0.285459 0.683565 0.030976 267.499904 182.127308
4 5 13 0.489275 0.344592 0.166133 260.780620 179.936860
4 5 13 0.762278 0.141339 0.096383 246.807733 173.978203
4 5 13 0.037043 0.647305 0.315652 267.881286 176.044342
4 5 13 0.744212 0.073976 0.181813 248.201756 177.462958
4 5 13 0.387593 0.583733 0.028674 265.201185 175.529973
5 14 13 0.016372 0.032466 0.951162 245.578219 189.065977
5 14 13 0.847433 0.126323 0.026244 280.433130 183.685732
5 14 13 0.770156 0.123915 0.105929 279.633670 181.702808
5 14 13 0.906888 0.022926 0.070187 273.512996 177.069546
5 14 13 0.819309 0.166028 0.014663 283.554950 175.689818
5 14 13 0.624520 0.020802 0.354678 265.486076 178.496604
5 14 13 0.855644 0.086956 0.057400 275.416789 176.696360
5 14 13 0.818855 0.041243 0.139902 277.882909 182.325250
5 14 13 0.993258 0.002209 0.004533 278.871341 175.676771
5 14 13 0.099575 0.754333 0.146093 279.504916 185.804402
5 6 14 0.050449 0.933751 0.015800 312.095657 174.935121
5 6 14 0.047523 0.699091 0.253386 302.217255 178.404790
5 6 14 0.948720 0.012258 0.039022 276.965395 175.156713
5 6 14 0.000583 0.202486 0.796931 289.971791 182.369689
5 6 14 0.857289 0.142230 0.000481 280.572227 176.795553
5 6 14 0.902269 0.065243 0.032488 278.888174 177.353392
5 6 14 0.475843 0.325320 0.198837 290.598686 178.233233
5 6 14 0.986527 0.011494 0.001979 280.445885 176.189840
5 6 14 0.799630 0.079854 0.120516 279.350658 177.875099
5 6 14 0.913501 0.029234 0.057264 285.007972 178.954470
6 15 14 0.152770 0.711252 0.135978 313.191314 184.627644
6 15 14 0.279688 0.072841 0.647471 295.023136 184.831862
6 15 14 0.826400 0.172556 0.001044 310.647703 179.974616
6 15 14 0.298637 0.476026 0.225337 308.766765 184.152381
6 15 14 0.125795 0.270413 0.603792 295.945448 186.761336
6 15 14 0.465453 0.422029 0.112518 307.834335 181.149022
6 15 14 0.044647 0.667834 0.287519 305.990506 184.683435
6 15 14 0.200894 0.262742 0.536364 293.853279 183.821100
6 15 14 0.390375 0.548044 0.061581 311.592622 183.308250
6 15 14 0.273740 0.219721 0.506539 296.844984 183.766453
6 7 15 0.382716 0.492778 0.124505 330.344368 176.818488
6 7 15 0.532361 0.363287 0.104352 320.858812 175.358880
6 7 15 0.726325 0.202951 0.070723 316.668550 177.988977
6 7 15 0.893798 0.029503 0.076699 312.956138 174.432828
6 7 15 0.280984 0.706674 0.012343 335.065985 174.112671
6 7 15 0.290286 0.278338 0.431376 323.424924 179.255658
6 7 15 0.521225 0.157081 0.321694 317.542285 179.530384
6 7 15 0.091945 0.821976 0.086079 336.675486 178.308458
6 7 15 0.063137 0.578963 0.357900 333.410491 179.651267
6 7 15 0.454726 0.108775 0.436499 316.060221 181.252845
7 16 15 0.913696 0.041501 0.044803 343.429647 178.574879
7 16 15 0.837319 0.013375 0.149306 341.871068 178.404593
7 16 15 0.840744 0.144745 0.014511 346.951121 173.862896
7 16 15 0.737049 0.064489 0.198462 340.304101 180.956054
7 16 15 0.862400 0.136638 0.000962 340.250951 178.858197
7 16 15 0.319142 0.438985 0.241872 343.324237 180.323277
7 16 15 0.960162 0.016733 0.023105 345.908639 178.119741
7 16 15 0.992255 0.005772 0.001972 343.309052 173.387384
7 16 15 0.492742 0.430237 0.077021 344.767494 178.536556
7 16 15 0.130789 0.265587 0.603624 327.997032 182.856204
7 8 16 0.141730 0.451236 0.407034 361.334880 177.258559
7 8 16 0.536032 0.314520 0.149448 355.098332 174.388494
7 8 16 0.064164 0.175114 0.760721 355.543218 179.057131
7 8 16 0.426079 0.046120 0.527801 351.187833 179.432912
7 8 16 0.720226 0.185537 0.094237 353.480091 178.391648
7 8 16 0.112731 0.730710 0.156559 370.478473 173.103648
7 8 16 0.285867 0.001751 0.712382 353.774674 176.103483
7 8 16 0.571303 0.009112 0.419585 346.345948 178.480247
7 8 16 0.462748 0.332577 0.204675 356.560006 174.919469
7 8 16 0.611850 0.098509 0.289641 348.402555 175.295555
8 17 16 0.403979 0.103592 0.492429 364.322614 180.358106
8 17 16 0.427677 0.252565 0.319757 370.249922 177.480496
8 17 16 0.954918 0.028498 0.016584 377.132652 174.092247
8 17 16 0.158219 0.808373 0.033408 380.946024 189.010325
8 17 16 0.734248 0.147779 0.117973 380.274617 178.007454
8 17 16 0.159822 0.325088 0.515090 366.227181 178.801749
8 17 16 0.253363 0.388558 0.358080 367.222708 183.559074
8 17 16 0.377006 0.195576 0.427418 369.939126 179.416026
8 17 16 0.020965 0.866003 0.113031 378.694535 184.980270
8 17 16 0.813073 0.079833 0.107094 373.151187 172.772108
9 10 18 0.691801 0.151686 0.156512 116.521104 192.404819
9 10 18 0.117692 0.023424 0.858885 101.057878 203.232032
9 10 18 0.862235 0.013773 0.123992 109.919744 191.095569
9 10 18 0.839362 0.121137 0.039501 114.532811 185.991035
9 10 18 0.602815 0.092581 0.304605 109.425721 192.349858
9 10 18 0.393609 0.477637 0.128754 127.774641 189.178148
9 10 18 0.728301 0.048711 0.222989 109.489680 190.169676
9 10 18 0.357107 0.215131 0.427761 111.104943 197.860484
9 10 18 0.704046 0.203368 0.092586 116.219118 191.592841
9 10 18 0.949969 0.044959 0.005072 112.641150 182.587366
10 19 18 0.071020 0.791243 0.137737 127.756900 204.108667
10 19 18 0.014708 0.774379 0.210913 125.006984 207.571729
10 19 18 0.168758 0.780388 0.050854 134.041035 201.585888
10 19 18 0.579576 0.320844 0.099580 138.350869 192.576193
10 19 18 0.322035 0.661220 0.016745 137.363217 198.493839
10 19 18 0.583967 0.264576 0.151457 137.145995 194.330277
10 19 18 0.891850 0.099373 0.008777 140.655472 189.037974
10 19 18 0.116492 0.482922 0.400586 122.381428 203.307935
10 19 18 0.542783 0.105149 0.352068 128.620710 198.294280
10 19 18 0.089714 0.845748 0.064539 131.999271 207.331309
10 11 19 0.044500 0.548123 0.407377 159.815895 195.615138
10 11 19 0.190942 0.357793 0.451265 152.992159 192.688749
10 11 19 0.026263 0.294960 0.678777 149.144775 200.225358
10 11 19 0.918801 0.072671 0.008528 146.539976 188.580039
10 11 19 0.105635 0.214252 0.680113 145.183479 196.528409
10 11 19 0.440473 0.458070 0.101457 161.903187 189.103791
10 11 19 0.321434 0.596713 0.081853 163.703710 187.368447
10 11 19 0.323239 0.021583 0.655177 138.955945 200.275957
10 11 19 0.211783 0.687863 0.100354 168.861952 188.695084
10 11 19 0.931842 0.053327 0.014831 150.436042 187.076249
11 20 19 0.217612 0.088834 0.693555 148.368513 200.837593
11 20 19 0.616439 0.248802 0.134759 169.761159 195.123468
11 20 19 0.382188 0.515681 0.102131 170.740223 199.860617
11 20 19 0.312388 0.000171 0.687441 148.200334 203.805354
11 20 19 0.791293 0.170484 0.038223 174.936231 187.050226
11 20 19 0.404116 0.354295 0.241589 169.435485 199.968549
11 20 19 0.509514 0.394899 0.095586 174.195995 192.915874
11 20 19 0.515819 0.406166 0.078016 171.313204 197.086022
11 20 19 0.115009 0.240300 0.644691 146.116616 204.316607
11 20 19 0.613356 0.273575 0.113069 171.238634 194.267494
11 12 20 0.680704 0.064991 0.254305 182.319809 192.390186
11 12 20 0.246516 0.753330 0.000154 204.355328 188.556335
11 12 20 0.196519 0.596603 0.206879 193.936583 191.841042
11 12 20 0.078386 0.713679 0.207935 203.503257 188.654313
11 12 20 0.050324 0.854240 0.095436 210.420926 189.560480
11 12 20 0.740255 0.063549 0.196196 183.491917 188.041161
11 12 20 0.204980 0.669451 0.125569 199.448203 187.401628
11 12 20 0.231737 0.407215 0.361048 191.664122 192.666557
11 12 20 0.840599 0.145645 0.013755 185.618452 187.686775
11 12 20 0.349005 0.384326 0.266669 188.065383 193.593146
12 21 20 0.657924 0.304450 0.037627 206.291839 193.084193
12 21 20 0.688478 0.071854 0.239668 200.109235 188.792602
12 21 20 0.841083 0.011432 0.147485 206.169513 190.130403
12 21 20 0.722432 0.046526 0.231042 204.843439 193.784288
12 21 20 0.411203 0.207678 0.381119 192.953608 200.249355
12 21 20 0.950612 0.030820 0.018568 211.677042 183.887601
12 21 20 0.606947 0.285951 0.107102 206.245431 195.461760
12 21 20 0.396696 0.053370 0.549933 189.006211 199.490409
12 21 20 0.205721 0.346343 0.447936 191.699802 202.930185
12 21 20 0.481274 0.494024 0.024702 206.429540 192.754106
12 13 21 0.838410 0.063793 0.097797 214.661583 187.794090
12 13 21 0.549545 0.450134 0.000321 226.579906 187.358329
12 13 21 0.873539 0.049665 0.076796 212.944609 186.040520
12 13 21 0.830239 0.161555 0.008205 219.753558 188.626684
12 13 21 0.262393 0.327662 0.409945 223.733243 191.908747
12 13 21 0.279418 0.058113 0.662469 208.448611 197.442286
12 13 21 0.669920 0.203307 0.126774 219.542774 189.177007
12 13 21 0.798310 0.107075 0.094615 215.305502 186.171587
12 13 21 0.308701 0.474663 0.216635 227.001368 192.434709
12 13 21 0.120357 0.051739 0.827904 209.252213 200.566339
13 22 21 0.734172 0.007035 0.258793 234.805974 189.610616
13 22 21 0.214666 0.617770 0.167564 234.579421 200.158023
13 22 21 0.341175 0.105658 0.553167 227.056359 200.029943
13 22 21 0.854094 0.073183 0.072723 244.371078 188.925064
13 22 21 0.209663 0.751924 0.038413 244.851417 204.498204
13 22 21 0.121433 0.157437 0.721130 215.251430 200.812056
13 22 21 0.191644 0.354423 0.453933 231.666363 199.092045
13 22 21 0.623923 0.334500 0.041576 246.336111 193.909937
13 22 21 0.644089 0.322407 0.033504 245.246442 196.070047
13 22 21 0.828725 0.081186 0.090090 241.450764 190.019074
13 14 22 0.604906 0.212099 0.182995 253.654989 187.867323
13 14 22 0.928314 0.044787 0.026899 247.169244 187.543546
13 14 22 0.934841 0.020075 0.045085 246.069033 185.388026
13 14 22 0.815976 0.135158 0.048866 253.287674 185.840930
13 14 22 0.521521 0.356121 0.122358 257.360540 187.734277
13 14 22 0.737186 0.002379 0.260435 242.631231 187.849560
13 14 22 0.267220 0.113626 0.619154 247.970112 196.573445
13 14 22 0.672963 0.281116 0.045921 253.835284 185.617308
13 14 22 0.824894 0.023211 0.151895 246.650008 189.018953
13 14 22 0.342743 0.585060 0.072197 268.110061 186.950337
14 23 22 0.518312 0.019023 0.462665 265.850115 194.777489
14 23 22 0.406405 0.073532 0.520063 264.783500 199.731199
14 23 22 0.605670 0.141602 0.252728 274.799191 192.226620
14 23 22 0.481345 0.044863 0.473792 261.686791 193.405631
14 23 22 0.033667 0.737070 0.229263 272.202193 202.271289
14 23 22 0.963900 0.008865 0.027235 283.634410 182.942667
14 23 22 0.208461 0.217836 0.573703 257.426968 197.658343
14 23 22 0.390203 0.100572 0.509226 265.026891 197.410180
14 23 22 0.661035 0.317184 0.021781 282.202497 189.517182
14 23 22 0.396539 0.461950 0.141511 276.076580 198.040261
14 15 23 0.690308 0.011352 0.298340 284.551885 192.738073
14 15 23 0.874687 0.049015 0.076298 289.217170 187.961711
14 15 23 0.771121 0.015352 0.213528 282.089616 190.061202
14 15 23 0.418249 0.507248 0.074503 300.532608 185.680911
14 15 23 0.765776 0.092205 0.142019 288.887977 186.570455
14 15 23 0.372367 0.037379 0.590253 286.609602 196.167657
14 15 23 0.400125 0.538854 0.061021 302.260460 186.538853
14 15 23 0.797638 0.033569 0.168794 286.699555 190.828492
14 15 23 0.364490 0.412250 0.223259 296.617365 186.873654
14 15 23 0.169864 0.565048 0.265089 304.859102 192.424812
15 24 23 0.391689 0.017976 0.590335 295.125722 200.220546
15 24 23 0.083873 0.108539 0.807587 289.257608 202.348883
15 24 23 0.583574 0.124138 0.292288 308.197541 194.234402
15 24 23 0.199558 0.204702 0.595740 296.612638 198.414813
15 24 23 0.201045 0.543836 0.255119 309.084049 198.762145
15 24 23 0.594087 0.250173 0.155740 313.854310 195.637448
15 24 23 0.365727 0.615960 0.018313 317.956982 196.877639
15 24 23 0.493360 0.098246 0.408393 306.448402 195.498205
15 24 23 0.837999 0.010372 0.151629 310.756042 189.630206
15 24 23 0.173454 0.514781 0.311765 305.481026 201.237861
15 16 24 0.610245 0.299261 0.090494 329.105780 185.824795
15 16 24 0.835706 0.065914 0.098381 316.875502 189.547551
15 16 24 0.504885 0.237877 0.257238 322.922146 185.694296
15 16 24 0.547896 0.294410 0.157694 329.797671 191.176174
15 16 24 0.922196 0.001951 0.075853 316.430543 190.833877
15 16 24 0.045514 0.549830 0.404656 339.107905 192.045670
15 16 24 0.206821 0.393668 0.399511 331.638267 196.458656
15 16 24 0.481682 0.028579 0.489739 318.547705 195.430770
15 16 24 0.229263 0.350928 0.419809 328.512689 195.670795
15 16 24 0.337878 0.454559 0.207564 336.315976 188.316000
16 25 24 0.761824 0.204418 0.033758 354.253261 187.460210
16 25 24 0.979360 0.010090 0.010550 352.160364 183.923069
16 25 24 0.185824 0.273547 0.540629 335.030405 200.381650
16 25 24 0.755801 0.070102 0.174097 346.497398 187.564967
16 25 24 0.617999 0.294940 0.087061 352.018513 190.794374
16 25 24 0.023864 0.705379 0.270758 342.462412 202.331752
16 25 24 0.779223 0.126751 0.094026 350.769026 191.671638
16 25 24 0.028636 0.839894 0.131469 350.016893 196.228407
16 25 24 0.242428 0.300046 0.457526 341.375208 193.802311
16 25 24 0.765317 0.049909 0.184775 345.606659 189.816006
16 17 25 0.124164 0.194931 0.680905 362.456186 195.603046
16 17 25 0.587433 0.121427 0.291140 354.561439 190.049671
16 17 25 0.374645 0.166581 0.458774 359.517204 193.243355
16 17 25 0.803073 0.179664 0.017263 358.288546 185.171580
16 17 25 0.266613 0.288082 0.445305 362.237625 194.403877
16 17 25 0.150269 0.056360 0.793371 356.419998 196.443132
16 17 25 0.924049 0.065471 0.010481 352.206952 181.736587
16 17 25 0.539936 0.375213 0.084851 363.581252 184.218839
16 17 25 0.644784 0.092695 0.262521 357.076408 188.997764
16 17 25 0.748522 0.068126 0.183352 354.853721 184.224687
17 26 25 0.518672 0.148411 0.332918 377.334069 192.119207
17 26 25 0.232398 0.581160 0.186442 381.635272 198.741373
17 26 25 0.587679 0.283217 0.129104 386.423011 193.479471
17 26 25 0.444269 0.536688 0.019042 389.478646 194.316004
17 26 25 0.528143 0.214069 0.257788 379.944360 193.892307
17 26 25 0.364426 0.061147 0.574427 368.774084 198.619588
17 26 25 0.384589 0.329788 0.285623 379.236533 194.242473
17 26 25 0.481996 0.214784 0.303220 378.245726 196.932782
17 26 25 0.087621 0.809194 0.103186 389.697320 201.665950
17 26 25 0.172097 0.072954 0.754948 362.889097 200.113904
18 19 27 0.877237 0.110567 0.012196 105.617970 206.740185
18 19 27 0.288503 0.333129 0.378368 109.940821 219.361895
18 19 27 0.766417 0.016787 0.216796 100.323603 214.837913
18 19 27 0.866156 0.118592 0.015251 104.526251 205.852682
18 19 27 0.589919 0.377957 0.032124 109.549464 211.174154
18 19 27 0.157413 0.732788 0.109800 121.091964 206.536673
18 19 27 0.003485 0.873682 0.122833 131.083251 209.053890
18 19 27 0.254658 0.396084 0.349258 111.494572 218.722282
18 19 27 0.279781 0.630273 0.089946 118.860314 209.131635
18 19 27 0.712155 0.199099 0.088746 106.633577 207.257314
19 28 27 0.657074 0.109282 0.233643 123.498127 217.125119
19 28 27 0.689630 0.096563 0.213808 121.092561 215.708863
19 28 27 0.197922 0.732271 0.069807 124.315358 227.979450
19 28 27 0.419053 0.355953 0.224994 118.320774 218.434691
19 28 27 0.412255 0.392295 0.195450 123.848048 223.628424
19 28 27 0.955106 0.033718 0.011177 131.011445 207.533491
19 28 27 0.821218 0.062225 0.116557 130.930321 211.140541
19 28 27 0.634153 0.219507 0.146340 124.392678 220.114065
19 28 27 0.617909 0.150835 0.231256 123.585937 215.657806
19 28 27 0.898486 0.091633 0.009881 135.771627 209.933309
19 20 28 0.751363 0.014867 0.233770 135.437545 213.558978
19 20 28 0.730445 0.076123 0.193432 134.736321 217.496251
19 20 28 0.553891 0.192857 0.253252 140.117356 209.789208
19 20 28 0.253636 0.024902 0.721462 132.393359 228.642228
19 20 28 0.282169 0.414651 0.303180 152.650541 213.013413
19 20 28 0.265484 0.639959 0.094557 155.185981 209.190145
19 20 28 0.176312 0.423020 0.400668 145.968767 216.905233
19 20 28 0.663727 0.173837 0.162436 139.283162 214.134532
19 20 28 0.269568 0.486040 0.244392 149.988133 209.702502
19 20 28 0.968188 0.014689 0.017122 134.441902 210.765793
20 29 28 0.024519 0.853708 0.121773 158.536769 233.669548
20 29 28 0.347242 0.078658 0.574100 147.120229 226.125543
20 29 28 0.561623 0.277406 0.160971 162.630104 216.563963
20 29 28 0.641872 0.062446 0.295682 157.727328 216.172833
20 29 28 0.351506 0.134570 0.513923 148.413125 221.336827
20 29 28 0.374964 0.465143 0.159893 162.383723 221.371311
20 29 28 0.957258 0.010243 0.032499 167.982659 207.721866
20 29 28 0.475030 0.295588 0.229382 157.499658 220.350937
20 29 28 0.476254 0.312743 0.211002 160.258479 217.773530
20 29 28 0.460047 0.361179 0.178775 158.964216 218.433482
20 21 29 0.701995 0.112498 0.185506 171.134901 211.466239
20 21 29 0.895144 0.050456 0.054401 170.337304 207.777604
20 21 29 0.707900 0.094884 0.197216 173.733746 215.543987
20 21 29 0.068867 0.532887 0.398245 184.383086 213.872778
20 21 29 0.575016 0.008608 0.416376 169.270506 216.210383
20 21 29 0.157571 0.746324 0.096104 196.216196 206.930664
20 21 29 0.970157 0.019786 0.010057 171.576416 206.235525
20 21 29 0.454599 0.010211 0.535190 167.510087 218.719668
20 21 29 0.270419 0.090248 0.639333 170.591600 220.670073
20 21 29 0.442963 0.049051 0.507986 169.302089 216.693516
21 30 29 0.341495 0.420813 0.237692 197.618296 222.459866
21 30 29 0.497420 0.402689 0.099891 201.941060 218.371409
21 30 29 0.361341 0.271678 0.366981 193.424142 224.381189
21 30 29 0.368783 0.161027 0.470189 187.008184 220.679292
21 30 29 0.725797 0.229182 0.045021 204.187439 211.298382
21 30 29 0.153701 0.286186 0.560113 180.999457 227.208086
21 30 29 0.647982 0.156313 0.195704 201.514506 211.411477
21 30 29 0.720470 0.235758 0.043772 203.316718 210.759077
21 30 29 0.157472 0.091009 0.751519 174.632864 227.482912
21 30 29 0.599852 0.342639 0.057510 200.449613 218.177213
21 22 30 0.395205 0.122690 0.482104 210.031068 216.346928
21 22 30 0.217975 0.471222 0.310803 224.713008 211.754780
21 22 30 0.957256 0.036465 0.006279 204.797525 207.644195
21 22 30 0.790424 0.065421 0.144155 205.135697 208.101678
21 22 30 0.704617 0.258618 0.036765 216.960929 204.930601
21 22 30 0.565778 0.188716 0.245506 214.027461 209.997870
21 22 30 0.230924 0.671642 0.097435 229.994407 201.354986
21 22 30 0.609125 0.387743 0.003132 220.338271 204.939133
21 22 30 0.491827 0.272422 0.235751 219.452983 210.820350
21 22 30 0.175629 0.247327 0.577044 215.139799 220.525818
22 31 30 0.214002 0.654352 0.131646 240.467458 226.905252
22 31 30 0.799857 0.039566 0.160577 237.127564 210.915595
22 31 30 0.209416 0.196663 0.593922 221.342414 225.157578
22 31 30 0.129174 0.745374 0.125452 238.932022 228.886906
22 31 30 0.128901 0.700385 0.170714 237.333694 226.215586
22 31 30 0.175976 0.736701 0.087323 242.730144 226.916284
22 31 30 0.144540 0.290333 0.565126 221.072076 228.186682
22 31 30 0.325505 0.182784 0.491711 226.028091 225.058980
22 31 30 0.624935 0.153068 0.221997 233.590213 214.449947
22 31 30 0.920479 0.020423 0.059098 242.274076 205.342020
22 23 31 0.944883 0.042830 0.012287 245.686445 202.189671
22 23 31 0.155694 0.131413 0.712893 250.117571 223.431299
22 23 31 0.493885 0.034531 0.471584 248.388909 215.110001
22 23 31 0.869521 0.053510 0.076969 247.332901 204.162578
22 23 31 0.790048 0.070097 0.139855 249.538768 206.072592
22 23 31 0.722670 0.025676 0.251655 244.956406 208.203505
22 23 31 0.342966 0.492112 0.164922 266.777437 209.456655
22 23 31 0.548014 0.415833 0.036153 261.014594 204.962228
22 23 31 0.582843 0.246225 0.170932 250.916282 206.337867
22 23 31 0.368777 0.044423 0.586800 246.106960 217.657722
23 32 31 0.442636 0.316518 0.240846 273.867564 217.830717
23 32 31 0.178878 0.537808 0.283314 273.229814 227.571173
23 32 31 0.045114 0.682585 0.272300 272.822680 228.350714
23 32 31 0.481776 0.251450 0.266774 275.857768 216.233517
23 32 31 0.005461 0.632238 0.362301 268.130686 233.530948
23 32 31 0.407626 0.506351 0.086023 282.941577 221.787351
23 32 31 0.357456 0.604502 0.038041 281.361004 223.034140
23 32 31 0.515852 0.269683 0.214465 275.659580 214.935181
23 32 31 0.862158 0.067423 0.070419 284.422273 203.573798
23 32 31 0.327498 0.109368 0.563134 257.665245 226.790343
23 24 32 0.329804 0.053052 0.617144 286.311224 218.409817
23 24 32 0.454472 0.540382 0.005146 303.736166 201.668606
23 24 32 0.383516 0.227073 0.389412 290.628455 216.787575
23 24 32 0.795316 0.099497 0.105187 291.262985 206.266919
23 24 32 0.935160 0.011499 0.053341 286.122187 200.647203
23 24 32 0.871374 0.014140 0.114486 285.197567 205.985281
23 24 32 0.411480 0.426978 0.161542 299.674964 204.968555
23 24 32 0.607231 0.276690 0.116079 294.626405 208.056944
23 24 32 0.989365 0.001681 0.008954 285.268352 203.392925
23 24 32 0.176563 0.150221 0.673216 290.703352 222.324684
24 33 32 0.880870 0.052233 0.066897 320.965855 205.237617
24 33 32 0.814257 0.087100 0.098643 317.753497 208.719066
24 33 32 0.026712 0.272970 0.700318 295.140466 229.376956
24 33 32 0.689429 0.265047 0.045523 319.593489 207.754018
24 33 32 0.490865 0.368405 0.140730 319.599646 213.818200
24 33 32 0.429693 0.557590 0.012717 323.152235 217.562978
24 33 32 0.688024 0.091814 0.220163 314.188992 211.755357
24 33 32 0.496267 0.368310 0.135423 316.390513 215.748579
24 33 32 0.754912 0.140281 0.104807 316.344933 209.793663
24 33 32 0.929392 0.011447 0.059161 319.851869 203.470241
24 25 33 0.705981 0.273697 0.020322 327.332612 207.137514
24 25 33 0.557520 0.174654 0.267827 327.867814 209.486900
24 25 33 0.432162 0.157935 0.409903 327.538430 214.353626
24 25 33 0.210427 0.686091 0.103483 344.570146 205.332660
24 25 33 0.659847 0.218902 0.121250 326.653697 206.376065
24 25 33 0.213537 0.077279 0.709183 323.298241 220.060098
24 25 33 0.301033 0.258960 0.440007 333.951337 216.216310
24 25 33 0.527316 0.351970 0.120715 331.225868 199.783146
24 25 33 0.679421 0.169557 0.151022 327.958932 209.949442
24 25 33 0.412733 0.058679 0.528588 326.871254 216.408052
25 34 33 0.066607 0.390797 0.542596 342.357888 225.544783
25 34 33 0.570915 0.214142 0.214943 353.712959 210.952673
25 34 33 0.895078 0.071434 0.033489 355.435194 207.558241
25 34 33 0.929471 0.014096 0.056433 353.532148 204.784084
25 34 33 0.650946 0.151240 0.197814 350.158015 212.949584
25 34 33 0.734065 0.210605 0.055330 353.610365 211.563871
25 34 33 0.741288 0.063624 0.195088 350.010853 207.814221
25 34 33 0.635669 0.358162 0.006169 356.591763 210.029808
25 34 33 0.666143 0.327689 0.006168 359.783159 206.553786
25 34 33 0.867388 0.091538 0.041075 358.441529 205.066123
25 26 34 0.436910 0.236455 0.326636 370.792653 212.161002
25 26 34 0.044051 0.110967 0.844983 369.838844 226.298654
25 26 34 0.986504 0.008305 0.005191 357.639885 202.141555
25 26 34 0.726018 0.213103 0.060879 363.684589 202.606604
25 26 34 0.368415 0.398444 0.233141 375.027025 212.388605
25 26 34 0.324165 0.254032 0.421804 370.035747 212.975856
25 26 34 0.513328 0.375194 0.111478 373.666175 206.385063
25 26 34 0.588762 0.149319 0.261920 363.097642 209.575668
25 26 34 0.305896 0.573175 0.120928 379.953044 204.798540
25 26 34 0.067755 0.874282 0.057963 389.528190 203.699338
26 35 34 0.384467 0.069746 0.545787 378.586781 216.996468
26 35 34 0.630597 0.113835 0.255568 392.006494 210.927234
26 35 34 0.097450 0.846499 0.056051 400.820548 226.000385
26 35 34 0.853897 0.024359 0.121744 395.806442 202.523084
26 35 34 0.578435 0.245016 0.176548 392.153485 209.466526
26 35 34 0.784739 0.018546 0.196716 386.729329 208.425131
26 35 34 0.343349 0.168013 0.488638 381.372698 218.792164
26 35 34 0.160402 0.618236 0.221361 394.722252 221.007748
26 35 34 0.079778 0.451009 0.469214 386.599593 225.526853
26 35 34 0.869451 0.123678 0.006870 394.182685 206.508870
27 28 36 0.136610 0.033278 0.830112 82.476747 265.138934
27 28 36 0.369326 0.334214 0.296460 99.193907 245.088676
27 28 36 0.251303 0.172839 0.575858 88.845113 250.618228
27 28 36 0.387751 0.429125 0.183124 104.006536 238.464512
27 28 36 0.021423 0.739373 0.239204 114.536824 244.889498
27 28 36 0.447977 0.269565 0.282458 93.944819 247.513542
27 28 36 0.190405 0.057289 0.752306 84.336438 262.331971
27 28 36 0.451304 0.506695 0.042001 107.481556 240.523761
27 28 36 0.700169 0.040041 0.259789 88.067621 243.461839
27 28 36 0.234621 0.170759 0.594620 91.834064 254.047900
28 37 36 0.549126 0.422138 0.028737 126.261993 253.953480
28 37 36 0.329463 0.207182 0.463355 108.132815 258.740074
28 37 36 0.732868 0.105367 0.161765 118.574409 242.042096
28 37 36 0.664888 0.233657 0.101455 123.213260 246.019452
28 37 36 0.572096 0.233947 0.193957 118.764150 250.620342
28 37 36 0.382994 0.606769 0.010237 124.390883 254.133236
28 37 36 0.790582 0.080983 0.128434 124.403500 243.166886
28 37 36 0.699222 0.116510 0.184269 114.806050 245.465507
28 37 36 0.041941 0.210109 0.747950 90.257224 270.285423
28 37 36 0.432556 0.491190 0.076254 122.316591 256.638464
28 29 37 0.363794 0.305774 0.330432 135.501902 243.908697
28 29 37 0.491462 0.091528 0.417010 127.069939 246.489297
28 29 37 0.272841 0.046731 0.680428 125.969741 260.447217
28 29 37 0.814989 0.116356 0.068654 130.577415 238.654064
28 29 37 0.369607 0.513694 0.116699 149.745395 240.185375
28 29 37 0.060262 0.910771 0.028966 163.127264 236.053563
28 29 37 0.020892 0.815952 0.163156 158.611253 237.900921
28 29 37 0.930090 0.048923 0.020987 128.504234 234.783641
28 29 37 0.953354 0.035074 0.011572 130.253295 233.493351
28 29 37 0.863748 0.002770 0.133483 124.598071 239.121613
29 38 37 0.136900 0.032323 0.830778 131.576434 263.197769
29 38 37 0.908896 0.045880 0.045224 162.029811 237.366290
29 38 37 0.639673 0.113476 0.246851 153.800893 244.687964
29 38 37 0.054928 0.220035 0.725037 130.952350 267.852484
29 38 37 0.188344 0.141551 0.670105 138.334307 262.547447
29 38 37 0.747673 0.200078 0.052250 165.251511 239.907415
29 38 37 0.061489 0.552282 0.386229 144.803762 267.253389
29 38 37 0.187089 0.350973 0.461938 141.839976 264.387621
29 38 37 0.070453 0.158998 0.770549 130.842972 268.442637
29 38 37 0.171434 0.180091 0.648475 136.538659 261.701767
29 30 38 0.599028 0.367834 0.033139 181.474435 231.955843
29 30 38 0.083284 0.059878 0.856839 162.838992 264.624407
29 30 38 0.475243 0.340875 0.183882 176.890313 238.549929
29 30 38 0.246748 0.166431 0.586821 168.420854 253.747765
29 30 38 0.021125 0.844785 0.134090 196.774933 237.291998
29 30 38 0.358822 0.212145 0.429032 172.772321 246.433518
29 30 38 0.218668 0.770683 0.010649 196.552785 235.826295
29 30 38 0.777937 0.154264 0.067800 169.747764 235.720234
29 30 38 0.064753 0.869335 0.065912 200.881514 235.457613
29 30 38 0.347431 0.053604 0.598965 166.700971 256.173327
30 39 38 0.745659 0.080530 0.173811 197.145764 242.104057
30 39 38 0.133755 0.126658 0.739587 171.199784 265.987094
30 39 38 0.965257 0.010083 0.024659 204.903119 235.214944
30 39 38 0.712687 0.121378 0.165935 196.844382 243.458897
30 39 38 0.782511 0.171750 0.045739 202.490036 239.047877
30 39 38 0.364476 0.498999 0.136524 196.532787 255.910416
30 39 38 0.521519 0.092166 0.386315 190.288551 252.584205
30 39 38 0.003673 0.245139 0.751188 169.796696 272.410903
30 39 38 0.251042 0.586118 0.162841 198.360998 255.229170
30 39 38 0.996399 0.000667 0.002934 205.496842 234.012258
30 31 39 0.651401 0.236267 0.112331 214.143008 234.957606
30 31 39 0.300929 0.684065 0.015006 230.784910 233.765438
30 31 39 0.958494 0.040804 0.000701 207.281441 232.581957
30 31 39 0.969143 0.023875 0.006982 206.864192 236.652237
30 31 39 0.132413 0.691736 0.175851 229.993424 237.785017
30 31 39 0.350624 0.090129 0.559247 211.305511 255.603013
30 31 39 0.507309 0.085874 0.406817 206.396916 247.955239
30 31 39 0.807082 0.013922 0.178996 207.214928 238.767164
30 31 39 0.912185 0.031702 0.056113 207.829189 233.782187
30 31 39 0.100089 0.523488 0.376423 224.938906 245.514077
31 40 39 0.590611 0.248923 0.160466 240.744527 248.322653
31 40 39 0.158190 0.735709 0.106102 234.195846 264.169492
31 40 39 0.533348 0.403095 0.063557 241.473221 249.202651
31 40 39 0.846807 0.012938 0.140256 239.749465 236.985833
31 40 39 0.017902 0.510238 0.471860 224.712495 271.071877
31 40 39 0.450288 0.471526 0.078186 242.302293 248.044684
31 40 39 0.392832 0.447944 0.159224 237.230064 253.402466
31 40 39 0.863547 0.068625 0.067828 237.587087 233.517652
31 40 39 0.198221 0.141414 0.660366 213.656273 263.928261
31 40 39 0.323946 0.200292 0.475762 228.107832 254.288438
31 32 40 0.672630 0.023944 0.303426 243.319886 243.223711
31 32 40 0.454976 0.346919 0.198105 261.081398 237.301810
31 32 40 0.550519 0.403615 0.045867 258.148660 235.144816
31 32 40 0.692206 0.163481 0.144313 250.257544 235.323389
31 32 40 0.977196 0.022797 0.000007 244.784009 231.472048
31 32 40 0.848444 0.150163 0.001393 249.566874 233.413676
31 32 40 0.255923 0.194351 0.549727 250.743000 249.217406
31 32 40 0.157798 0.509632 0.332570 265.230427 242.742327
31 32 40 0.764039 0.045695 0.190266 246.915331 238.987254
31 32 40 0.644383 0.174462 0.181155 253.958913 237.377088
32 41 40 0.630858 0.145552 0.223590 273.919667 242.241347
32 41 40 0.109953 0.347896 0.542150 266.074510 263.296765
32 41 40 0.123771 0.713042 0.163187 278.723890 263.248679
32 41 40 0.798927 0.009874 0.191199 279.306207 238.343133
32 41 40 0.881816 0.103891 0.014294 284.699050 232.227562
32 41 40 0.653211 0.138187 0.208602 274.992085 243.654671
32 41 40 0.074775 0.789608 0.135617 279.704324 261.347738
32 41 40 0.996721 0.002127 0.001152 285.249715 229.020935
32 41 40 0.232577 0.099737 0.667686 254.808920 259.478740
32 41 40 0.488151 0.425005 0.086844 280.278675 249.270832
32 33 41 0.352839 0.616605 0.030556 310.184132 231.551737
32 33 41 0.014502 0.318693 0.666805 300.586660 251.901440
32 33 41 0.645766 0.253981 0.100253 295.860221 231.998180
32 33 41 0.125624 0.106581 0.767794 291.653686 253.535839
32 33 41 0.836643 0.032871 0.130485 286.019621 233.302073
32 33 41 0.827510 0.098025 0.074465 286.329011 232.538994
32 33 41 0.915685 0.055997 0.028318 291.217697 233.770367
32 33 41 0.997221 0.002600 0.000180 284.688001 232.421553
32 33 41 0.124278 0.601266 0.274457 308.432919 242.455610
32 33 41 0.721847 0.003093 0.275060 284.239247 235.981376
33 42 41 0.220443 0.647174 0.132383 322.734749 262.885661
33 42 41 0.053684 0.285923 0.660393 302.627460 261.726173
33 42 41 0.393024 0.540014 0.066963 328.467189 252.418256
33 42 41 0.375369 0.098017 0.526613 307.269505 249.617536
33 42 41 0.493033 0.415108 0.091858 321.141556 248.136822
33 42 41 0.355630 0.046819 0.597551 303.359990 252.189332
33 42 41 0.975900 0.008950 0.015150 324.177687 234.084305
33 42 41 0.840522 0.153220 0.006258 326.690728 232.959298
33 42 41 0.164588 0.665732 0.169680 321.268615 261.061289
33 42 41 0.596615 0.346703 0.056682 321.530384 244.107968
33 34 42 0.561250 0.282925 0.155825 335.837133 234.443346
33 34 42 0.597988 0.024813 0.377199 323.469980 241.933251
33 34 42 0.690296 0.209893 0.099811 334.574669 231.805065
33 34 42 0.934595 0.026254 0.039151 324.080885 227.297284
33 34 42 0.781994 0.121437 0.096570 331.445054 233.757032
33 34 42 0.203727 0.392439 0.403834 340.559756 242.593783
33 34 42 0.211060 0.223529 0.565411 341.348826 249.557671
33 34 42 0.742245 0.139029 0.118726 332.615817 232.491899
33 34 42 0.243307 0.129928 0.626765 333.161181 251.054713
33 34 42 0.894814 0.099964 0.005221 328.945132 228.719836
34 43 42 0.083536 0.846960 0.069504 367.461458 262.196606
34 43 42 0.468423 0.104737 0.426840 347.528878 247.460478
34 43 42 0.977226 0.021640 0.001134 363.938202 229.226900
34 43 42 0.015254 0.665376 0.319370 356.373987 263.509454
34 43 42 0.760254 0.100709 0.139037 357.102527 235.721769
34 43 42 0.860053 0.083327 0.056620 363.616305 228.927233
34 43 42 0.929377 0.053268 0.017355 365.617681 230.663023
34 43 42 0.013295 0.772784 0.213921 360.881854 267.364067
34 43 42 0.571029 0.398489 0.030483 361.095333 244.470760
34 43 42 0.811661 0.172985 0.015354 365.771690 234.491181
34 35 43 0.094565 0.594363 0.311072 386.247912 240.252866
34 35 43 0.163348 0.582797 0.253855 387.283043 234.213425
34 35 43 0.361522 0.529411 0.109067 387.651946 234.285053
34 35 43 0.140151 0.458979 0.400870 385.543534 244.913154
34 35 43 0.275566 0.142449 0.581985 374.354946 248.178528
34 35 43 0.279818 0.176093 0.544089 371.865650 247.099608
34 35 43 0.285001 0.651128 0.063871 391.734107 234.437905
34 35 43 0.389427 0.133628 0.476945 375.257035 244.019697
34 35 43 0.848953 0.004157 0.146890 364.965118 232.672083
34 35 43 0.150923 0.037894 0.811183 371.181822 261.785345
35 44 43 0.865091 0.009210 0.125699 399.219202 236.140651
35 44 43 0.949280 0.007621 0.043098 402.294446 226.735411
35 44 43 0.843989 0.019328 0.136683 401.815199 232.407842
35 44 43 0.725263 0.005589 0.269148 394.360038 240.979677
35 44 43 0.131478 0.511345 0.357177 399.640409 258.801408
35 44 43 0.571466 0.277890 0.150644 405.910695 241.748171
35 44 43 0.626116 0.232557 0.141327 403.556428 238.776359
35 44 43 0.219465 0.661599 0.118936 409.426947 255.953931
35 44 43 0.603432 0.387823 0.008745 406.801702 244.877456
35 44 43 0.256255 0.640161 0.103584 406.954960 251.982084
36 37 45 0.405587 0.412787 0.181627 99.817367 276.969386
36 37 45 0.325893 0.518934 0.155172 100.185708 276.251499
36 37 45 0.565247 0.250543 0.184210 91.113977 275.602289
36 37 45 0.067520 0.099074 0.833406 79.550778 304.888087
36 37 45 0.498201 0.419563 0.082236 96.942018 275.324176
36 37 45 0.223679 0.575355 0.200966 103.558907 278.421101
36 37 45 0.325933 0.670985 0.003082 110.333205 271.590782
36 37 45 0.394864 0.541588 0.063547 104.077929 273.197650
36 37 45 0.120322 0.201728 0.677949 83.794163 300.756597
36 37 45 0.493881 0.095751 0.410368 79.349132 284.112562
37 46 45 0.799987 0.183376 0.016636 123.766376 278.489880
37 46 45 0.378370 0.172472 0.449158 102.160779 294.959841
37 46 45 0.718673 0.200945 0.080382 117.130539 279.437558
37 46 45 0.880991 0.029045 0.089965 120.607952 271.722946
37 46 45 0.870756 0.079110 0.050134 118.234958 272.863174
37 46 45 0.739603 0.060272 0.200126 113.007727 281.549486
37 46 45 0.605074 0.242372 0.152553 115.456954 284.264980
37 46 45 0.314333 0.369880 0.315787 108.204652 297.656831
37 46 45 0.694364 0.148192 0.157443 114.210967 282.145536
37 46 45 0.755934 0.180579 0.063487 120.062014 275.754022
37 38 46 0.503670 0.129233 0.367097 122.812776 281.101310
37 38 46 0.118485 0.061515 0.820000 124.614402 302.458901
37 38 46 0.532733 0.226232 0.241035 130.085983 276.933662
37 38 46 0.223182 0.252796 0.524022 132.774070 290.688814
37 38 46 0.536788 0.007658 0.455554 122.542207 291.102258
37 38 46 0.383290 0.107486 0.509224 121.048328 288.602858
37 38 46 0.104276 0.596225 0.299499 143.256232 280.855177
37 38 46 0.697047 0.247532 0.055421 127.215240 273.480179
37 38 46 0.904496 0.086658 0.008846 121.933926 270.198502
37 38 46 0.735757 0.142392 0.121852 123.792758 272.648883
38 47 46 0.136574 0.774872 0.088554 154.413445 306.127643
38 47 46 0.503967 0.439382 0.056651 159.428954 290.678381
38 47 46 0.861969 0.074221 0.063810 156.874432 271.815090
38 47 46 0.053753 0.823140 0.123106 156.342327 311.163756
38 47 46 0.415578 0.307191 0.277231 151.710118 295.183861
38 47 46 0.944076 0.033953 0.021972 161.308111 271.615828
38 47 46 0.802236 0.123799 0.073965 158.676393 277.536898
38 47 46 0.150227 0.586377 0.263396 149.306171 305.244499
38 47 46 0.711910 0.187339 0.100750 154.827753 278.531124
38 47 46 0.519240 0.267110 0.213650 153.131443 290.566980
38 39 47 0.734484 0.223350 0.042166 168.726891 265.993344
38 39 47 0.428175 0.047517 0.524309 164.283939 288.138493
38 39 47 0.405125 0.463674 0.131200 179.459841 277.120705
38 39 47 0.520262 0.237309 0.242429 172.099111 279.224054
38 39 47 0.941509 0.002490 0.056001 163.058011 271.407228
38 39 47 0.345669 0.010475 0.643856 162.250044 297.219149
38 39 47 0.644078 0.180678 0.175244 169.717343 277.391396
38 39 47 0.382540 0.614221 0.003239 189.040121 271.432872
38 39 47 0.728768 0.214139 0.057093 172.718064 272.371803
38 39 47 0.531319 0.230279 0.238402 174.337700 283.204809
39 48 47 0.462513 0.291342 0.246145 189.740455 293.124435
39 48 47 0.951736 0.022804 0.025461 200.869577 272.055751
39 48 47 0.182104 0.463129 0.354767 190.724187 303.306456
39 48 47 0.522335 0.412657 0.065008 197.330163 290.647654
39 48 47 0.142997 0.573418 0.283584 186.218627 306.072196
39 48 47 0.753402 0.035366 0.211231 196.696811 282.329833
39 48 47 0.716923 0.066753 0.216324 193.527860 282.323981
39 48 47 0.160235 0.404839 0.434926 182.916209 304.515424
39 48 47 0.205230 0.373005 0.421765 182.830261 303.453252
39 48 47 0.612532 0.039177 0.348291 190.001386 285.818487
39 40 48 0.810138 0.066954 0.122908 205.661366 274.087685
39 40 48 0.050222 0.351533 0.598245 214.711035 292.379162
39 40 48 0.883407 0.044457 0.072136 203.263033 271.181118
39 40 48 0.838007 0.002096 0.159897 204.330804 274.458512
39 40 48 0.282195 0.560935 0.156870 229.430863 276.440131
39 40 48 0.251544 0.548820 0.199636 227.859422 280.287577
39 40 48 0.510937 0.299977 0.189086 217.809112 276.893802
39 40 48 0.148788 0.067360 0.783853 203.006902 300.876093
39 40 48 0.024024 0.653723 0.322253 229.468852 283.947107
39 40 48 0.864263 0.053398 0.082339 207.114071 273.174768
40 49 48 0.124498 0.513581 0.361921 227.227121 304.850970
40 49 48 0.936924 0.043285 0.019791 241.938674 272.593330
40 49 48 0.449760 0.373631 0.176609 236.184160 291.026739
40 49 48 0.102382 0.227380 0.670238 213.498384 309.755871
40 49 48 0.718374 0.244907 0.036719 245.034541 279.290361
40 49 48 0.205277 0.524797 0.269926 230.217385 300.714497
40 49 48 0.727976 0.203258 0.068766 240.622759 275.891178
40 49 48 0.955840 0.015193 0.028967 243.117283 270.110748
40 49 48 0.789494 0.204244 0.006262 242.337189 276.418851
40 49 48 0.463255 0.250730 0.286015 237.397178 290.499074
40 41 49 0.157729 0.795759 0.046512 276.755754 268.044328
40 41 49 0.147147 0.764832 0.088022 274.154001 270.601976
40 41 49 0.637567 0.150233 0.212199 248.133478 278.665850
40 41 49 0.946877 0.022227 0.030896 242.104697 265.630375
40 41 49 0.034004 0.908571 0.057425 282.430966 266.677795
40 41 49 0.777652 0.177433 0.044916 250.762786 268.796267
40 41 49 0.241913 0.280046 0.478041 254.206808 286.778600
40 41 49 0.758505 0.195117 0.046377 247.935715 267.800439
40 41 49 0.120385 0.211896 0.667718 251.933026 295.984774
40 41 49 0.713622 0.270979 0.015399 253.066565 269.056418
41 50 49 0.136698 0.557585 0.305717 274.494746 303.321380
41 50 49 0.154097 0.376434 0.469469 268.182044 304.947723
41 50 49 0.614545 0.091033 0.294422 277.179069 282.856354
41 50 49 0.213071 0.467055 0.319873 269.566476 301.292178
41 50 49 0.528924 0.264013 0.207063 278.554627 286.172225
41 50 49 0.150860 0.625347 0.223793 280.009568 305.698471
41 50 49 0.971614 0.004873 0.023513 287.406050 269.971899
41 50 49 0.664059 0.137394 0.198546 279.051484 280.357608
41 50 49 0.986929 0.007567 0.005504 287.824987 265.096456
41 50 49 0.295219 0.380979 0.323802 277.765843 295.345191
41 42 50 0.192335 0.211558 0.596108 295.602591 289.354120
41 42 50 0.489341 0.256252 0.254407 297.752175 279.729926
41 42 50 0.550032 0.178776 0.271192 292.354512 277.309949
41 42 50 0.235567 0.067408 0.697024 290.159302 297.787833
41 42 50 0.097169 0.312915 0.589916 303.818132 288.847949
41 42 50 0.937496 0.002546 0.059958 288.130993 271.112511
41 42 50 0.994600 0.000125 0.005275 285.230523 268.775659
41 42 50 0.567732 0.066411 0.365857 289.543685 280.111688
41 42 50 0.619601 0.069432 0.310967 288.860885 279.175817
41 42 50 0.400334 0.183244 0.416423 292.880511 287.715156
42 51 50 0.811506 0.186453 0.002041 331.965955 273.764997
42 51 50 0.527717 0.075780 0.396503 313.058538 286.949469
42 51 50 0.467491 0.511729 0.020780 332.154825 288.267809
42 51 50 0.712262 0.017257 0.270481 316.214996 277.915954
42 51 50 0.320440 0.518812 0.160747 327.063355 293.473079
42 51 50 0.611190 0.366028 0.022783 330.915627 284.805901
42 51 50 0.927579 0.020945 0.051477 324.980073 267.569739
42 51 50 0.698264 0.040147 0.261589 317.128160 278.018056
42 51 50 0.911936 0.081908 0.006156 323.910776 270.687353
42 51 50 0.682347 0.039568 0.278085 320.161030 277.606482
42 43 51 0.384043 0.154424 0.461532 340.593026 286.652961
42 43 51 0.692917 0.284441 0.022642 339.838596 268.558186
42 43 51 0.291679 0.447433 0.260888 348.460138 276.799979
42 43 51 0.313733 0.264432 0.421835 338.222097 279.892339
42 43 51 0.286673 0.154353 0.558974 339.917855 290.869883
42 43 51 0.883387 0.069427 0.047186 333.511135 267.493046
42 43 51 0.578335 0.133277 0.288388 333.628261 276.259330
42 43 51 0.476951 0.394180 0.128869 347.553073 265.831190
42 43 51 0.761626 0.058353 0.180021 330.996494 272.044862
42 43 51 0.528818 0.463994 0.007188 346.393561 265.109334
43 52 51 0.193350 0.491584 0.315065 360.107506 298.366363
43 52 51 0.924821 0.072974 0.002206 376.240600 266.886503
43 52 51 0.997690 0.000686 0.001624 372.107949 262.365688
43 52 51 0.310169 0.110746 0.579086 348.594737 292.364370
43 52 51 0.148411 0.801916 0.049673 368.968545 300.463386
43 52 51 0.653851 0.116836 0.229313 362.859912 278.117529
43 52 51 0.331674 0.319772 0.348554 360.091166 293.217508
43 52 51 0.307936 0.297441 0.394623 356.967290 293.603683
43 52 51 0.733652 0.227038 0.039310 368.468673 276.128701
43 52 51 0.682131 0.174534 0.143335 365.387339 278.736439
43 44 52 0.550234 0.064874 0.384891 373.035030 282.524478
43 44 52 0.066235 0.561011 0.372754 397.346455 280.433169
43 44 52 0.194001 0.478964 0.327034 393.866358 275.206796
43 44 52 0.834432 0.081603 0.083965 374.461930 269.456131
43 44 52 0.079777 0.204889 0.715334 380.991263 294.350816
43 44 52 0.582697 0.312270 0.105034 386.127437 268.102039
43 44 52 0.382772 0.388919 0.228309 390.418206 273.530598
43 44 52 0.571201 0.236912 0.191886 383.481133 273.274590
43 44 52 0.385522 0.357451 0.257027 387.990772 275.201660
43 44 52 0.479182 0.278104 0.242714 384.026498 276.030796
44 53 52 0.753732 0.245370 0.000898 414.116275 275.367549
44 53 52 0.406125 0.080603 0.513271 393.787555 291.363319
44 53 52 0.584554 0.059255 0.356191 403.020027 282.561606
44 53 52 0.458163 0.345588 0.196250 407.180429 287.252386
44 53 52 0.346032 0.467821 0.186147 405.674203 294.470694
44 53 52 0.280697 0.505281 0.214023 407.868299 294.732086
44 53 52 0.244750 0.266309 0.488941 397.553244 295.391374
44 53 52 0.126938 0.069785 0.803278 382.507942 304.086709
44 53 52 0.442173 0.148157 0.409670 402.333718 291.289992
44 53 52 0.595435 0.289652 0.114913 410.555504 281.504652
45 46 54 0.974823 0.014344 0.010833 75.306457 312.039384
45 46 54 0.756756 0.101805 0.141439 81.071328 316.965714
45 46 54 0.139237 0.050439 0.810324 79.460076 347.399114
45 46 54 0.177818 0.278484 0.543698 88.586599 335.708505
45 46 54 0.300601 0.351064 0.348335 94.056924 327.270970
45 46 54 0.426648 0.066650 0.506703 82.280349 334.751546
45 46 54 0.408571 0.512996 0.078433 102.039679 316.510574
45 46 54 0.729374 0.169327 0.101300 81.369530 316.936186
45 46 54 0.469953 0.526937 0.003111 97.885861 308.148599
45 46 54 0.448369 0.071092 0.480539 78.899606 334.969688
46 55 54 0.102414 0.891180 0.006407 115.540357 350.578890
46 55 54 0.485906 0.437841 0.076253 116.811354 334.528326
46 55 54 0.085627 0.061310 0.853063 84.650070 352.774444
46 55 54 0.252721 0.346278 0.401001 102.887447 340.090213
46 55 54 0.489607 0.451803 0.058590 118.755307 338.057725
46 55 54 0.026207 0.030279 0.943514 80.078626 356.491366
46 55 54 0.056644 0.697222 0.246134 109.941514 352.508649
46 55 54 0.007897 0.274922 0.717181 92.307645 357.429743
46 55 54 0.126906 0.584915 0.288179 103.674202 349.548743
46 55 54 0.336962 0.003846 0.659192 93.648999 341.179159
46 47 55 0.983689 0.008914 0.007397 119.454665 314.090661
46 47 55 0.021477 0.818907 0.159616 152.206284 314.694657
46 47 55 0.329679 0.086657 0.583664 123.290490 335.813889
46 47 55 0.784052 0.037919 0.178030 119.318565 319.610076
46 47 55 0.379361 0.259963 0.360676 126.242614 325.516693
46 47 55 0.930613 0.043988 0.025398 116.098312 312.772370
46 47 55 0.756081 0.103764 0.140155 126.051666 316.404746
46 47 55 0.565908 0.118722 0.315369 126.801911 324.288104
46 47 55 0.593154 0.087807 0.319039 121.499610 323.963100
46 47 55 0.710179 0.056170 0.233651 117.615547 320.284296
47 56 55 0.777071 0.075115 0.147814 153.245326 323.323625
47 56 55 0.237109 0.466091 0.296800 149.133281 346.824602
47 56 55 0.736710 0.060176 0.203114 156.990052 323.554426
47 56 55 0.812012 0.131548 0.056440 156.056269 321.930462
47 56 55 0.033834 0.208142 0.758024 128.412929 354.907670
47 56 55 0.066064 0.642033 0.291903 148.492227 351.857333
47 56 55 0.797788 0.160854 0.041358 161.377064 321.049439
47 56 55 0.891301 0.018807 0.089891 160.771080 319.698726
47 56 55 0.904567 0.078212 0.017220 159.298005 313.860585
47 56 55 0.667902 0.057378 0.274720 150.507784 325.498299
47 48 56 0.664102 0.212505 0.123393 168.571307 312.151466
47 48 56 0.598332 0.258637 0.143030 170.351828 321.125812
47 48 56 0.292936 0.558786 0.148278 183.898220 319.970872
47 48 56 0.924074 0.032540 0.043386 158.828011 314.845427
47 48 56 0.192315 0.225507 0.582177 171.537534 339.549947
47 48 56 0.011568 0.137318 0.851114 166.440120 350.508524
47 48 56 0.726512 0.002434 0.271054 158.289416 326.004394
47 48 56 0.572761 0.262837 0.164402 173.148779 317.968427
47 48 56 0.384941 0.420940 0.194119 178.820967 322.586656
47 48 56 0.053571 0.541930 0.404499 184.451401 330.903610
48 57 56 0.797815 0.081913 0.120271 195.807442 321.010166
48 57 56 0.548913 0.356352 0.094735 195.815973 333.791008
48 57 56 0.780555 0.068103 0.151342 189.665093 322.921949
48 57 56 0.984909 0.006532 0.008560 200.770146 313.983843
48 57 56 0.642022 0.005323 0.352655 185.767416 328.460051
48 57 56 0.115688 0.122613 0.761699 169.290532 350.716969
48 57 56 0.030901 0.508768 0.460331 185.255184 353.839742
48 57 56 0.434782 0.239936 0.325282 190.463290 333.379619
48 57 56 0.307173 0.256682 0.436145 183.949924 341.852168
48 57 56 0.928327 0.039662 0.032011 198.974059 315.261692
48 49 57 0.939171 0.008866 0.051963 199.762044 318.259990
48 49 57 0.228616 0.511673 0.259711 224.086565 318.402376
48 49 57 0.424922 0.378187 0.196891 216.090202 313.869219
48 49 57 0.887906 0.087213 0.024882 207.446787 313.721901
48 49 57 0.026036 0.792601 0.181362 236.532832 318.300939
48 49 57 0.612845 0.263431 0.123724 209.489450 315.886810
48 49 57 0.286442 0.309044 0.404514 214.819509 328.586320
48 49 57 0.978687 0.004289 0.017025 198.552667 313.933184
48 49 57 0.492033 0.377008 0.130959 216.299498 318.372948
48 49 57 0.933653 0.047931 0.018416 200.451494 312.062710
49 58 57 0.255558 0.037689 0.706753 214.149728 338.700520
49 58 57 0.492441 0.222236 0.285323 233.265232 328.962849
49 58 57 0.054944 0.829518 0.115538 240.977743 349.925841
49 58 57 0.229317 0.248541 0.522142 224.660746 345.788750
49 58 57 0.224499 0.269719 0.505782 223.042500 344.264356
49 58 57 0.522348 0.171981 0.305672 232.737378 330.445851
49 58 57 0.666823 0.072923 0.260254 230.375602 324.724940
49 58 57 0.719721 0.094699 0.185581 234.517899 320.681544
49 58 57 0.802887 0.016388 0.180725 232.932167 318.450157
49 58 57 0.363701 0.092799 0.543501 221.322007 333.173487
49 50 58 0.828016 0.078612 0.093372 244.666674 315.551411
49 50 58 0.529093 0.286814 0.184093 257.735635 315.150448
49 50 58 0.077586 0.585118 0.337296 272.102219 322.427750
49 50 58 0.076862 0.027247 0.895892 244.982838 348.292979
49 50 58 0.447382 0.330014 0.222604 255.896014 315.708476
49 50 58 0.046486 0.080323 0.873191 249.482677 347.358445
49 50 58 0.594651 0.078005 0.327343 246.018502 325.146480
49 50 58 0.068324 0.777050 0.154627 276.740246 311.919273
49 50 58 0.816916 0.106686 0.076398 249.916666 312.876520
49 50 58 0.915274 0.039959 0.044767 246.110891 316.647910
50 59 58 0.175415 0.432510 0.392075 270.473352 343.913674
50 59 58 0.551365 0.401764 0.046870 286.051421 331.904439
50 59 58 0.723172 0.199387 0.077441 285.738237 321.197172
50 59 58 0.587327 0.354031 0.058642 289.361467 327.420732
50 59 58 0.376572 0.193407 0.430022 273.902771 334.478675
50 59 58 0.826537 0.052842 0.120621 283.476980 316.570579
50 59 58 0.959813 0.028941 0.011246 283.714901 310.308524
50 59 58 0.985568 0.001517 0.012914 287.465010 307.572343
50 59 58 0.039933 0.781416 0.178650 282.462491 351.120147
50 59 58 0.546413 0.103304 0.350283 275.592429 323.597798
50 51 59 0.200072 0.173889 0.626039 299.093472 334.125845
50 51 59 0.237325 0.602807 0.159867 314.433934 317.091998
50 51 59 0.950528 0.046251 0.003221 288.689555 313.433124
50 51 59 0.322817 0.566354 0.110828 310.769490 317.756558
50 51 59 0.137780 0.518658 0.343562 310.855443 323.184440
50 51 59 0.499713 0.428794 0.071493 305.631195 311.615181
50 51 59 0.379999 0.188830 0.431171 292.657657 327.943011
50 51 59 0.238881 0.149412 0.611707 295.159157 335.387560
50 51 59 0.365907 0.014980 0.619113 290.050331 337.968174
50 51 59 0.010062 0.174086 0.815852 297.086356 342.199542
51 60 59 0.720635 0.105876 0.173489 325.142188 319.778541
51 60 59 0.245437 0.605552 0.149012 325.412437 343.828357
51 60 59 0.691990 0.091693 0.216317 322.678240 322.992704
51 60 59 0.634920 0.250833 0.114247 327.708404 324.725905
51 60 59 0.165089 0.689815 0.145096 324.306381 347.785002
51 60 59 0.482364 0.427303 0.090333 328.331455 331.825600
51 60 59 0.812984 0.101616 0.085400 329.313404 317.696028
51 60 59 0.465746 0.265506 0.268748 321.186677 330.645664
51 60 59 0.945573 0.006417 0.048010 326.531037 310.268249
51 60 59 0.440568 0.161446 0.397986 312.492058 332.268341
51 52 60 0.633633 0.359547 0.006820 344.198182 308.712864
51 52 60 0.196447 0.094368 0.709185 332.786816 337.005569
51 52 60 0.764859 0.132479 0.102662 339.601260 312.764731
51 52 60 0.198378 0.717544 0.084078 358.584416 314.035840
51 52 60 0.660416 0.202431 0.137153 342.133178 318.262561
51 52 60 0.701778 0.258490 0.039732 345.177748 307.374668
51 52 60 0.383190 0.457478 0.159332 349.872883 313.674474
51 52 60 0.245299 0.741146 0.013555 365.693928 312.573618
51 52 60 0.639834 0.124233 0.235933 339.624866 319.730116
51 52 60 0.898967 0.013006 0.088027 332.469770 312.530719
52 61 60 0.738737 0.185447 0.075815 371.363571 322.079201
52 61 60 0.642854 0.249750 0.107396 369.749717 323.858237
52 61 60 0.367088 0.145694 0.487218 351.633891 335.253919
52 61 60 0.977174 0.018639 0.004187 375.829696 309.538723
52 61 60 0.169552 0.265830 0.564619 350.289004 344.249176
52 61 60 0.722379 0.216548 0.061073 370.161090 321.411222
52 61 60 0.821067 0.083491 0.095442 369.118635 315.399452
52 61 60 0.818995 0.070514 0.110491 366.273428 318.116611
52 61 60 0.405865 0.206708 0.387426 355.393350 333.359720
52 61 60 0.058202 0.324493 0.617305 347.722154 346.239179
52 53 61 0.581303 0.006886 0.411811 375.973630 326.147830
52 53 61 0.631234 0.358196 0.010570 391.985930 305.773399
52 53 61 0.145570 0.468102 0.386328 393.075738 329.022048
52 53 61 0.839721 0.152616 0.007663 379.881545 307.852055
52 53 61 0.603200 0.237137 0.159664 383.936436 317.869174
52 53 61 0.245052 0.063886 0.691062 375.484352 336.758299
52 53 61 0.258735 0.185861 0.555403 381.743290 330.795439
52 53 61 0.702197 0.164700 0.133103 382.990691 317.628233
52 53 61 0.981883 0.003731 0.014386 374.038614 308.909004
52 53 61 0.926062 0.012496 0.061442 375.728372 308.068721
53 62 61 0.761381 0.001573 0.237045 412.379140 316.639770
53 62 61 0.935361 0.041460 0.023180 419.962976 309.180956
53 62 61 0.090025 0.169978 0.739997 387.404794 347.781436
53 62 61 0.187651 0.569229 0.243120 407.710304 343.119185
53 62 61 0.512220 0.455556 0.032224 416.631413 325.128562
53 62 61 0.155837 0.783679 0.060484 417.239373 342.723021
53 62 61 0.526029 0.171865 0.302106 406.520766 326.754244
53 62 61 0.628904 0.297574 0.073523 413.750900 323.743542
53 62 61 0.298927 0.082492 0.618581 388.270907 338.938227
53 62 61 0.107544 0.875192 0.017264 418.729341 345.408179
54 55 63 0.940988 0.048319 0.010693 80.696307 355.104230
54 55 63 0.848088 0.015239 0.136673 78.879043 359.974954
54 55 63 0.784535 0.064106 0.151359 81.163620 362.378008
54 55 63 0.696361 0.023140 0.280499 80.009722 366.506817
54 55 63 0.252134 0.278099 0.469767 88.888101 374.197368
54 55 63 0.454672 0.150581 0.394747 82.595277 372.417542
54 55 63 0.390146 0.405647 0.204207 97.132760 365.820914
54 55 63 0.630806 0.073518 0.295676 80.463349 364.919512
54 55 63 0.040742 0.205070 0.754188 88.843417 382.885220
54 55 63 0.549358 0.215265 0.235377 86.661310 364.843517
55 64 63 0.917436 0.040875 0.041689 117.465397 358.604087
55 64 63 0.578387 0.096815 0.324798 110.788432 373.304336
55 64 63 0.190701 0.413359 0.395940 105.817217 385.362488
55 64 63 0.821800 0.177476 0.000724 118.711464 358.744019
55 64 63 0.140516 0.574352 0.285132 108.963837 387.470393
55 64 63 0.833559 0.107314 0.059127 118.250978 361.645744
55 64 63 0.393621 0.321567 0.284811 104.634436 378.688872
55 64 63 0.910377 0.069251 0.020372 114.150442 360.975919
55 64 63 0.690687 0.026097 0.283215 106.738260 367.778197
55 64 63 0.590825 0.147379 0.261796 110.810220 371.211162
55 56 64 0.716926 0.052075 0.231000 121.624482 360.646682
55 56 64 0.874868 0.092760 0.032372 119.440530 354.473476
55 56 64 0.176056 0.779406 0.044538 151.534971 358.838059
55 56 64 0.481248 0.427818 0.090935 137.824547 361.778309
55 56 64 0.438239 0.154083 0.407678 126.473457 371.225078
55 56 64 0.374026 0.044556 0.581418 121.156113 378.341925
55 56 64 0.020284 0.201729 0.777987 129.492566 387.516644
55 56 64 0.614959 0.190906 0.194135 129.814044 362.957298
55 56 64 0.807805 0.103131 0.089064 123.558355 359.185740
55 56 64 0.807638 0.126436 0.065925 126.571527 358.232762
56 65 64 0.805181 0.143345 0.051474 159.747369 363.372517
56 65 64 0.392042 0.126254 0.481704 146.928090 378.991079
56 65 64 0.684838 0.219578 0.095585 161.288861 367.127014
56 65 64 0.553012 0.445801 0.001187 162.461363 370.461538
56 65 64 0.432071 0.184886 0.383042 148.588732 375.503633
56 65 64 0.705119 0.076101 0.218780 153.980065 367.557002
56 65 64 0.220325 0.268413 0.511261 144.558752 387.051771
56 65 64 0.698348 0.177905 0.123747 157.122511 364.922485
56 65 64 0.723270 0.086964 0.189766 153.091599 362.630580
56 65 64 0.450351 0.348225 0.201424 152.752685 372.313627
56 57 65 0.135151 0.509658 0.355191 181.967020 368.059804
56 57 65 0.651112 0.271391 0.077497 173.810309 354.284071
56 57 65 0.442505 0.292866 0.264629 174.297075 362.225605
56 57 65 0.030628 0.948627 0.020746 199.932136 355.772570
56 57 65 0.606293 0.324770 0.068937 178.757504 356.024951
56 57 65 0.127558 0.845982 0.026460 195.214460 354.793375
56 57 65 0.711017 0.014722 0.274261 161.220164 366.978289
56 57 65 0.548422 0.214327 0.237251 170.070287 364.075906
56 57 65 0.911587 0.060813 0.027600 164.836409 355.195578
56 57 65 0.538250 0.423731 0.038019 179.350646 356.346425
57 66 65 0.509986 0.072118 0.417897 181.699361 370.944189
57 66 65 0.394467 0.300227 0.305306 192.236913 375.288409
57 66 65 0.384246 0.351637 0.264117 195.095254 374.132471
57 66 65 0.818824 0.040969 0.140208 201.440509 360.210005
57 66 65 0.419695 0.138935 0.441370 189.217582 377.367481
57 66 65 0.724006 0.112340 0.163654 195.822298 363.429303
57 66 65 0.593383 0.071538 0.335080 190.669555 368.597899
57 66 65 0.590555 0.134509 0.274936 193.784273 370.441458
57 66 65 0.912916 0.034979 0.052105 200.122339 357.219570
57 66 65 0.572633 0.342686 0.084681 202.702238 370.176764
57 58 66 0.422932 0.467155 0.109913 224.172890 357.868665
57 58 66 0.718201 0.139430 0.142369 212.632543 357.855927
57 58 66 0.245573 0.224328 0.530099 215.112158 371.132611
57 58 66 0.807678 0.155691 0.036632 207.790821 356.269650
57 58 66 0.444762 0.053692 0.501546 206.158121 371.699137
57 58 66 0.421045 0.138557 0.440398 212.395046 368.552369
57 58 66 0.550613 0.239637 0.209750 212.288750 365.500680
57 58 66 0.355411 0.011453 0.633137 206.712150 381.574089
57 58 66 0.531140 0.323484 0.145376 216.809354 357.459968
57 58 66 0.560531 0.045980 0.393489 204.170482 368.828955
58 67 66 0.221820 0.582658 0.195522 239.254054 377.113793
58 67 66 0.780556 0.149766 0.069678 243.266982 358.494908
58 67 66 0.146198 0.043965 0.809836 215.210759 387.259457
58 67 66 0.921301 0.054092 0.024607 247.693735 355.675006
58 67 66 0.408295 0.436243 0.155462 241.292384 374.180196
58 67 66 0.362875 0.501897 0.135228 243.337513 381.957426
58 67 66 0.653625 0.263814 0.082561 244.845118 366.284769
58 67 66 0.054925 0.122629 0.822445 212.232152 386.312320
58 67 66 0.033032 0.725253 0.241715 239.959537 391.658028
58 67 66 0.999906 0.000007 0.000087 243.767879 353.047387
58 59 67 0.551460 0.188296 0.260243 252.976256 360.092946
58 59 67 0.259857 0.705093 0.035050 277.443522 355.515124
58 59 67 0.180623 0.439100 0.380277 263.356567 366.782973
58 59 67 0.621704 0.032686 0.345610 248.955280 365.539436
58 59 67 0.658198 0.230564 0.111238 255.169347 358.931354
58 59 67 0.185980 0.488796 0.325224 264.404674 366.964502
58 59 67 0.450856 0.159051 0.390093 251.930331 369.963137
58 59 67 0.601141 0.248794 0.150065 255.562649 362.946683
58 59 67 0.463301 0.252762 0.283937 259.431232 363.118379
58 59 67 0.052385 0.455889 0.491726 262.551858 371.823257
59 68 67 0.005110 0.673286 0.321604 274.423968 389.479326
59 68 67 0.028745 0.637614 0.333641 273.410175 389.277921
59 68 67 0.908889 0.084275 0.006835 285.003984 356.952618
59 68 67 0.274355 0.132384 0.593261 266.717345 381.702593
59 68 67 0.961403 0.003262 0.035335 286.009819 352.337661
59 68 67 0.057135 0.213569 0.729297 258.168496 388.815088
59 68 67 0.135053 0.735933 0.129014 284.110583 382.775865
59 68 67 0.623192 0.164985 0.211823 278.889615 363.879045
59 68 67 0.180098 0.226337 0.593566 259.855525 384.291121
59 68 67 0.273169 0.638960 0.087871 283.272898 382.011514
59 60 68 0.408060 0.547068 0.044872 309.786935 352.373222
59 60 68 0.351002 0.428189 0.220809 308.331857 361.879313
59 60 68 0.906457 0.068437 0.025106 293.470316 348.225219
59 60 68 0.676011 0.118235 0.205754 294.430227 362.969763
59 60 68 0.999388 0.000263 0.000349 285.911526 353.077818
59 60 68 0.563873 0.324074 0.112053 304.275020 354.328626
59 60 68 0.949542 0.001318 0.049140 288.838117 352.478630
59 60 68 0.165347 0.199759 0.634894 294.199206 376.118712
59 60 68 0.829592 0.117651 0.052757 294.908887 352.046065
59 60 68 0.374017 0.153187 0.472796 292.113368 371.924413
60 69 68 0.921200 0.024610 0.054190 330.525666 357.573766
60 69 68 0.189826 0.687035 0.123139 325.243398 382.899381
60 69 68 0.242138 0.456791 0.301071 314.819296 385.418299
60 69 68 0.604078 0.242296 0.153626 321.340162 369.138567
60 69 68 0.231049 0.140175 0.628776 301.439313 378.773357
60 69 68 0.320434 0.177431 0.502135 310.448789 378.319698
60 69 68 0.146764 0.604373 0.248863 319.484471 386.233402
60 69 68 0.913900 0.016454 0.069646 325.490656 353.594767
60 69 68 0.833319 0.114905 0.051777 328.632713 357.389520
60 69 68 0.805478 0.014761 0.179761 319.090562 360.667917
60 61 69 0.224622 0.525508 0.249870 352.018300 363.064945
60 61 69 0.201501 0.695169 0.103330 361.993018 357.981906
60 61 69 0.913385 0.084439 0.002176 333.150485 352.391307
60 61 69 0.507383 0.169053 0.323564 338.507321 366.866651
60 61 69 0.279273 0.714744 0.005983 362.871233 352.259116
60 61 69 0.052194 0.735352 0.212454 362.428482 358.727060
60 61 69 0.568491 0.179718 0.251791 338.444732 358.773862
60 61 69 0.265523 0.624377 0.110100 358.815733 358.653943
60 61 69 0.444788 0.262609 0.292603 337.785541 361.117533
60 61 69 0.153928 0.045377 0.800696 329.049085 385.466104
61 70 69 0.376194 0.359509 0.264297 359.725827 378.992895
61 70 69 0.954052 0.001508 0.044440 373.869984 351.647933
61 70 69 0.808045 0.118819 0.073136 370.947180 355.157809
61 70 69 0.283260 0.184240 0.532500 349.715351 381.476745
61 70 69 0.491101 0.050493 0.458406 348.256590 374.594889
61 70 69 0.456427 0.143760 0.399813 354.539973 374.779208
61 70 69 0.653383 0.137563 0.209054 367.064719 363.863635
61 70 69 0.765494 0.205500 0.029006 372.884469 359.177413
61 70 69 0.680035 0.196218 0.123747 367.725733 364.763063
61 70 69 0.676438 0.175113 0.148448 366.137969 364.535723
61 62 70 0.118170 0.465143 0.416687 393.731830 364.434008
61 62 70 0.777419 0.136545 0.086036 380.129761 351.369980
61 62 70 0.479779 0.075745 0.444476 371.764697 365.461722
61 62 70 0.624740 0.100570 0.274689 375.826966 360.865630
61 62 70 0.696158 0.206038 0.097804 380.471159 353.032384
61 62 70 0.492524 0.123339 0.384138 375.815768 367.262269
61 62 70 0.427601 0.205261 0.367138 380.164633 364.099072
61 62 70 0.282497 0.677740 0.039763 407.278593 353.367018
61 62 70 0.314034 0.561747 0.124219 398.655138 351.694715
61 62 70 0.210307 0.480892 0.308801 393.696065 365.825029
62 71 70 0.915630 0.003731 0.080639 411.417474 356.522202
62 71 70 0.566730 0.185062 0.248208 407.210815 365.285053
62 71 70 0.705919 0.256111 0.037970 416.447674 360.623590
62 71 70 0.542665 0.163978 0.293357 403.961563 365.362575
62 71 70 0.687529 0.167819 0.144652 406.536735 360.409823
62 71 70 0.191295 0.054244 0.754461 384.940753 381.562378
62 71 70 0.403323 0.233352 0.363325 401.196913 375.737558
62 71 70 0.395555 0.218172 0.386273 398.482367 371.856152
62 71 70 0.115547 0.411300 0.473153 394.489901 386.307784
62 71 70 0.406346 0.017076 0.576578 391.433119 372.796967
63 64 72 0.261786 0.167923 0.570291 94.561865 407.080667
63 64 72 0.808721 0.123706 0.067573 88.726635 394.725813
63 64 72 0.756559 0.108610 0.134831 89.254978 397.102534
63 64 72 0.698375 0.247848 0.053777 94.468033 395.061338
63 64 72 0.061457 0.753059 0.185484 113.876334 398.362325
63 64 72 0.107011 0.155960 0.737028 92.825096 414.816943
63 64 72 0.283321 0.526210 0.190469 105.777607 397.499146
63 64 72 0.489712 0.054728 0.455560 88.170570 404.800590
63 64 72 0.706308 0.013422 0.280269 83.619684 403.574768
63 64 72 0.566496 0.334709 0.098795 94.933980 395.302674
64 73 72 0.514228 0.094854 0.390918 109.782406 407.338611
64 73 72 0.586680 0.036983 0.376337 110.476961 402.404978
64 73 72 0.147843 0.116259 0.735898 99.920943 418.402154
64 73 72 0.226153 0.578723 0.195125 122.118991 414.582530
64 73 72 0.967778 0.013609 0.018613 122.320173 390.936471
64 73 72 0.043996 0.646225 0.309779 116.692683 426.589909
64 73 72 0.499039 0.078540 0.422421 109.085598 405.346172
64 73 72 0.747918 0.021069 0.231014 117.182296 400.575559
64 73 72 0.808463 0.003266 0.188271 119.129640 399.587858
64 73 72 0.022076 0.420777 0.557147 107.021382 423.153171
64 65 73 0.179884 0.070448 0.749668 131.622181 419.361837
64 65 73 0.667756 0.331049 0.001195 134.771551 392.982059
64 65 73 0.280276 0.185591 0.534133 136.059299 409.500188
64 65 73 0.868586 0.056104 0.075310 121.701294 394.941314
64 65 73 0.315124 0.183557 0.501320 136.408923 409.971698
64 65 73 0.529499 0.036013 0.434488 128.417466 403.874018
64 65 73 0.055263 0.591161 0.353577 144.580791 402.894558
64 65 73 0.249102 0.172291 0.578607 137.217265 411.680065
64 65 73 0.923409 0.035346 0.041245 124.432253 393.582308
64 65 73 0.098488 0.109832 0.791679 131.882212 415.287880
65 74 73 0.230430 0.701581 0.067988 163.875473 415.561129
65 74 73 0.537406 0.254911 0.207682 154.866052 405.057748
65 74 73 0.011132 0.617410 0.371458 155.111567 427.441536
65 74 73 0.626138 0.371841 0.002020 169.127099 407.373887
65 74 73 0.909605 0.029514 0.060881 162.570853 393.639207
65 74 73 0.125402 0.785162 0.089436 162.804024 419.917257
65 74 73 0.519708 0.388087 0.092205 163.769067 407.890383
65 74 73 0.492657 0.077037 0.430306 148.825745 405.874129
65 74 73 0.579651 0.286185 0.134165 161.300029 403.596839
65 74 73 0.577011 0.325279 0.097710 163.581169 401.239863
65 66 74 0.088115 0.415599 0.496286 183.452945 407.672161
65 66 74 0.064210 0.853098 0.082693 200.387603 397.075229
65 66 74 0.278503 0.499139 0.222357 190.447150 398.470559
65 66 74 0.224430 0.749484 0.026086 195.635763 389.160839
65 66 74 0.530631 0.030931 0.438437 168.313501 407.117124
65 66 74 0.204097 0.650604 0.145299 193.068693 391.064201
65 66 74 0.420308 0.196149 0.383543 174.009532 405.931780
65 66 74 0.072719 0.859555 0.067726 203.518377 391.482243
65 66 74 0.710390 0.135233 0.154377 172.198664 396.875304
65 66 74 0.455673 0.125480 0.418847 172.846780 402.421114
66 75 74 0.561676 0.365773 0.072551 201.514113 401.969067
66 75 74 0.074076 0.444113 0.481811 187.664747 422.233531
66 75 74 0.386097 0.352030 0.261873 193.898365 410.530968
66 75 74 0.215179 0.436601 0.348220 192.462082 415.103392
66 75 74 0.781469 0.103802 0.114728 200.055811 399.390054
66 75 74 0.663031 0.235125 0.101844 199.362761 402.501092
66 75 74 0.489669 0.209817 0.300514 195.573929 406.281729
66 75 74 0.092494 0.521973 0.385534 198.711203 420.937550
66 75 74 0.491786 0.140494 0.367721 191.661077 409.219240
66 75 74 0.337908 0.415341 0.246751 201.651020 412.142684
66 67 75 0.138298 0.311822 0.549880 220.263686 408.772445
66 67 75 0.675805 0.027919 0.296277 208.899985 398.908828
66 67 75 0.998252 0.000091 0.001657 205.363688 392.965896
66 67 75 0.657292 0.213443 0.129265 216.338137 396.368392
66 67 75 0.609345 0.129376 0.261279 212.398590 396.435576
66 67 75 0.560357 0.103808 0.335835 211.485410 402.560010
66 67 75 0.933388 0.008033 0.058580 205.680320 396.444675
66 67 75 0.882003 0.101952 0.016045 211.497828 390.477707
66 67 75 0.315127 0.339985 0.344889 224.794021 402.656494
66 67 75 0.978755 0.009575 0.011670 208.859240 392.531891
67 76 75 0.086194 0.225900 0.687906 220.795158 419.775386
67 76 75 0.459062 0.394547 0.146390 242.432482 405.353339
67 76 75 0.158293 0.677907 0.163800 243.205430 418.721535
67 76 75 0.357582 0.196588 0.445830 230.464272 411.367450
67 76 75 0.133408 0.757225 0.109367 246.149772 419.549445
67 76 75 0.612921 0.326898 0.060181 244.769202 403.525086
67 76 75 0.028885 0.284880 0.686235 223.586561 420.704536
67 76 75 0.958290 0.018591 0.023119 247.033329 394.828589
67 76 75 0.820799 0.179077 0.000124 246.179462 398.369788
67 76 75 0.196945 0.549669 0.253386 238.900359 415.455866
67 68 76 0.049703 0.828081 0.122216 286.797453 394.304739
67 68 76 0.235732 0.177050 0.587218 253.496011 409.584535
67 68 76 0.865979 0.058390 0.075632 251.817018 393.008903
67 68 76 0.252664 0.110956 0.636380 253.660326 414.077800
67 68 76 0.778080 0.211581 0.010340 260.174665 391.489495
67 68 76 0.419357 0.523395 0.057248 265.643461 393.313758
67 68 76 0.179947 0.486112 0.333941 268.267941 400.095524
67 68 76 0.620974 0.017227 0.361799 249.571375 402.514025
67 68 76 0.985156 0.009871 0.004973 248.645968 392.719673
67 68 76 0.665269 0.055035 0.279696 249.941222 397.627172
68 77 76 0.446438 0.363378 0.190184 280.575077 407.719674
68 77 76 0.101872 0.758630 0.139498 282.230145 417.103653
68 77 76 0.399335 0.182955 0.417710 272.638579 408.897012
68 77 76 0.707300 0.283744 0.008956 286.848335 400.173772
68 77 76 0.725697 0.110301 0.164002 282.136539 399.146988
68 77 76 0.895521 0.063680 0.040798 285.945295 393.707374
68 77 76 0.883003 0.042376 0.074621 282.195779 394.687299
68 77 76 0.995012 0.001094 0.003894 286.522377 391.058551
68 77 76 0.974369 0.000227 0.025404 287.274059 390.187802
68 77 76 0.192479 0.588196 0.219324 278.663973 413.581112
68 69 77 0.386927 0.355311 0.257762 298.210455 398.502740
68 69 77 0.591852 0.314227 0.093921 299.270518 393.241224
68 69 77 0.350912 0.536938 0.112150 308.589423 393.175225
68 69 77 0.555031 0.246206 0.198762 295.935011 394.904696
68 69 77 0.012462 0.873431 0.114107 322.067544 392.992029
68 69 77 0.361505 0.183465 0.455030 295.822579 406.642284
68 69 77 0.925471 0.069046 0.005483 295.277975 390.072840
68 69 77 0.995479 0.003999 0.000522 289.571292 390.829933
68 69 77 0.790974 0.140863 0.068162 296.388342 392.176560
68 69 77 0.156508 0.778616 0.064876 319.175448 392.495341
69 78 77 0.509719 0.003487 0.486794 306.429848 404.015455
69 78 77 0.188994 0.746971 0.064035 323.614855 414.269397
69 78 77 0.535685 0.383154 0.081161 327.056094 405.651572
69 78 77 0.504453 0.406309 0.089238 324.144740 407.762360
69 78 77 0.252358 0.128778 0.618864 300.463087 411.939486
69 78 77 0.498069 0.245957 0.255973 314.807163 404.465524
69 78 77 0.081602 0.184365 0.734033 299.685833 417.193321
69 78 77 0.300544 0.376596 0.322860 310.751142 410.191814
69 78 77 0.037398 0.386971 0.575631 302.707843 418.058724
69 78 77 0.415339 0.494566 0.090095 323.240587 409.414377
69 70 78 0.604751 0.342872 0.052377 344.448454 392.650285
69 70 78 0.689968 0.119918 0.190113 331.593365 396.412547
69 70 78 0.400847 0.047095 0.552058 327.850134 406.634601
69 70 78 0.597087 0.338960 0.063953 344.160544 394.981819
69 70 78 0.049849 0.211541 0.738610 337.404949 410.570444
69 70 78 0.718643 0.266459 0.014899 335.402246 390.054352
69 70 78 0.904556 0.078241 0.017202 328.752509 390.096947
69 70 78 0.975611 0.000572 0.023817 329.165155 390.771635
69 70 78 0.039754 0.550665 0.409580 354.585800 400.888488
69 70 78 0.397884 0.455673 0.146443 345.998063 397.644251
70 79 78 0.667985 0.230431 0.101584 364.236013 398.433835
70 79 78 0.134509 0.578700 0.286791 354.590071 410.380050
70 79 78 0.688875 0.119638 0.191488 364.499168 397.963664
70 79 78 0.365994 0.178784 0.455222 354.328232 407.456272
70 79 78 0.254064 0.128042 0.617894 342.395166 409.436554
70 79 78 0.720393 0.183086 0.096521 362.906484 396.493810
70 79 78 0.651459 0.018039 0.330502 357.055548 396.215324
70 79 78 0.156231 0.502524 0.341245 352.624526 412.484488
70 79 78 0.333847 0.308306 0.357847 352.060995 408.610561
70 79 78 0.584814 0.210827 0.204359 363.228412 403.098413
70 71 79 0.669813 0.073623 0.256564 373.786837 395.324296
70 71 79 0.818980 0.100008 0.081013 379.502271 392.858260
70 71 79 0.040966 0.581433 0.377601 395.023143 399.679448
70 71 79 0.372161 0.528393 0.099446 389.034035 393.806209
70 71 79 0.524484 0.230687 0.244828 379.149851 394.218447
70 71 79 0.252027 0.559104 0.188869 397.791253 393.657589
70 71 79 0.798903 0.151639 0.049458 375.601763 391.182714
70 71 79 0.415238 0.025590 0.559172 368.401335 404.762579
70 71 79 0.538248 0.375066 0.086686 385.609595 390.992448
70 71 79 0.580541 0.007950 0.411510 366.662322 399.717867
71 80 79 0.754181 0.053225 0.192595 403.801677 393.479502
71 80 79 0.943001 0.042103 0.014896 413.631774 390.970898
71 80 79 0.076001 0.679883 0.244116 395.639495 413.721107
71 80 79 0.509159 0.069162 0.421679 389.714773 401.695280
71 80 79 0.731840 0.249693 0.018466 411.679531 392.142431
71 80 79 0.236171 0.578637 0.185191 403.673759 408.018698
71 80 79 0.716600 0.170514 0.112886 409.254559 398.213354
71 80 79 0.513037 0.299454 0.187508 402.415747 402.011552
71 80 79 0.967391 0.029314 0.003295 412.484079 390.223044
71 80 79 0.022531 0.772666 0.204803 398.234283 416.105226
