0 1 9 0.371369 0.389565 0.239065 93.802281 142.272986
0 1 9 0.805299 0.163756 0.030945 88.811644 134.681100
0 1 9 0.384548 0.386371 0.229080 92.716312 145.053893
0 1 9 0.499694 0.498803 0.001504 103.339442 133.140672
0 1 9 0.851876 0.078425 0.069699 85.800341 135.697744
0 1 9 0.424722 0.372509 0.202770 93.781620 140.583386
0 1 9 0.473515 0.026123 0.500362 79.422322 149.137439
0 1 9 0.280719 0.107794 0.611487 83.513815 152.119610
0 1 9 0.996320 0.003257 0.000423 82.361466 132.527945
0 1 9 0.994304 0.000894 0.004802 81.621622 134.959072
1 10 9 0.018520 0.966038 0.015443 116.297770 165.400028
1 10 9 0.998048 0.000086 0.001865 121.441320 136.970071
1 10 9 0.382673 0.535777 0.081550 115.953981 152.293578
1 10 9 0.193495 0.430223 0.376282 98.860131 158.707353
1 10 9 0.877882 0.081373 0.040745 119.095380 134.953875
1 10 9 0.464191 0.480627 0.055182 117.952540 155.390281
1 10 9 0.419420 0.342633 0.237947 106.010616 149.026045
1 10 9 0.642076 0.027738 0.330186 109.649551 146.857711
1 10 9 0.425191 0.194671 0.380138 103.963851 153.038920
1 10 9 0.303542 0.434990 0.261467 104.914584 153.609252
1 2 10 0.721845 0.098530 0.179625 125.260461 137.994851
1 2 10 0.153799 0.231253 0.614948 125.179235 153.924938
1 2 10 0.768566 0.186991 0.044443 124.334861 139.458075
1 2 10 0.275409 0.063518 0.661073 121.248729 153.107390
1 2 10 0.900389 0.097756 0.001855 128.963411 137.697041
1 2 10 0.261919 0.181751 0.556330 122.204829 149.993561
1 2 10 0.264129 0.135587 0.600284 121.604085 149.275230
1 2 10 0.307765 0.313514 0.378721 132.618582 145.143533
1 2 10 0.083556 0.360325 0.556119 134.701207 151.342915
1 2 10 0.289527 0.525084 0.185389 141.449983 140.997239
2 11 10 0.598394 0.083245 0.318361 148.215223 145.043147
2 11 10 0.286943 0.623434 0.089624 159.015461 152.924129
2 11 10 0.889915 0.055677 0.054407 159.119795 141.381500
2 11 10 0.918905 0.055755 0.025340 161.669214 135.871892
2 11 10 0.717150 0.139138 0.143712 153.651725 143.734236
2 11 10 0.138306 0.774315 0.087380 155.286730 157.080827
2 11 10 0.140357 0.626970 0.232673 149.046063 159.256959
2 11 10 0.152680 0.120688 0.726632 125.869909 162.819985
2 11 10 0.174534 0.363924 0.461541 138.857096 159.608717
2 11 10 0.682571 0.050148 0.267281 153.963436 145.338631
2 3 11 0.811202 0.002218 0.186580 163.787666 137.861849
2 3 11 0.755779 0.137036 0.107185 169.637417 140.793392
2 3 11 0.833860 0.046700 0.119439 167.088940 140.236738
2 3 11 0.615717 0.065052 0.319232 161.373298 142.259568
2 3 11 0.008757 0.055101 0.936142 160.083858 162.507174
2 3 11 0.571906 0.119802 0.308293 161.532447 140.972721
2 3 11 0.534066 0.209616 0.256318 173.626061 141.770954
2 3 11 0.208789 0.053223 0.737988 162.815038 154.950175
2 3 11 0.353093 0.048107 0.598799 159.452564 157.773068
2 3 11 0.809386 0.002564 0.188050 162.672591 140.559627
3 12 11 0.231775 0.635007 0.133219 194.855228 157.199804
3 12 11 0.828388 0.016590 0.155022 194.725430 139.092543
3 12 11 0.427663 0.394485 0.177852 198.483309 154.536513
3 12 11 0.001972 0.965965 0.032062 203.639185 163.871146
3 12 11 0.441607 0.171206 0.387187 185.372010 152.970208
3 12 11 0.549737 0.071514 0.378749 188.784032 145.807003
3 12 11 0.663686 0.106481 0.229832 191.438102 145.923924
3 12 11 0.362468 0.061714 0.575818 179.072481 150.642415
3 12 11 0.461123 0.536869 0.002007 200.360483 151.869320
3 12 11 0.705604 0.171315 0.123081 198.803030 143.859021
3 4 12 0.151995 0.095784 0.752221 204.691721 157.029524
3 4 12 0.991296 0.008295 0.000408 203.588434 133.710986
3 4 12 0.729880 0.187996 0.082124 205.840764 136.992642
3 4 12 0.318363 0.384003 0.297635 217.364451 146.035220
3 4 12 0.735174 0.126063 0.138763 204.074945 140.346265
3 4 12 0.595676 0.112854 0.291470 206.441188 142.094633
3 4 12 0.431583 0.062147 0.506269 204.402781 151.104021
3 4 12 0.203070 0.296687 0.500243 216.365440 151.782153
3 4 12 0.756293 0.157445 0.086262 206.926618 141.741007
3 4 12 0.196621 0.662058 0.141321 228.979840 141.077688
4 13 12 0.167997 0.696033 0.135970 238.528724 157.986895
4 13 12 0.963257 0.023185 0.013559 241.761533 138.411950
4 13 12 0.472486 0.220985 0.306529 228.132352 151.023584
4 13 12 0.463628 0.083222 0.453150 223.703164 150.804530
4 13 12 0.272480 0.153429 0.574091 218.808947 157.764965
4 13 12 0.263944 0.043992 0.692064 215.684276 155.148489
4 13 12 0.817786 0.050746 0.131468 239.972436 142.747793
4 13 12 0.707107 0.086280 0.206613 231.570585 144.773220
4 13 12 0.080592 0.625810 0.293598 226.702742 165.817031
4 13 12 0.035875 0.824445 0.139681 236.028510 169.550422
4 5 13 0.283963 0.014448 0.701589 241.617618 157.823246
4 5 13 0.071515 0.644468 0.284017 271.525940 142.695411
4 5 13 0.978611 0.004308 0.017081 244.052014 138.430738
4 5 13 0.662402 0.048672 0.288926 243.512049 144.791348
4 5 13 0.213962 0.149728 0.636311 250.671420 158.154222
4 5 13 0.104544 0.331701 0.563755 256.868921 152.183953
4 5 13 0.003083 0.928611 0.068305 281.185399 141.872782
4 5 13 0.991884 0.000656 0.007460 245.238664 136.826838
4 5 13 0.270634 0.497813 0.231553 260.612189 142.305757
4 5 13 0.846095 0.124027 0.029878 249.085926 139.369213
5 14 13 0.914267 0.082509 0.003224 284.325043 144.596227
5 14 13 0.606975 0.153094 0.239931 271.891941 148.504561
5 14 13 0.175670 0.556483 0.267847 273.053134 158.925185
5 14 13 0.094869 0.610337 0.294794 278.270652 160.504526
5 14 13 0.424852 0.376871 0.198276 281.493268 154.978886
5 14 13 0.129351 0.097549 0.773101 254.373160 163.684752
5 14 13 0.850682 0.147740 0.001578 282.891788 141.831502
5 14 13 0.412922 0.020814 0.566264 258.887744 153.300355
5 14 13 0.971285 0.008520 0.020195 278.824732 139.514798
5 14 13 0.699919 0.186558 0.113524 279.903257 142.732503
5 6 14 0.780967 0.151271 0.067761 290.580144 139.112815
5 6 14 0.088749 0.620029 0.291221 310.458510 146.135139
5 6 14 0.924888 0.013715 0.061397 284.317577 139.487372
5 6 14 0.908142 0.017315 0.074544 284.277190 141.068245
5 6 14 0.332094 0.616363 0.051543 313.119981 140.089439
5 6 14 0.409313 0.278873 0.311813 296.923557 145.472739
5 6 14 0.243383 0.629812 0.126805 309.951690 139.866568
5 6 14 0.401442 0.193546 0.405012 290.449951 150.932623
5 6 14 0.613189 0.350430 0.036381 297.329192 138.664780
5 6 14 0.515145 0.432345 0.052509 300.545311 140.011295
6 15 14 0.660826 0.143342 0.195831 316.033605 147.950907
6 15 14 0.424528 0.158238 0.417234 309.968821 154.689618
6 15 14 0.500051 0.031504 0.468445 308.676373 153.180124
6 15 14 0.626979 0.200841 0.172179 319.040096 151.143991
6 15 14 0.120417 0.486062 0.393521 314.871220 162.511968
6 15 14 0.123837 0.710282 0.165882 321.893280 162.250370
6 15 14 0.372496 0.433894 0.193610 318.103920 157.309062
6 15 14 0.190200 0.054559 0.755241 297.763336 159.692821
6 15 14 0.924751 0.065743 0.009506 323.763510 145.482431
6 15 14 0.128894 0.295570 0.575536 306.137369 165.171887
6 7 15 0.345614 0.595245 0.059141 351.227095 141.718916
6 7 15 0.900488 0.057467 0.042045 325.760865 140.538825
6 7 15 0.430907 0.527344 0.041749 344.991543 145.339870
6 7 15 0.959082 0.039736 0.001182 323.714443 144.566875
6 7 15 0.728998 0.093276 0.177726 328.490969 147.726701
6 7 15 0.593752 0.306338 0.099910 339.644162 144.555951
6 7 15 0.322251 0.345910 0.331839 335.666623 145.472800
6 7 15 0.484255 0.387705 0.128040 338.196473 144.386331
6 7 15 0.859165 0.124082 0.016753 329.452558 142.934815
6 7 15 0.986363 0.003106 0.010531 321.709004 138.212085
7 16 15 0.059543 0.113823 0.826634 334.097119 168.199386
7 16 15 0.774824 0.201241 0.023935 367.502346 148.736256
7 16 15 0.558786 0.223337 0.217877 356.840643 151.936123
7 16 15 0.746315 0.123136 0.130548 363.639922 148.206009
7 16 15 0.018217 0.972407 0.009376 373.152099 168.993580
7 16 15 0.539190 0.403956 0.056854 360.894822 152.267885
7 16 15 0.189003 0.737315 0.073682 362.093021 163.276880
7 16 15 0.104309 0.150768 0.744923 342.022961 166.161404
7 16 15 0.378501 0.349956 0.271542 356.455396 158.042632
7 16 15 0.282227 0.179296 0.538478 346.696459 159.561757
7 8 16 0.141423 0.639615 0.218963 389.999779 146.144069
7 8 16 0.839779 0.025833 0.134387 363.815813 146.990369
7 8 16 0.545019 0.252189 0.202792 373.168270 147.234777
7 8 16 0.542079 0.097034 0.360887 366.030260 149.684579
7 8 16 0.184815 0.304352 0.510833 382.332471 157.298119
7 8 16 0.524601 0.309600 0.165799 374.159338 150.338642
7 8 16 0.385840 0.475485 0.138675 380.643118 145.710473
7 8 16 0.327496 0.119537 0.552967 371.409753 157.583510
7 8 16 0.607725 0.103607 0.288668 369.941407 150.533354
7 8 16 0.206544 0.641768 0.151688 390.327281 143.691517
8 17 16 0.563705 0.129891 0.306404 390.647420 152.378871
8 17 16 0.300762 0.154929 0.544309 386.878751 160.978571
8 17 16 0.398330 0.284328 0.317342 398.547538 156.587678
8 17 16 0.139108 0.511258 0.349634 390.807951 164.738830
8 17 16 0.823728 0.047997 0.128276 394.451341 149.416783
8 17 16 0.063194 0.247306 0.689500 379.250893 169.297385
8 17 16 0.875630 0.032061 0.092309 397.032062 149.690821
8 17 16 0.304484 0.631608 0.063908 407.850184 159.277562
8 17 16 0.101277 0.847981 0.050742 406.571460 164.180044
8 17 16 0.678567 0.173463 0.147970 397.939007 149.019762
9 10 18 0.463597 0.020693 0.515709 70.873347 187.479262
9 10 18 0.643125 0.229839 0.127036 81.756367 168.084926
9 10 18 0.434183 0.056339 0.509478 72.725538 185.385395
9 10 18 0.293025 0.299857 0.407119 82.504023 184.242560
9 10 18 0.937727 0.009514 0.052759 72.351733 169.990247
9 10 18 0.392688 0.032171 0.575141 70.946454 188.349003
9 10 18 0.086434 0.793401 0.120165 107.065281 168.924514
9 10 18 0.531032 0.369966 0.099002 86.896935 170.405453
9 10 18 0.520781 0.025861 0.453358 72.247986 180.876190
9 10 18 0.039919 0.755935 0.204147 106.296551 172.066184
10 19 18 0.442914 0.306163 0.250923 101.658192 188.909647
10 19 18 0.468660 0.395436 0.135904 106.577250 186.922040
10 19 18 0.352281 0.101674 0.546045 90.144217 191.047679
10 19 18 0.265175 0.259676 0.475148 91.695638 197.532516
10 19 18 0.635358 0.065580 0.299062 101.330164 182.102106
10 19 18 0.483405 0.142267 0.374328 96.858080 187.142809
10 19 18 0.386155 0.263575 0.350270 98.119497 191.298776
10 19 18 0.109356 0.139317 0.751327 80.980708 202.172541
10 19 18 0.298779 0.616125 0.085095 110.439434 195.007900
10 19 18 0.354441 0.237799 0.407760 95.866729 190.773363
10 11 19 0.053494 0.195203 0.751302 123.133328 195.217291
10 11 19 0.957941 0.018824 0.023235 114.847633 166.845513
10 11 19 0.235643 0.330871 0.433486 127.757676 183.097003
10 11 19 0.290916 0.600665 0.108419 138.399661 167.262649
10 11 19 0.361336 0.297039 0.341625 123.046491 183.413302
10 11 19 0.499142 0.477712 0.023145 135.783310 169.046097
10 11 19 0.914982 0.081475 0.003543 121.865776 163.839240
10 11 19 0.225192 0.341222 0.433586 130.286295 180.778792
10 11 19 0.099424 0.067633 0.832943 114.007382 199.341415
10 11 19 0.238677 0.259676 0.501647 124.616729 187.177083
11 20 19 0.505792 0.154962 0.339246 144.429029 185.593533
11 20 19 0.174937 0.718004 0.107059 148.781930 199.700099
11 20 19 0.985682 0.007121 0.007197 156.522454 167.348614
11 20 19 0.590327 0.158575 0.251098 145.021179 183.393234
11 20 19 0.536791 0.282830 0.180379 148.017195 186.773354
11 20 19 0.906261 0.020441 0.073298 155.178930 164.013426
11 20 19 0.303165 0.356094 0.340742 142.697703 193.555727
11 20 19 0.476416 0.069693 0.453891 137.175214 188.453733
11 20 19 0.968841 0.001093 0.030066 155.045864 164.037240
11 20 19 0.001092 0.634060 0.364847 136.764859 209.182650
11 12 20 0.085198 0.234161 0.680640 171.086717 194.605885
11 12 20 0.333712 0.059744 0.606544 161.990528 186.866710
11 12 20 0.439450 0.366353 0.194197 172.778521 173.494859
11 12 20 0.014493 0.285123 0.700384 166.437376 191.313892
11 12 20 0.209380 0.584911 0.205709 181.031589 172.188592
11 12 20 0.474451 0.384585 0.140964 174.519918 167.527702
11 12 20 0.947262 0.019967 0.032771 159.341902 166.500724
11 12 20 0.081007 0.144794 0.774199 164.158838 192.909132
11 12 20 0.935343 0.056917 0.007740 163.757493 163.828947
11 12 20 0.896366 0.062188 0.041446 164.216130 165.258319
12 21 20 0.479322 0.249436 0.271241 188.622341 190.123846
12 21 20 0.153143 0.002411 0.844446 164.776148 199.378131
12 21 20 0.927811 0.020267 0.051922 203.237803 166.943810
12 21 20 0.699033 0.036136 0.264831 192.115020 177.507100
12 21 20 0.495299 0.223346 0.281355 190.230753 184.633018
12 21 20 0.939193 0.027848 0.032958 200.776049 167.358737
12 21 20 0.733446 0.115863 0.150691 194.760087 179.689375
12 21 20 0.899783 0.097953 0.002264 201.037238 169.869423
12 21 20 0.767476 0.025477 0.207048 192.905322 175.734779
12 21 20 0.538953 0.168016 0.293032 187.719350 180.619374
12 13 21 0.684590 0.144766 0.170644 208.881898 171.002579
12 13 21 0.624884 0.242436 0.132680 210.469430 172.489621
12 13 21 0.793969 0.105681 0.100351 204.376955 171.766447
12 13 21 0.633063 0.119041 0.247896 206.047162 178.803284
12 13 21 0.280186 0.470832 0.248982 220.053210 178.513416
12 13 21 0.769872 0.211668 0.018460 206.861948 165.017301
12 13 21 0.258799 0.518758 0.222442 226.419517 171.713359
12 13 21 0.388135 0.077935 0.533930 203.750416 184.379004
12 13 21 0.267542 0.440116 0.292343 216.155122 178.989905
12 13 21 0.468027 0.472061 0.059912 221.033466 170.751739
13 22 21 0.065623 0.133092 0.801285 208.127874 201.713525
13 22 21 0.184763 0.700960 0.114277 238.127830 196.269168
13 22 21 0.409870 0.532236 0.057894 238.039262 183.865050
13 22 21 0.094266 0.212829 0.692905 207.891979 194.678516
13 22 21 0.178628 0.374479 0.446894 221.713688 197.984843
13 22 21 0.519540 0.297334 0.183126 236.236906 187.201856
13 22 21 0.680680 0.064722 0.254598 239.447485 179.792104
13 22 21 0.725753 0.072993 0.201254 233.527439 180.165756
13 22 21 0.290251 0.573681 0.136068 236.234250 195.892374
13 22 21 0.473530 0.427133 0.099337 238.086641 185.739547
13 14 22 0.779102 0.193400 0.027498 253.916077 169.623043
13 14 22 0.928575 0.029795 0.041630 242.230407 168.012310
13 14 22 0.868354 0.084336 0.047310 246.970426 168.191773
13 14 22 0.013807 0.326339 0.659854 256.321957 195.029704
13 14 22 0.141009 0.485267 0.373725 266.885033 181.783627
13 14 22 0.475930 0.138616 0.385454 247.339652 180.365383
13 14 22 0.853995 0.075168 0.070837 243.946587 168.181046
13 14 22 0.419883 0.072675 0.507442 244.744973 189.611548
13 14 22 0.448251 0.395473 0.156276 259.395333 172.338783
13 14 22 0.084088 0.762326 0.153586 278.738528 171.205055
14 23 22 0.660681 0.266027 0.073292 284.169319 179.255067
14 23 22 0.036468 0.836912 0.126621 285.922327 205.985602
14 23 22 0.043129 0.366452 0.590419 262.877917 204.570444
14 23 22 0.726309 0.192255 0.081436 283.947847 175.806441
14 23 22 0.482565 0.185864 0.331571 271.274624 185.734096
14 23 22 0.981518 0.001273 0.017209 290.556432 162.697963
14 23 22 0.195169 0.656800 0.148031 286.448261 192.241880
14 23 22 0.909037 0.067247 0.023716 288.773408 169.838574
14 23 22 0.831888 0.118271 0.049840 284.292068 175.531442
14 23 22 0.409295 0.341345 0.249359 276.654201 190.063233
14 15 23 0.539976 0.440797 0.019228 307.339986 168.598313
14 15 23 0.466848 0.436242 0.096910 309.068940 171.380489
14 15 23 0.333857 0.453447 0.212696 305.838044 175.346748
14 15 23 0.990712 0.005445 0.003842 286.632149 167.502349
14 15 23 0.612446 0.213788 0.173766 298.993961 172.910367
14 15 23 0.453245 0.313480 0.233276 300.024669 172.086627
14 15 23 0.347306 0.041519 0.611175 290.802942 189.778509
14 15 23 0.960065 0.013436 0.026499 287.093638 165.910257
14 15 23 0.012617 0.611440 0.375942 313.209694 184.086015
14 15 23 0.906617 0.075600 0.017783 289.699906 166.173491
15 24 23 0.010531 0.149681 0.839788 296.833864 203.665137
15 24 23 0.801871 0.091689 0.106440 326.869995 171.695756
15 24 23 0.290181 0.535379 0.174440 318.530280 197.830556
15 24 23 0.560813 0.434958 0.004229 326.759353 186.130101
15 24 23 0.224966 0.653705 0.121329 327.327281 197.636298
15 24 23 0.005838 0.371265 0.622896 305.658549 203.383641
15 24 23 0.437273 0.226721 0.336005 316.013010 189.958406
15 24 23 0.971809 0.008410 0.019781 325.010053 168.149546
15 24 23 0.348217 0.230479 0.421304 311.052436 193.566421
15 24 23 0.162534 0.200483 0.636982 304.875093 199.657437
15 16 24 0.106638 0.862083 0.031278 367.282872 169.286513
15 16 24 0.544501 0.104739 0.350760 336.038565 184.664561
15 16 24 0.481583 0.436846 0.081571 345.885621 170.055811
15 16 24 0.324396 0.322544 0.353060 345.198825 184.946061
15 16 24 0.308347 0.651055 0.040598 356.073179 170.834313
15 16 24 0.627813 0.241746 0.130441 340.882945 175.535135
15 16 24 0.287745 0.582752 0.129503 351.016528 174.145263
15 16 24 0.130086 0.040875 0.829039 332.489858 199.227725
15 16 24 0.590965 0.372153 0.036882 345.751543 171.298644
15 16 24 0.043876 0.130845 0.825279 335.888883 201.994773
16 25 24 0.995036 0.004775 0.000189 371.931722 166.589661
16 25 24 0.319877 0.251245 0.428878 356.063893 191.831158
16 25 24 0.020885 0.299379 0.679736 344.654493 202.080585
16 25 24 0.975778 0.019949 0.004272 372.582897 168.979114
16 25 24 0.151607 0.666196 0.182197 369.833960 197.385177
16 25 24 0.526670 0.257762 0.215568 364.980736 188.000374
16 25 24 0.373912 0.451281 0.174806 368.452260 191.331512
16 25 24 0.933729 0.005145 0.061126 371.908797 169.659240
16 25 24 0.256105 0.405582 0.338313 358.841694 196.726746
16 25 24 0.180441 0.618753 0.200806 366.160889 197.263856
16 17 25 0.396856 0.582515 0.020629 393.381959 168.798075
16 17 25 0.706319 0.266903 0.026778 385.565609 167.799868
16 17 25 0.659395 0.274662 0.065943 383.837433 169.040425
16 17 25 0.667853 0.077184 0.254963 375.311962 177.932721
16 17 25 0.347937 0.061388 0.590675 375.743686 188.975989
16 17 25 0.545642 0.292327 0.162031 385.512724 176.419018
16 17 25 0.931191 0.068551 0.000257 376.576962 168.720862
16 17 25 0.882335 0.084098 0.033567 377.014567 168.017500
16 17 25 0.055892 0.645295 0.298813 394.909067 178.405757
16 17 25 0.057482 0.514622 0.427897 388.680424 181.831681
17 26 25 0.579698 0.042919 0.377384 398.900231 184.837006
17 26 25 0.514849 0.111124 0.374026 398.929807 189.550116
17 26 25 0.364812 0.175082 0.460106 401.789521 193.751702
17 26 25 0.211510 0.218083 0.570406 392.767306 198.207818
17 26 25 0.406170 0.516606 0.077224 412.535085 194.194281
17 26 25 0.113184 0.560544 0.326272 405.124055 204.162178
17 26 25 0.409058 0.263866 0.327076 399.210218 190.977515
17 26 25 0.577852 0.212608 0.209540 406.886235 183.359989
17 26 25 0.441981 0.417760 0.140259 412.133996 188.953892
17 26 25 0.839050 0.052482 0.108468 406.186501 174.321438
18 19 27 0.792575 0.042789 0.164635 70.917774 213.905892
18 19 27 0.353724 0.473063 0.173213 93.397000 214.898208
18 19 27 0.670063 0.042861 0.287077 69.983315 217.647003
18 19 27 0.764639 0.131482 0.103879 72.408530 212.245862
18 19 27 0.473250 0.019302 0.507449 71.238279 230.410168
18 19 27 0.291954 0.588071 0.119974 97.060106 212.947739
18 19 27 0.384560 0.474705 0.140735 88.786422 214.485771
18 19 27 0.949541 0.021275 0.029184 69.047079 205.427780
18 19 27 0.803326 0.023066 0.173608 68.451189 213.066084
18 19 27 0.670444 0.160806 0.168750 73.831523 210.326578
19 28 27 0.894851 0.048835 0.056314 106.994411 212.826638
19 28 27 0.819205 0.120242 0.060552 108.407368 212.326118
19 28 27 0.728228 0.100803 0.170969 106.679098 218.976486
19 28 27 0.978687 0.008199 0.013115 106.634566 209.233087
19 28 27 0.607943 0.275338 0.116719 107.995445 224.144775
19 28 27 0.173717 0.669332 0.156951 108.096269 244.083772
19 28 27 0.768558 0.165434 0.066008 107.833505 214.332191
19 28 27 0.802697 0.090329 0.106974 105.698573 220.285463
19 28 27 0.804254 0.101413 0.094333 109.033312 216.516572
19 28 27 0.510042 0.046357 0.443601 92.055493 226.541730
19 20 28 0.501923 0.451673 0.046404 133.054397 212.359872
19 20 28 0.630421 0.221451 0.148128 121.326390 216.498761
19 20 28 0.631383 0.204791 0.163827 119.346153 213.033367
19 20 28 0.287944 0.265890 0.446166 124.824200 229.441732
19 20 28 0.201672 0.185977 0.612351 121.027308 231.306967
19 20 28 0.088261 0.244560 0.667179 123.612607 236.454519
19 20 28 0.425120 0.176636 0.398244 120.771966 223.189447
19 20 28 0.477413 0.138107 0.384480 115.774030 224.909896
19 20 28 0.521059 0.421839 0.057102 130.018589 211.987446
19 20 28 0.742466 0.133990 0.123545 117.673805 214.642511
20 29 28 0.620873 0.185789 0.193337 146.929850 229.574373
20 29 28 0.887869 0.094304 0.017827 153.965194 215.004069
20 29 28 0.837325 0.144178 0.018497 154.491832 214.720855
20 29 28 0.372311 0.315114 0.312575 143.304286 235.178693
20 29 28 0.709199 0.184334 0.106467 151.448732 219.091548
20 29 28 0.623102 0.269999 0.106899 150.996880 224.753818
20 29 28 0.742436 0.163354 0.094210 151.143391 220.858070
20 29 28 0.476677 0.319891 0.203432 146.549727 232.372310
20 29 28 0.296173 0.419654 0.284172 143.895415 239.621260
20 29 28 0.676932 0.148985 0.174083 148.699120 223.458915
20 21 29 0.906055 0.026616 0.067329 154.516808 209.466821
20 21 29 0.276197 0.040268 0.683535 160.428158 238.467051
20 21 29 0.257310 0.154669 0.588021 164.804516 231.792603
20 21 29 0.543631 0.036921 0.419448 160.130587 223.946776
20 21 29 0.026749 0.497586 0.475665 174.470349 228.946941
20 21 29 0.097293 0.809005 0.093702 187.764147 210.941908
20 21 29 0.084328 0.098499 0.817173 159.890040 242.390781
20 21 29 0.809025 0.008423 0.182552 157.715322 215.046707
20 21 29 0.588430 0.163054 0.248517 164.048641 217.372020
20 21 29 0.034672 0.274038 0.691289 165.633466 239.255165
21 30 29 0.082600 0.328402 0.588998 170.998582 245.240051
21 30 29 0.475946 0.189472 0.334582 181.690011 232.186919
21 30 29 0.680702 0.122315 0.196983 192.809544 220.215561
21 30 29 0.313232 0.321936 0.364833 179.654733 237.428891
21 30 29 0.245817 0.569447 0.184735 189.618367 244.376646
21 30 29 0.888402 0.000776 0.110823 192.151490 209.044876
21 30 29 0.759736 0.074181 0.166083 192.638015 215.838075
21 30 29 0.347662 0.248843 0.403495 181.416505 234.090619
21 30 29 0.713563 0.042604 0.243833 187.550658 221.575772
21 30 29 0.530472 0.112288 0.357239 182.768406 223.842473
21 22 30 0.121950 0.195003 0.683047 206.936311 235.705148
21 22 30 0.712917 0.106748 0.180335 200.764458 215.549820
21 22 30 0.954827 0.021225 0.023948 194.667703 205.221890
21 22 30 0.063729 0.299421 0.636850 212.586006 234.877535
21 22 30 0.876037 0.076490 0.047473 198.811724 207.003582
21 22 30 0.213755 0.502101 0.284143 219.561340 218.585800
21 22 30 0.859032 0.113376 0.027592 203.026398 206.483438
21 22 30 0.805040 0.039329 0.155631 200.783217 214.692417
21 22 30 0.616735 0.113623 0.269642 203.439713 220.620515
21 22 30 0.104001 0.406184 0.489815 219.326301 226.857983
22 31 30 0.441638 0.273912 0.284450 227.525810 227.665961
22 31 30 0.599122 0.234273 0.166606 235.778460 223.241820
22 31 30 0.799406 0.033496 0.167098 238.275669 219.154606
22 31 30 0.305895 0.152099 0.542006 219.179021 236.405785
22 31 30 0.465966 0.190303 0.343731 227.377804 228.976992
22 31 30 0.736546 0.156926 0.106528 241.365395 214.573287
22 31 30 0.903238 0.025536 0.071226 241.823267 207.154802
22 31 30 0.352897 0.147306 0.499797 220.612907 235.544393
22 31 30 0.998915 0.000945 0.000140 243.378550 204.189462
22 31 30 0.501200 0.175918 0.322883 229.728081 229.354839
22 23 31 0.564438 0.269204 0.166358 256.397978 214.171383
22 23 31 0.292728 0.332608 0.374664 256.807679 222.526642
22 23 31 0.797690 0.036640 0.165669 243.715719 211.575075
22 23 31 0.062094 0.912577 0.025329 288.414658 207.545902
22 23 31 0.342752 0.112823 0.544425 249.081426 231.198576
22 23 31 0.644901 0.182879 0.172220 252.894264 211.877235
22 23 31 0.270397 0.182724 0.546879 252.501894 230.464729
22 23 31 0.321407 0.464232 0.214361 267.501288 216.763545
22 23 31 0.304928 0.439484 0.255588 263.751352 217.635836
22 23 31 0.189358 0.619689 0.190954 270.446680 216.785752
23 32 31 0.202685 0.744899 0.052415 286.145628 241.325071
23 32 31 0.793196 0.193913 0.012891 284.791231 215.061056
23 32 31 0.864334 0.099504 0.036163 285.472155 214.078649
23 32 31 0.632489 0.150294 0.217217 279.234594 222.252381
23 32 31 0.903831 0.017664 0.078505 286.687061 212.060922
23 32 31 0.835937 0.037441 0.126622 280.789496 214.493230
23 32 31 0.833028 0.099716 0.067256 286.741316 213.249152
23 32 31 0.730421 0.086960 0.182619 278.649193 218.824374
23 32 31 0.485230 0.420365 0.094404 284.865487 228.815082
23 32 31 0.183395 0.728760 0.087845 284.096684 242.874396
23 24 32 0.106228 0.538053 0.355720 308.270521 221.912381
23 24 32 0.030572 0.681238 0.288190 319.933630 217.213537
23 24 32 0.412803 0.204614 0.382583 294.161673 222.671370
23 24 32 0.666296 0.053183 0.280521 291.785362 221.832764
23 24 32 0.954820 0.008879 0.036301 288.542624 210.508293
23 24 32 0.357270 0.276098 0.366632 303.038962 219.007744
23 24 32 0.480465 0.016097 0.503438 289.223662 229.505257
23 24 32 0.679114 0.087901 0.232984 292.383230 218.652961
23 24 32 0.245554 0.739872 0.014574 320.169979 209.330833
23 24 32 0.957995 0.010113 0.031891 289.203640 211.887799
24 33 32 0.649806 0.088371 0.261823 317.312762 223.263594
24 33 32 0.991324 0.000208 0.008468 331.392001 204.773617
24 33 32 0.355608 0.638841 0.005551 333.780604 233.182643
24 33 32 0.684782 0.105084 0.210134 320.058894 219.394240
24 33 32 0.210930 0.552889 0.236181 321.204405 240.741184
24 33 32 0.774373 0.216193 0.009434 329.058158 215.888256
24 33 32 0.272660 0.708909 0.018431 332.461290 237.000168
24 33 32 0.506422 0.137904 0.355674 317.413028 228.569839
24 33 32 0.184731 0.759148 0.056121 329.546196 239.318590
24 33 32 0.973395 0.015250 0.011354 332.736582 208.304557
24 25 33 0.144306 0.562326 0.293368 355.585401 216.781449
24 25 33 0.466313 0.323732 0.209955 345.858726 218.088767
24 25 33 0.555034 0.054054 0.390912 332.286515 222.171813
24 25 33 0.646209 0.300546 0.053245 342.425119 208.179544
24 25 33 0.896318 0.062325 0.041357 334.514105 207.486022
24 25 33 0.740144 0.198055 0.061801 338.804251 209.540622
24 25 33 0.275497 0.692765 0.031739 363.194305 206.393257
24 25 33 0.564873 0.142519 0.292609 337.448934 219.034759
24 25 33 0.399484 0.195405 0.405111 340.403772 224.793088
24 25 33 0.672301 0.047396 0.280303 334.669074 218.876075
25 34 33 0.055071 0.510609 0.434320 355.965372 250.342533
25 34 33 0.032655 0.329084 0.638260 348.669252 247.967136
25 34 33 0.730661 0.106985 0.162354 367.177018 217.034062
25 34 33 0.004456 0.261564 0.733980 345.584311 248.726379
25 34 33 0.922040 0.014391 0.063569 367.277428 208.128845
25 34 33 0.717583 0.104636 0.177781 369.970404 219.990358
25 34 33 0.559597 0.155418 0.284985 364.038991 225.427284
25 34 33 0.392405 0.446345 0.161250 369.852755 232.433952
25 34 33 0.456856 0.488514 0.054629 369.230406 229.814309
25 34 33 0.296054 0.584336 0.119610 369.842587 234.326750
25 26 34 0.643706 0.056353 0.299941 377.989329 221.863848
25 26 34 0.477257 0.011101 0.511642 374.191024 224.699019
25 26 34 0.739098 0.231097 0.029805 381.806949 208.111716
25 26 34 0.387246 0.330137 0.282617 391.678803 220.225589
25 26 34 0.261784 0.691660 0.046557 408.253709 208.242270
25 26 34 0.065552 0.034262 0.900186 376.920556 246.198002
25 26 34 0.163676 0.153155 0.683169 381.352173 238.657986
25 26 34 0.131872 0.294940 0.573187 390.054865 228.855399
25 26 34 0.483860 0.278174 0.237966 387.073293 216.565430
25 26 34 0.819020 0.095580 0.085400 376.603333 211.029799
26 35 34 0.070134 0.412754 0.517112 398.791446 244.675856
26 35 34 0.362355 0.463142 0.174504 412.087582 236.626754
26 35 34 0.291351 0.411747 0.296902 407.300991 236.429956
26 35 34 0.399165 0.380336 0.220499 409.997810 233.315567
26 35 34 0.227409 0.255007 0.517584 402.513239 239.258890
26 35 34 0.961862 0.006090 0.032048 417.371692 209.395244
26 35 34 0.421546 0.024384 0.554069 392.467271 231.019419
26 35 34 0.733863 0.118380 0.147756 411.242506 218.310402
26 35 34 0.605248 0.352638 0.042114 417.031344 220.880306
26 35 34 0.340446 0.631694 0.027860 418.443093 233.106680
27 28 36 0.042489 0.033230 0.924281 80.836236 285.292068
27 28 36 0.379859 0.513436 0.106705 95.953962 254.650011
27 28 36 0.537190 0.051757 0.411053 75.754265 269.148832
27 28 36 0.074743 0.380995 0.544262 95.084641 272.247649
27 28 36 0.422881 0.235601 0.341519 85.424598 263.901795
27 28 36 0.386461 0.160038 0.453501 82.895941 268.072864
27 28 36 0.423982 0.490750 0.085268 93.367646 254.350723
27 28 36 0.805131 0.186615 0.008255 80.482769 251.285237
27 28 36 0.320517 0.151383 0.528100 85.504320 270.298587
27 28 36 0.692035 0.191554 0.116412 79.969784 255.002049
28 37 36 0.237164 0.646890 0.115946 115.470333 278.264146
28 37 36 0.117214 0.789873 0.092913 118.444489 283.752936
28 37 36 0.599170 0.122753 0.278077 103.665873 266.602701
28 37 36 0.709042 0.212895 0.078063 114.063275 261.481353
28 37 36 0.385210 0.437628 0.177162 115.713377 274.579600
28 37 36 0.145823 0.281646 0.572531 98.851478 284.650364
28 37 36 0.079081 0.381599 0.539320 97.671337 283.877437
28 37 36 0.807409 0.061461 0.131130 110.442052 261.990093
28 37 36 0.477516 0.340570 0.181914 112.358220 271.871910
28 37 36 0.605970 0.064379 0.329651 101.868731 265.824527
28 29 37 0.799097 0.031455 0.169448 120.383609 258.970955
28 29 37 0.703283 0.198245 0.098472 122.993921 256.190874
28 29 37 0.850496 0.083607 0.065897 117.589768 255.164500
28 29 37 0.916048 0.016722 0.067230 116.371785 256.193345
28 29 37 0.678394 0.220778 0.100829 122.472172 253.914062
28 29 37 0.783342 0.072496 0.144162 120.917569 258.065989
28 29 37 0.135450 0.266642 0.597908 130.113754 273.502327
28 29 37 0.095134 0.692973 0.211893 145.995426 259.874684
28 29 37 0.170901 0.308621 0.520478 129.467836 271.510496
28 29 37 0.934887 0.006494 0.058619 116.244041 254.442743
29 38 37 0.441049 0.021605 0.537346 139.696327 273.647846
29 38 37 0.738289 0.025832 0.235879 149.704701 258.526083
29 38 37 0.185466 0.580763 0.233771 153.151434 283.481204
29 38 37 0.637466 0.024125 0.338409 146.365478 262.441007
29 38 37 0.959574 0.021271 0.019155 158.855003 252.098738
29 38 37 0.981272 0.002746 0.015982 154.755064 254.332458
29 38 37 0.542317 0.095356 0.362327 142.820359 269.368983
29 38 37 0.311688 0.130599 0.557713 136.949232 274.852060
29 38 37 0.349716 0.355538 0.294746 147.569852 275.965089
29 38 37 0.311898 0.565309 0.122793 157.461857 278.733472
29 30 38 0.800065 0.193723 0.006213 167.263193 248.972655
29 30 38 0.831626 0.020478 0.147896 158.274703 253.736686
29 30 38 0.567044 0.331032 0.101924 169.081734 254.339825
29 30 38 0.375884 0.497103 0.127012 181.141307 254.288293
29 30 38 0.289041 0.058536 0.652423 163.810745 275.710572
29 30 38 0.331983 0.376971 0.291047 173.051973 262.915157
29 30 38 0.965282 0.025989 0.008729 158.355740 252.899340
29 30 38 0.925326 0.015926 0.058748 161.019176 253.779367
29 30 38 0.981211 0.000721 0.018068 156.963843 255.025570
29 30 38 0.095066 0.788319 0.116616 189.555034 256.022954
30 39 38 0.165281 0.425755 0.408964 183.955677 280.088601
30 39 38 0.199742 0.343436 0.456822 182.389493 280.746652
30 39 38 0.235058 0.206463 0.558479 176.129474 282.172944
30 39 38 0.665457 0.318383 0.016160 198.601664 263.864796
30 39 38 0.042670 0.185840 0.771490 172.924160 289.054751
30 39 38 0.044246 0.441508 0.514245 178.793760 287.547990
30 39 38 0.538774 0.146602 0.314625 188.901859 268.076221
30 39 38 0.315945 0.059422 0.624633 173.919174 277.210914
30 39 38 0.067161 0.018965 0.913874 162.515785 286.082843
30 39 38 0.043828 0.932374 0.023798 205.036253 286.674509
30 31 39 0.499207 0.193527 0.307266 207.969365 260.336515
30 31 39 0.923514 0.050887 0.025599 199.441252 251.933159
30 31 39 0.381036 0.199183 0.419781 211.994946 267.783390
30 31 39 0.590368 0.311592 0.098040 215.358816 257.341752
30 31 39 0.421192 0.514149 0.064659 220.578364 255.144581
30 31 39 0.691764 0.100348 0.207888 208.270617 254.725294
30 31 39 0.620129 0.270774 0.109097 209.670196 253.509162
30 31 39 0.345101 0.555228 0.099672 223.132859 254.914045
30 31 39 0.363468 0.129431 0.507101 204.858432 275.853898
30 31 39 0.328565 0.264449 0.406987 213.781273 270.558924
31 40 39 0.727680 0.068609 0.203711 235.079908 262.998463
31 40 39 0.465342 0.154393 0.380265 228.459423 271.776806
31 40 39 0.624724 0.363897 0.011379 244.341688 267.357000
31 40 39 0.561419 0.085399 0.353182 229.143814 271.061022
31 40 39 0.966161 0.015073 0.018766 239.471822 252.197042
31 40 39 0.511301 0.312687 0.176011 236.181662 274.099002
31 40 39 0.684367 0.269229 0.046404 236.830930 261.530376
31 40 39 0.987863 0.000588 0.011549 243.142182 253.165950
31 40 39 0.040419 0.680607 0.278974 232.579581 288.167320
31 40 39 0.073638 0.458498 0.467864 228.230714 288.382098
31 32 40 0.466792 0.033004 0.500203 242.206194 274.105716
31 32 40 0.222784 0.775543 0.001674 278.258996 253.449119
31 32 40 0.387407 0.445255 0.167338 261.172173 252.900608
31 32 40 0.094765 0.063359 0.841876 245.739703 285.551961
31 32 40 0.809116 0.094002 0.096882 245.402559 258.022313
31 32 40 0.755357 0.064409 0.180234 245.106095 262.859124
31 32 40 0.580581 0.157285 0.262134 245.285645 258.965490
31 32 40 0.760164 0.227315 0.012521 251.180907 251.694588
31 32 40 0.063089 0.682103 0.254807 272.659966 261.731346
31 32 40 0.150880 0.308598 0.540522 256.299397 274.216728
32 41 40 0.741902 0.240786 0.017312 287.991474 259.223171
32 41 40 0.644205 0.175951 0.179845 280.910487 263.780109
32 41 40 0.868567 0.052468 0.078965 284.513659 259.344149
32 41 40 0.629561 0.067933 0.302505 270.918246 269.108368
32 41 40 0.027932 0.628942 0.343126 269.136806 289.739850
32 41 40 0.801898 0.179055 0.019047 286.984421 258.715059
32 41 40 0.092201 0.675846 0.231953 274.644795 288.282248
32 41 40 0.723880 0.182826 0.093294 281.046631 260.910839
32 41 40 0.805653 0.154828 0.039519 287.902732 259.960172
32 41 40 0.137161 0.412637 0.450202 265.243660 287.645074
32 33 41 0.844330 0.083259 0.072411 290.495304 251.530699
32 33 41 0.765118 0.117958 0.116925 288.528558 259.007435
32 33 41 0.248267 0.555044 0.196689 308.908320 257.646500
32 33 41 0.187645 0.091448 0.720907 292.929217 284.655851
32 33 41 0.630390 0.314035 0.055574 300.757668 253.131066
32 33 41 0.571905 0.141461 0.286635 294.416263 260.522630
32 33 41 0.468684 0.030164 0.501152 284.864467 273.146582
32 33 41 0.629918 0.221956 0.148127 295.805135 256.984642
32 33 41 0.831171 0.017838 0.150991 287.147710 259.389575
32 33 41 0.249065 0.009591 0.741344 288.952183 280.360484
33 42 41 0.602033 0.190234 0.207733 317.204262 263.392275
33 42 41 0.010407 0.961171 0.028422 329.076510 288.817033
33 42 41 0.933745 0.049519 0.016737 332.947271 248.625796
33 42 41 0.330387 0.197700 0.471913 305.951480 277.343384
33 42 41 0.858183 0.031655 0.110163 329.398452 256.505464
33 42 41 0.441445 0.417974 0.140580 323.842429 274.748149
33 42 41 0.140498 0.179493 0.680009 299.180696 284.519813
33 42 41 0.964365 0.001360 0.034275 330.539085 250.563731
33 42 41 0.984730 0.000107 0.015163 330.727363 249.449570
33 42 41 0.161336 0.039662 0.799002 295.755987 283.936898
33 34 42 0.755287 0.115468 0.129245 336.219670 256.617625
33 34 42 0.445205 0.153520 0.401276 338.239464 269.013812
33 34 42 0.076019 0.472733 0.451248 352.872064 267.048784
33 34 42 0.715602 0.052687 0.231711 332.968343 258.292048
33 34 42 0.298630 0.680555 0.020814 361.251084 249.247327
33 34 42 0.684161 0.101151 0.214689 336.258377 260.605827
33 34 42 0.563328 0.378183 0.058489 349.096868 247.609252
33 34 42 0.100782 0.301920 0.597298 344.340274 275.205361
33 34 42 0.858757 0.074703 0.066540 335.348721 249.978531
33 34 42 0.093241 0.626094 0.280665 358.813871 258.040217
34 43 42 0.196945 0.070715 0.732339 343.464448 284.823263
34 43 42 0.295301 0.585106 0.119592 369.654375 279.479830
34 43 42 0.791621 0.107368 0.101011 372.934536 256.614390
34 43 42 0.061609 0.780461 0.157930 365.379010 288.449475
34 43 42 0.944265 0.014627 0.041108 371.812649 249.109440
34 43 42 0.665101 0.229993 0.104907 372.690031 263.756302
34 43 42 0.163478 0.132064 0.704458 339.842342 284.598583
34 43 42 0.277250 0.199221 0.523529 348.291558 276.045096
34 43 42 0.553639 0.032156 0.414205 355.741905 269.768201
34 43 42 0.881314 0.107640 0.011046 374.615599 256.400478
34 35 43 0.975600 0.006300 0.018100 376.396528 253.447294
34 35 43 0.331726 0.605376 0.062898 402.094853 253.784614
34 35 43 0.394080 0.074895 0.531025 377.057482 271.385939
34 35 43 0.299055 0.062488 0.638456 377.813811 273.481030
34 35 43 0.997280 0.002645 0.000075 374.861833 249.263190
34 35 43 0.006613 0.686063 0.307324 401.758021 260.199152
34 35 43 0.117923 0.173195 0.708882 379.223319 281.566828
34 35 43 0.906992 0.030457 0.062552 377.073082 249.693112
34 35 43 0.210557 0.293519 0.495923 383.792792 269.730962
34 35 43 0.779170 0.186681 0.034149 381.846106 254.099752
35 44 43 0.673927 0.126551 0.199522 411.011766 263.197214
35 44 43 0.813114 0.156665 0.030221 413.746333 255.743083
35 44 43 0.681739 0.250420 0.067840 413.332124 263.078373
35 44 43 0.072114 0.507847 0.420039 403.367695 289.896628
35 44 43 0.772515 0.195930 0.031556 417.391029 260.459654
35 44 43 0.565479 0.120091 0.314430 405.310920 266.555353
35 44 43 0.621992 0.195811 0.182197 410.940399 266.226192
35 44 43 0.713441 0.248339 0.038220 415.100027 257.947574
35 44 43 0.306693 0.431199 0.262108 404.195461 277.685937
35 44 43 0.304979 0.340720 0.354301 402.785040 279.903676
36 37 45 0.850679 0.013635 0.135686 86.964901 289.316563
36 37 45 0.367638 0.270738 0.361624 96.467823 294.322795
36 37 45 0.305669 0.197491 0.496840 97.597823 299.505026
36 37 45 0.922356 0.011060 0.066584 84.325136 287.653598
36 37 45 0.028613 0.648884 0.322502 111.240726 293.653770
36 37 45 0.621275 0.154958 0.223767 91.913254 292.487749
36 37 45 0.021340 0.835208 0.143452 114.223808 292.413177
36 37 45 0.681171 0.150778 0.168050 91.980227 289.971258
36 37 45 0.389012 0.550798 0.060190 103.979082 287.451482
36 37 45 0.345483 0.592246 0.062271 108.347634 287.295232
37 46 45 0.093380 0.146883 0.759737 102.777861 308.810429
37 46 45 0.554171 0.064748 0.381081 113.849912 302.974897
37 46 45 0.397739 0.436486 0.165776 119.807613 305.336371
37 46 45 0.393725 0.357187 0.249088 118.488894 301.380882
37 46 45 0.465072 0.161296 0.373632 112.453631 300.032994
37 46 45 0.070347 0.247659 0.681995 104.767309 309.914739
37 46 45 0.534304 0.195319 0.270377 114.888990 295.380389
37 46 45 0.412603 0.040308 0.547089 104.761238 300.430963
37 46 45 0.833101 0.111861 0.055038 120.004303 290.360197
37 46 45 0.570073 0.412064 0.017863 127.587508 297.675134
37 38 46 0.355278 0.187646 0.457077 135.194629 301.462426
37 38 46 0.951752 0.000940 0.047308 118.835632 289.705946
37 38 46 0.990254 0.000593 0.009154 123.501120 287.053879
37 38 46 0.962133 0.002070 0.035797 123.535514 288.927504
37 38 46 0.370280 0.252285 0.377435 134.695393 302.942028
37 38 46 0.757430 0.112412 0.130158 126.647014 290.448756
37 38 46 0.836096 0.148066 0.015839 125.602441 291.222783
37 38 46 0.576215 0.403609 0.020176 138.051369 285.219974
37 38 46 0.530404 0.391267 0.078329 133.024450 292.712483
37 38 46 0.343195 0.257157 0.399648 133.794577 300.263529
38 47 46 0.705493 0.208450 0.086056 158.931318 297.581286
38 47 46 0.670498 0.195288 0.134214 156.163932 297.227014
38 47 46 0.830266 0.146153 0.023581 161.016032 295.253857
38 47 46 0.106334 0.346983 0.546683 146.538618 315.757949
38 47 46 0.122710 0.129914 0.747376 139.126809 309.838976
38 47 46 0.274103 0.462983 0.262914 159.944198 304.246200
38 47 46 0.689163 0.021720 0.289116 150.444223 294.750657
38 47 46 0.887320 0.028914 0.083766 158.790896 291.454594
38 47 46 0.301634 0.113591 0.584775 145.443177 308.695455
38 47 46 0.844070 0.101590 0.054340 159.792682 293.333004
38 39 47 0.100454 0.265351 0.634195 174.285195 305.160219
38 39 47 0.687894 0.292680 0.019426 173.203955 287.693269
38 39 47 0.019970 0.793523 0.186508 194.743238 297.815464
38 39 47 0.390435 0.195670 0.413895 173.881078 303.013311
38 39 47 0.569801 0.152934 0.277265 164.971759 300.183282
38 39 47 0.046150 0.773606 0.180245 196.293176 296.122935
38 39 47 0.240992 0.111931 0.647077 170.152840 303.157657
38 39 47 0.165437 0.786501 0.048062 193.018911 291.891781
38 39 47 0.748368 0.070045 0.181587 166.497011 293.393141
38 39 47 0.984830 0.007113 0.008058 162.983721 287.076300
39 48 47 0.569615 0.313381 0.117003 196.539042 299.903262
39 48 47 0.602603 0.187789 0.209609 194.302602 307.071734
39 48 47 0.989917 0.004562 0.005521 203.806357 293.750875
39 48 47 0.851320 0.113497 0.035182 201.699936 293.026718
39 48 47 0.290612 0.653980 0.055408 200.985116 311.412488
39 48 47 0.578452 0.179196 0.242352 197.430739 303.780874
39 48 47 0.714289 0.102226 0.183485 199.994204 296.351215
39 48 47 0.475729 0.474927 0.049344 203.536206 305.527103
39 48 47 0.734736 0.117965 0.147299 196.943998 296.707339
39 48 47 0.836282 0.109787 0.053931 204.631317 295.940148
39 40 48 0.131803 0.589616 0.278581 226.196245 296.797066
39 40 48 0.967021 0.026299 0.006680 205.725399 291.915381
39 40 48 0.393045 0.400438 0.206517 219.370740 297.555577
39 40 48 0.536936 0.008574 0.454491 201.641953 300.564985
39 40 48 0.743574 0.157162 0.099264 209.343473 291.932759
39 40 48 0.595271 0.215317 0.189413 207.076700 297.896093
39 40 48 0.838939 0.109779 0.051281 204.252689 294.013195
39 40 48 0.245108 0.137679 0.617214 207.841212 309.899821
39 40 48 0.863959 0.125559 0.010482 205.525847 290.596892
39 40 48 0.965931 0.006283 0.027786 200.472415 291.069934
40 49 48 0.285135 0.316683 0.398182 228.555427 313.058007
40 49 48 0.509099 0.022697 0.468204 220.131528 305.974676
40 49 48 0.470044 0.040983 0.488973 225.909924 303.818734
40 49 48 0.597427 0.377472 0.025101 240.832240 307.413436
40 49 48 0.704913 0.032781 0.262306 228.995794 301.131656
40 49 48 0.892329 0.091407 0.016264 237.726664 296.019091
40 49 48 0.981192 0.005992 0.012816 240.698828 289.108742
40 49 48 0.520958 0.059965 0.419077 228.941671 304.332423
40 49 48 0.573044 0.287646 0.139310 241.329625 303.746791
40 49 48 0.925861 0.008479 0.065660 240.469421 293.881815
40 41 49 0.544569 0.454264 0.001167 262.587031 290.540401
40 41 49 0.515154 0.066365 0.418481 244.289478 302.270718
40 41 49 0.654564 0.200428 0.145008 252.758473 298.358095
40 41 49 0.907671 0.075497 0.016831 241.522727 290.377383
40 41 49 0.273962 0.581628 0.144411 269.381255 295.235042
40 41 49 0.671499 0.225054 0.103447 252.263219 294.491112
40 41 49 0.646654 0.125725 0.227621 244.891027 295.386791
40 41 49 0.558415 0.088043 0.353542 243.659249 302.291915
40 41 49 0.839391 0.116777 0.043832 248.374168 293.242589
40 41 49 0.796674 0.033024 0.170303 242.228528 297.460256
41 50 49 0.061914 0.664969 0.273118 273.788505 316.021770
41 50 49 0.912891 0.068633 0.018476 285.451532 295.239295
41 50 49 0.347740 0.347866 0.304394 271.336091 311.649089
41 50 49 0.887069 0.018985 0.093946 281.711872 295.764812
41 50 49 0.847967 0.016525 0.135509 277.701049 297.603917
41 50 49 0.637587 0.233096 0.129317 277.799158 300.371396
41 50 49 0.169968 0.188199 0.641833 256.140328 316.545747
41 50 49 0.790312 0.091733 0.117955 280.068023 293.623819
41 50 49 0.770694 0.147482 0.081823 287.174645 300.345474
41 50 49 0.182796 0.215921 0.601283 266.046814 317.674211
41 42 50 0.228415 0.173503 0.598083 291.155409 308.300760
41 42 50 0.584142 0.010054 0.405804 286.949630 305.591438
41 42 50 0.356220 0.125180 0.518600 288.478754 306.288175
41 42 50 0.265864 0.290889 0.443247 302.913340 307.434573
41 42 50 0.874107 0.015021 0.110872 287.266366 293.404013
41 42 50 0.269985 0.040411 0.689603 286.209141 312.403542
41 42 50 0.954648 0.015058 0.030294 282.926842 292.573533
41 42 50 0.413122 0.203003 0.383875 294.087964 299.766348
41 42 50 0.129446 0.255306 0.615247 297.411513 311.644162
41 42 50 0.720332 0.042378 0.237290 286.494262 296.093314
42 51 50 0.618297 0.153182 0.228521 320.770786 303.945739
42 51 50 0.915972 0.032032 0.051996 323.016783 292.498523
42 51 50 0.923892 0.009905 0.066203 323.391702 293.541457
42 51 50 0.590140 0.060806 0.349053 312.636193 302.684498
42 51 50 0.022468 0.941868 0.035664 322.267932 322.952058
42 51 50 0.817008 0.173653 0.009339 330.592509 295.486205
42 51 50 0.790068 0.142452 0.067480 322.260079 301.660844
42 51 50 0.432737 0.311640 0.255624 314.951827 312.135754
42 51 50 0.711420 0.211046 0.077535 327.962250 300.827745
42 51 50 0.584314 0.207267 0.208419 317.964508 300.116388
42 43 51 0.627310 0.228225 0.144465 337.908201 294.446048
42 43 51 0.258724 0.727405 0.013871 361.846078 292.417331
42 43 51 0.115290 0.477277 0.407433 348.635554 300.609556
42 43 51 0.246396 0.690077 0.063527 357.316034 293.409749
42 43 51 0.305479 0.057435 0.637086 329.336904 310.822750
42 43 51 0.380108 0.472370 0.147522 348.218536 295.641140
42 43 51 0.497128 0.251841 0.251030 338.826393 296.342838
42 43 51 0.483029 0.394766 0.122205 344.099243 294.044087
42 43 51 0.176008 0.187167 0.636825 334.185960 313.449398
42 43 51 0.481328 0.241979 0.276693 339.379590 303.895619
43 52 51 0.763219 0.126297 0.110484 363.759664 300.982437
43 52 51 0.712449 0.154975 0.132576 364.644966 299.106748
43 52 51 0.933891 0.048543 0.017566 372.727133 291.116119
43 52 51 0.666258 0.290001 0.043741 370.956728 301.926196
43 52 51 0.635701 0.332611 0.031688 366.727804 301.234277
43 52 51 0.762262 0.108861 0.128877 365.949491 298.495681
43 52 51 0.543881 0.274530 0.181589 359.390684 305.397728
43 52 51 0.818099 0.025263 0.156638 364.633441 298.760785
43 52 51 0.358887 0.223619 0.417494 350.254150 313.383859
43 52 51 0.396898 0.272147 0.330955 351.807995 313.178068
43 44 52 0.648226 0.164540 0.187233 376.911119 296.957374
43 44 52 0.995019 0.000857 0.004124 373.898358 288.063972
43 44 52 0.391755 0.263831 0.344414 381.122591 303.383112
43 44 52 0.458629 0.317568 0.223803 384.948021 301.496597
43 44 52 0.573693 0.144432 0.281875 375.378563 297.041669
43 44 52 0.671484 0.254346 0.074170 382.240284 293.025915
43 44 52 0.190152 0.462836 0.347012 388.423575 300.048148
43 44 52 0.022845 0.577724 0.399432 395.200999 306.893487
43 44 52 0.669133 0.239230 0.091636 379.279570 292.195232
43 44 52 0.113978 0.451650 0.434372 388.624771 307.958869
44 53 52 0.124730 0.770491 0.104779 402.927077 322.218849
44 53 52 0.486613 0.205758 0.307628 400.788553 306.689644
44 53 52 0.653107 0.140550 0.206342 404.539681 297.981485
44 53 52 0.998569 0.000971 0.000460 417.195894 291.177911
44 53 52 0.474565 0.327448 0.197987 401.881603 310.159156
44 53 52 0.622161 0.182589 0.195251 405.370804 306.056327
44 53 52 0.654997 0.024819 0.320184 397.797769 304.558497
44 53 52 0.548859 0.440513 0.010628 412.158038 307.565465
44 53 52 0.475710 0.331525 0.192765 402.186363 308.711867
44 53 52 0.616191 0.185663 0.198146 403.362691 304.978742
45 46 54 0.517011 0.316994 0.165995 105.076972 316.105663
45 46 54 0.329415 0.454729 0.215856 115.698869 317.330639
45 46 54 0.118515 0.724366 0.157118 121.538526 315.251220
45 46 54 0.946310 0.034139 0.019551 101.034313 311.344207
45 46 54 0.531382 0.093131 0.375487 105.252401 318.226998
45 46 54 0.203120 0.284161 0.512719 113.890976 321.738441
45 46 54 0.891750 0.010755 0.097495 95.806882 312.145214
45 46 54 0.719458 0.061267 0.219275 103.784113 315.204253
45 46 54 0.432417 0.355192 0.212391 112.709499 317.176971
45 46 54 0.512163 0.373366 0.114471 111.404008 315.024001
46 55 54 0.669778 0.096777 0.233444 129.256229 318.937525
46 55 54 0.686434 0.003143 0.310424 123.520172 320.428517
46 55 54 0.703157 0.128964 0.167878 130.781135 318.521187
46 55 54 0.974789 0.007765 0.017446 131.479539 314.569346
46 55 54 0.963188 0.010690 0.026123 131.711872 313.163381
46 55 54 0.593354 0.359558 0.047088 135.995421 322.397179
46 55 54 0.617950 0.133622 0.248429 125.892662 320.992637
46 55 54 0.697949 0.020279 0.281772 128.723884 323.531453
46 55 54 0.810239 0.025318 0.164442 125.700889 318.290457
46 55 54 0.210113 0.606026 0.183861 131.843358 327.851709
46 47 55 0.623701 0.249950 0.126349 149.770364 315.491321
46 47 55 0.540433 0.182732 0.276835 139.647445 317.912218
46 47 55 0.951794 0.035730 0.012476 133.372825 315.748438
46 47 55 0.065280 0.129737 0.804983 143.771583 328.577902
46 47 55 0.258835 0.390915 0.350250 148.573070 321.827925
46 47 55 0.097290 0.595044 0.307666 155.403087 324.760436
46 47 55 0.223223 0.390366 0.386411 151.414601 325.147714
46 47 55 0.325783 0.351250 0.322967 148.666010 323.500046
46 47 55 0.356678 0.460433 0.182889 150.161668 318.809820
46 47 55 0.399310 0.168339 0.432351 142.270217 320.525440
47 56 55 0.246769 0.697606 0.055624 179.814251 331.375204
47 56 55 0.026807 0.020234 0.952959 144.019858 329.448533
47 56 55 0.878406 0.082222 0.039373 167.093868 320.432206
47 56 55 0.767596 0.215845 0.016558 176.250100 316.643397
47 56 55 0.659941 0.035910 0.304149 159.711387 322.062321
47 56 55 0.062689 0.431727 0.505584 164.904703 334.240157
47 56 55 0.484591 0.477661 0.037748 174.998402 326.465372
47 56 55 0.632918 0.222712 0.144370 168.132457 319.989961
47 56 55 0.335040 0.464314 0.200646 167.259776 325.750293
47 56 55 0.070990 0.510741 0.418270 165.571522 333.242246
47 48 56 0.924145 0.050206 0.025649 172.653076 316.693736
47 48 56 0.604557 0.271204 0.124239 181.848706 320.371577
47 48 56 0.842751 0.050175 0.107074 175.440975 318.775377
47 48 56 0.376696 0.192034 0.431270 180.172915 323.971337
47 48 56 0.726470 0.171559 0.101972 183.759678 317.718878
47 48 56 0.057907 0.502699 0.439395 191.854738 325.457276
47 48 56 0.114375 0.470376 0.415249 188.926364 325.338051
47 48 56 0.867671 0.011410 0.120919 170.580059 319.160912
47 48 56 0.393037 0.124558 0.482405 176.447678 325.557449
47 48 56 0.018368 0.040643 0.940988 178.322837 333.765655
48 57 56 0.958946 0.033563 0.007491 202.009490 316.703294
48 57 56 0.431749 0.498969 0.069281 209.073891 327.213911
48 57 56 0.352508 0.355462 0.292030 201.830490 330.580920
48 57 56 0.687175 0.050481 0.262344 194.955316 324.755576
48 57 56 0.608491 0.270361 0.121148 203.736956 326.796316
48 57 56 0.058200 0.587709 0.354092 202.118313 335.075535
48 57 56 0.872383 0.060631 0.066987 205.112103 320.881330
48 57 56 0.040812 0.020431 0.938757 182.210827 337.818459
48 57 56 0.699429 0.272329 0.028243 206.715155 325.855227
48 57 56 0.723260 0.021857 0.254883 197.162526 325.751697
48 49 57 0.123605 0.090084 0.786311 214.356089 334.888211
48 49 57 0.927706 0.002106 0.070188 201.369152 321.922866
48 49 57 0.328119 0.230584 0.441297 217.670588 328.380288
48 49 57 0.710694 0.069956 0.219350 210.634848 318.205191
48 49 57 0.536806 0.058127 0.405067 211.257629 328.270877
48 49 57 0.290253 0.509754 0.199994 227.232046 324.756308
48 49 57 0.250556 0.245984 0.503460 217.758348 326.514160
48 49 57 0.618918 0.063958 0.317124 210.467218 326.250646
48 49 57 0.605884 0.119052 0.275064 210.200390 325.521686
48 49 57 0.285522 0.710390 0.004088 231.067351 321.891636
49 58 57 0.451851 0.123345 0.424803 228.143782 330.876916
49 58 57 0.438624 0.340360 0.221016 237.733679 328.212626
49 58 57 0.809443 0.184054 0.006503 240.803428 325.420191
49 58 57 0.906487 0.000420 0.093094 240.211828 320.645347
49 58 57 0.859809 0.057874 0.082316 240.725584 326.210171
49 58 57 0.274647 0.125318 0.600036 230.032319 334.483184
49 58 57 0.901637 0.013794 0.084569 240.972640 320.071160
49 58 57 0.116099 0.193914 0.689987 223.244715 333.392868
49 58 57 0.551103 0.103015 0.345881 231.494374 326.339001
49 58 57 0.020999 0.567576 0.411426 233.018279 333.198857
49 50 58 0.240099 0.508539 0.251362 262.977871 324.379582
49 50 58 0.287089 0.327971 0.384940 257.540127 329.673788
49 50 58 0.960471 0.034773 0.004757 248.376599 320.335796
49 50 58 0.564594 0.250416 0.184990 252.833731 321.678087
49 50 58 0.311039 0.683773 0.005188 274.334413 320.569949
49 50 58 0.022578 0.602883 0.374539 269.449114 327.465799
49 50 58 0.869988 0.109099 0.020913 247.052740 318.662072
49 50 58 0.433268 0.450694 0.116038 264.433578 320.869383
49 50 58 0.215178 0.155844 0.628978 254.358074 336.878605
49 50 58 0.445598 0.283017 0.271386 255.766509 330.017242
50 59 58 0.266261 0.367074 0.366666 270.635809 334.882823
50 59 58 0.644495 0.057346 0.298159 270.889107 328.382439
50 59 58 0.549969 0.381089 0.068942 286.399437 329.620453
50 59 58 0.627621 0.276104 0.096275 283.157006 328.160570
50 59 58 0.269516 0.450833 0.279651 271.834761 336.085316
50 59 58 0.825410 0.060852 0.113738 279.820173 322.726866
50 59 58 0.680608 0.127602 0.191790 279.207061 328.030012
50 59 58 0.018435 0.691806 0.289758 274.540111 344.212302
50 59 58 0.529794 0.305580 0.164627 278.236376 331.142672
50 59 58 0.798595 0.133595 0.067810 281.615239 325.875492
50 51 59 0.796248 0.165539 0.038213 291.874963 323.766867
50 51 59 0.712369 0.062569 0.225061 288.954390 327.171323
50 51 59 0.327495 0.518899 0.153606 306.576829 321.182183
50 51 59 0.155645 0.368651 0.475705 302.640045 330.533865
50 51 59 0.921984 0.009038 0.068978 285.281424 323.894314
50 51 59 0.899363 0.039227 0.061411 291.893223 322.578836
50 51 59 0.954188 0.026408 0.019404 286.193970 323.782403
50 51 59 0.257125 0.564205 0.178669 307.976651 328.406443
50 51 59 0.391501 0.024334 0.584164 286.434460 333.948223
50 51 59 0.691321 0.302142 0.006537 296.580576 319.287895
51 60 59 0.654947 0.014278 0.330775 311.171447 328.702592
51 60 59 0.083344 0.712246 0.204410 314.895907 343.161174
51 60 59 0.895224 0.100618 0.004159 325.433284 325.968325
51 60 59 0.435903 0.059728 0.504370 304.507474 333.739280
51 60 59 0.867289 0.006323 0.126387 320.299579 326.567642
51 60 59 0.626659 0.171390 0.201951 316.307208 328.834295
51 60 59 0.948126 0.044769 0.007104 325.191372 323.996776
51 60 59 0.631857 0.224695 0.143447 321.528356 327.575180
51 60 59 0.574594 0.099455 0.325951 314.413213 332.972925
51 60 59 0.890164 0.048225 0.061611 319.996321 324.093538
51 52 60 0.584034 0.303345 0.112622 336.355026 327.925502
51 52 60 0.015837 0.661244 0.322919 348.062562 327.876458
51 52 60 0.841848 0.013129 0.145023 326.653851 326.143703
51 52 60 0.094366 0.274613 0.631022 328.148619 337.060047
51 52 60 0.501394 0.064590 0.434015 326.594581 334.958609
51 52 60 0.163028 0.708078 0.128894 356.521519 325.378314
51 52 60 0.011239 0.266965 0.721796 330.127172 337.247056
51 52 60 0.864828 0.093489 0.041683 328.857689 326.104596
51 52 60 0.742144 0.101568 0.156288 328.663058 330.064352
51 52 60 0.545335 0.449934 0.004731 340.437796 327.412731
52 61 60 0.538498 0.141037 0.320464 345.384174 335.259185
52 61 60 0.183016 0.074392 0.742593 328.930861 340.447459
52 61 60 0.619176 0.123098 0.257727 350.745117 334.678398
52 61 60 0.274045 0.367206 0.358748 348.473836 341.266400
52 61 60 0.963568 0.010095 0.026337 365.368498 326.155415
52 61 60 0.024383 0.212140 0.763477 328.903625 344.481443
52 61 60 0.818272 0.063352 0.118376 355.415072 328.482150
52 61 60 0.903618 0.081255 0.015127 364.039570 327.364902
52 61 60 0.754414 0.040062 0.205524 354.239354 327.054909
52 61 60 0.754189 0.176254 0.069557 354.892104 333.127296
52 53 61 0.965080 0.017459 0.017461 367.213460 326.860477
52 53 61 0.082816 0.697734 0.219450 394.184913 331.687344
52 53 61 0.232353 0.533137 0.234510 387.823505 330.913518
52 53 61 0.744272 0.156060 0.099668 369.382913 326.424865
52 53 61 0.468713 0.031454 0.499834 365.669223 338.009530
52 53 61 0.981861 0.003055 0.015085 364.016046 325.556505
52 53 61 0.205729 0.009519 0.784752 363.631268 347.091288
52 53 61 0.214604 0.493823 0.291572 382.069997 332.853093
52 53 61 0.668383 0.107730 0.223888 364.941155 328.706046
52 53 61 0.749163 0.056079 0.194758 362.749941 331.978391
53 62 61 0.854752 0.038592 0.106656 402.692514 323.940700
53 62 61 0.041199 0.445388 0.513413 377.826378 346.517766
53 62 61 0.606897 0.170353 0.222750 393.624015 331.393615
53 62 61 0.276518 0.271588 0.451893 383.343174 343.025023
53 62 61 0.302415 0.344875 0.352710 381.946568 343.539461
53 62 61 0.246888 0.725779 0.027333 395.294819 341.716124
53 62 61 0.311846 0.276845 0.411309 382.788518 344.726654
53 62 61 0.220030 0.134912 0.645058 375.295123 343.627215
53 62 61 0.864816 0.100797 0.034386 404.256433 326.850102
53 62 61 0.119854 0.084735 0.795411 367.470256 348.071160
54 55 63 0.349863 0.104190 0.545947 119.128013 333.266233
54 55 63 0.373190 0.075659 0.551152 119.344358 336.527300
54 55 63 0.003844 0.951910 0.044246 140.783247 330.869023
54 55 63 0.050433 0.216501 0.733066 123.767536 335.927787
54 55 63 0.772617 0.143726 0.083657 116.607744 331.475091
54 55 63 0.553444 0.105664 0.340891 117.281633 334.164944
54 55 63 0.033389 0.502020 0.464591 134.577973 335.205997
54 55 63 0.023318 0.887328 0.089354 139.895258 329.776253
54 55 63 0.983507 0.005005 0.011488 111.193638 332.678611
54 55 63 0.111732 0.573723 0.314545 132.135272 334.568559
55 64 63 0.369165 0.482000 0.148834 140.979301 340.131095
55 64 63 0.467574 0.094256 0.438169 133.898944 338.610351
55 64 63 0.267922 0.679946 0.052132 154.430371 339.756949
55 64 63 0.882628 0.046292 0.071080 140.780488 335.053604
55 64 63 0.253785 0.059067 0.687148 125.301253 342.572054
55 64 63 0.711059 0.218129 0.070812 144.342943 331.594674
55 64 63 0.723571 0.133041 0.143388 138.434275 336.621155
55 64 63 0.465818 0.495787 0.038394 147.988795 333.960711
55 64 63 0.546380 0.105277 0.348343 137.385400 333.913468
55 64 63 0.561056 0.078038 0.360906 137.714837 338.867923
55 56 64 0.564799 0.034953 0.400248 148.098586 339.822866
55 56 64 0.289413 0.046422 0.664165 153.687716 340.053948
55 56 64 0.157575 0.359150 0.483275 161.737909 338.110203
55 56 64 0.514824 0.148404 0.336772 148.426077 336.633347
55 56 64 0.830884 0.093880 0.075236 144.696690 333.147520
55 56 64 0.732613 0.190885 0.076502 150.217336 329.582110
55 56 64 0.862159 0.033979 0.103861 143.493696 333.026426
55 56 64 0.002605 0.754016 0.243379 169.968359 336.384107
55 56 64 0.075224 0.428821 0.495955 164.720318 337.428971
55 56 64 0.500282 0.491018 0.008701 160.752988 331.449703
56 65 64 0.274270 0.287356 0.438374 171.176709 340.994632
56 65 64 0.034569 0.437772 0.527659 169.226514 342.129431
56 65 64 0.803588 0.064419 0.131993 175.173762 335.781246
56 65 64 0.846323 0.008656 0.145021 174.055083 337.825072
56 65 64 0.025788 0.209967 0.764245 157.821081 341.341605
56 65 64 0.511401 0.150463 0.338136 169.167620 338.764470
56 65 64 0.121567 0.798753 0.079680 181.458918 343.401362
56 65 64 0.516283 0.323024 0.160693 176.358547 338.163569
56 65 64 0.801432 0.189445 0.009123 180.573771 334.818854
56 65 64 0.730752 0.117159 0.152089 176.950297 333.595686
56 57 65 0.995883 0.000996 0.003121 177.575422 334.321973
56 57 65 0.236067 0.291091 0.472842 190.121930 343.472033
56 57 65 0.984654 0.000384 0.014962 178.896019 334.617106
56 57 65 0.112567 0.020707 0.866726 184.557794 339.938880
56 57 65 0.914015 0.061363 0.024622 182.178497 329.433506
56 57 65 0.399046 0.568716 0.032238 196.821731 334.963934
56 57 65 0.360282 0.173363 0.466356 189.272297 339.949035
56 57 65 0.073244 0.389437 0.537319 196.050156 340.320122
56 57 65 0.432154 0.232372 0.335474 186.533139 340.409200
56 57 65 0.968987 0.018220 0.012793 177.850475 334.155311
57 66 65 0.655587 0.010558 0.333855 201.983115 339.499395
57 66 65 0.614492 0.257897 0.127610 206.206513 340.321607
57 66 65 0.886339 0.065745 0.047916 212.743797 334.682136
57 66 65 0.908785 0.043844 0.047371 211.484386 340.429547
57 66 65 0.281658 0.103911 0.614432 193.102844 343.062038
57 66 65 0.266363 0.213672 0.519966 196.425749 341.813496
57 66 65 0.704212 0.176229 0.119559 208.681612 337.030200
57 66 65 0.899642 0.013172 0.087186 209.420185 336.005983
57 66 65 0.903526 0.025919 0.070555 212.864195 338.252002
57 66 65 0.108656 0.514839 0.376505 209.488120 343.212258
57 58 66 0.882205 0.003817 0.113978 213.376954 337.250274
57 58 66 0.164732 0.441649 0.393619 228.604066 339.897676
57 58 66 0.258108 0.122644 0.619248 219.623057 348.348806
57 58 66 0.689377 0.231686 0.078936 219.664985 334.143421
57 58 66 0.929682 0.031895 0.038423 211.546355 337.394496
57 58 66 0.329541 0.234744 0.435715 224.299824 342.640259
57 58 66 0.275883 0.350838 0.373280 224.905776 342.240743
57 58 66 0.582453 0.170348 0.247200 217.449791 336.798137
57 58 66 0.441953 0.395130 0.162917 224.077907 340.326141
57 58 66 0.519058 0.294948 0.185995 221.013199 342.758613
58 67 66 0.859913 0.106877 0.033210 245.860416 340.229793
58 67 66 0.055978 0.557039 0.386983 235.802725 345.344535
58 67 66 0.118444 0.128152 0.753403 223.583497 344.429115
58 67 66 0.867081 0.050061 0.082858 243.167881 339.053757
58 67 66 0.127277 0.862523 0.010200 251.253692 349.961481
58 67 66 0.677592 0.084550 0.237859 239.337811 340.351285
58 67 66 0.844559 0.117712 0.037729 244.658693 339.332936
58 67 66 0.461603 0.392009 0.146387 242.412390 344.358995
58 67 66 0.585197 0.321582 0.093220 246.927118 347.647977
58 67 66 0.482404 0.049439 0.468157 230.134846 344.141139
58 59 67 0.741432 0.202660 0.055908 255.082904 339.328753
58 59 67 0.244962 0.136543 0.618495 251.578549 349.502366
58 59 67 0.009933 0.473054 0.517014 263.214147 347.778434
58 59 67 0.748854 0.171744 0.079402 251.849483 338.743656
58 59 67 0.930028 0.050119 0.019853 249.574844 340.456410
58 59 67 0.961916 0.035415 0.002669 246.096327 337.486369
58 59 67 0.872496 0.003994 0.123510 247.774379 338.742625
58 59 67 0.685952 0.246757 0.067291 258.338589 342.183669
58 59 67 0.290028 0.421518 0.288454 262.527468 346.256118
58 59 67 0.170800 0.610914 0.218287 268.334086 344.901644
59 68 67 0.080473 0.382319 0.537208 265.894009 350.669608
59 68 67 0.220927 0.288552 0.490521 267.364946 348.696949
59 68 67 0.682126 0.206322 0.111552 280.752692 345.835848
59 68 67 0.558450 0.431828 0.009721 285.627747 350.043053
59 68 67 0.746478 0.064139 0.189383 275.367890 345.220417
59 68 67 0.020294 0.881588 0.098118 280.608172 349.063566
59 68 67 0.872446 0.102740 0.024814 280.689721 342.242563
59 68 67 0.253992 0.311127 0.434881 266.256366 350.806780
59 68 67 0.882680 0.115269 0.002051 284.269090 341.224838
59 68 67 0.622697 0.056863 0.320440 275.695471 347.808610
59 60 68 0.937193 0.052290 0.010516 283.957862 345.291338
59 60 68 0.093772 0.549557 0.356671 301.759897 346.701103
59 60 68 0.181609 0.795107 0.023283 313.427580 347.492194
59 60 68 0.905721 0.011983 0.082296 283.569106 340.316666
59 60 68 0.611120 0.204805 0.184075 290.118384 345.236745
59 60 68 0.405843 0.222269 0.371888 289.324485 348.979465
59 60 68 0.820229 0.010880 0.168891 285.150715 344.756331
59 60 68 0.168531 0.473472 0.357997 300.804052 350.679024
59 60 68 0.898102 0.056506 0.045393 283.609568 344.650652
59 60 68 0.632054 0.105933 0.262013 286.558725 343.962233
60 69 68 0.924944 0.002420 0.072636 318.127052 343.282842
60 69 68 0.679268 0.114992 0.205740 315.279897 346.769415
60 69 68 0.166971 0.400829 0.432200 303.945961 355.128366
60 69 68 0.038342 0.146409 0.815249 288.996619 354.963010
60 69 68 0.105413 0.384001 0.510586 302.254460 352.945598
60 69 68 0.022283 0.456707 0.521010 298.300711 354.018267
60 69 68 0.390167 0.477001 0.132832 312.045107 353.402445
60 69 68 0.897541 0.095815 0.006644 317.508699 350.747749
60 69 68 0.531873 0.029598 0.438529 303.245136 348.003265
60 69 68 0.514421 0.142481 0.343098 305.523157 351.853398
60 61 69 0.050387 0.401051 0.548562 331.158292 357.720139
60 61 69 0.204912 0.354254 0.440834 331.652909 351.126841
60 61 69 0.649739 0.007004 0.343256 319.646228 352.041748
60 61 69 0.449104 0.389072 0.161824 331.216416 349.280428
60 61 69 0.938526 0.012479 0.048996 320.775953 348.594528
60 61 69 0.391921 0.055322 0.552757 318.583729 351.322148
60 61 69 0.623703 0.083250 0.293047 323.356637 348.499488
60 61 69 0.796757 0.073534 0.129709 319.224954 347.366551
60 61 69 0.348173 0.338519 0.313308 330.872616 351.657559
60 61 69 0.014513 0.433116 0.552372 332.456374 356.072089
61 70 69 0.042952 0.317487 0.639561 330.923012 360.829717
61 70 69 0.922260 0.038051 0.039688 356.130313 351.552408
61 70 69 0.543513 0.224934 0.231554 346.921817 352.177467
61 70 69 0.535752 0.223218 0.241030 347.877774 356.925270
61 70 69 0.084415 0.523135 0.392450 333.342586 359.767040
61 70 69 0.996695 0.002314 0.000991 358.776284 346.561830
61 70 69 0.021579 0.127036 0.851385 323.751074 358.152678
61 70 69 0.019857 0.562996 0.417147 333.718712 361.061428
61 70 69 0.442765 0.500846 0.056389 350.654577 357.754555
61 70 69 0.564621 0.321160 0.114219 350.446950 356.933680
61 62 70 0.585341 0.382685 0.031975 374.276596 349.164763
61 62 70 0.163564 0.373149 0.463287 369.698362 354.153739
61 62 70 0.048264 0.125345 0.826392 358.324958 359.820821
61 62 70 0.665994 0.282156 0.051850 367.114027 348.119987
61 62 70 0.017480 0.237967 0.744552 366.451774 359.236925
61 62 70 0.190850 0.077525 0.731625 357.784324 360.299337
61 62 70 0.315250 0.327513 0.357237 367.871821 352.371100
61 62 70 0.637447 0.138314 0.224239 360.618433 349.848507
61 62 70 0.145090 0.716285 0.138626 388.186254 348.107184
61 62 70 0.591584 0.225005 0.183411 366.525775 349.141274
62 71 70 0.739730 0.034448 0.225822 389.273681 354.954184
62 71 70 0.266523 0.490082 0.243395 383.542223 359.488057
62 71 70 0.281976 0.370082 0.347943 379.373134 359.706654
62 71 70 0.074680 0.277810 0.647510 368.015725 363.877975
62 71 70 0.328504 0.184362 0.487135 376.545421 359.500811
62 71 70 0.290094 0.437913 0.271994 380.641742 362.402474
62 71 70 0.925769 0.070401 0.003830 397.121930 346.269311
62 71 70 0.916201 0.072936 0.010863 400.366632 349.749216
62 71 70 0.415125 0.335399 0.249476 382.993275 354.277958
62 71 70 0.003966 0.623654 0.372380 373.689237 366.747176
63 64 72 0.710145 0.150608 0.139246 124.644760 343.846264
63 64 72 0.158981 0.503776 0.337243 140.736417 345.794424
63 64 72 0.128736 0.716841 0.154423 148.305530 343.481270
63 64 72 0.664207 0.189058 0.146735 127.557788 342.414887
63 64 72 0.178016 0.116884 0.705101 130.723752 349.276326
63 64 72 0.362883 0.488038 0.149079 139.395829 346.231085
63 64 72 0.427992 0.288179 0.283828 136.021259 346.341235
63 64 72 0.613914 0.055675 0.330411 130.317824 343.944959
63 64 72 0.525268 0.151283 0.323449 126.298606 345.066683
63 64 72 0.166217 0.013615 0.820168 130.186052 352.197585
64 73 72 0.893900 0.054668 0.051432 156.241975 344.862021
64 73 72 0.837495 0.037434 0.125071 149.328068 344.525666
64 73 72 0.522704 0.252987 0.224309 153.676534 347.458908
64 73 72 0.754802 0.052375 0.192823 152.079982 345.701839
64 73 72 0.983979 0.003481 0.012540 154.480459 341.324183
64 73 72 0.559727 0.336295 0.103977 157.789599 349.452203
64 73 72 0.685130 0.274053 0.040817 154.808140 348.237408
64 73 72 0.897497 0.012348 0.090155 149.732113 344.681675
64 73 72 0.941820 0.012906 0.045274 152.081844 343.244944
64 73 72 0.380316 0.320985 0.298699 148.375238 345.944940
64 65 73 0.284511 0.256343 0.459145 166.137433 348.929607
64 65 73 0.356599 0.111376 0.532025 159.115402 349.428314
64 65 73 0.360463 0.597904 0.041633 166.751743 343.023516
64 65 73 0.805374 0.164413 0.030213 158.367990 345.619369
64 65 73 0.010627 0.737291 0.252082 178.392681 346.216814
64 65 73 0.051580 0.213503 0.734917 170.829244 352.744958
64 65 73 0.945399 0.039692 0.014908 152.183369 342.275584
64 65 73 0.243678 0.128601 0.627721 163.548329 347.233907
64 65 73 0.150014 0.761832 0.088154 176.017184 345.459361
64 65 73 0.816547 0.173092 0.010360 158.983030 343.098885
65 74 73 0.470270 0.398646 0.131085 181.997883 346.918044
65 74 73 0.561199 0.254057 0.184744 180.432836 352.391782
65 74 73 0.672188 0.136567 0.191245 181.959698 348.859869
65 74 73 0.129936 0.728552 0.141512 188.020635 355.187961
65 74 73 0.655854 0.134457 0.209689 180.365796 350.210981
65 74 73 0.549649 0.222458 0.227893 182.216199 348.627321
65 74 73 0.553338 0.361851 0.084811 184.986947 349.360937
65 74 73 0.325891 0.454047 0.220062 184.440823 349.667370
65 74 73 0.040034 0.206990 0.752976 169.299971 356.458826
65 74 73 0.035827 0.557420 0.406754 178.494871 355.329417
65 66 74 0.371774 0.178356 0.449871 194.961088 347.371490
65 66 74 0.872054 0.046579 0.081368 186.149726 344.210921
65 66 74 0.992507 0.005852 0.001641 187.685460 344.630229
65 66 74 0.483849 0.210159 0.305991 196.202662 344.459310
65 66 74 0.282221 0.225895 0.491884 196.661518 351.767009
65 66 74 0.380758 0.221736 0.397505 195.314177 348.091042
65 66 74 0.856927 0.010420 0.132653 185.246764 346.406356
65 66 74 0.910207 0.029026 0.060767 184.225157 349.170191
65 66 74 0.355141 0.465428 0.179431 202.253621 348.578521
65 66 74 0.024584 0.611061 0.364355 203.956093 348.489346
66 75 74 0.700645 0.200548 0.098807 214.307267 352.738291
66 75 74 0.889638 0.039475 0.070887 216.954864 348.301577
66 75 74 0.730565 0.004418 0.265017 207.941887 352.673594
66 75 74 0.731750 0.036501 0.231750 210.101575 349.605079
66 75 74 0.089348 0.308527 0.602125 204.451170 355.081194
66 75 74 0.736133 0.216196 0.047671 213.602351 349.656240
66 75 74 0.523406 0.191325 0.285269 207.875246 353.470818
66 75 74 0.962232 0.020094 0.017675 212.385141 346.870689
66 75 74 0.391632 0.399525 0.208843 210.238146 354.789028
66 75 74 0.352807 0.098583 0.548610 206.493630 354.048534
66 67 75 0.005454 0.991092 0.003454 250.608681 353.792823
66 67 75 0.385610 0.228831 0.385559 231.019738 351.175136
66 67 75 0.875027 0.061378 0.063595 220.643668 346.191439
66 67 75 0.033277 0.457029 0.509694 235.587144 353.932012
66 67 75 0.486312 0.495199 0.018490 234.060140 351.320304
66 67 75 0.013952 0.291840 0.694207 232.079108 354.654167
66 67 75 0.723811 0.016065 0.260125 220.866897 350.835715
66 67 75 0.188428 0.102426 0.709145 223.437258 354.478084
66 67 75 0.468387 0.504673 0.026939 236.827510 350.576959
66 67 75 0.379093 0.303455 0.317453 227.651596 352.193372
67 76 75 0.026566 0.226180 0.747254 230.754596 361.146482
67 76 75 0.088013 0.651546 0.260441 243.517997 361.059833
67 76 75 0.432616 0.561630 0.005754 254.850326 356.998075
67 76 75 0.032113 0.127756 0.840131 229.550677 356.433411
67 76 75 0.835282 0.066164 0.098555 249.612560 351.257648
67 76 75 0.047903 0.473323 0.478774 241.833034 357.629078
67 76 75 0.840698 0.017660 0.141642 245.681918 355.282849
67 76 75 0.918556 0.026534 0.054910 251.025543 348.963004
67 76 75 0.611890 0.352609 0.035501 251.334673 353.260382
67 76 75 0.824263 0.022879 0.152858 245.354167 350.099164
67 68 76 0.608130 0.025482 0.366388 250.897360 355.439325
67 68 76 0.889391 0.007789 0.102821 252.898971 349.957093
67 68 76 0.895536 0.064880 0.039584 254.943182 354.977305
67 68 76 0.307073 0.297984 0.394943 257.459968 355.966349
67 68 76 0.820588 0.160176 0.019236 255.876973 352.411171
67 68 76 0.768980 0.136736 0.094283 256.307198 355.577583
67 68 76 0.549701 0.052236 0.398063 249.559150 354.539510
67 68 76 0.854386 0.056451 0.089162 254.485782 349.733500
67 68 76 0.856447 0.100969 0.042583 255.706617 353.018905
67 68 76 0.786850 0.109479 0.103671 253.764003 351.658850
68 77 76 0.455328 0.285451 0.259221 273.672675 360.731561
68 77 76 0.161479 0.115819 0.722703 260.144888 360.121767
68 77 76 0.219429 0.197950 0.582621 264.728051 363.506868
68 77 76 0.330665 0.640177 0.029158 284.086454 355.414608
68 77 76 0.485830 0.408695 0.105475 278.013379 357.686184
68 77 76 0.563542 0.225726 0.210732 279.663851 356.665309
68 77 76 0.797252 0.065341 0.137407 279.496234 356.323953
68 77 76 0.705159 0.241141 0.053699 282.968882 354.956742
68 77 76 0.811204 0.138055 0.050741 279.669187 357.644821
68 77 76 0.270565 0.653434 0.076001 282.450967 360.432831
68 69 77 0.473521 0.221574 0.304905 291.886564 360.847387
68 69 77 0.974406 0.006963 0.018631 283.758229 354.368376
68 69 77 0.728314 0.095145 0.176541 283.627478 353.405782
68 69 77 0.808297 0.029925 0.161778 280.925383 354.803843
68 69 77 0.916304 0.050804 0.032891 285.649460 353.400775
68 69 77 0.351058 0.591302 0.057639 303.552342 353.559972
68 69 77 0.763495 0.009952 0.226554 281.054593 355.419037
68 69 77 0.948669 0.026764 0.024568 287.035732 355.218181
68 69 77 0.009150 0.437806 0.553044 295.026971 357.242928
68 69 77 0.715515 0.128097 0.156388 283.873559 360.465568
69 78 77 0.807907 0.191789 0.000305 317.825792 361.391558
69 78 77 0.941318 0.004798 0.053884 316.410513 360.320277
69 78 77 0.125519 0.466642 0.407840 301.819460 359.618539
69 78 77 0.611811 0.384553 0.003637 314.770040 360.742947
69 78 77 0.509467 0.489216 0.001317 315.646299 366.287919
69 78 77 0.989588 0.006016 0.004396 317.693104 355.271359
69 78 77 0.467745 0.353486 0.178769 307.907106 365.262224
69 78 77 0.645845 0.125815 0.228339 308.529212 362.480966
69 78 77 0.940069 0.014802 0.045129 314.987226 360.082137
69 78 77 0.129964 0.667999 0.202037 309.037702 366.915501
69 70 78 0.938517 0.004267 0.057216 314.747714 355.874233
69 70 78 0.524659 0.290254 0.185087 328.097082 361.919060
69 70 78 0.881198 0.013042 0.105760 315.725849 360.334070
69 70 78 0.230122 0.552211 0.217666 338.377173 363.376474
69 70 78 0.964405 0.012541 0.023054 315.904671 356.858044
69 70 78 0.028854 0.326160 0.644986 327.074350 363.884756
69 70 78 0.013444 0.259139 0.727417 324.379092 369.006957
69 70 78 0.059456 0.761295 0.179249 342.622011 367.730813
69 70 78 0.036132 0.507820 0.456048 331.936645 362.278820
69 70 78 0.541404 0.208843 0.249753 322.695273 363.061180
70 79 78 0.632715 0.218625 0.148659 344.341301 365.497562
70 79 78 0.690155 0.200196 0.109648 347.582154 368.828213
70 79 78 0.927504 0.010699 0.061796 347.415879 363.076318
70 79 78 0.364806 0.170697 0.464497 335.099274 370.394911
70 79 78 0.588252 0.368396 0.043352 349.517615 368.841026
70 79 78 0.199793 0.773640 0.026567 345.229383 373.225685
70 79 78 0.648991 0.227474 0.123535 345.840794 366.772569
70 79 78 0.007580 0.820626 0.171794 341.780157 374.762312
70 79 78 0.301035 0.044267 0.654698 329.795493 366.018643
70 79 78 0.195127 0.352581 0.452291 334.343783 368.573258
70 71 79 0.694522 0.258579 0.046899 358.520345 366.453844
70 71 79 0.335278 0.340042 0.324680 359.682356 369.243951
70 71 79 0.210380 0.653485 0.136135 376.503036 364.269475
70 71 79 0.648309 0.043852 0.307839 354.099666 369.518099
70 71 79 0.977412 0.006287 0.016300 352.330487 364.426265
70 71 79 0.403064 0.289860 0.307076 365.307240 368.538071
70 71 79 0.837457 0.074784 0.087759 351.963559 362.329341
70 71 79 0.000161 0.754575 0.245264 376.623029 367.406529
70 71 79 0.183659 0.697464 0.118878 375.912882 368.352488
70 71 79 0.558223 0.126612 0.315165 355.866762 367.341180
71 80 79 0.510072 0.230407 0.259521 377.342650 371.348482
71 80 79 0.350394 0.159909 0.489697 365.784559 376.725240
71 80 79 0.278100 0.215795 0.506105 367.010776 373.927593
71 80 79 0.693830 0.296227 0.009943 389.488028 370.336716
71 80 79 0.250438 0.628396 0.121166 378.894989 374.927692
71 80 79 0.406670 0.123636 0.469693 365.650964 374.427429
71 80 79 0.902812 0.087148 0.010039 389.308002 369.250463
71 80 79 0.280941 0.608532 0.110527 379.889038 372.820890
71 80 79 0.828422 0.134719 0.036859 384.213204 370.509155
71 80 79 0.161188 0.375238 0.463574 367.557369 376.110119
