0 1 9 0.315437 0.501755 0.182808 140.313239 179.755044
0 1 9 0.545823 0.366685 0.087491 136.375914 179.147118
0 1 9 0.977705 0.000198 0.022097 127.315578 178.727258
0 1 9 0.752366 0.195760 0.051874 130.307963 177.429205
0 1 9 0.547444 0.244444 0.208112 131.935779 182.739065
0 1 9 0.135982 0.321579 0.542439 133.695814 188.514688
0 1 9 0.063854 0.009560 0.926585 115.131936 189.130531
0 1 9 0.776851 0.157280 0.065869 128.049406 187.105825
0 1 9 0.530186 0.411443 0.058371 138.164812 179.553728
0 1 9 0.771115 0.074917 0.153968 124.322849 184.109533
1 10 9 0.110012 0.533718 0.356269 138.642561 188.406876
1 10 9 0.179340 0.263936 0.556724 132.452817 190.814946
1 10 9 0.111485 0.437621 0.450894 138.078219 192.068773
1 10 9 0.484824 0.343697 0.171479 144.460870 184.822217
1 10 9 0.614362 0.026224 0.359413 142.101625 182.443102
1 10 9 0.822660 0.080811 0.096528 151.506497 183.213239
1 10 9 0.117867 0.154305 0.727828 124.940554 189.863224
1 10 9 0.348096 0.413285 0.238619 144.873625 186.630665
1 10 9 0.826546 0.055722 0.117732 156.828805 182.690220
1 10 9 0.136736 0.825598 0.037667 151.118323 187.697858
1 2 10 0.707694 0.140803 0.151503 161.846799 180.411578
1 2 10 0.906720 0.061172 0.032108 160.482582 176.502897
1 2 10 0.449408 0.499405 0.051188 169.889210 179.807653
1 2 10 0.099319 0.359212 0.541470 164.507061 180.941883
1 2 10 0.747409 0.008223 0.244368 156.942065 182.960842
1 2 10 0.549214 0.443214 0.007572 171.428852 179.934410
1 2 10 0.412886 0.338074 0.249040 166.848155 183.449868
1 2 10 0.009505 0.009060 0.981435 148.207260 194.145833
1 2 10 0.200192 0.508643 0.291165 172.185801 183.101147
1 2 10 0.911526 0.036267 0.052207 151.418645 179.516762
2 11 10 0.525402 0.385118 0.089479 183.861186 184.933373
2 11 10 0.204502 0.581552 0.213947 173.626222 185.204566
2 11 10 0.063149 0.843202 0.093649 176.123777 193.952370
2 11 10 0.448059 0.112061 0.439880 170.674969 183.239004
2 11 10 0.889261 0.022316 0.088423 183.968279 181.536251
2 11 10 0.644904 0.017058 0.338038 172.341350 184.361687
2 11 10 0.938127 0.038062 0.023811 183.456933 178.126941
2 11 10 0.770314 0.104592 0.125094 181.067062 181.330776
2 11 10 0.021003 0.885802 0.093195 177.900086 190.787905
2 11 10 0.887197 0.074682 0.038120 185.250990 179.021611
2 3 11 0.035421 0.151014 0.813565 186.650453 188.540624
2 3 11 0.661348 0.283225 0.055427 194.936960 177.798308
2 3 11 0.579758 0.329983 0.090258 197.405847 181.661437
2 3 11 0.325421 0.465051 0.209528 198.579992 178.996152
2 3 11 0.432737 0.327783 0.239480 196.197003 180.639089
2 3 11 0.874306 0.117372 0.008322 190.865248 177.775037
2 3 11 0.355277 0.469471 0.175252 199.085593 184.513199
2 3 11 0.971364 0.019008 0.009628 187.043878 177.609357
2 3 11 0.580577 0.101706 0.317717 189.455068 185.336561
2 3 11 0.456988 0.371554 0.171457 198.660710 179.465950
3 12 11 0.762302 0.223721 0.013977 215.315147 181.105570
3 12 11 0.646694 0.269358 0.083948 213.455787 182.968447
3 12 11 0.385439 0.013827 0.600735 196.335975 182.452071
3 12 11 0.638589 0.284970 0.076441 212.427316 184.486758
3 12 11 0.944363 0.022589 0.033049 216.114709 178.269696
3 12 11 0.924505 0.065363 0.010132 218.160743 179.547616
3 12 11 0.721939 0.139038 0.139024 213.937145 182.280120
3 12 11 0.882672 0.055093 0.062235 212.609288 177.325586
3 12 11 0.984068 0.003291 0.012641 217.095449 177.016641
3 12 11 0.212113 0.617179 0.170708 207.756231 190.501104
3 4 12 0.532422 0.395165 0.072413 227.618596 180.420461
3 4 12 0.520844 0.110808 0.368348 222.395545 180.338402
3 4 12 0.809917 0.026186 0.163898 215.938538 180.459286
3 4 12 0.635610 0.257335 0.107055 226.026615 178.811449
3 4 12 0.887628 0.093773 0.018599 217.439963 178.680450
3 4 12 0.256991 0.056237 0.686772 216.011711 183.469209
3 4 12 0.784926 0.008810 0.206264 220.825760 183.085999
3 4 12 0.549176 0.349284 0.101540 229.197403 174.947953
3 4 12 0.059686 0.834852 0.105462 245.166410 175.356843
3 4 12 0.780042 0.131692 0.088266 218.964396 174.120721
4 13 12 0.285334 0.471370 0.243296 238.900304 182.132503
4 13 12 0.077949 0.284943 0.637108 228.482739 189.996728
4 13 12 0.501660 0.278147 0.220193 240.241310 184.673626
4 13 12 0.185896 0.698054 0.116050 239.534644 190.085013
4 13 12 0.172614 0.018176 0.809210 219.606696 188.977796
4 13 12 0.933355 0.020000 0.046645 249.162259 177.231447
4 13 12 0.102140 0.612932 0.284929 237.195055 191.368861
4 13 12 0.439249 0.348851 0.211900 240.125061 185.710202
4 13 12 0.512678 0.202272 0.285049 240.917969 182.090548
4 13 12 0.182970 0.531420 0.285609 235.572788 186.782595
4 5 13 0.207572 0.226215 0.566213 254.562450 181.778419
4 5 13 0.283232 0.294013 0.422755 256.280572 183.140347
4 5 13 0.367679 0.565121 0.067200 266.209133 173.422217
4 5 13 0.355156 0.140649 0.504194 252.124446 182.316508
4 5 13 0.236380 0.338621 0.424999 257.543872 179.013918
4 5 13 0.925937 0.017005 0.057058 248.677993 178.535589
4 5 13 0.148412 0.007900 0.843688 249.020289 186.008049
4 5 13 0.623515 0.134323 0.242162 250.176749 175.441084
4 5 13 0.296336 0.094165 0.609499 251.341172 182.118363
4 5 13 0.854085 0.024803 0.121111 248.437546 175.056327
5 14 13 0.235339 0.563296 0.201365 277.184348 182.013435
5 14 13 0.372469 0.102575 0.524956 264.929086 179.788189
5 14 13 0.938068 0.044052 0.017880 277.791393 175.931866
5 14 13 0.911386 0.014901 0.073714 276.024692 178.752231
5 14 13 0.187566 0.442929 0.369505 268.208541 181.022119
5 14 13 0.693166 0.186288 0.120546 275.701684 176.077213
5 14 13 0.474567 0.384221 0.141213 275.988207 181.572747
5 14 13 0.102084 0.056274 0.841642 249.657452 187.401273
5 14 13 0.287189 0.472183 0.240628 277.594768 183.417699
5 14 13 0.602350 0.383201 0.014448 279.942284 178.691815
5 6 14 0.207902 0.186098 0.606000 285.822207 178.947912
5 6 14 0.394240 0.150445 0.455315 287.863616 179.538169
5 6 14 0.159312 0.778738 0.061950 307.371429 174.515615
5 6 14 0.886260 0.094552 0.019189 285.015880 175.842279
5 6 14 0.492037 0.383131 0.124832 289.017775 176.518868
5 6 14 0.485793 0.064807 0.449400 287.699202 182.651032
5 6 14 0.473406 0.163551 0.363043 285.396553 182.052615
5 6 14 0.190069 0.067010 0.742921 284.158676 183.051966
5 6 14 0.395135 0.469386 0.135480 297.161176 174.158929
5 6 14 0.437276 0.509937 0.052787 297.443012 175.589903
6 15 14 0.954925 0.028188 0.016887 317.618650 173.543461
6 15 14 0.249197 0.441951 0.308852 307.818828 182.520360
6 15 14 0.408820 0.391980 0.199200 309.375881 180.695762
6 15 14 0.467122 0.306345 0.226533 304.664111 181.076487
6 15 14 0.117041 0.493417 0.389542 307.391286 183.728175
6 15 14 0.039109 0.381475 0.579416 299.730759 187.432343
6 15 14 0.333022 0.478808 0.188171 307.632319 178.809117
6 15 14 0.350723 0.240171 0.409106 295.274750 179.812913
6 15 14 0.875754 0.087646 0.036600 313.616419 178.128224
6 15 14 0.107452 0.751226 0.141322 313.998644 184.461749
6 7 15 0.701754 0.126961 0.171284 318.446287 175.555278
6 7 15 0.929964 0.010945 0.059091 314.203522 177.025599
6 7 15 0.493529 0.103672 0.402799 315.874393 177.494588
6 7 15 0.845757 0.125093 0.029150 318.271901 174.583651
6 7 15 0.160060 0.288462 0.551478 322.794923 180.199923
6 7 15 0.325476 0.132289 0.542235 321.672985 182.444556
6 7 15 0.722697 0.056876 0.220426 317.137281 175.995087
6 7 15 0.108535 0.060807 0.830658 315.359499 185.157599
6 7 15 0.535868 0.106187 0.357945 318.694129 179.326631
6 7 15 0.381490 0.190390 0.428119 321.301189 179.622456
7 16 15 0.712727 0.226042 0.061232 345.352246 176.346474
7 16 15 0.909732 0.087552 0.002716 346.842861 171.085371
7 16 15 0.219062 0.053088 0.727850 328.286938 180.692111
7 16 15 0.404289 0.219626 0.376085 338.439413 181.547020
7 16 15 0.152865 0.149752 0.697383 331.151809 184.433490
7 16 15 0.175164 0.013855 0.810981 321.830557 184.833013
7 16 15 0.267313 0.140950 0.591737 330.284207 181.722307
7 16 15 0.224187 0.219515 0.556298 329.585083 179.812311
7 16 15 0.991745 0.005261 0.002994 345.305634 170.435661
7 16 15 0.154236 0.824068 0.021696 350.876020 179.561475
7 8 16 0.054604 0.066594 0.878802 355.459532 184.047105
7 8 16 0.186006 0.230872 0.583122 357.124500 178.310223
7 8 16 0.198467 0.509586 0.291947 367.095931 173.737232
7 8 16 0.953304 0.044037 0.002659 349.861103 171.282470
7 8 16 0.820164 0.159687 0.020149 351.193940 171.258839
7 8 16 0.780015 0.169855 0.050130 350.678701 172.295283
7 8 16 0.867395 0.128471 0.004134 348.390677 173.405599
7 8 16 0.679232 0.068794 0.251974 355.338410 176.653212
7 8 16 0.888675 0.079061 0.032265 348.655633 176.028754
7 8 16 0.726628 0.096397 0.176974 350.346923 173.061926
8 17 16 0.568286 0.317545 0.114169 375.889976 174.670023
8 17 16 0.321184 0.675969 0.002848 383.474798 176.511090
8 17 16 0.222738 0.342831 0.434431 370.466420 180.150978
8 17 16 0.015673 0.114082 0.870245 358.959337 180.457963
8 17 16 0.622998 0.142568 0.234434 375.520302 176.668455
8 17 16 0.466977 0.067721 0.465302 367.623732 175.767058
8 17 16 0.610923 0.304173 0.084904 377.872328 174.485665
8 17 16 0.863375 0.083032 0.053593 377.462618 172.837562
8 17 16 0.206971 0.521292 0.271737 375.923316 182.559055
8 17 16 0.285932 0.115135 0.598933 366.828717 181.156904
9 10 18 0.175604 0.666433 0.157964 136.208631 196.463178
9 10 18 0.285012 0.198967 0.516021 116.011957 205.132793
9 10 18 0.167616 0.116437 0.715946 112.654326 206.400549
9 10 18 0.091480 0.408064 0.500457 124.272169 202.413120
9 10 18 0.392440 0.281200 0.326360 118.831924 199.164818
9 10 18 0.908739 0.084287 0.006974 118.871540 195.774425
9 10 18 0.859854 0.132550 0.007596 119.671682 195.297703
9 10 18 0.190391 0.294240 0.515370 121.073267 204.934163
9 10 18 0.800033 0.143841 0.056126 118.845389 196.186417
9 10 18 0.571816 0.358106 0.070078 125.109276 191.324047
10 19 18 0.341042 0.403028 0.255930 135.301128 204.654704
10 19 18 0.540164 0.337237 0.122599 141.678247 201.494670
10 19 18 0.216756 0.109776 0.673467 114.920796 206.230227
10 19 18 0.056517 0.133765 0.809717 114.905386 213.023391
10 19 18 0.077513 0.255381 0.667105 116.269080 210.401032
10 19 18 0.738229 0.085276 0.176495 140.441904 195.298991
10 19 18 0.416148 0.453584 0.130268 137.679464 203.231540
10 19 18 0.388458 0.301452 0.310090 131.464630 204.273076
10 19 18 0.945791 0.025496 0.028713 148.128291 193.299530
10 19 18 0.121164 0.365199 0.513637 124.293949 208.476131
10 11 19 0.381858 0.120498 0.497644 146.025506 200.670093
10 11 19 0.234209 0.500762 0.265029 159.417569 194.576811
10 11 19 0.815971 0.173121 0.010908 156.250084 193.693310
10 11 19 0.675643 0.180760 0.143597 152.623405 196.050573
10 11 19 0.716205 0.274875 0.008920 159.522059 187.712190
10 11 19 0.361409 0.041968 0.596623 145.616968 202.488351
10 11 19 0.455698 0.119920 0.424381 148.376413 195.628167
10 11 19 0.068820 0.250192 0.680989 147.285073 208.215082
10 11 19 0.160185 0.193261 0.646554 152.311574 203.976423
10 11 19 0.321460 0.210121 0.468419 152.095928 204.817995
11 20 19 0.205390 0.227802 0.566808 153.009813 208.003408
11 20 19 0.110474 0.310232 0.579294 154.581409 209.199435
11 20 19 0.914947 0.002585 0.082467 175.370479 192.676849
11 20 19 0.586789 0.393061 0.020150 178.228866 200.260324
11 20 19 0.059162 0.934466 0.006373 168.608802 207.791731
11 20 19 0.935216 0.062873 0.001911 181.339084 189.349475
11 20 19 0.298502 0.688469 0.013030 177.456863 203.271654
11 20 19 0.498330 0.165221 0.336449 165.227290 197.305887
11 20 19 0.072051 0.544378 0.383571 160.607274 212.228485
11 20 19 0.553520 0.279673 0.166808 174.442584 197.948333
11 12 20 0.945050 0.040846 0.014103 179.617531 192.256028
11 12 20 0.658186 0.183080 0.158733 186.334523 192.957080
11 12 20 0.128273 0.217559 0.654169 182.266626 202.814581
11 12 20 0.771753 0.021048 0.207199 181.627754 194.611612
11 12 20 0.648385 0.339667 0.011949 190.629580 189.925708
11 12 20 0.254354 0.567305 0.178340 201.343227 191.073274
11 12 20 0.548563 0.024648 0.426789 176.568982 196.085918
11 12 20 0.933469 0.053279 0.013251 181.903970 187.006065
11 12 20 0.360640 0.087010 0.552350 179.128894 198.826343
11 12 20 0.697734 0.188901 0.113365 186.167506 193.272190
12 21 20 0.164646 0.361134 0.474220 193.136734 204.853727
12 21 20 0.107791 0.757999 0.134210 205.000878 203.314071
12 21 20 0.193129 0.331167 0.475704 195.347516 205.107511
12 21 20 0.800229 0.109777 0.089994 211.264217 192.596401
12 21 20 0.477016 0.417893 0.105091 209.988280 193.615477
12 21 20 0.476815 0.178981 0.344205 199.419973 199.291782
12 21 20 0.030200 0.345265 0.624535 188.083994 209.438205
12 21 20 0.031037 0.104117 0.864846 176.803059 208.011810
12 21 20 0.559107 0.312099 0.128794 207.782538 197.883464
12 21 20 0.980935 0.012603 0.006462 211.079047 191.295749
12 13 21 0.483608 0.071370 0.445022 214.441498 197.816584
12 13 21 0.926131 0.013608 0.060260 212.953015 189.131181
12 13 21 0.849240 0.041356 0.109404 217.034153 190.516964
12 13 21 0.295182 0.441493 0.263325 227.029146 192.859700
12 13 21 0.280674 0.570680 0.148646 233.794010 189.541153
12 13 21 0.190078 0.449098 0.360824 230.367452 191.665373
12 13 21 0.053366 0.425990 0.520643 223.083770 200.115036
12 13 21 0.133821 0.513472 0.352707 228.980297 194.479981
12 13 21 0.072034 0.101964 0.826002 214.714655 202.945871
12 13 21 0.769099 0.148586 0.082315 218.384711 191.670494
13 22 21 0.633156 0.349997 0.016847 244.830159 195.381834
13 22 21 0.037370 0.870168 0.092462 242.243905 203.330015
13 22 21 0.143241 0.412957 0.443802 232.321289 202.496154
13 22 21 0.303174 0.304442 0.392384 231.552288 199.980742
13 22 21 0.787763 0.036587 0.175649 240.192676 187.796837
13 22 21 0.515656 0.030414 0.453930 230.274046 196.431417
13 22 21 0.319980 0.339726 0.340294 233.224838 199.486605
13 22 21 0.142991 0.294981 0.562029 224.679615 203.229535
13 22 21 0.498343 0.063770 0.437887 228.832135 197.504080
13 22 21 0.718924 0.118579 0.162498 238.994846 191.467114
13 14 22 0.668684 0.303806 0.027510 262.140231 186.177457
13 14 22 0.155476 0.814926 0.029597 275.608880 187.288972
13 14 22 0.460144 0.167043 0.372813 252.635131 196.856029
13 14 22 0.218885 0.290054 0.491061 258.217872 196.854305
13 14 22 0.619531 0.056053 0.324416 248.639320 198.339420
13 14 22 0.193386 0.091925 0.714688 253.083439 205.890771
13 14 22 0.417162 0.287300 0.295539 259.005791 192.929685
13 14 22 0.666749 0.013594 0.319657 245.706055 190.629721
13 14 22 0.188338 0.548646 0.263016 264.403612 191.147292
13 14 22 0.245075 0.704807 0.050119 269.653050 186.332864
14 23 22 0.226032 0.011671 0.762297 253.090376 203.177795
14 23 22 0.782855 0.140515 0.076630 281.854083 193.745980
14 23 22 0.214984 0.243934 0.541082 262.677883 202.397214
14 23 22 0.715476 0.078660 0.205865 272.676509 189.975133
14 23 22 0.321758 0.284907 0.393336 267.884315 203.311933
14 23 22 0.129166 0.243208 0.627625 257.565768 201.861374
14 23 22 0.530158 0.293779 0.176063 277.549145 188.891512
14 23 22 0.441011 0.153538 0.405450 265.277355 195.402710
14 23 22 0.029477 0.263848 0.706676 250.675841 204.600750
14 23 22 0.436512 0.002609 0.560879 261.440794 198.812079
14 15 23 0.726013 0.263832 0.010155 289.891274 184.718657
14 15 23 0.097481 0.426105 0.476414 296.815694 195.032859
14 15 23 0.040581 0.828743 0.130677 308.940047 189.539948
14 15 23 0.467424 0.091944 0.440632 285.940963 192.904432
14 15 23 0.015538 0.873447 0.111015 315.559680 187.613956
14 15 23 0.985642 0.013691 0.000666 284.761278 189.206982
14 15 23 0.332020 0.045492 0.622489 285.135430 196.886586
14 15 23 0.793287 0.154117 0.052596 289.675146 185.702818
14 15 23 0.542174 0.375851 0.081974 300.413394 186.259737
14 15 23 0.514926 0.239156 0.245919 293.567675 191.989455
15 24 23 0.245773 0.160924 0.593303 298.042185 197.563932
15 24 23 0.431015 0.351882 0.217103 311.180134 199.213255
15 24 23 0.034329 0.965099 0.000573 317.537389 201.520066
15 24 23 0.548143 0.081884 0.369973 308.006727 192.012278
15 24 23 0.503761 0.197718 0.298521 307.650692 192.491167
15 24 23 0.797280 0.090060 0.112659 313.381243 190.208877
15 24 23 0.887738 0.095494 0.016768 319.000200 185.078157
15 24 23 0.207263 0.585552 0.207186 311.357720 198.706881
15 24 23 0.427419 0.017524 0.555057 296.329761 196.118700
15 24 23 0.631906 0.194091 0.174003 310.114469 192.366188
15 16 24 0.785049 0.123495 0.091456 319.250216 187.811379
15 16 24 0.542751 0.324440 0.132809 325.882765 189.968979
15 16 24 0.106678 0.680602 0.212719 341.218356 184.818896
15 16 24 0.762884 0.154987 0.082128 322.484644 186.836650
15 16 24 0.284719 0.413959 0.301322 332.212498 191.295050
15 16 24 0.090392 0.608154 0.301454 338.185199 188.292140
15 16 24 0.112628 0.815782 0.071590 347.969800 186.524976
15 16 24 0.516062 0.397914 0.086024 331.552486 184.628941
15 16 24 0.972040 0.002869 0.025090 318.481741 187.439759
15 16 24 0.361500 0.367790 0.270710 327.318624 187.856538
16 25 24 0.756507 0.097230 0.146264 352.260372 187.133243
16 25 24 0.353074 0.231907 0.415018 338.665204 193.169101
16 25 24 0.118260 0.000480 0.881260 325.867152 199.585239
16 25 24 0.771455 0.034803 0.193742 347.332207 189.677455
16 25 24 0.008709 0.297727 0.693564 331.180643 199.918101
16 25 24 0.459663 0.438741 0.101596 351.218219 191.793981
16 25 24 0.541267 0.348358 0.110375 353.100373 191.208043
16 25 24 0.507987 0.264799 0.227214 348.127978 193.452781
16 25 24 0.342640 0.616285 0.041075 353.055042 193.898962
16 25 24 0.037776 0.227888 0.734336 329.273710 200.932582
16 17 25 0.063633 0.922331 0.014036 383.305781 182.196344
16 17 25 0.488876 0.148960 0.362164 358.531399 190.441388
16 17 25 0.671927 0.147843 0.180230 353.437317 185.183083
16 17 25 0.794955 0.085544 0.119501 355.873443 182.692298
16 17 25 0.028430 0.924284 0.047286 380.905432 180.029249
16 17 25 0.511926 0.025529 0.462545 358.684170 191.834149
16 17 25 0.080527 0.727289 0.192184 380.984333 186.052216
16 17 25 0.492360 0.155411 0.352229 357.562817 187.547593
16 17 25 0.409876 0.563110 0.027015 373.514566 183.918691
16 17 25 0.787315 0.182217 0.030468 356.606499 184.266369
17 26 25 0.307186 0.448229 0.244585 384.434476 191.936419
17 26 25 0.693877 0.194539 0.111584 383.838056 190.041274
17 26 25 0.201238 0.422696 0.376066 379.169633 196.259671
17 26 25 0.183515 0.152615 0.663869 369.822967 197.321179
17 26 25 0.366306 0.217725 0.415969 376.186829 193.252658
17 26 25 0.748659 0.017035 0.234306 380.291832 186.117552
17 26 25 0.069532 0.204420 0.726047 368.441849 195.791115
17 26 25 0.427918 0.422882 0.149200 382.573865 192.045760
17 26 25 0.544406 0.111351 0.344244 376.407990 188.727998
17 26 25 0.086306 0.050378 0.863316 359.944327 198.903656
18 19 27 0.505117 0.030116 0.464767 104.943079 224.925603
18 19 27 0.308374 0.552668 0.138958 119.520943 213.583498
18 19 27 0.477269 0.140062 0.382669 104.565455 221.808665
18 19 27 0.796828 0.049552 0.153619 104.883940 215.282973
18 19 27 0.869371 0.054560 0.076068 106.071709 217.990415
18 19 27 0.371465 0.344753 0.283783 114.908537 220.834198
18 19 27 0.659698 0.266218 0.074084 110.090390 215.016594
18 19 27 0.102418 0.229466 0.668116 104.873072 226.063208
18 19 27 0.002137 0.576401 0.421462 118.513941 224.059233
18 19 27 0.930201 0.004604 0.065195 101.542901 215.229447
19 28 27 0.357840 0.010022 0.632138 112.933181 224.589829
19 28 27 0.893877 0.051057 0.055066 136.909409 210.480202
19 28 27 0.491822 0.345792 0.162386 128.469145 225.497888
19 28 27 0.073462 0.770202 0.156336 121.430099 241.003215
19 28 27 0.783194 0.203165 0.013641 136.328476 218.086873
19 28 27 0.939287 0.053544 0.007169 135.810668 214.089837
19 28 27 0.638550 0.102621 0.258829 126.079250 220.616452
19 28 27 0.770631 0.121561 0.107808 133.061232 217.599112
19 28 27 0.109994 0.386619 0.503387 110.933116 232.107053
19 28 27 0.151785 0.209139 0.639076 105.675989 235.593235
19 20 28 0.052388 0.630760 0.316852 156.649516 219.088520
19 20 28 0.399531 0.513822 0.086647 156.382676 216.300945
19 20 28 0.032360 0.694034 0.273606 158.777383 214.920378
19 20 28 0.998187 0.000821 0.000992 137.066801 208.493716
19 20 28 0.107080 0.512920 0.380000 155.867583 225.334842
19 20 28 0.921364 0.064900 0.013736 139.131867 208.345798
19 20 28 0.149765 0.353946 0.496289 144.579723 224.600625
19 20 28 0.502008 0.320793 0.177199 146.249366 212.693690
19 20 28 0.413247 0.016882 0.569871 131.963017 229.757610
19 20 28 0.640487 0.143802 0.215710 143.207222 216.417166
20 29 28 0.752112 0.166088 0.081800 167.937853 215.936973
20 29 28 0.153675 0.793123 0.053202 163.661004 231.786248
20 29 28 0.674898 0.045800 0.279302 159.539120 215.666716
20 29 28 0.334512 0.639176 0.026313 168.372780 225.444765
20 29 28 0.964240 0.029982 0.005778 173.285137 209.732630
20 29 28 0.670282 0.094891 0.234826 167.826054 217.424437
20 29 28 0.788540 0.069511 0.141950 161.313291 217.139755
20 29 28 0.761521 0.214886 0.023593 171.933144 214.614124
20 29 28 0.270962 0.356142 0.372896 155.244206 231.520621
20 29 28 0.826302 0.172227 0.001472 171.455715 214.820487
20 21 29 0.404051 0.399448 0.196500 185.226794 214.134814
20 21 29 0.199758 0.744820 0.055422 199.445575 210.208670
20 21 29 0.873684 0.087330 0.038986 174.252972 212.161372
20 21 29 0.437093 0.462791 0.100116 187.723891 209.145998
20 21 29 0.309491 0.116891 0.573619 173.797090 223.610797
20 21 29 0.943484 0.038588 0.017928 176.283612 207.197386
20 21 29 0.160119 0.824443 0.015438 204.771353 208.892010
20 21 29 0.338508 0.036055 0.625438 168.140688 222.384870
20 21 29 0.262161 0.573341 0.164498 192.088425 211.311775
20 21 29 0.219724 0.005139 0.775137 166.607917 227.564324
21 30 29 0.032903 0.448401 0.518696 184.979112 234.004833
21 30 29 0.492121 0.353651 0.154228 200.341616 221.515711
21 30 29 0.870392 0.120171 0.009437 208.964877 209.745425
21 30 29 0.800316 0.192367 0.007316 207.040744 210.451899
21 30 29 0.486253 0.216490 0.297257 195.756522 223.555212
21 30 29 0.222609 0.090311 0.687080 179.123233 226.405956
21 30 29 0.350056 0.625982 0.023962 203.312783 225.663079
21 30 29 0.267139 0.128324 0.604537 181.708360 228.734979
21 30 29 0.533375 0.397441 0.069184 202.275925 215.027026
21 30 29 0.005744 0.466426 0.527829 185.835294 232.726230
21 22 30 0.730603 0.023704 0.245693 209.008548 208.442212
21 22 30 0.209505 0.483891 0.306604 225.322944 214.005801
21 22 30 0.955791 0.035072 0.009137 209.683693 207.957866
21 22 30 0.481401 0.047357 0.471243 209.369941 220.153683
21 22 30 0.327330 0.582041 0.090630 228.361430 205.635054
21 22 30 0.319470 0.418333 0.262197 219.951297 214.812844
21 22 30 0.030759 0.340035 0.629206 220.299258 222.697618
21 22 30 0.716461 0.120712 0.162827 211.688798 216.027536
21 22 30 0.355629 0.162498 0.481873 214.075445 220.252774
21 22 30 0.455156 0.378616 0.166228 221.018479 207.639713
22 31 30 0.611646 0.057554 0.330800 231.232318 214.299074
22 31 30 0.343227 0.618673 0.038099 242.968747 218.784223
22 31 30 0.160481 0.357465 0.482054 222.328940 226.049525
22 31 30 0.074573 0.793001 0.132426 237.185027 231.763970
22 31 30 0.253317 0.151126 0.595558 220.668307 223.828320
22 31 30 0.477477 0.286506 0.236018 235.869056 217.055781
22 31 30 0.771849 0.207863 0.020288 244.853087 211.459778
22 31 30 0.157983 0.474037 0.367980 231.845255 230.190205
22 31 30 0.977607 0.019426 0.002967 241.622499 207.563472
22 31 30 0.443968 0.151125 0.404907 223.784114 217.257499
22 23 31 0.095393 0.615540 0.289068 267.615016 212.240871
22 23 31 0.124577 0.425035 0.450387 260.852983 213.538719
22 23 31 0.630665 0.359791 0.009544 260.601141 206.267738
22 23 31 0.621052 0.026720 0.352228 244.563810 212.256124
22 23 31 0.347435 0.189396 0.463169 251.343370 216.407860
22 23 31 0.389810 0.241948 0.368242 249.490624 216.290012
22 23 31 0.975464 0.017357 0.007178 245.177182 205.313578
22 23 31 0.912615 0.083250 0.004135 248.863942 207.965592
22 23 31 0.310616 0.010168 0.679216 241.710469 222.238757
22 23 31 0.914338 0.012901 0.072761 244.928075 208.596495
23 32 31 0.586962 0.080855 0.332183 272.678491 216.686706
23 32 31 0.621882 0.277529 0.100589 278.742857 213.032995
23 32 31 0.048898 0.168632 0.782470 253.154933 227.966318
23 32 31 0.099483 0.601526 0.298991 271.166166 225.595229
23 32 31 0.986039 0.008164 0.005797 282.613778 202.085532
23 32 31 0.517639 0.414029 0.068332 280.808248 217.276709
23 32 31 0.090505 0.876965 0.032530 281.343237 228.458359
23 32 31 0.774931 0.098473 0.126596 277.284285 212.086014
23 32 31 0.645027 0.236456 0.118517 279.069012 212.829414
23 32 31 0.605454 0.226751 0.167794 278.501001 215.322980
23 24 32 0.013706 0.490467 0.495827 300.737880 216.271509
23 24 32 0.564240 0.210164 0.225597 292.209064 209.685338
23 24 32 0.081899 0.478932 0.439169 301.047447 216.652365
23 24 32 0.566762 0.338052 0.095185 293.842229 205.693344
23 24 32 0.368033 0.393547 0.238420 294.014777 209.849821
23 24 32 0.752411 0.129908 0.117682 288.625017 206.410192
23 24 32 0.972220 0.011271 0.016509 283.700177 204.158468
23 24 32 0.011727 0.955558 0.032715 318.155861 201.622348
23 24 32 0.210730 0.115021 0.674249 286.492329 222.847094
23 24 32 0.748033 0.222449 0.029518 288.698646 203.295607
24 33 32 0.704330 0.027989 0.267682 310.665330 209.282996
24 33 32 0.490532 0.109013 0.400455 301.904561 215.233198
24 33 32 0.180979 0.745817 0.073204 322.571433 222.107825
24 33 32 0.092453 0.475284 0.432263 305.776410 224.049897
24 33 32 0.897689 0.050500 0.051811 316.313237 203.406781
24 33 32 0.610353 0.317543 0.072103 319.546788 205.814770
24 33 32 0.020599 0.803905 0.175496 313.843363 225.396751
24 33 32 0.923519 0.070145 0.006336 319.629073 208.030785
24 33 32 0.443565 0.530284 0.026151 324.440862 211.868035
24 33 32 0.318995 0.602770 0.078236 322.026247 217.717461
24 25 33 0.477151 0.136206 0.386643 328.126692 210.741757
24 25 33 0.570973 0.235288 0.193740 333.092123 209.126918
24 25 33 0.637845 0.275511 0.086645 329.222796 203.520394
24 25 33 0.765429 0.025882 0.208689 320.634474 206.264716
24 25 33 0.187688 0.185590 0.626722 325.937502 213.734768
24 25 33 0.113941 0.709334 0.176725 345.360436 204.876155
24 25 33 0.761500 0.048284 0.190216 319.967786 204.211466
24 25 33 0.162860 0.773479 0.063661 347.485518 199.886516
24 25 33 0.540029 0.004252 0.455719 323.539346 213.814923
24 25 33 0.088447 0.047346 0.864207 325.218378 223.116233
25 34 33 0.509182 0.329563 0.161255 348.840216 214.785090
25 34 33 0.152622 0.355367 0.492011 341.630904 224.444475
25 34 33 0.363199 0.589760 0.047042 353.766278 217.259353
25 34 33 0.432733 0.155553 0.411714 344.802585 216.637273
25 34 33 0.194016 0.200375 0.605609 337.372724 223.827261
25 34 33 0.574994 0.065480 0.359526 342.276520 205.099122
25 34 33 0.029925 0.534230 0.435845 343.049453 225.946725
25 34 33 0.224742 0.232741 0.542517 339.233120 222.286842
25 34 33 0.039412 0.712586 0.248002 354.130985 226.254681
25 34 33 0.877306 0.059437 0.063257 359.987468 204.915691
25 26 34 0.569226 0.011102 0.419672 358.140616 211.426217
25 26 34 0.559379 0.298181 0.142440 367.317961 205.551619
25 26 34 0.021222 0.786665 0.192113 388.656838 204.860394
25 26 34 0.147838 0.505615 0.346547 380.505874 206.692302
25 26 34 0.252869 0.640198 0.106933 383.951410 203.509235
25 26 34 0.070296 0.102336 0.827368 370.830476 220.416883
25 26 34 0.862582 0.082129 0.055290 356.903205 198.706646
25 26 34 0.282156 0.347335 0.370508 375.251154 207.882775
25 26 34 0.574393 0.092839 0.332768 363.887734 207.870180
25 26 34 0.628171 0.274162 0.097667 369.485661 204.134943
26 35 34 0.547745 0.125123 0.327133 387.533290 214.330225
26 35 34 0.504257 0.028313 0.467430 383.312806 213.403079
26 35 34 0.056067 0.127220 0.816714 372.272537 223.569962
26 35 34 0.048357 0.923900 0.027743 404.580818 224.053350
26 35 34 0.506787 0.138533 0.354680 381.183925 213.923627
26 35 34 0.483971 0.416010 0.100019 395.774239 210.067621
26 35 34 0.003481 0.494193 0.502327 380.439094 224.558982
26 35 34 0.168937 0.625553 0.205510 394.967883 218.442631
26 35 34 0.436499 0.060437 0.503064 384.267590 211.104208
26 35 34 0.629654 0.317847 0.052499 400.784398 210.293038
27 28 36 0.053941 0.799981 0.146078 120.059378 243.769375
27 28 36 0.796014 0.123726 0.080259 96.896453 237.454647
27 28 36 0.530870 0.128261 0.340869 97.796910 253.166502
27 28 36 0.993569 0.005826 0.000605 88.895765 238.109316
27 28 36 0.890966 0.044980 0.064054 91.835158 241.847341
27 28 36 0.907586 0.060412 0.032002 95.955506 238.390524
27 28 36 0.619257 0.317207 0.063535 102.472880 238.486714
27 28 36 0.256969 0.457034 0.285997 104.986526 250.639007
27 28 36 0.365688 0.018414 0.615898 90.789565 257.990448
27 28 36 0.651174 0.309768 0.039058 103.362617 239.380187
28 37 36 0.506860 0.037077 0.456063 111.009699 253.886759
28 37 36 0.318892 0.123752 0.557356 105.587201 259.834352
28 37 36 0.637970 0.218534 0.143496 122.351016 248.672507
28 37 36 0.653095 0.343463 0.003443 126.036575 248.254886
28 37 36 0.701813 0.063961 0.234226 121.223839 248.161294
28 37 36 0.341083 0.026263 0.632655 102.778890 260.155257
28 37 36 0.191745 0.245149 0.563106 105.763783 265.195185
28 37 36 0.405299 0.086622 0.508079 105.783556 261.157495
28 37 36 0.257648 0.070106 0.672246 102.410373 260.041724
28 37 36 0.086869 0.000272 0.912859 93.592855 270.290938
28 29 37 0.670245 0.289114 0.040642 137.825049 239.525456
28 29 37 0.265406 0.597215 0.137379 154.586290 242.237958
28 29 37 0.249184 0.213174 0.537642 135.444298 255.835225
28 29 37 0.369172 0.390353 0.240474 147.345413 248.714008
28 29 37 0.460249 0.271274 0.268477 139.181045 247.184714
28 29 37 0.609696 0.166520 0.223784 130.845816 243.520233
28 29 37 0.540658 0.101175 0.358168 129.607486 248.060245
28 29 37 0.571852 0.016139 0.412009 126.504434 252.898043
28 29 37 0.026904 0.168327 0.804769 129.533825 262.281276
28 29 37 0.431371 0.188780 0.379849 129.400179 250.116118
29 38 37 0.804439 0.070036 0.125525 161.720362 241.600893
29 38 37 0.524734 0.306219 0.169047 158.937281 252.182502
29 38 37 0.551513 0.089508 0.358978 153.480930 249.348357
29 38 37 0.633614 0.148593 0.217792 157.969186 250.238119
29 38 37 0.194557 0.719354 0.086089 156.971289 262.750751
29 38 37 0.754397 0.053532 0.192071 158.526074 244.682968
29 38 37 0.459541 0.012237 0.528221 144.458041 259.141993
29 38 37 0.108191 0.397680 0.494129 146.490915 269.276651
29 38 37 0.597779 0.052349 0.349872 153.726635 246.934933
29 38 37 0.224162 0.710511 0.065328 162.670643 258.366439
29 30 38 0.989188 0.003531 0.007281 167.998819 234.505591
29 30 38 0.611803 0.080841 0.307356 167.877419 248.465407
29 30 38 0.143548 0.694805 0.161648 194.237483 238.845665
29 30 38 0.783011 0.055757 0.161232 170.167774 240.167169
29 30 38 0.479542 0.461550 0.058908 183.658220 237.514151
29 30 38 0.427539 0.038661 0.533800 165.103609 255.723175
29 30 38 0.686851 0.180157 0.132993 171.689897 239.184661
29 30 38 0.257654 0.035449 0.706897 165.215940 261.128467
29 30 38 0.348435 0.415890 0.235675 182.377403 243.736157
29 30 38 0.363311 0.047259 0.589430 164.613123 255.946101
30 39 38 0.439400 0.168491 0.392109 188.375622 252.280183
30 39 38 0.039864 0.298579 0.661558 175.854006 269.545161
30 39 38 0.640353 0.352846 0.006800 206.695983 245.914608
30 39 38 0.951303 0.003664 0.045033 205.236084 233.360694
30 39 38 0.566709 0.045299 0.387993 187.390801 249.529687
30 39 38 0.127771 0.817329 0.054901 202.235324 266.273420
30 39 38 0.678221 0.261985 0.059795 201.821689 244.115683
30 39 38 0.662771 0.258387 0.078842 202.092925 243.423159
30 39 38 0.087127 0.221230 0.691643 176.127506 261.794269
30 39 38 0.303703 0.338552 0.357745 187.893469 256.650130
30 31 39 0.084263 0.894749 0.020988 239.755558 235.196655
30 31 39 0.139925 0.715846 0.144229 235.581717 237.015959
30 31 39 0.804792 0.071429 0.123779 210.571363 236.320592
30 31 39 0.387734 0.331826 0.280440 215.602341 242.435477
30 31 39 0.929154 0.006890 0.063956 206.282460 232.939676
30 31 39 0.133452 0.547155 0.319393 225.695482 242.040760
30 31 39 0.746719 0.036819 0.216462 207.639471 240.609781
30 31 39 0.043898 0.648845 0.307257 232.163122 244.356209
30 31 39 0.540685 0.081096 0.378219 209.851464 245.398566
30 31 39 0.875408 0.099197 0.025395 208.522039 236.984848
31 40 39 0.893666 0.058070 0.048264 241.096858 235.896310
31 40 39 0.259266 0.529215 0.211519 230.384886 260.908193
31 40 39 0.341967 0.378541 0.279492 232.661859 254.488604
31 40 39 0.741764 0.153402 0.104834 235.822066 237.604597
31 40 39 0.896566 0.078586 0.024847 241.553437 235.338250
31 40 39 0.006953 0.006863 0.986184 202.965529 269.709958
31 40 39 0.293703 0.081635 0.624663 217.654857 254.238430
31 40 39 0.594644 0.018458 0.386898 228.649695 245.432647
31 40 39 0.215894 0.246042 0.538064 219.014604 262.897032
31 40 39 0.018692 0.012482 0.968825 204.969517 267.826676
31 32 40 0.544801 0.289972 0.165228 256.408054 238.120031
31 32 40 0.455200 0.268012 0.276788 252.412505 241.047109
31 32 40 0.330213 0.430993 0.238794 262.579271 238.925533
31 32 40 0.539255 0.095581 0.365164 245.957925 245.176087
31 32 40 0.654293 0.043498 0.302209 242.483957 246.454976
31 32 40 0.494320 0.326246 0.179434 255.583750 237.593827
31 32 40 0.059059 0.150457 0.790484 247.834393 260.351167
31 32 40 0.872448 0.055250 0.072302 248.035002 231.754517
31 32 40 0.452576 0.368286 0.179138 258.389765 235.974284
31 32 40 0.918894 0.049715 0.031390 242.938279 232.162459
32 41 40 0.749680 0.104016 0.146304 279.053739 239.265273
32 41 40 0.269579 0.236501 0.493920 262.466390 256.172931
32 41 40 0.602112 0.085677 0.312211 269.704417 246.705872
32 41 40 0.633575 0.183727 0.182698 276.182944 244.538490
32 41 40 0.258374 0.137167 0.604459 257.352692 257.069528
32 41 40 0.507340 0.200110 0.292550 268.578896 251.096735
32 41 40 0.020849 0.797574 0.181577 277.103395 269.271619
32 41 40 0.124389 0.856780 0.018831 280.924846 262.044201
32 41 40 0.359238 0.533068 0.107693 280.250859 256.690469
32 41 40 0.134614 0.726519 0.138868 278.704118 261.868126
32 33 41 0.239948 0.209572 0.550480 293.978764 248.916995
32 33 41 0.228046 0.136152 0.635802 286.101311 255.126362
32 33 41 0.256849 0.463151 0.280000 305.979812 240.207331
32 33 41 0.331969 0.160291 0.507740 292.350306 245.822309
32 33 41 0.743939 0.112381 0.143680 287.740927 235.690063
32 33 41 0.828746 0.009065 0.162189 283.722473 238.141574
32 33 41 0.009408 0.410508 0.580084 301.653830 246.247924
32 33 41 0.652908 0.258504 0.088588 293.299761 235.268951
32 33 41 0.487421 0.006681 0.505899 284.931279 249.732842
32 33 41 0.715041 0.049450 0.235509 286.389588 237.213306
33 42 41 0.365800 0.298385 0.335815 311.393020 246.410613
33 42 41 0.003202 0.556341 0.440457 308.136140 265.178592
33 42 41 0.194499 0.392622 0.412879 307.611700 252.421469
33 42 41 0.013935 0.712745 0.273320 313.573949 262.848248
33 42 41 0.038700 0.674291 0.287010 313.222218 264.320093
33 42 41 0.540580 0.267447 0.191973 316.910976 244.223504
33 42 41 0.583608 0.040969 0.375422 308.670509 242.324773
33 42 41 0.609508 0.373727 0.016765 326.719033 238.681036
33 42 41 0.591019 0.381798 0.027183 324.801060 239.740262
33 42 41 0.665631 0.172941 0.161428 316.638800 240.076254
33 34 42 0.825956 0.037617 0.136427 324.529433 228.458476
33 34 42 0.608319 0.185635 0.206046 331.664901 236.778834
33 34 42 0.868018 0.019098 0.112884 323.422113 230.402343
33 34 42 0.802134 0.054442 0.143425 328.758921 234.729711
33 34 42 0.333951 0.338491 0.327558 336.225556 237.233808
33 34 42 0.261212 0.356843 0.381945 341.771857 235.387606
33 34 42 0.378008 0.147683 0.474309 329.675967 241.887281
33 34 42 0.309323 0.243937 0.446739 333.809187 241.600676
33 34 42 0.772847 0.217851 0.009302 335.394120 224.168312
33 34 42 0.899044 0.082879 0.018077 327.788467 232.223151
34 43 42 0.138150 0.688037 0.173813 360.868562 257.688241
34 43 42 0.887591 0.111569 0.000840 368.689190 230.081808
34 43 42 0.964904 0.006829 0.028267 360.328243 227.240632
34 43 42 0.826910 0.100695 0.072395 361.626326 231.188639
34 43 42 0.861628 0.123473 0.014899 365.450052 231.268512
34 43 42 0.852213 0.091805 0.055981 364.552361 228.494483
34 43 42 0.037270 0.220473 0.742258 338.344958 266.078986
34 43 42 0.158742 0.299725 0.541533 345.167751 255.226795
34 43 42 0.486883 0.412169 0.100948 365.288691 244.306285
34 43 42 0.264940 0.330627 0.404432 349.364143 251.362709
34 35 43 0.925849 0.019875 0.054276 365.112061 227.499525
34 35 43 0.283233 0.685517 0.031250 389.772330 229.724321
34 35 43 0.889711 0.015285 0.095004 365.068907 233.019000
34 35 43 0.993589 0.001363 0.005048 365.164167 227.022035
34 35 43 0.845825 0.062373 0.091803 366.159252 230.059268
34 35 43 0.887556 0.091279 0.021165 366.959349 229.840098
34 35 43 0.400214 0.593420 0.006365 386.967441 223.352807
34 35 43 0.516957 0.382945 0.100098 378.349273 227.233485
34 35 43 0.782245 0.148708 0.069048 370.075727 232.921999
34 35 43 0.535077 0.108613 0.356310 370.419427 238.791492
35 44 43 0.485332 0.045012 0.469656 389.507665 241.418819
35 44 43 0.199240 0.230711 0.570048 385.912010 251.753798
35 44 43 0.657284 0.158424 0.184292 398.796951 233.953525
35 44 43 0.186530 0.353020 0.460450 393.336709 251.501414
35 44 43 0.921355 0.023865 0.054779 404.234315 226.049244
35 44 43 0.198456 0.655664 0.145880 406.954894 254.695506
35 44 43 0.227707 0.209458 0.562836 388.227563 254.851077
35 44 43 0.006188 0.689037 0.304774 398.444298 265.965391
35 44 43 0.321940 0.673994 0.004066 409.589260 247.042307
35 44 43 0.631204 0.264610 0.104186 405.974557 238.071026
36 37 45 0.673715 0.295268 0.031016 96.382575 270.730934
36 37 45 0.184059 0.578116 0.237826 103.614865 281.214911
36 37 45 0.826950 0.054858 0.118192 88.525885 279.814170
36 37 45 0.904972 0.025538 0.069490 83.487362 278.503634
36 37 45 0.175925 0.624842 0.199233 110.724047 281.327230
36 37 45 0.199792 0.114889 0.685319 84.381075 295.043033
36 37 45 0.563127 0.295334 0.141539 95.054699 279.360890
36 37 45 0.844468 0.004939 0.150593 81.800395 278.983176
36 37 45 0.095347 0.314596 0.590057 97.005065 297.116896
36 37 45 0.283593 0.127932 0.588474 88.962017 294.440860
37 46 45 0.922598 0.048148 0.029254 124.910069 272.211156
37 46 45 0.375995 0.499216 0.124789 116.100782 300.722083
37 46 45 0.996780 0.000176 0.003045 125.073720 272.548605
37 46 45 0.080870 0.111250 0.807880 91.276665 307.114906
37 46 45 0.319601 0.042602 0.637797 96.294762 298.493629
37 46 45 0.592190 0.208173 0.199637 114.421054 289.573253
37 46 45 0.357973 0.576249 0.065778 120.303950 294.956225
37 46 45 0.031623 0.713307 0.255070 109.554121 312.084467
37 46 45 0.166210 0.814280 0.019511 120.075173 305.619753
37 46 45 0.787991 0.134584 0.077425 121.257152 280.499931
37 38 46 0.685666 0.078016 0.236318 127.939326 280.659214
37 38 46 0.850964 0.087292 0.061744 126.621651 275.078041
37 38 46 0.067762 0.447044 0.485194 136.378356 288.353411
37 38 46 0.932913 0.034285 0.032802 123.691167 272.934591
37 38 46 0.617283 0.106907 0.275809 129.897045 281.872200
37 38 46 0.772360 0.178572 0.049068 127.897666 277.368977
37 38 46 0.766634 0.007918 0.225448 119.503636 280.172251
37 38 46 0.461577 0.181087 0.357336 128.573802 287.622345
37 38 46 0.001396 0.555339 0.443265 147.992571 289.817371
37 38 46 0.074260 0.571546 0.354194 146.363169 288.192451
38 47 46 0.937698 0.019336 0.042966 159.177546 275.274477
38 47 46 0.216055 0.616055 0.167890 153.398838 302.108696
38 47 46 0.956041 0.010638 0.033321 159.428749 273.909997
38 47 46 0.899046 0.075757 0.025197 159.746221 278.047952
38 47 46 0.954905 0.020880 0.024216 159.463195 269.165076
38 47 46 0.369896 0.203087 0.427018 143.710668 298.905829
38 47 46 0.446193 0.294639 0.259167 150.800858 291.656716
38 47 46 0.176264 0.088440 0.735296 129.186729 305.640273
38 47 46 0.434244 0.229720 0.336036 147.843243 293.847119
38 47 46 0.155358 0.054898 0.789744 132.949412 309.796962
38 39 47 0.983627 0.014446 0.001926 160.919244 269.719616
38 39 47 0.179245 0.360238 0.460517 179.256597 290.667530
38 39 47 0.420537 0.174468 0.404995 166.724353 288.538564
38 39 47 0.887204 0.030371 0.082424 159.166736 274.005472
38 39 47 0.119745 0.085361 0.794894 163.484365 302.916111
38 39 47 0.820427 0.087793 0.091780 164.186786 273.612404
38 39 47 0.777073 0.174844 0.048083 167.457058 273.537212
38 39 47 0.358028 0.346382 0.295590 178.881965 282.789813
38 39 47 0.242881 0.442015 0.315104 179.905448 283.836858
38 39 47 0.187682 0.049963 0.762355 163.565466 300.620102
39 48 47 0.876288 0.106137 0.017576 202.303829 274.056469
39 48 47 0.280994 0.539300 0.179706 194.207797 297.656419
39 48 47 0.451976 0.431486 0.116539 192.661785 293.780816
39 48 47 0.371624 0.388646 0.239731 191.145864 296.355133
39 48 47 0.250789 0.395642 0.353569 186.391629 301.167700
39 48 47 0.877718 0.071650 0.050633 203.104764 272.689245
39 48 47 0.226913 0.185145 0.587941 178.942111 304.804977
39 48 47 0.049901 0.890480 0.059619 194.919631 308.391894
39 48 47 0.138038 0.197554 0.664408 173.156608 302.448083
39 48 47 0.109331 0.300062 0.590607 179.968300 306.025436
39 40 48 0.911332 0.022475 0.066192 197.427735 269.259607
39 40 48 0.041128 0.462771 0.496101 219.588726 289.720169
39 40 48 0.243172 0.039666 0.717162 201.623854 299.156158
39 40 48 0.984491 0.003271 0.012239 201.312655 271.236070
39 40 48 0.435134 0.488939 0.075927 223.155301 269.709518
39 40 48 0.205349 0.681828 0.112823 227.675433 273.156946
39 40 48 0.520306 0.242549 0.237145 212.512624 278.643873
39 40 48 0.176587 0.650019 0.173394 227.317868 276.167420
39 40 48 0.448385 0.179972 0.371644 207.355863 283.950885
39 40 48 0.497564 0.037103 0.465333 203.248898 286.711711
40 49 48 0.089424 0.546363 0.364213 227.047794 305.500650
40 49 48 0.447412 0.486873 0.065715 243.356439 291.790759
40 49 48 0.989340 0.006279 0.004381 239.187427 267.210993
40 49 48 0.555755 0.205090 0.239155 232.076364 287.678336
40 49 48 0.675073 0.101063 0.223864 233.776179 282.265705
40 49 48 0.037681 0.601226 0.361093 228.386385 305.899043
40 49 48 0.040693 0.738295 0.221012 233.053691 305.852593
40 49 48 0.310743 0.337435 0.351822 225.375273 294.880073
40 49 48 0.903870 0.055735 0.040395 241.185824 271.875475
40 49 48 0.002239 0.995131 0.002631 245.271685 308.155015
40 41 49 0.893697 0.008525 0.097778 242.062789 272.228094
40 41 49 0.118764 0.566224 0.315012 266.787347 276.467334
40 41 49 0.978799 0.007536 0.013664 241.733459 268.089065
40 41 49 0.246742 0.285189 0.468069 254.688670 284.272892
40 41 49 0.042746 0.184898 0.772355 248.727097 296.638773
40 41 49 0.389964 0.597637 0.012399 266.673820 267.057686
40 41 49 0.058103 0.126251 0.815645 248.773553 300.655947
40 41 49 0.550714 0.328023 0.121263 255.639211 275.345423
40 41 49 0.262391 0.362711 0.374898 259.149209 282.055150
40 41 49 0.385273 0.226310 0.388417 250.554590 286.880230
41 50 49 0.446427 0.358097 0.195475 276.576099 285.454558
41 50 49 0.621865 0.087615 0.290519 271.831333 283.427351
41 50 49 0.391366 0.115555 0.493080 263.926251 291.126703
41 50 49 0.101946 0.749009 0.149045 282.127249 304.016442
41 50 49 0.135658 0.181899 0.682442 258.906061 300.674541
41 50 49 0.946330 0.043058 0.010613 283.911988 262.155305
41 50 49 0.585026 0.218389 0.196585 279.626299 280.353660
41 50 49 0.505294 0.099666 0.395040 268.542447 289.609335
41 50 49 0.163453 0.740098 0.096449 282.278140 302.603628
41 50 49 0.087676 0.534966 0.377358 267.886424 303.533076
41 42 50 0.049159 0.264392 0.686448 297.812653 295.032746
41 42 50 0.015359 0.149454 0.835187 293.789832 298.917767
41 42 50 0.657083 0.223758 0.119160 297.298522 269.125849
41 42 50 0.363610 0.598649 0.037741 307.986689 267.554047
41 42 50 0.130703 0.481533 0.387765 305.086936 280.989048
41 42 50 0.699096 0.145188 0.155716 291.351282 270.103449
41 42 50 0.682220 0.151804 0.165976 292.675520 268.867045
41 42 50 0.431526 0.013062 0.555412 285.326551 283.202593
41 42 50 0.465540 0.272301 0.262159 298.015942 274.487876
41 42 50 0.728316 0.001824 0.269860 279.595543 277.183248
42 51 50 0.496425 0.216823 0.286752 317.697779 282.569641
42 51 50 0.911033 0.013939 0.075028 319.643784 264.387534
42 51 50 0.713178 0.099241 0.187581 320.973809 279.418078
42 51 50 0.554849 0.259103 0.186048 323.378251 283.002567
42 51 50 0.855622 0.083285 0.061093 325.544871 270.031240
42 51 50 0.797899 0.096051 0.106050 319.966768 274.939141
42 51 50 0.847980 0.104012 0.048008 324.296957 270.614399
42 51 50 0.641924 0.187096 0.170980 318.829668 277.895751
42 51 50 0.813391 0.070773 0.115836 322.014869 274.904247
42 51 50 0.336920 0.088518 0.574562 303.004090 293.598979
42 43 51 0.401341 0.307783 0.290876 340.425520 275.494525
42 43 51 0.731210 0.017250 0.251540 330.601254 272.318614
42 43 51 0.665350 0.074316 0.260334 329.870592 275.865466
42 43 51 0.626059 0.356525 0.017416 344.016692 265.972105
42 43 51 0.745306 0.133093 0.121601 332.515819 269.908775
42 43 51 0.227607 0.162423 0.609971 335.800851 289.674305
42 43 51 0.207491 0.741502 0.051006 357.594091 262.722409
42 43 51 0.867717 0.016706 0.115577 327.071405 267.351401
42 43 51 0.123625 0.712809 0.163565 357.645268 270.677199
42 43 51 0.382450 0.474907 0.142643 346.719552 267.712355
43 52 51 0.699114 0.246214 0.054672 368.430151 278.492980
43 52 51 0.273879 0.107826 0.618295 346.558776 295.673614
43 52 51 0.580956 0.270861 0.148183 366.001163 281.951392
43 52 51 0.435403 0.423352 0.141245 368.412083 284.952766
43 52 51 0.552024 0.059476 0.388499 357.080860 281.612262
43 52 51 0.428402 0.487064 0.084534 370.187280 282.053960
43 52 51 0.392336 0.591982 0.015683 373.302659 289.031026
43 52 51 0.761196 0.155197 0.083607 370.235480 270.328638
43 52 51 0.386828 0.261192 0.351980 353.044489 283.491699
43 52 51 0.184375 0.206679 0.608945 345.005437 296.064540
43 44 52 0.797402 0.148753 0.053845 372.868014 264.702401
43 44 52 0.144557 0.506838 0.348605 396.369152 274.327859
43 44 52 0.942105 0.023510 0.034386 371.041271 259.366203
43 44 52 0.808435 0.156259 0.035305 381.094283 266.760646
43 44 52 0.966483 0.003357 0.030160 370.369020 265.172570
43 44 52 0.009795 0.959144 0.031061 410.721374 263.090153
43 44 52 0.106760 0.134112 0.759128 377.766224 297.467699
43 44 52 0.355692 0.061903 0.582404 374.801390 285.426906
43 44 52 0.786066 0.026486 0.187449 368.570452 268.131771
43 44 52 0.218926 0.690603 0.090471 401.205955 265.014184
44 53 52 0.726163 0.101848 0.171988 408.185482 277.037799
44 53 52 0.471210 0.143110 0.385680 398.487211 282.662618
44 53 52 0.818119 0.180824 0.001057 412.040062 265.358826
44 53 52 0.799462 0.074457 0.126081 411.090623 266.827125
44 53 52 0.022728 0.633599 0.343673 403.972006 301.472430
44 53 52 0.975030 0.023506 0.001464 413.304242 261.017081
44 53 52 0.145386 0.295392 0.559223 393.239462 294.368100
44 53 52 0.483007 0.259268 0.257724 407.447050 282.201837
44 53 52 0.934665 0.056373 0.008963 416.254623 264.270500
44 53 52 0.421515 0.223846 0.354639 402.320100 287.852755
45 46 54 0.878490 0.033801 0.087709 83.484410 315.323179
45 46 54 0.532035 0.105244 0.362721 84.173373 327.676546
45 46 54 0.203082 0.126576 0.670342 86.201743 341.505738
45 46 54 0.946332 0.004831 0.048837 78.899259 313.638905
45 46 54 0.152308 0.842941 0.004751 114.666898 312.802013
45 46 54 0.012143 0.639784 0.348072 108.143246 329.149430
45 46 54 0.522962 0.236283 0.240754 92.081148 320.565189
45 46 54 0.140944 0.157239 0.701817 88.652899 346.798744
45 46 54 0.157018 0.506188 0.336793 101.798155 328.538593
45 46 54 0.533759 0.321046 0.145194 89.058068 319.683769
46 55 54 0.859305 0.009810 0.130885 112.631177 321.887349
46 55 54 0.135165 0.513268 0.351568 107.929753 349.257062
46 55 54 0.862460 0.010703 0.126837 116.303508 320.104078
46 55 54 0.965705 0.016742 0.017552 119.350338 313.250192
46 55 54 0.674892 0.324969 0.000139 117.699285 321.088927
46 55 54 0.894650 0.099070 0.006280 120.935506 316.720687
46 55 54 0.754760 0.076481 0.168759 113.642062 320.516437
46 55 54 0.124317 0.496980 0.378702 103.487662 350.809964
46 55 54 0.302648 0.081403 0.615949 92.944057 340.702494
46 55 54 0.224122 0.264259 0.511619 98.774054 347.442222
46 47 55 0.366030 0.511182 0.122787 141.224860 315.888831
46 47 55 0.599197 0.182807 0.217996 127.123067 322.654091
46 47 55 0.085691 0.294179 0.620130 135.374761 336.508207
46 47 55 0.270069 0.716472 0.013460 153.063692 314.199091
46 47 55 0.466596 0.527163 0.006241 143.251830 314.022903
46 47 55 0.491244 0.162355 0.346401 123.869928 323.326486
46 47 55 0.145952 0.010221 0.843828 120.511908 344.819876
46 47 55 0.142634 0.499503 0.357863 137.342980 328.703457
46 47 55 0.085304 0.848530 0.066165 154.684519 313.711124
46 47 55 0.961747 0.006267 0.031986 121.076536 311.642736
47 56 55 0.024067 0.960506 0.015427 161.360774 354.964510
47 56 55 0.754937 0.006190 0.238873 152.484171 320.661550
47 56 55 0.088591 0.842021 0.069387 156.937282 352.354164
47 56 55 0.912178 0.026306 0.061516 162.855060 311.480125
47 56 55 0.363855 0.497913 0.138233 159.373304 341.520501
47 56 55 0.076449 0.057830 0.865721 128.785452 352.218092
47 56 55 0.699326 0.254724 0.045950 158.828581 324.886267
47 56 55 0.604179 0.351362 0.044459 162.242379 328.233833
47 56 55 0.167262 0.306122 0.526616 140.900411 347.842078
47 56 55 0.363885 0.088068 0.548047 143.746207 339.179306
47 48 56 0.407064 0.505300 0.087636 175.781167 320.408086
47 48 56 0.254104 0.009060 0.736836 161.533841 345.736934
47 48 56 0.221323 0.618465 0.160211 184.179498 317.132061
47 48 56 0.730425 0.254857 0.014718 171.354153 312.470540
47 48 56 0.278130 0.535329 0.186540 179.730309 320.810664
47 48 56 0.404011 0.048464 0.547525 163.303829 337.683134
47 48 56 0.364662 0.569458 0.065880 182.831697 314.208846
47 48 56 0.116960 0.642323 0.240717 184.540320 320.292772
47 48 56 0.142801 0.456144 0.401055 180.222239 330.692558
47 48 56 0.263473 0.402900 0.333626 179.261602 321.847490
48 57 56 0.907662 0.008641 0.083697 197.691718 315.357010
48 57 56 0.812385 0.106210 0.081405 196.734306 322.390179
48 57 56 0.005896 0.865258 0.128846 196.115313 354.775831
48 57 56 0.850347 0.072471 0.077182 198.698074 316.622654
48 57 56 0.446770 0.208491 0.344739 187.879671 336.526269
48 57 56 0.322117 0.534083 0.143800 198.048450 338.160964
48 57 56 0.807006 0.156893 0.036101 198.354527 319.031732
48 57 56 0.669653 0.122253 0.208094 191.766821 328.095562
48 57 56 0.159064 0.210474 0.630461 176.332040 349.181517
48 57 56 0.835124 0.093894 0.070982 199.850458 316.720038
48 49 57 0.581634 0.205709 0.212657 209.099251 319.287782
48 49 57 0.706156 0.241602 0.052242 207.640634 311.622514
48 49 57 0.127243 0.066778 0.805979 203.238495 344.044846
48 49 57 0.713846 0.103964 0.182190 203.478589 319.137563
48 49 57 0.116893 0.579637 0.303470 227.359656 321.256020
48 49 57 0.691703 0.173122 0.135175 209.048145 314.819255
48 49 57 0.935995 0.017949 0.046056 196.650209 308.189051
48 49 57 0.225408 0.186026 0.588566 208.791811 332.124728
48 49 57 0.646363 0.189990 0.163647 211.349567 314.032093
48 49 57 0.179635 0.310955 0.509410 215.185511 330.052796
49 58 57 0.545954 0.440580 0.013466 244.597346 329.589723
49 58 57 0.894197 0.069894 0.035910 240.506185 312.238349
49 58 57 0.846372 0.111282 0.042345 242.864451 315.661695
49 58 57 0.148135 0.702015 0.149850 237.167680 345.122719
49 58 57 0.368741 0.019002 0.612257 217.471619 335.132303
49 58 57 0.787579 0.073160 0.139262 234.833101 319.183625
49 58 57 0.481167 0.429742 0.089091 240.361345 329.438893
49 58 57 0.123918 0.760585 0.115496 240.881808 343.632621
49 58 57 0.794375 0.106812 0.098813 237.468207 318.415685
49 58 57 0.291236 0.570795 0.137968 241.426687 338.076694
49 50 58 0.108021 0.796480 0.095499 274.169160 315.612462
49 50 58 0.262019 0.630674 0.107306 271.016797 313.982708
49 50 58 0.624024 0.341915 0.034060 255.840076 309.772088
49 50 58 0.543624 0.062434 0.393941 247.055227 328.611179
49 50 58 0.126068 0.456639 0.417293 264.010430 323.468964
49 50 58 0.269756 0.117946 0.612298 248.107024 333.036417
49 50 58 0.926652 0.069995 0.003353 242.885861 309.908790
49 50 58 0.786467 0.020446 0.193087 243.632146 316.053009
49 50 58 0.621969 0.001459 0.376572 243.515080 322.715313
49 50 58 0.457640 0.536085 0.006275 264.886817 306.112135
50 59 58 0.481588 0.351282 0.167130 281.446253 334.823683
50 59 58 0.527992 0.071045 0.400963 272.793433 330.996890
50 59 58 0.046787 0.303891 0.649322 259.554152 350.163389
50 59 58 0.114292 0.006785 0.878923 250.459676 344.848335
50 59 58 0.512939 0.358953 0.128108 279.628074 327.086288
50 59 58 0.877809 0.010010 0.112181 282.759215 311.208075
50 59 58 0.979673 0.006383 0.013944 289.570805 306.682352
50 59 58 0.379242 0.061709 0.559049 259.383266 332.958562
50 59 58 0.076469 0.631638 0.291894 272.756231 345.273296
50 59 58 0.753107 0.088161 0.158732 280.966678 317.881177
50 51 59 0.276778 0.671516 0.051706 316.563060 309.964029
50 51 59 0.501913 0.142466 0.355621 294.540920 320.662180
50 51 59 0.525646 0.012248 0.462106 285.455794 325.816786
50 51 59 0.687296 0.233051 0.079653 299.008702 311.462148
50 51 59 0.125961 0.202829 0.671210 293.798348 336.997947
50 51 59 0.997031 0.000975 0.001994 286.298548 304.974481
50 51 59 0.742558 0.204634 0.052809 296.253950 310.520156
50 51 59 0.634368 0.332855 0.032778 301.625816 308.242090
50 51 59 0.175432 0.319020 0.505548 300.864669 329.345237
50 51 59 0.362941 0.376945 0.260114 306.442970 319.495303
51 60 59 0.513037 0.428307 0.058656 329.117763 330.013022
51 60 59 0.841849 0.060996 0.097155 326.178143 308.965660
51 60 59 0.104638 0.547836 0.347526 312.189554 344.657269
51 60 59 0.140795 0.146529 0.712676 298.099502 343.055276
51 60 59 0.310620 0.387836 0.301544 318.366285 339.243316
51 60 59 0.039977 0.135463 0.824560 298.672997 348.610762
51 60 59 0.507370 0.183390 0.309240 318.605681 327.878817
51 60 59 0.931959 0.004915 0.063126 327.403268 309.006991
51 60 59 0.890684 0.005822 0.103494 323.569379 311.882102
51 60 59 0.944412 0.012079 0.043509 323.626427 305.949696
51 52 60 0.957834 0.003755 0.038411 332.196559 308.299491
51 52 60 0.335486 0.009649 0.654865 328.380401 334.405475
51 52 60 0.985574 0.008491 0.005935 330.908009 307.678287
51 52 60 0.743511 0.050606 0.205883 330.746422 315.596653
51 52 60 0.011148 0.261534 0.727319 343.676399 341.398933
51 52 60 0.981020 0.004655 0.014325 328.033470 306.992926
51 52 60 0.087166 0.793744 0.119090 360.715288 310.417827
51 52 60 0.384586 0.524974 0.090441 356.811146 308.954790
51 52 60 0.777989 0.134460 0.087550 337.499124 310.743555
51 52 60 0.797836 0.050035 0.152129 336.145278 308.273801
52 61 60 0.719930 0.228425 0.051645 374.266092 315.112919
52 61 60 0.466549 0.222693 0.310757 361.169630 331.041565
52 61 60 0.053462 0.083881 0.862657 338.229679 347.776000
52 61 60 0.037157 0.880854 0.081990 373.285244 349.851742
52 61 60 0.668316 0.162940 0.168744 364.665730 323.165764
52 61 60 0.826404 0.146882 0.026714 373.735417 313.199203
52 61 60 0.803634 0.111855 0.084512 373.235832 315.829740
52 61 60 0.257228 0.229505 0.513267 358.218722 339.433366
52 61 60 0.688837 0.201123 0.110040 366.513383 319.778918
52 61 60 0.730079 0.254263 0.015658 376.057729 317.439193
52 53 61 0.659165 0.305925 0.034911 385.874103 305.542562
52 53 61 0.115042 0.675584 0.209375 404.770216 314.928745
52 53 61 0.210955 0.052784 0.736261 379.647060 336.051193
52 53 61 0.029492 0.582351 0.388157 403.575612 323.562510
52 53 61 0.005849 0.168635 0.825516 385.383559 341.945485
52 53 61 0.608240 0.372255 0.019505 389.716335 304.495692
52 53 61 0.731782 0.193441 0.074777 383.627390 306.701673
52 53 61 0.377121 0.322635 0.300244 392.871371 318.047196
52 53 61 0.933821 0.019232 0.046947 372.169775 308.159667
52 53 61 0.272549 0.642352 0.085100 403.208008 312.404930
53 62 61 0.455726 0.282416 0.261858 407.665088 330.121842
53 62 61 0.342922 0.367887 0.289191 413.569705 334.403723
53 62 61 0.237170 0.082289 0.680541 390.776403 340.195925
53 62 61 0.983682 0.000382 0.015937 424.497339 305.620675
53 62 61 0.902836 0.036379 0.060785 418.129259 307.694344
53 62 61 0.754268 0.062129 0.183603 414.963227 317.230178
53 62 61 0.169561 0.429066 0.401373 407.267412 342.198242
53 62 61 0.799835 0.180238 0.019927 423.842260 314.576194
53 62 61 0.048165 0.276690 0.675145 392.402386 347.900255
53 62 61 0.247959 0.179509 0.572532 394.095112 340.354926
54 55 63 0.917357 0.000589 0.082054 82.257226 360.538367
54 55 63 0.931016 0.029403 0.039581 82.610382 356.285267
54 55 63 0.640329 0.136958 0.222713 88.313948 364.147126
54 55 63 0.246414 0.447779 0.305807 96.272598 368.006072
54 55 63 0.151338 0.184420 0.664243 91.104544 377.930682
54 55 63 0.152873 0.585413 0.261714 107.335504 365.090849
54 55 63 0.719040 0.117238 0.163722 85.060137 362.817723
54 55 63 0.865588 0.038386 0.096027 80.538188 359.311385
54 55 63 0.493606 0.444064 0.062330 95.466354 356.111167
54 55 63 0.753488 0.216371 0.030141 91.843538 359.684361
55 64 63 0.382697 0.211553 0.405750 104.294473 381.501807
55 64 63 0.159737 0.647307 0.192956 112.842223 387.822270
55 64 63 0.397336 0.078313 0.524351 100.315445 378.686547
55 64 63 0.437309 0.444438 0.118253 116.934804 379.591490
55 64 63 0.293117 0.130212 0.576671 99.301957 387.399165
55 64 63 0.431747 0.368358 0.199895 113.191287 377.820719
55 64 63 0.660658 0.059648 0.279695 105.012541 368.515456
55 64 63 0.511193 0.420824 0.067983 117.214008 376.359913
55 64 63 0.393893 0.384016 0.222091 112.004622 380.006944
55 64 63 0.396222 0.330203 0.273575 107.262645 381.800504
55 56 64 0.100084 0.307741 0.592174 136.331726 377.370844
55 56 64 0.835432 0.080795 0.083774 126.723164 359.066194
55 56 64 0.818562 0.067296 0.114142 123.476471 360.768976
55 56 64 0.880006 0.038507 0.081486 118.764155 360.031489
55 56 64 0.676141 0.248507 0.075353 134.108899 357.305744
55 56 64 0.634305 0.068037 0.297658 120.572510 368.621402
55 56 64 0.932655 0.001720 0.065625 118.697211 354.964987
55 56 64 0.445292 0.063266 0.491442 125.037037 378.143201
55 56 64 0.595813 0.341680 0.062508 132.745644 358.484603
55 56 64 0.218613 0.767632 0.013756 153.813643 353.630675
56 65 64 0.708147 0.092971 0.198882 150.935173 367.265534
56 65 64 0.934819 0.052737 0.012445 161.687613 355.028956
56 65 64 0.685375 0.173966 0.140659 158.659675 368.983298
56 65 64 0.992575 0.000219 0.007206 165.051075 357.685021
56 65 64 0.332533 0.601292 0.066175 161.757027 382.010243
56 65 64 0.518848 0.277646 0.203506 156.510447 374.294689
56 65 64 0.303169 0.191801 0.505030 143.526911 382.929009
56 65 64 0.394762 0.325760 0.279478 154.816702 381.717015
56 65 64 0.178037 0.016006 0.805956 132.125874 387.227271
56 65 64 0.745378 0.029397 0.225225 155.408248 365.161851
56 57 65 0.212328 0.308320 0.479352 175.176084 370.626818
56 57 65 0.692902 0.182387 0.124710 171.945342 361.753221
56 57 65 0.691747 0.032381 0.275872 162.756571 367.984831
56 57 65 0.668629 0.069933 0.261438 165.798792 367.761360
56 57 65 0.967974 0.008194 0.023832 161.676562 361.344929
56 57 65 0.959378 0.009360 0.031262 160.864969 354.463955
56 57 65 0.985852 0.013108 0.001040 164.785237 354.606932
56 57 65 0.835199 0.118811 0.045990 166.384628 358.414345
56 57 65 0.857273 0.070276 0.072451 161.129429 359.031194
56 57 65 0.960293 0.027233 0.012474 166.810285 357.665185
57 66 65 0.885017 0.002089 0.112894 198.783463 354.938841
57 66 65 0.861346 0.099299 0.039355 205.080096 356.914516
57 66 65 0.591353 0.386732 0.021915 203.026289 372.880233
57 66 65 0.723173 0.128799 0.148029 197.159592 363.438167
57 66 65 0.379910 0.471219 0.148872 200.091666 380.220941
57 66 65 0.667240 0.036239 0.296521 190.751100 365.622291
57 66 65 0.849543 0.039163 0.111294 199.770527 361.084354
57 66 65 0.594766 0.008433 0.396800 188.237538 371.906428
57 66 65 0.396980 0.336683 0.266337 194.080721 377.273716
57 66 65 0.371353 0.424753 0.203894 198.282192 382.897178
57 58 66 0.804438 0.005286 0.190277 203.135949 359.270260
57 58 66 0.200985 0.374669 0.424346 217.855525 370.591571
57 58 66 0.365859 0.528915 0.105226 222.098485 357.918366
57 58 66 0.986695 0.005636 0.007670 202.087368 352.129352
57 58 66 0.432055 0.058408 0.509537 208.080239 375.607215
57 58 66 0.471178 0.033319 0.495503 206.449926 371.159079
57 58 66 0.099049 0.362352 0.538599 218.052745 373.237883
57 58 66 0.748553 0.194697 0.056750 213.455115 356.067383
57 58 66 0.547193 0.256080 0.196727 214.759583 361.596956
57 58 66 0.792137 0.164727 0.043137 211.678839 355.292032
58 67 66 0.547046 0.163677 0.289277 233.558073 369.511970
58 67 66 0.458285 0.292623 0.249091 236.479060 375.798628
58 67 66 0.127260 0.103062 0.769677 215.311221 389.359329
58 67 66 0.837451 0.005474 0.157074 241.318696 356.640119
58 67 66 0.935191 0.043605 0.021204 243.461948 356.954360
58 67 66 0.676436 0.115544 0.208020 237.954064 367.384168
58 67 66 0.363264 0.330968 0.305768 234.058642 379.612354
58 67 66 0.059731 0.236436 0.703833 218.086177 392.478403
58 67 66 0.056500 0.614404 0.329095 233.407429 389.038463
58 67 66 0.737333 0.144043 0.118624 243.811523 364.243055
58 59 67 0.247703 0.701097 0.051200 277.045716 352.971279
58 59 67 0.621570 0.371795 0.006635 260.678182 347.681652
58 59 67 0.360887 0.571953 0.067161 268.038857 355.152624
58 59 67 0.371995 0.181465 0.446541 254.615275 372.910176
58 59 67 0.893621 0.040498 0.065882 249.442011 352.362059
58 59 67 0.220450 0.664645 0.114905 275.551078 354.776926
58 59 67 0.012633 0.046260 0.941108 251.878966 391.826735
58 59 67 0.862016 0.026309 0.111676 245.552229 354.931428
58 59 67 0.791329 0.029882 0.178790 240.897362 359.496898
58 59 67 0.821605 0.039267 0.139128 246.565980 357.257676
59 68 67 0.108111 0.246516 0.645373 264.328114 387.110432
59 68 67 0.861168 0.087703 0.051129 282.416480 359.154765
59 68 67 0.255895 0.127292 0.616813 264.972843 382.806906
59 68 67 0.705487 0.013144 0.281368 274.910794 363.673489
59 68 67 0.784719 0.205785 0.009496 285.644352 357.461121
59 68 67 0.027492 0.523484 0.449024 270.862197 391.724808
59 68 67 0.351314 0.552826 0.095860 286.171853 379.907093
59 68 67 0.258557 0.183458 0.557986 265.164220 383.470545
59 68 67 0.002531 0.119503 0.877967 253.393438 393.760707
59 68 67 0.693868 0.011966 0.294166 274.731136 359.662441
59 60 68 0.956827 0.000712 0.042461 288.318074 352.149646
59 60 68 0.803162 0.158090 0.038747 292.883189 352.712325
59 60 68 0.146540 0.152695 0.700765 294.941164 384.778367
59 60 68 0.330734 0.062243 0.607022 288.671434 375.293642
59 60 68 0.913907 0.031353 0.054741 289.262835 351.867252
59 60 68 0.601653 0.385526 0.012822 304.071264 353.272645
59 60 68 0.993622 0.002870 0.003508 287.062540 349.170900
59 60 68 0.592692 0.018109 0.389199 289.527523 366.098806
59 60 68 0.894331 0.025056 0.080613 289.479841 358.039061
59 60 68 0.991249 0.007622 0.001129 288.137678 354.069511
60 69 68 0.801975 0.158650 0.039375 325.573571 360.101912
60 69 68 0.698986 0.278346 0.022668 332.286571 364.065321
60 69 68 0.286596 0.536838 0.176566 324.198256 386.079725
60 69 68 0.842606 0.050610 0.106784 325.667036 354.078717
60 69 68 0.866558 0.063446 0.069996 328.123167 359.866815
60 69 68 0.819347 0.061333 0.119320 323.846111 356.777684
60 69 68 0.982652 0.009646 0.007703 330.981418 352.576827
60 69 68 0.517467 0.334792 0.147741 327.345591 371.111711
60 69 68 0.243123 0.736166 0.020711 330.903419 386.941756
60 69 68 0.016561 0.585014 0.398424 312.828981 391.344433
60 61 69 0.178400 0.810070 0.011530 367.841235 351.623945
60 61 69 0.848067 0.092631 0.059302 333.024666 352.229412
60 61 69 0.350794 0.039596 0.609611 335.503560 375.668103
60 61 69 0.048943 0.472745 0.478312 351.304547 374.128834
60 61 69 0.407034 0.303504 0.289462 345.757435 364.048534
60 61 69 0.383650 0.104695 0.511655 336.631575 372.653591
60 61 69 0.804415 0.141532 0.054053 339.768933 354.055026
60 61 69 0.360568 0.079182 0.560251 331.161843 375.367781
60 61 69 0.206160 0.363516 0.430324 348.065085 366.997801
60 61 69 0.850520 0.142143 0.007337 338.773194 350.389575
61 70 69 0.681368 0.057629 0.261004 364.723648 361.003034
61 70 69 0.437711 0.508811 0.053478 370.272564 372.795969
61 70 69 0.818782 0.132324 0.048894 373.960685 364.681809
61 70 69 0.777639 0.117368 0.104993 370.658878 359.900631
61 70 69 0.900151 0.098333 0.001515 377.977609 353.646971
61 70 69 0.795135 0.030323 0.174541 367.756766 358.319003
61 70 69 0.789692 0.028084 0.182223 365.218534 359.221649
61 70 69 0.034510 0.582366 0.383124 359.266344 390.335388
61 70 69 0.711157 0.100811 0.188032 372.921389 363.699872
61 70 69 0.710067 0.107721 0.182212 367.897305 362.834155
61 62 70 0.886987 0.028800 0.084213 377.287852 356.085191
61 62 70 0.746134 0.025158 0.228707 378.044146 358.839575
61 62 70 0.322572 0.615556 0.061872 405.352659 349.771278
61 62 70 0.413881 0.583457 0.002662 403.148489 350.936865
61 62 70 0.764120 0.029702 0.206178 377.955160 357.046085
61 62 70 0.918109 0.059084 0.022807 381.693685 351.435408
61 62 70 0.071094 0.686925 0.241981 406.894468 358.746334
61 62 70 0.601609 0.130296 0.268095 381.238118 360.684033
61 62 70 0.855789 0.119158 0.025053 386.018194 349.576340
61 62 70 0.216964 0.247098 0.535938 386.924046 370.471509
62 71 70 0.858769 0.012526 0.128705 418.967850 350.999313
62 71 70 0.855162 0.131646 0.013192 424.566744 352.303926
62 71 70 0.506898 0.022081 0.471021 403.483314 372.587152
62 71 70 0.812499 0.153929 0.033572 421.887155 355.357534
62 71 70 0.278184 0.467547 0.254270 410.950153 377.387021
62 71 70 0.044387 0.111451 0.844162 382.575381 390.682663
62 71 70 0.029688 0.616370 0.353943 403.395172 392.700448
62 71 70 0.699342 0.218213 0.082444 423.844902 362.201918
62 71 70 0.768754 0.173088 0.058158 420.482418 355.106330
62 71 70 0.013523 0.353690 0.632787 391.234570 390.212812
63 64 72 0.701582 0.197204 0.101213 91.232050 398.787509
63 64 72 0.769346 0.161415 0.069239 93.013865 396.237109
63 64 72 0.367703 0.599959 0.032338 105.640819 398.152883
63 64 72 0.544455 0.227480 0.228065 95.012547 404.931310
63 64 72 0.294784 0.698693 0.006522 116.037592 395.817173
63 64 72 0.332608 0.441148 0.226244 102.873913 403.254251
63 64 72 0.599785 0.104783 0.295432 92.682274 406.309495
63 64 72 0.017308 0.432807 0.549885 103.137168 410.722244
63 64 72 0.901955 0.079031 0.019015 91.574852 393.579573
63 64 72 0.492634 0.177251 0.330115 91.959559 407.227527
64 73 72 0.967923 0.016939 0.015138 123.679369 398.238933
64 73 72 0.317435 0.234732 0.447833 110.895162 420.497518
64 73 72 0.067570 0.234735 0.697695 103.938659 426.354336
64 73 72 0.851312 0.131294 0.017394 121.338452 398.001351
64 73 72 0.530232 0.326014 0.143754 122.171181 408.178704
64 73 72 0.618897 0.203283 0.177821 121.248728 407.514440
64 73 72 0.116874 0.268410 0.614716 106.155514 423.486796
64 73 72 0.029075 0.927909 0.043016 130.803557 428.717316
64 73 72 0.441615 0.000768 0.557618 106.334388 415.669441
64 73 72 0.644256 0.337645 0.018099 126.007185 406.084334
64 65 73 0.229210 0.499023 0.271767 145.220991 402.946646
64 65 73 0.927296 0.020625 0.052079 122.781151 392.853312
64 65 73 0.750770 0.240709 0.008522 134.082721 394.454932
64 65 73 0.628935 0.072821 0.298244 130.203739 406.772193
64 65 73 0.881336 0.110243 0.008420 126.493009 398.091925
64 65 73 0.848808 0.090286 0.060907 127.843520 398.542907
64 65 73 0.652074 0.127977 0.219950 130.110505 402.021679
64 65 73 0.100901 0.706026 0.193073 154.002498 400.300340
64 65 73 0.967885 0.025936 0.006180 127.793749 393.574102
64 65 73 0.715535 0.025993 0.258471 127.137910 404.702439
65 74 73 0.311673 0.445919 0.242408 157.692194 419.336500
65 74 73 0.888287 0.048174 0.063538 161.501113 396.095028
65 74 73 0.950965 0.034766 0.014269 161.816510 395.691804
65 74 73 0.212655 0.398791 0.388554 155.610669 421.842791
65 74 73 0.651458 0.071555 0.276987 155.325204 404.943968
65 74 73 0.178230 0.619349 0.202421 160.710021 422.860511
65 74 73 0.691800 0.286107 0.022094 163.529684 401.559852
65 74 73 0.823955 0.101901 0.074144 160.208759 401.751489
65 74 73 0.304811 0.017585 0.677604 140.519062 420.162946
65 74 73 0.311508 0.605053 0.083439 162.399679 416.745570
65 66 74 0.421499 0.031463 0.547038 165.208263 415.089618
65 66 74 0.271164 0.428822 0.300014 189.570687 405.212765
65 66 74 0.852659 0.048694 0.098647 166.270161 397.600163
65 66 74 0.300923 0.101994 0.597083 169.276728 415.638246
65 66 74 0.939230 0.016197 0.044573 165.706658 399.765044
65 66 74 0.069563 0.510900 0.419537 190.091664 410.816949
65 66 74 0.556271 0.346657 0.097072 181.494599 397.415018
65 66 74 0.748520 0.054712 0.196768 169.398168 402.326866
65 66 74 0.996932 0.000193 0.002874 165.245415 392.498644
65 66 74 0.605095 0.285987 0.108917 176.845642 399.679838
66 75 74 0.982901 0.014148 0.002951 205.627689 394.470511
66 75 74 0.270852 0.559590 0.169558 204.625537 419.257155
66 75 74 0.509449 0.130583 0.359968 195.437548 409.577302
66 75 74 0.219576 0.722455 0.057969 209.642529 418.153769
66 75 74 0.773299 0.139901 0.086800 203.414123 402.693618
66 75 74 0.001866 0.656612 0.341522 198.815134 425.340250
66 75 74 0.403321 0.202050 0.394629 193.256097 415.829690
66 75 74 0.241851 0.625862 0.132287 205.924003 418.908871
66 75 74 0.285468 0.330805 0.383727 196.546507 419.007298
66 75 74 0.473145 0.280636 0.246220 198.354606 414.240130
66 67 75 0.985693 0.012641 0.001666 204.087780 395.282470
66 67 75 0.745495 0.040052 0.214453 209.913986 400.854310
66 67 75 0.285596 0.518085 0.196319 226.507117 400.741337
66 67 75 0.874169 0.110923 0.014909 210.192521 392.136967
66 67 75 0.796812 0.176233 0.026955 212.153563 398.109704
66 67 75 0.589614 0.047482 0.362905 210.032508 405.196922
66 67 75 0.141279 0.646560 0.212161 235.928069 404.987387
66 67 75 0.032284 0.927704 0.040012 248.877501 396.134216
66 67 75 0.844168 0.062416 0.093417 210.207749 396.722914
66 67 75 0.583920 0.184949 0.231131 216.943893 401.873980
67 76 75 0.230347 0.554403 0.215251 241.146164 418.948874
67 76 75 0.057369 0.879817 0.062815 249.539138 424.938514
67 76 75 0.689402 0.089457 0.221141 237.431888 405.401104
67 76 75 0.076971 0.042134 0.880894 212.918921 423.073293
67 76 75 0.625197 0.271756 0.103047 243.066293 405.993215
67 76 75 0.768166 0.020689 0.211146 240.252957 398.907117
67 76 75 0.833290 0.020317 0.146393 244.051252 402.064416
67 76 75 0.047612 0.027578 0.924810 214.609768 425.481351
67 76 75 0.661124 0.110817 0.228059 239.017955 405.522346
67 76 75 0.639738 0.233504 0.126758 245.308819 405.708095
67 68 76 0.440018 0.404596 0.155387 265.447602 394.162858
67 68 76 0.783005 0.062687 0.154308 248.745808 401.681184
67 68 76 0.132050 0.236429 0.631521 258.632959 415.857406
67 68 76 0.745152 0.168106 0.086742 256.812817 395.399015
67 68 76 0.484494 0.174549 0.340957 260.713786 407.138494
67 68 76 0.385734 0.518572 0.095693 267.683705 398.837640
67 68 76 0.014225 0.597840 0.387936 274.645367 409.635235
67 68 76 0.811894 0.092495 0.095611 254.941899 397.338332
67 68 76 0.635083 0.237538 0.127379 256.718246 396.469115
67 68 76 0.313508 0.051461 0.635031 251.290229 412.798470
68 77 76 0.246150 0.210991 0.542860 266.410788 418.245100
68 77 76 0.364249 0.328822 0.306929 276.482122 411.503312
68 77 76 0.952965 0.036057 0.010978 287.027908 393.893673
68 77 76 0.912805 0.016866 0.070328 282.990207 398.295526
68 77 76 0.864038 0.121925 0.014037 287.205620 396.934759
68 77 76 0.090308 0.574959 0.334733 273.866932 428.085895
68 77 76 0.724275 0.153317 0.122408 283.359265 405.363918
68 77 76 0.482915 0.316460 0.200626 278.229558 409.926080
68 77 76 0.141958 0.189860 0.668181 261.876116 423.379772
68 77 76 0.019481 0.183214 0.797305 257.185618 428.731140
68 69 77 0.415702 0.062237 0.522060 289.510166 411.305717
68 69 77 0.905803 0.043296 0.050902 291.413126 396.301266
68 69 77 0.403270 0.149825 0.446905 295.819742 410.640928
68 69 77 0.375738 0.549324 0.074938 314.168718 397.468120
68 69 77 0.890800 0.105224 0.003976 294.395884 396.763493
68 69 77 0.043754 0.787471 0.168775 325.378584 400.371218
68 69 77 0.895913 0.008333 0.095754 286.495275 397.057490
68 69 77 0.326746 0.267414 0.405840 300.179582 408.207095
68 69 77 0.394965 0.237525 0.367510 298.488785 405.724299
68 69 77 0.830320 0.126012 0.043669 295.496547 393.431626
69 78 77 0.000350 0.299694 0.699955 304.277995 424.208264
69 78 77 0.491667 0.130223 0.378110 317.569403 408.322140
69 78 77 0.775502 0.016502 0.207997 321.047770 400.207732
69 78 77 0.487813 0.354271 0.157915 324.707531 409.448124
69 78 77 0.302459 0.583333 0.114209 329.434434 416.450806
69 78 77 0.284022 0.223409 0.492569 312.584898 420.474811
69 78 77 0.806017 0.146651 0.047333 327.586304 402.138824
69 78 77 0.930620 0.064434 0.004945 331.362734 396.972732
69 78 77 0.705058 0.010498 0.284444 318.848055 402.875160
69 78 77 0.846083 0.007918 0.145998 324.976282 396.774321
69 70 78 0.142814 0.210578 0.646607 339.557856 409.632686
69 70 78 0.583520 0.292382 0.124099 342.892514 396.052535
69 70 78 0.324097 0.279443 0.396460 345.154629 405.264858
69 70 78 0.394203 0.566538 0.039259 359.555556 396.926028
69 70 78 0.315725 0.418196 0.266079 349.257017 400.613829
69 70 78 0.352530 0.242913 0.404557 340.851436 405.036656
69 70 78 0.175917 0.643438 0.180644 361.755059 394.284264
69 70 78 0.624520 0.346338 0.029142 348.788097 391.348016
69 70 78 0.845745 0.031376 0.122879 332.133399 395.515836
69 70 78 0.859901 0.080634 0.059465 335.616828 395.029907
70 79 78 0.335441 0.427832 0.236727 366.132292 413.033494
70 79 78 0.760377 0.078962 0.160661 369.297137 397.311472
70 79 78 0.122202 0.017907 0.859892 341.508231 423.658089
70 79 78 0.800157 0.067692 0.132150 371.491506 398.755297
70 79 78 0.530584 0.200767 0.268649 362.491850 411.609006
70 79 78 0.122207 0.724535 0.153258 367.638329 422.514315
70 79 78 0.092247 0.646847 0.260906 365.859606 422.485626
70 79 78 0.147720 0.048852 0.803428 342.420761 420.003135
70 79 78 0.297362 0.402086 0.300552 364.156291 417.235597
70 79 78 0.551482 0.074807 0.373711 358.016908 406.481601
70 71 79 0.912409 0.027794 0.059798 376.974370 395.052959
70 71 79 0.913072 0.055288 0.031641 376.964577 396.189882
70 71 79 0.977541 0.011891 0.010568 377.968677 393.108671
70 71 79 0.484039 0.466050 0.049911 398.718112 395.521178
70 71 79 0.791710 0.180837 0.027452 387.679976 391.516374
70 71 79 0.076127 0.084520 0.839353 378.736932 421.487691
70 71 79 0.902546 0.036441 0.061013 376.627985 393.766315
70 71 79 0.164921 0.184557 0.650522 383.644302 411.116409
70 71 79 0.828577 0.096419 0.075004 379.013916 393.472369
70 71 79 0.646352 0.097395 0.256253 380.297346 400.238909
71 80 79 0.770679 0.157251 0.072070 418.972585 395.990264
71 80 79 0.041999 0.884054 0.073947 417.173439 420.653876
71 80 79 0.220726 0.613898 0.165376 414.481056 414.851963
71 80 79 0.006628 0.313071 0.680302 386.824414 422.413634
71 80 79 0.284510 0.035947 0.679543 390.219244 414.632063
71 80 79 0.877530 0.090918 0.031552 418.397448 391.232377
71 80 79 0.354621 0.319525 0.325854 402.808769 409.200146
71 80 79 0.370221 0.155370 0.474409 398.620689 414.332038
71 80 79 0.320007 0.415228 0.264765 409.556860 410.562626
71 80 79 0.754725 0.193416 0.051859 416.860005 399.004738
