0 1 9 0.714713 0.013710 0.271577 70.000618 126.063169
0 1 9 0.013888 0.962013 0.024099 106.061835 117.266762
0 1 9 0.894278 0.015322 0.090400 66.997081 122.799815
0 1 9 0.535964 0.276267 0.187769 79.063403 128.209499
0 1 9 0.524442 0.237376 0.238181 78.546358 126.798231
0 1 9 0.265372 0.603897 0.130732 96.308867 123.145992
0 1 9 0.889864 0.059478 0.050658 71.000239 118.148212
0 1 9 0.005056 0.373943 0.621001 81.276813 141.261271
0 1 9 0.582008 0.175043 0.242949 74.734847 128.456759
0 1 9 0.640575 0.352297 0.007128 83.379319 116.915008
1 10 9 0.953209 0.033902 0.012890 110.658423 114.957687
1 10 9 0.855615 0.120149 0.024235 105.868458 123.020581
1 10 9 0.724768 0.223216 0.052015 109.967243 130.483850
1 10 9 0.969853 0.014675 0.015472 107.850493 115.157225
1 10 9 0.542838 0.172694 0.284468 98.602638 134.941700
1 10 9 0.828775 0.021162 0.150063 101.257948 122.740967
1 10 9 0.475683 0.039607 0.484710 89.794382 140.169018
1 10 9 0.344279 0.459064 0.196657 99.414719 147.748773
1 10 9 0.365019 0.134085 0.500896 91.208261 145.514413
1 10 9 0.248896 0.727379 0.023725 107.708302 149.074726
1 2 10 0.607953 0.177947 0.214101 112.144662 125.629143
1 2 10 0.284416 0.226132 0.489452 119.537015 135.526172
1 2 10 0.736320 0.239541 0.024139 117.810962 117.478986
1 2 10 0.650038 0.003603 0.346359 110.901788 132.169528
1 2 10 0.888998 0.051546 0.059456 113.553475 117.413598
1 2 10 0.720865 0.063472 0.215662 113.176381 120.447196
1 2 10 0.453988 0.159109 0.386903 116.328786 133.964163
1 2 10 0.822911 0.125158 0.051931 111.879218 121.230128
1 2 10 0.981713 0.010467 0.007820 111.942172 118.206364
1 2 10 0.425036 0.462609 0.112355 126.874116 117.050043
2 11 10 0.874580 0.015658 0.109762 144.764456 121.555122
2 11 10 0.218300 0.657787 0.123913 146.089357 151.635503
2 11 10 0.151016 0.210515 0.638469 129.511752 154.747459
2 11 10 0.564972 0.217967 0.217061 145.120157 132.662624
2 11 10 0.490627 0.270118 0.239254 146.070956 134.546658
2 11 10 0.056851 0.834908 0.108242 154.471272 156.662112
2 11 10 0.705768 0.161388 0.132844 146.726072 127.581519
2 11 10 0.208288 0.123002 0.668710 127.584678 152.278023
2 11 10 0.866362 0.107459 0.026179 149.246507 119.945983
2 11 10 0.925541 0.031316 0.043142 151.124214 118.112851
2 3 11 0.987759 0.006447 0.005794 154.478697 114.550043
2 3 11 0.387646 0.010225 0.602129 153.561800 142.131705
2 3 11 0.850691 0.006117 0.143192 152.238307 119.696300
2 3 11 0.356504 0.331298 0.312198 165.209003 129.060427
2 3 11 0.962070 0.009972 0.027958 149.864890 115.743725
2 3 11 0.012609 0.240538 0.746853 164.208098 147.500891
2 3 11 0.874386 0.084249 0.041365 159.757234 118.072662
2 3 11 0.448418 0.278413 0.273168 162.498567 123.765659
2 3 11 0.476622 0.498682 0.024696 175.483282 113.390905
2 3 11 0.616964 0.233029 0.150007 162.744748 123.845947
3 12 11 0.192357 0.221876 0.585767 166.914057 147.455027
3 12 11 0.900613 0.028726 0.070662 191.766625 115.556359
3 12 11 0.230493 0.178263 0.591243 173.415269 147.815130
3 12 11 0.070975 0.734315 0.194710 188.549008 155.191008
3 12 11 0.276467 0.394426 0.329107 179.174157 141.549817
3 12 11 0.849685 0.106567 0.043748 193.141960 118.058175
3 12 11 0.170880 0.767922 0.061198 197.421318 153.164071
3 12 11 0.294390 0.495010 0.210600 188.047646 147.162727
3 12 11 0.796044 0.016654 0.187302 188.619078 122.445214
3 12 11 0.865086 0.003189 0.131725 187.165058 117.359720
3 4 12 0.972092 0.005414 0.022494 195.549863 113.085883
3 4 12 0.056035 0.383921 0.560044 213.557517 137.647723
3 4 12 0.159682 0.094030 0.746288 203.532537 145.685355
3 4 12 0.773749 0.092810 0.133441 196.868894 117.224070
3 4 12 0.317607 0.110354 0.572040 205.591102 140.153187
3 4 12 0.925562 0.065737 0.008701 199.845375 111.852093
3 4 12 0.458679 0.042286 0.499036 199.298755 133.288416
3 4 12 0.322098 0.485577 0.192325 215.149380 120.874268
3 4 12 0.448522 0.200093 0.351385 206.178620 128.460306
3 4 12 0.670537 0.054313 0.275150 198.705452 124.230035
4 13 12 0.937935 0.060971 0.001093 238.959416 119.145140
4 13 12 0.052389 0.177473 0.770139 206.903304 153.313727
4 13 12 0.433133 0.131903 0.434964 221.168018 137.512384
4 13 12 0.296638 0.252236 0.451127 221.489692 146.603105
4 13 12 0.404409 0.221323 0.374269 223.286299 139.892302
4 13 12 0.698297 0.016827 0.284876 228.792996 125.392511
4 13 12 0.600110 0.185592 0.214298 230.225387 133.445697
4 13 12 0.970584 0.029347 0.000069 235.055709 114.908099
4 13 12 0.124935 0.874476 0.000589 240.566456 149.768021
4 13 12 0.259460 0.730855 0.009685 241.453919 143.646198
4 5 13 0.236433 0.016839 0.746728 240.297810 148.624079
4 5 13 0.539616 0.395230 0.065154 256.968890 118.155023
4 5 13 0.093028 0.432746 0.474225 259.192208 133.414419
4 5 13 0.394021 0.021852 0.584127 240.556834 140.410551
4 5 13 0.125308 0.280416 0.594276 248.308812 139.337071
4 5 13 0.464296 0.506656 0.029048 261.506233 109.761301
4 5 13 0.018112 0.741317 0.240571 271.546086 123.962386
4 5 13 0.342256 0.177824 0.479920 246.141690 133.488582
4 5 13 0.633602 0.261775 0.104623 252.621003 116.143063
4 5 13 0.499625 0.133215 0.367160 244.905835 129.395180
5 14 13 0.844529 0.150437 0.005033 283.246430 116.569495
5 14 13 0.722080 0.163177 0.114743 281.930968 125.050831
5 14 13 0.997207 0.001187 0.001606 287.071400 109.324928
5 14 13 0.269784 0.074635 0.655581 255.519060 144.537702
5 14 13 0.821062 0.013712 0.165225 278.367227 118.607083
5 14 13 0.521053 0.206784 0.272163 273.571672 132.150024
5 14 13 0.427115 0.164313 0.408572 268.180756 133.696818
5 14 13 0.661789 0.121367 0.216844 275.454082 128.234587
5 14 13 0.040012 0.004333 0.955655 237.686449 157.434501
5 14 13 0.813818 0.015637 0.170546 274.939149 121.298190
5 6 14 0.020754 0.897669 0.081577 324.191532 116.320420
5 6 14 0.653766 0.318781 0.027453 298.166800 111.777596
5 6 14 0.671210 0.165743 0.163047 288.549330 117.273266
5 6 14 0.053644 0.931983 0.014372 325.022754 111.109627
5 6 14 0.126139 0.340060 0.533801 304.279563 135.096012
5 6 14 0.326581 0.650987 0.022432 312.795526 113.920339
5 6 14 0.603422 0.180927 0.215650 294.024643 119.986973
5 6 14 0.450627 0.417659 0.131713 300.922362 119.771558
5 6 14 0.779485 0.007664 0.212851 287.521783 120.710046
5 6 14 0.866645 0.029193 0.104162 286.241769 116.053844
6 15 14 0.850890 0.079847 0.069263 325.116911 120.036867
6 15 14 0.587129 0.305208 0.107663 323.812205 133.491116
6 15 14 0.602969 0.109601 0.287430 315.317895 128.682856
6 15 14 0.467261 0.319810 0.212929 319.051158 134.503602
6 15 14 0.605029 0.144379 0.250592 318.511375 132.678435
6 15 14 0.053968 0.260984 0.685048 299.369604 151.994795
6 15 14 0.698705 0.158511 0.142783 324.477604 124.424134
6 15 14 0.455569 0.162214 0.382217 312.567686 138.456178
6 15 14 0.368025 0.125423 0.506552 307.799917 139.709810
6 15 14 0.964043 0.002970 0.032988 330.164316 115.442579
6 7 15 0.596293 0.014926 0.388781 329.394123 131.387947
6 7 15 0.133129 0.516198 0.350673 352.003070 125.925180
6 7 15 0.977982 0.004704 0.017313 328.105869 114.378519
6 7 15 0.103094 0.381197 0.515708 347.348451 134.441408
6 7 15 0.301035 0.326639 0.372326 345.335731 127.610288
6 7 15 0.167797 0.322264 0.509939 344.336016 137.116265
6 7 15 0.098376 0.612380 0.289244 360.115380 123.098315
6 7 15 0.494853 0.336757 0.168390 348.107390 119.050538
6 7 15 0.429365 0.114335 0.456300 331.461251 131.595236
6 7 15 0.794489 0.073637 0.131874 332.319509 117.481499
7 16 15 0.764157 0.021856 0.213988 365.182440 124.827070
7 16 15 0.520342 0.026241 0.453417 356.993352 133.252543
7 16 15 0.558737 0.271770 0.169493 373.033397 132.627905
7 16 15 0.131466 0.320528 0.548006 352.435699 147.618461
7 16 15 0.383480 0.011785 0.604735 345.359764 140.365261
7 16 15 0.943957 0.046902 0.009141 375.936508 112.360002
7 16 15 0.354044 0.323619 0.322337 362.238219 142.724477
7 16 15 0.528995 0.262312 0.208693 363.244128 134.743232
7 16 15 0.864301 0.071500 0.064199 372.114526 119.098359
7 16 15 0.731194 0.061554 0.207252 368.811009 125.060525
7 8 16 0.656530 0.178214 0.165256 381.001167 121.811412
7 8 16 0.028023 0.100159 0.871818 380.188469 148.867440
7 8 16 0.233150 0.230198 0.536652 384.665144 131.719854
7 8 16 0.105456 0.096463 0.798081 381.008535 145.509866
7 8 16 0.369263 0.466476 0.164260 393.010210 118.550507
7 8 16 0.879955 0.059173 0.060872 373.061829 117.337391
7 8 16 0.969958 0.015316 0.014726 373.458042 114.057211
7 8 16 0.840934 0.141193 0.017873 379.879300 111.972736
7 8 16 0.097517 0.339403 0.563080 390.486044 136.042285
7 8 16 0.621675 0.298467 0.079859 390.241111 115.316643
8 17 16 0.323145 0.125928 0.550927 392.959652 140.744852
8 17 16 0.043168 0.715715 0.241118 409.148187 151.128950
8 17 16 0.217868 0.529249 0.252883 402.668178 147.545663
8 17 16 0.844322 0.081063 0.074615 414.482114 113.309955
8 17 16 0.353782 0.208966 0.437252 399.270969 139.178870
8 17 16 0.438043 0.352174 0.209783 407.258507 132.699228
8 17 16 0.140897 0.124178 0.734924 390.343756 149.835479
8 17 16 0.608696 0.140251 0.251053 408.253780 129.218057
8 17 16 0.293976 0.120886 0.585138 394.471543 143.793342
8 17 16 0.137586 0.157852 0.704562 390.042180 145.931524
9 10 18 0.700188 0.290253 0.009558 81.770389 162.379823
9 10 18 0.815550 0.176674 0.007777 76.152842 157.637432
9 10 18 0.685859 0.255005 0.059136 81.598081 163.438775
9 10 18 0.237399 0.647589 0.115012 101.492209 168.028008
9 10 18 0.394418 0.059500 0.546081 76.347506 185.946912
9 10 18 0.270464 0.623682 0.105854 98.268158 166.159160
9 10 18 0.989998 0.000696 0.009306 69.687077 161.010296
9 10 18 0.844714 0.030470 0.124816 71.992516 168.928022
9 10 18 0.437960 0.055053 0.506987 74.908251 186.571652
9 10 18 0.838653 0.087688 0.073659 74.313629 165.427914
10 19 18 0.124531 0.142181 0.733288 89.276471 199.718892
10 19 18 0.008815 0.838754 0.152431 110.834438 204.087846
10 19 18 0.517423 0.373076 0.109501 107.845578 183.926899
10 19 18 0.776719 0.106709 0.116572 105.349469 169.556902
10 19 18 0.840146 0.054364 0.105490 110.996285 169.351732
10 19 18 0.001724 0.104454 0.893823 82.360421 200.080902
10 19 18 0.782312 0.134569 0.083120 112.994004 175.549473
10 19 18 0.022895 0.456900 0.520205 96.299533 203.062078
10 19 18 0.543844 0.165802 0.290353 101.169369 179.053381
10 19 18 0.931825 0.028185 0.039990 114.375881 164.364594
10 11 19 0.861175 0.134663 0.004163 117.765684 159.202160
10 11 19 0.914745 0.064110 0.021145 116.542103 163.584803
10 11 19 0.278692 0.213145 0.508163 124.345424 185.239172
10 11 19 0.207415 0.188689 0.603896 121.956901 187.771603
10 11 19 0.974310 0.009463 0.016227 114.483154 162.147574
10 11 19 0.094619 0.579564 0.325817 140.484911 173.461437
10 11 19 0.508830 0.010482 0.480688 115.526752 182.110232
10 11 19 0.398545 0.459230 0.142225 134.937452 166.200766
10 11 19 0.044598 0.414727 0.540675 130.639561 185.176245
10 11 19 0.070173 0.875159 0.054668 150.884285 160.290530
11 20 19 0.726107 0.080736 0.193157 146.352509 172.090609
11 20 19 0.618134 0.022378 0.359488 139.121695 176.011555
11 20 19 0.285825 0.333340 0.380835 136.205705 192.395297
11 20 19 0.520872 0.092230 0.386898 140.198411 180.078813
11 20 19 0.306880 0.493201 0.199919 148.215958 190.542632
11 20 19 0.438248 0.116871 0.444881 136.564844 185.762993
11 20 19 0.108555 0.171777 0.719668 130.388548 199.522167
11 20 19 0.527333 0.305706 0.166962 146.846641 184.021113
11 20 19 0.670042 0.149925 0.180034 146.763252 174.132915
11 20 19 0.247464 0.242493 0.510043 135.705538 193.612219
11 12 20 0.288865 0.151268 0.559868 162.854815 184.728559
11 12 20 0.811725 0.037256 0.151019 158.938364 162.701145
11 12 20 0.819739 0.031087 0.149173 154.129644 164.043591
11 12 20 0.010069 0.842785 0.147146 190.822811 167.793412
11 12 20 0.952114 0.035363 0.012522 157.470513 158.128405
11 12 20 0.225173 0.415319 0.359508 170.295364 172.636220
11 12 20 0.954507 0.008854 0.036639 151.634199 158.507188
11 12 20 0.292917 0.684645 0.022437 184.360125 157.504309
11 12 20 0.610217 0.382527 0.007256 170.288061 158.362785
11 12 20 0.977313 0.019822 0.002865 152.505208 154.854739
12 21 20 0.459687 0.430068 0.110245 193.762565 186.077837
12 21 20 0.796062 0.128692 0.075246 199.497771 166.786206
12 21 20 0.622917 0.370965 0.006118 194.357205 177.719732
12 21 20 0.060870 0.358503 0.580627 175.167348 204.325266
12 21 20 0.920124 0.034885 0.044991 195.923616 159.465775
12 21 20 0.835004 0.021958 0.143038 194.004689 163.745124
12 21 20 0.162228 0.814206 0.023566 201.449259 199.694395
12 21 20 0.995576 0.001200 0.003224 199.433127 156.763190
12 21 20 0.034387 0.528069 0.437544 181.205465 200.956808
12 21 20 0.243267 0.281952 0.474781 179.223168 195.338781
12 13 21 0.520920 0.363479 0.115602 211.319559 161.066388
12 13 21 0.774538 0.039509 0.185953 197.778935 169.928591
12 13 21 0.390246 0.068841 0.540912 202.270771 180.185082
12 13 21 0.899656 0.072646 0.027698 201.374832 156.082251
12 13 21 0.111476 0.210597 0.677927 206.641189 189.530092
12 13 21 0.288842 0.636585 0.074573 223.029650 161.477236
12 13 21 0.716251 0.161946 0.121803 206.475456 162.361829
12 13 21 0.581645 0.184497 0.233857 206.056776 169.834194
12 13 21 0.190881 0.285872 0.523247 213.968199 179.102365
12 13 21 0.636483 0.333620 0.029896 214.171099 157.519674
13 22 21 0.194203 0.255114 0.550682 218.251291 194.577612
13 22 21 0.760054 0.140188 0.099758 238.040665 169.283048
13 22 21 0.881649 0.102982 0.015369 241.588057 161.748025
13 22 21 0.141545 0.450978 0.407477 222.131436 199.238054
13 22 21 0.284393 0.708958 0.006649 241.114054 187.999211
13 22 21 0.256810 0.238810 0.504379 216.696792 192.048578
13 22 21 0.057098 0.638632 0.304269 227.498111 199.875490
13 22 21 0.013913 0.842837 0.143251 232.086540 202.256607
13 22 21 0.929021 0.032890 0.038089 240.177497 164.885760
13 22 21 0.355916 0.141664 0.502420 215.754176 186.168254
13 14 22 0.291344 0.001761 0.706894 239.892732 187.507714
13 14 22 0.511180 0.096628 0.392193 243.339952 179.470316
13 14 22 0.912569 0.071827 0.015604 244.737301 160.609795
13 14 22 0.234192 0.346796 0.419012 254.642695 175.912937
13 14 22 0.238010 0.309708 0.452282 255.335056 177.951862
13 14 22 0.747641 0.104928 0.147431 246.375327 166.979860
13 14 22 0.834258 0.163629 0.002113 246.689573 157.909833
13 14 22 0.197844 0.427734 0.374422 259.225101 172.403750
13 14 22 0.681764 0.241785 0.076451 249.485955 163.478266
13 14 22 0.829157 0.070893 0.099950 243.074867 164.067839
14 23 22 0.998305 0.000813 0.000882 287.650425 156.220338
14 23 22 0.127594 0.510560 0.361846 271.194937 191.261766
14 23 22 0.362087 0.215264 0.422648 265.139739 184.737921
14 23 22 0.002131 0.337623 0.660246 257.504395 202.055784
14 23 22 0.924612 0.071584 0.003804 288.364192 159.027796
14 23 22 0.559497 0.323377 0.117126 278.777286 178.390600
14 23 22 0.853408 0.026561 0.120030 281.015990 165.350923
14 23 22 0.716078 0.183288 0.100635 282.212411 167.392348
14 23 22 0.607667 0.116332 0.276001 273.833622 175.907631
14 23 22 0.523213 0.261289 0.215497 278.651598 176.134798
14 15 23 0.223988 0.233703 0.542309 298.919842 181.612927
14 15 23 0.574645 0.219905 0.205450 295.022875 165.251408
14 15 23 0.192728 0.233046 0.574225 294.147374 184.993952
14 15 23 0.341974 0.340092 0.317934 300.125056 167.340119
14 15 23 0.410765 0.192283 0.396952 299.289511 176.176273
14 15 23 0.598806 0.140256 0.260938 292.602947 170.268074
14 15 23 0.538499 0.140532 0.320969 293.292423 174.548410
14 15 23 0.489796 0.419063 0.091142 306.257959 160.646957
14 15 23 0.661785 0.117436 0.220779 291.877590 167.335855
14 15 23 0.811110 0.041107 0.147783 285.456712 161.670340
15 24 23 0.212061 0.638051 0.149888 324.894102 189.363766
15 24 23 0.181371 0.484260 0.334369 315.623482 195.646151
15 24 23 0.385445 0.358783 0.255772 318.643120 188.246985
15 24 23 0.806807 0.141353 0.051840 329.429651 165.191134
15 24 23 0.397511 0.520864 0.081625 330.562585 183.339831
15 24 23 0.750926 0.000903 0.248171 319.334074 166.260254
15 24 23 0.899168 0.010822 0.090010 324.041888 161.189930
15 24 23 0.458558 0.061377 0.480065 308.851455 183.712410
15 24 23 0.138977 0.843219 0.017803 327.751886 195.743198
15 24 23 0.341445 0.460271 0.198283 321.750630 191.633874
15 16 24 0.011950 0.098492 0.889558 333.535815 197.055321
15 16 24 0.107919 0.333908 0.558172 344.587984 178.710740
15 16 24 0.289774 0.271591 0.438635 344.414042 176.334861
15 16 24 0.089038 0.907314 0.003648 369.907633 157.480970
15 16 24 0.811686 0.145854 0.042460 340.291128 154.647584
15 16 24 0.626142 0.074597 0.299260 332.457968 172.421641
15 16 24 0.304461 0.197447 0.498093 342.023731 181.050694
15 16 24 0.410458 0.429983 0.159559 349.396029 159.820062
15 16 24 0.735366 0.212874 0.051760 339.600293 157.589489
15 16 24 0.072720 0.534791 0.392489 353.298631 173.671991
16 25 24 0.905944 0.028217 0.065840 374.110018 159.327411
16 25 24 0.647661 0.035057 0.317282 362.756505 170.358158
16 25 24 0.296254 0.642169 0.061577 372.944226 180.064497
16 25 24 0.916383 0.072063 0.011554 372.585234 158.142275
16 25 24 0.623320 0.096727 0.279953 364.910990 169.977968
16 25 24 0.813533 0.051235 0.135233 368.936755 160.854198
16 25 24 0.232529 0.268548 0.498923 353.361439 191.162343
16 25 24 0.656470 0.155792 0.187738 366.593858 169.670127
16 25 24 0.661520 0.030273 0.308208 361.556712 168.474372
16 25 24 0.815469 0.129838 0.054693 371.950304 164.420314
16 17 25 0.365707 0.322916 0.311377 388.769018 169.947731
16 17 25 0.993418 0.004179 0.002403 376.692612 154.036274
16 17 25 0.955295 0.008752 0.035952 372.484190 158.740681
16 17 25 0.717957 0.245994 0.036049 385.497127 157.619870
16 17 25 0.345306 0.300563 0.354131 385.222430 173.088340
16 17 25 0.869204 0.046727 0.084069 378.184699 162.057344
16 17 25 0.970103 0.006880 0.023017 373.964793 157.090969
16 17 25 0.503202 0.359403 0.137395 389.917825 163.137395
16 17 25 0.182723 0.335719 0.481558 384.002649 177.025353
16 17 25 0.680847 0.185301 0.133851 383.544475 158.621421
17 26 25 0.119959 0.407381 0.472660 393.038064 193.396753
17 26 25 0.050550 0.538289 0.411160 400.170114 196.142028
17 26 25 0.419552 0.417559 0.162889 408.795985 181.397119
17 26 25 0.150068 0.122117 0.727815 383.366728 191.035940
17 26 25 0.155472 0.483721 0.360808 403.225255 192.892060
17 26 25 0.080826 0.060852 0.858323 379.897659 199.340453
17 26 25 0.769373 0.113399 0.117228 412.863673 161.909596
17 26 25 0.136462 0.175635 0.687903 382.166048 192.657508
17 26 25 0.085703 0.066204 0.848093 379.276227 197.991227
17 26 25 0.727426 0.149688 0.122886 415.463383 168.568251
18 19 27 0.876172 0.111179 0.012649 80.517500 204.263233
18 19 27 0.343382 0.467540 0.189077 98.838659 214.765253
18 19 27 0.897914 0.072213 0.029873 79.311961 202.894210
18 19 27 0.439201 0.131482 0.429317 88.089071 219.690312
18 19 27 0.574240 0.022608 0.403152 86.993739 219.778390
18 19 27 0.389391 0.150494 0.460115 88.622387 221.484655
18 19 27 0.280328 0.406580 0.313092 95.410453 221.695069
18 19 27 0.195127 0.611256 0.193617 103.017692 211.775813
18 19 27 0.731900 0.179186 0.088914 87.116173 207.042574
18 19 27 0.270620 0.169096 0.560284 88.092755 226.536090
19 28 27 0.224978 0.603134 0.171888 115.348070 237.254392
19 28 27 0.034177 0.104668 0.861155 89.328668 245.514951
19 28 27 0.409789 0.532102 0.058109 117.423107 226.675960
19 28 27 0.974703 0.018533 0.006765 116.572644 209.440099
19 28 27 0.148303 0.392773 0.458924 108.259286 239.245234
19 28 27 0.336604 0.364328 0.299068 110.208458 229.503075
19 28 27 0.401262 0.246206 0.352532 106.466355 226.555046
19 28 27 0.707657 0.109052 0.183292 113.997346 214.837415
19 28 27 0.358775 0.197104 0.444121 103.847547 234.614820
19 28 27 0.298575 0.233411 0.468015 104.072546 231.184399
19 20 28 0.669450 0.059411 0.271139 120.765269 213.057350
19 20 28 0.653016 0.279636 0.067348 124.269363 206.895236
19 20 28 0.663821 0.022311 0.313868 119.340632 217.306395
19 20 28 0.884432 0.040501 0.075067 119.103059 209.719317
19 20 28 0.463300 0.172994 0.363705 126.314760 219.229772
19 20 28 0.292755 0.161211 0.546033 123.386230 226.756671
19 20 28 0.742053 0.139477 0.118470 121.909249 208.985316
19 20 28 0.968186 0.022331 0.009483 115.384922 205.252042
19 20 28 0.114629 0.684557 0.200815 145.175902 213.036634
19 20 28 0.789739 0.209387 0.000873 122.497914 205.939739
20 29 28 0.600193 0.339657 0.060150 157.458641 219.569009
20 29 28 0.963518 0.035700 0.000782 163.429163 209.235618
20 29 28 0.331962 0.247151 0.420887 145.088497 232.551722
20 29 28 0.130991 0.175528 0.693481 133.599381 238.802958
20 29 28 0.582643 0.166161 0.251196 149.326612 217.768950
20 29 28 0.177452 0.309681 0.512866 140.101228 239.218563
20 29 28 0.657389 0.218380 0.124231 155.344567 218.937917
20 29 28 0.904608 0.068160 0.027232 155.773428 209.504258
20 29 28 0.576584 0.003002 0.420413 144.711149 221.947043
20 29 28 0.023157 0.437653 0.539190 142.328342 239.226872
20 21 29 0.388142 0.374419 0.237439 177.296604 214.097420
20 21 29 0.743841 0.099477 0.156682 164.759616 210.953584
20 21 29 0.049013 0.928451 0.022536 194.894575 203.282385
20 21 29 0.829671 0.169256 0.001073 165.852912 203.618727
20 21 29 0.148237 0.188668 0.663094 169.188692 229.614231
20 21 29 0.116379 0.092795 0.790826 165.278792 238.135972
20 21 29 0.845237 0.075994 0.078769 159.613903 207.912754
20 21 29 0.301348 0.197554 0.501097 171.104857 222.441432
20 21 29 0.745282 0.165075 0.089643 163.780810 213.736281
20 21 29 0.232981 0.655630 0.111388 185.392724 207.148019
21 30 29 0.369421 0.601765 0.028814 199.570239 229.984716
21 30 29 0.716400 0.079497 0.204103 191.535242 209.967905
21 30 29 0.796950 0.075529 0.127521 196.281347 214.087642
21 30 29 0.015703 0.135738 0.848559 168.623891 242.187688
21 30 29 0.225827 0.109354 0.664819 175.509324 238.112261
21 30 29 0.878637 0.083621 0.037741 194.607612 206.394489
21 30 29 0.473160 0.282785 0.244056 191.783610 224.040072
21 30 29 0.503324 0.034937 0.461738 183.232416 220.930407
21 30 29 0.722453 0.135189 0.142358 192.866852 215.796180
21 30 29 0.532357 0.100022 0.367621 186.874949 225.128741
21 22 30 0.972041 0.025828 0.002131 199.621848 202.910542
21 22 30 0.421026 0.466971 0.112003 217.638962 204.459705
21 22 30 0.727510 0.259890 0.012600 209.761104 203.748575
21 22 30 0.133887 0.652489 0.213624 228.883256 212.075742
21 22 30 0.192026 0.805492 0.002482 233.321684 203.251228
21 22 30 0.953248 0.006282 0.040470 195.188989 203.869444
21 22 30 0.482835 0.361389 0.155776 214.738664 208.980335
21 22 30 0.306161 0.417593 0.276246 212.210229 217.013391
21 22 30 0.874007 0.125907 0.000087 207.826299 200.237549
21 22 30 0.407006 0.224320 0.368674 210.691876 218.921745
22 31 30 0.337463 0.593841 0.068696 237.588851 229.537279
22 31 30 0.341321 0.198186 0.460493 222.765550 233.918016
22 31 30 0.229084 0.534578 0.236338 234.575077 233.257689
22 31 30 0.113403 0.772433 0.114164 239.873925 236.476601
22 31 30 0.621641 0.122993 0.255366 233.448173 219.406166
22 31 30 0.977919 0.018503 0.003579 240.775605 202.546904
22 31 30 0.583938 0.293149 0.122913 237.537653 224.581847
22 31 30 0.801848 0.035130 0.163022 237.212246 208.607962
22 31 30 0.954594 0.017721 0.027686 241.124015 201.884383
22 31 30 0.722634 0.130377 0.146988 239.722604 213.142117
22 23 31 0.018577 0.081463 0.899960 249.099444 239.908820
22 23 31 0.849775 0.036744 0.113480 243.728547 204.724125
22 23 31 0.755719 0.030357 0.213923 244.326356 209.242382
22 23 31 0.308357 0.464523 0.227119 260.340057 213.169382
22 23 31 0.741810 0.218775 0.039415 250.427717 201.453834
22 23 31 0.258727 0.110775 0.630497 249.126540 226.567117
22 23 31 0.194914 0.455236 0.349850 263.447355 217.005487
22 23 31 0.561839 0.180360 0.257801 251.249706 214.751197
22 23 31 0.309573 0.661773 0.028654 271.366662 205.211936
22 23 31 0.532220 0.176807 0.290973 247.465976 211.665445
23 32 31 0.202140 0.194018 0.603842 257.420055 233.436625
23 32 31 0.324598 0.593868 0.081534 281.936946 231.480083
23 32 31 0.657179 0.073509 0.269311 277.261621 214.432293
23 32 31 0.957624 0.012039 0.030337 288.394329 204.689058
23 32 31 0.304888 0.675885 0.019227 285.973050 233.317649
23 32 31 0.960596 0.025728 0.013676 288.503645 204.023584
23 32 31 0.074656 0.659080 0.266265 272.430199 244.993838
23 32 31 0.422273 0.468184 0.109543 280.838962 226.775666
23 32 31 0.038709 0.493963 0.467328 266.172638 242.902174
23 32 31 0.292533 0.099233 0.608234 253.455931 232.531805
23 24 32 0.255860 0.487255 0.256885 309.932463 211.695885
23 24 32 0.212313 0.168106 0.619581 290.009401 228.323504
23 24 32 0.500667 0.096285 0.403048 283.894409 219.380105
23 24 32 0.101928 0.477370 0.420702 305.926414 218.601622
23 24 32 0.633637 0.104596 0.261766 289.666198 213.796443
23 24 32 0.729125 0.068000 0.202875 288.620475 210.276895
23 24 32 0.164727 0.197131 0.638141 295.362460 229.459239
23 24 32 0.964209 0.033586 0.002205 286.622119 200.596466
23 24 32 0.746060 0.193364 0.060576 294.239837 203.352276
23 24 32 0.803625 0.081676 0.114699 290.317492 207.614662
24 33 32 0.031711 0.058673 0.909616 287.602425 243.476061
24 33 32 0.054492 0.178501 0.767007 293.217960 243.390105
24 33 32 0.450499 0.504288 0.045212 325.015572 222.485397
24 33 32 0.721729 0.181547 0.096724 324.103595 209.843107
24 33 32 0.640350 0.309600 0.050051 326.011655 215.408661
24 33 32 0.254981 0.705815 0.039204 326.076437 232.287355
24 33 32 0.888772 0.068646 0.042582 324.649151 206.601833
24 33 32 0.300705 0.276558 0.422737 311.000892 229.065372
24 33 32 0.054756 0.647381 0.297863 315.887020 242.217012
24 33 32 0.481431 0.168648 0.349922 313.065369 226.445869
24 25 33 0.890906 0.104502 0.004592 334.092080 201.230648
24 25 33 0.458180 0.070901 0.470918 332.796902 221.834990
24 25 33 0.082886 0.385453 0.531661 343.680559 224.824517
24 25 33 0.644649 0.155041 0.200310 335.601193 210.516831
24 25 33 0.670051 0.327976 0.001974 341.957282 199.910605
24 25 33 0.236509 0.599893 0.163598 351.553778 207.885598
24 25 33 0.584325 0.027410 0.388265 329.245546 218.344418
24 25 33 0.720554 0.067588 0.211858 330.848547 207.411244
24 25 33 0.977765 0.003451 0.018785 325.908398 202.012404
24 25 33 0.845739 0.067599 0.086662 328.895723 206.067821
25 34 33 0.720395 0.083404 0.196201 361.686101 210.968434
25 34 33 0.758803 0.231814 0.009383 371.988595 209.513540
25 34 33 0.972006 0.022725 0.005269 369.395908 202.877669
25 34 33 0.406531 0.502835 0.090634 371.370160 226.351967
25 34 33 0.749575 0.145823 0.104602 368.782219 213.286434
25 34 33 0.919125 0.035675 0.045200 369.868414 200.932735
25 34 33 0.887039 0.105505 0.007457 372.480379 206.163139
25 34 33 0.700019 0.241589 0.058392 368.395707 214.284304
25 34 33 0.088677 0.695758 0.215566 360.402483 242.063835
25 34 33 0.300101 0.643470 0.056429 371.065109 231.742269
25 26 34 0.995344 0.002932 0.001724 372.700344 199.804494
25 26 34 0.621326 0.349353 0.029321 389.900726 201.230662
25 26 34 0.484674 0.486583 0.028743 392.183151 200.181506
25 26 34 0.033832 0.001573 0.964594 370.480363 240.771897
25 26 34 0.888471 0.072117 0.039412 373.762514 203.638868
25 26 34 0.346451 0.602291 0.051259 400.352987 203.923806
25 26 34 0.779777 0.057134 0.163089 375.664750 205.936429
25 26 34 0.002514 0.059343 0.938142 374.974543 240.080857
25 26 34 0.690288 0.215575 0.094137 385.313009 201.190939
25 26 34 0.785694 0.077680 0.136626 374.548679 205.926669
26 35 34 0.066055 0.366017 0.567927 390.244902 236.823750
26 35 34 0.280209 0.388575 0.331215 405.068215 230.379590
26 35 34 0.361993 0.093676 0.544331 391.338998 226.044048
26 35 34 0.430188 0.193663 0.376149 402.426964 229.624061
26 35 34 0.501554 0.086822 0.411623 398.840218 225.104012
26 35 34 0.888318 0.011651 0.100031 415.842834 201.985422
26 35 34 0.553796 0.084212 0.361992 396.570811 218.647842
26 35 34 0.466653 0.308775 0.224572 404.864058 224.523434
26 35 34 0.377783 0.439651 0.182566 410.122845 223.790580
26 35 34 0.551137 0.192056 0.256808 405.086945 217.859372
27 28 36 0.291994 0.103952 0.604054 98.373917 266.743596
27 28 36 0.623090 0.180702 0.196208 96.488913 252.532699
27 28 36 0.935301 0.054345 0.010354 86.639266 241.161532
27 28 36 0.598867 0.254880 0.146253 96.794957 249.454668
27 28 36 0.195012 0.369110 0.435878 102.424227 259.842582
27 28 36 0.249037 0.150977 0.599986 94.428205 265.322831
27 28 36 0.188994 0.531519 0.279487 105.627606 252.379871
27 28 36 0.471679 0.518523 0.009798 103.368039 248.185188
27 28 36 0.761687 0.205195 0.033118 96.295217 243.138802
27 28 36 0.606784 0.119533 0.273683 90.965323 257.375770
28 37 36 0.794749 0.159133 0.046118 122.897421 249.698150
28 37 36 0.208766 0.507564 0.283670 119.296884 274.847552
28 37 36 0.421794 0.051589 0.526617 108.585671 264.252082
28 37 36 0.565332 0.203572 0.231096 118.854202 262.281351
28 37 36 0.324855 0.442474 0.232671 122.357707 266.854164
28 37 36 0.472160 0.152896 0.374943 115.045581 257.518193
28 37 36 0.324544 0.604452 0.071004 123.433041 269.118792
28 37 36 0.393209 0.545846 0.060944 126.142624 262.198450
28 37 36 0.152975 0.668251 0.178774 129.441068 274.745335
28 37 36 0.518718 0.028180 0.453102 110.677952 261.338524
28 29 37 0.836043 0.124439 0.039518 128.141831 243.512426
28 29 37 0.987297 0.010587 0.002116 127.683194 245.323354
28 29 37 0.635818 0.036824 0.327358 129.336547 258.349609
28 29 37 0.087380 0.531558 0.381062 150.117557 256.003984
28 29 37 0.470253 0.413485 0.116262 142.741465 247.702987
28 29 37 0.575138 0.222038 0.202824 132.738539 246.012038
28 29 37 0.557694 0.359739 0.082567 134.289546 244.871106
28 29 37 0.804761 0.067810 0.127429 128.591585 249.332354
28 29 37 0.885050 0.086407 0.028543 129.686241 246.003325
28 29 37 0.903154 0.017594 0.079252 123.994366 247.210166
29 38 37 0.320799 0.260525 0.418676 152.864448 269.191578
29 38 37 0.490654 0.128777 0.380569 155.416476 263.119454
29 38 37 0.904025 0.094925 0.001050 164.077864 246.244794
29 38 37 0.716365 0.252928 0.030708 163.031306 254.120348
29 38 37 0.160064 0.766197 0.073739 164.085409 273.593499
29 38 37 0.877354 0.061085 0.061561 163.366979 245.899836
29 38 37 0.297122 0.277765 0.425113 153.624843 265.309592
29 38 37 0.512744 0.027124 0.460132 148.979945 258.448409
29 38 37 0.003055 0.612286 0.384660 151.646035 277.403135
29 38 37 0.839027 0.000536 0.160438 157.345349 248.129775
29 30 38 0.801954 0.089644 0.108402 165.250337 248.114561
29 30 38 0.590981 0.367732 0.041287 177.806085 244.581143
29 30 38 0.695756 0.166529 0.137715 168.648821 246.794908
29 30 38 0.719163 0.177181 0.103656 172.862270 248.611783
29 30 38 0.684921 0.183609 0.131471 173.256893 251.900202
29 30 38 0.500002 0.237669 0.262329 169.679851 255.183213
29 30 38 0.858910 0.081282 0.059808 163.727704 244.951785
29 30 38 0.014830 0.969793 0.015377 199.535045 242.747653
29 30 38 0.977161 0.012771 0.010068 161.732005 242.632152
29 30 38 0.136021 0.297767 0.566212 178.463103 263.012854
30 39 38 0.492704 0.473021 0.034275 202.580863 263.929639
30 39 38 0.621380 0.130978 0.247642 194.955089 259.017190
30 39 38 0.524623 0.452917 0.022460 205.344848 264.756909
30 39 38 0.004206 0.008419 0.987375 170.020575 282.224040
30 39 38 0.423210 0.066081 0.510709 185.944838 265.904485
30 39 38 0.574653 0.273070 0.152277 197.486739 258.392780
30 39 38 0.826453 0.101167 0.072380 199.459521 255.392212
30 39 38 0.566710 0.331734 0.101556 198.891909 258.605863
30 39 38 0.021901 0.355166 0.622933 182.335314 275.315293
30 39 38 0.604475 0.174692 0.220833 198.332815 259.870323
30 31 39 0.702622 0.027854 0.269524 204.774140 255.108556
30 31 39 0.905979 0.017344 0.076676 204.832960 245.649901
30 31 39 0.790908 0.149803 0.059289 207.764437 244.450298
30 31 39 0.425898 0.203591 0.370511 211.024282 261.786594
30 31 39 0.388129 0.533935 0.077936 223.831627 249.612029
30 31 39 0.418941 0.565286 0.015773 223.302805 245.592121
30 31 39 0.561085 0.034266 0.404649 206.614177 261.810209
30 31 39 0.914615 0.058497 0.026888 207.654793 244.093792
30 31 39 0.754404 0.059354 0.186242 207.082954 248.798401
30 31 39 0.981168 0.012867 0.005965 202.843395 247.845630
31 40 39 0.387007 0.355746 0.257247 237.884819 265.829017
31 40 39 0.897009 0.068591 0.034400 240.625889 246.392959
31 40 39 0.397497 0.193540 0.408962 227.931873 263.694099
31 40 39 0.754909 0.099050 0.146041 239.072148 253.007028
31 40 39 0.768051 0.106987 0.124962 236.391654 249.910457
31 40 39 0.448676 0.465942 0.085382 240.369168 264.916529
31 40 39 0.668783 0.273581 0.057636 242.369403 256.424542
31 40 39 0.468401 0.348505 0.183094 237.472373 264.333682
31 40 39 0.625187 0.312937 0.061876 240.177924 258.981768
31 40 39 0.909830 0.049842 0.040328 237.191168 245.575052
31 32 40 0.710718 0.086423 0.202859 248.292009 253.745313
31 32 40 0.428957 0.303088 0.267955 255.925948 251.859363
31 32 40 0.450803 0.005689 0.543508 243.825086 264.768810
31 32 40 0.991775 0.001883 0.006342 242.472399 243.779079
31 32 40 0.663959 0.073317 0.262724 246.170455 255.354454
31 32 40 0.884570 0.039965 0.075466 243.918910 247.831351
31 32 40 0.189030 0.530795 0.280176 264.742478 256.138310
31 32 40 0.530620 0.011831 0.457549 242.033159 265.466925
31 32 40 0.085443 0.847049 0.067507 276.619270 249.661820
31 32 40 0.340389 0.504401 0.155209 260.371647 252.611538
32 41 40 0.212294 0.784914 0.002792 286.446136 276.371757
32 41 40 0.170621 0.689227 0.140153 280.137499 275.314477
32 41 40 0.226397 0.145713 0.627891 260.337690 271.449361
32 41 40 0.278424 0.246171 0.475405 264.748552 274.542248
32 41 40 0.954729 0.017100 0.028171 287.944776 245.858242
32 41 40 0.875885 0.058106 0.066010 284.136779 246.832886
32 41 40 0.193881 0.447466 0.358653 268.692413 276.305264
32 41 40 0.040676 0.076796 0.882527 248.767386 279.288466
32 41 40 0.015080 0.304108 0.680812 256.397819 282.651619
32 41 40 0.819334 0.040621 0.140044 277.611279 253.028988
32 33 41 0.034604 0.311618 0.653778 297.061499 266.023239
32 33 41 0.956145 0.009473 0.034381 284.659971 245.665117
32 33 41 0.409921 0.466194 0.123885 306.993400 248.260383
32 33 41 0.312136 0.469806 0.218058 302.854113 249.284828
32 33 41 0.343281 0.052865 0.603854 288.823663 269.003059
32 33 41 0.245255 0.729464 0.025280 312.843469 240.308624
32 33 41 0.778176 0.021840 0.199984 282.513736 253.305971
32 33 41 0.110198 0.282531 0.607271 297.531915 269.305659
32 33 41 0.060862 0.073400 0.865738 288.718068 279.689590
32 33 41 0.163647 0.584076 0.252277 310.717537 251.836645
33 42 41 0.262067 0.032513 0.705420 297.136272 272.994727
33 42 41 0.038319 0.487788 0.473893 306.072526 277.478170
33 42 41 0.505555 0.108074 0.386371 309.236282 263.301912
33 42 41 0.978541 0.008540 0.012919 326.881218 244.376773
33 42 41 0.929920 0.064733 0.005347 331.693988 246.633607
33 42 41 0.039451 0.431755 0.528794 306.835564 279.544522
33 42 41 0.712377 0.206927 0.080696 326.333150 252.447857
33 42 41 0.085050 0.474166 0.440784 305.745174 281.646219
33 42 41 0.401561 0.061158 0.537281 303.145752 264.454327
33 42 41 0.012319 0.327613 0.660068 299.475622 282.993508
33 34 42 0.839712 0.079555 0.080733 331.600191 245.275587
33 34 42 0.883954 0.039733 0.076313 328.963965 246.489332
33 34 42 0.628568 0.105516 0.265916 333.257994 252.220899
33 34 42 0.337266 0.260059 0.402675 337.920723 258.681385
33 34 42 0.373680 0.012797 0.613523 326.724169 267.374356
33 34 42 0.091425 0.713143 0.195432 355.136396 251.379980
33 34 42 0.498122 0.284641 0.217236 340.477876 253.666286
33 34 42 0.461037 0.401742 0.137221 341.546006 248.797413
33 34 42 0.226658 0.365133 0.408209 340.397247 257.085688
33 34 42 0.858926 0.110766 0.030308 330.811603 244.433292
34 43 42 0.700779 0.269322 0.029899 372.095951 257.740893
34 43 42 0.289632 0.299316 0.411053 349.803409 272.942145
34 43 42 0.388078 0.209936 0.401986 349.833562 267.240279
34 43 42 0.655547 0.010603 0.333850 354.043633 254.098002
34 43 42 0.969991 0.022667 0.007343 370.858594 246.258915
34 43 42 0.617631 0.226905 0.155464 363.011262 254.568982
34 43 42 0.470569 0.290827 0.238605 361.059511 261.962639
34 43 42 0.127439 0.496554 0.376007 349.065077 275.899781
34 43 42 0.342246 0.274177 0.383577 353.274884 269.054343
34 43 42 0.218783 0.719300 0.061917 365.497552 273.645719
34 35 43 0.129719 0.410825 0.459457 388.978188 263.630819
34 35 43 0.842557 0.155926 0.001518 380.216933 244.840171
34 35 43 0.062520 0.515269 0.422211 396.495340 256.138563
34 35 43 0.686640 0.038483 0.274877 373.363586 254.855555
34 35 43 0.308653 0.610517 0.080830 396.755333 245.573619
34 35 43 0.902358 0.041605 0.056037 372.844846 243.759747
34 35 43 0.958631 0.011804 0.029565 370.030951 243.239976
34 35 43 0.797953 0.164271 0.037776 373.880994 244.249194
34 35 43 0.423202 0.079621 0.497177 372.267248 265.854340
34 35 43 0.780028 0.110870 0.109102 374.053315 247.212701
35 44 43 0.814707 0.118632 0.066661 412.345080 249.401544
35 44 43 0.633241 0.322349 0.044410 411.048648 258.552968
35 44 43 0.395457 0.052698 0.551845 389.938824 267.258362
35 44 43 0.233732 0.690091 0.076177 408.117408 276.049723
35 44 43 0.157913 0.271806 0.570281 383.625631 278.297341
35 44 43 0.191032 0.634086 0.174883 403.144263 274.743869
35 44 43 0.044378 0.228070 0.727551 380.295431 279.457523
35 44 43 0.548041 0.250590 0.201370 403.823880 257.744472
35 44 43 0.410172 0.174355 0.415473 388.755151 263.763889
35 44 43 0.925033 0.018243 0.056725 409.602065 246.071378
36 37 45 0.901837 0.053457 0.044707 100.607851 280.520204
36 37 45 0.183245 0.033660 0.783094 103.989849 298.313777
36 37 45 0.884832 0.046625 0.068543 97.260321 284.154640
36 37 45 0.239609 0.619311 0.141080 122.350503 283.985554
36 37 45 0.450074 0.251555 0.298370 111.620956 289.842112
36 37 45 0.057017 0.824206 0.118777 129.521266 281.024150
36 37 45 0.985609 0.005180 0.009211 93.568343 284.650676
36 37 45 0.406112 0.394292 0.199596 113.063896 282.146917
36 37 45 0.462686 0.238410 0.298904 107.254425 284.306035
36 37 45 0.663682 0.188312 0.148006 107.043414 281.126389
37 46 45 0.128727 0.849941 0.021332 141.232491 305.216733
37 46 45 0.997116 0.001516 0.001368 129.889813 276.372978
37 46 45 0.491097 0.144299 0.364605 120.763550 292.715714
37 46 45 0.151863 0.447316 0.400822 128.637844 305.455997
37 46 45 0.605792 0.072605 0.321604 124.989856 288.986077
37 46 45 0.922072 0.073109 0.004819 137.877024 280.963516
37 46 45 0.552327 0.167885 0.279787 128.215436 290.144948
37 46 45 0.958947 0.009991 0.031061 132.200372 277.539691
37 46 45 0.019832 0.175069 0.805099 109.891204 307.212902
37 46 45 0.188144 0.106851 0.705005 111.021327 302.631173
37 38 46 0.783301 0.164522 0.052177 135.823159 277.074385
37 38 46 0.547366 0.136853 0.315781 142.521556 285.955714
37 38 46 0.571038 0.389292 0.039670 144.399330 279.845100
37 38 46 0.046040 0.724888 0.229072 159.728341 288.253876
37 38 46 0.291011 0.591999 0.116990 153.759872 279.933957
37 38 46 0.588877 0.322019 0.089103 145.425893 279.848849
37 38 46 0.321726 0.519246 0.159028 152.609717 281.421261
37 38 46 0.701151 0.124124 0.174725 139.207316 285.880729
37 38 46 0.440148 0.037578 0.522274 140.901268 289.326721
37 38 46 0.127553 0.216984 0.655464 147.336543 299.115836
38 47 46 0.741534 0.156630 0.101836 164.814362 286.866281
38 47 46 0.341138 0.489195 0.169667 166.431734 300.260643
38 47 46 0.169677 0.415105 0.415218 160.814639 299.912778
38 47 46 0.675267 0.184053 0.140680 166.595807 285.687105
38 47 46 0.543309 0.190822 0.265869 164.181037 291.161785
38 47 46 0.676490 0.210363 0.113147 163.604491 287.802480
38 47 46 0.314506 0.596540 0.088954 167.405248 301.546975
38 47 46 0.356628 0.264146 0.379225 156.293061 300.153312
38 47 46 0.466460 0.442874 0.090665 166.806080 293.814407
38 47 46 0.623355 0.120145 0.256500 159.304239 291.637238
38 39 47 0.791981 0.190813 0.017206 175.145973 278.560710
38 39 47 0.172466 0.175093 0.652442 180.512774 296.964732
38 39 47 0.168795 0.423252 0.407953 186.837162 289.815692
38 39 47 0.416399 0.162462 0.421140 177.091582 291.190796
38 39 47 0.325714 0.256115 0.418171 181.611431 295.526572
38 39 47 0.095973 0.116957 0.787070 179.118927 305.058649
38 39 47 0.344128 0.019089 0.636783 177.153768 300.899059
38 39 47 0.354480 0.355098 0.290421 182.294927 285.323184
38 39 47 0.895731 0.003659 0.100610 169.019925 283.509368
38 39 47 0.610499 0.015823 0.373679 169.234309 294.128603
39 48 47 0.803452 0.000495 0.196053 199.981631 285.776448
39 48 47 0.962902 0.024402 0.012696 206.682593 284.985478
39 48 47 0.299097 0.118599 0.582304 189.410285 300.160892
39 48 47 0.067558 0.731396 0.201045 199.823230 311.711647
39 48 47 0.126640 0.610883 0.262478 200.509110 306.464812
39 48 47 0.259799 0.658446 0.081755 206.529914 301.886584
39 48 47 0.609815 0.333878 0.056307 207.496451 291.402210
39 48 47 0.277232 0.302983 0.419785 197.165441 300.438992
39 48 47 0.824994 0.011910 0.163096 196.530147 284.722673
39 48 47 0.687928 0.292705 0.019368 206.492426 289.027164
39 40 48 0.223903 0.384986 0.391111 220.516832 290.165926
39 40 48 0.976346 0.002682 0.020973 206.549736 283.972396
39 40 48 0.560787 0.237168 0.202045 213.403956 288.142825
39 40 48 0.323753 0.344482 0.331764 218.738453 292.941500
39 40 48 0.798872 0.054870 0.146257 209.531265 283.614831
39 40 48 0.108598 0.181789 0.709613 214.364299 303.818937
39 40 48 0.767885 0.095298 0.136817 212.029967 283.656608
39 40 48 0.714995 0.190631 0.094374 212.040835 284.797754
39 40 48 0.797258 0.097692 0.105050 210.908860 281.945322
39 40 48 0.940591 0.000205 0.059204 203.471126 282.903817
40 49 48 0.487685 0.260039 0.252277 237.170730 300.294578
40 49 48 0.781622 0.029191 0.189187 235.360023 287.754862
40 49 48 0.966702 0.008329 0.024969 243.559448 277.439542
40 49 48 0.376625 0.356023 0.267352 236.138070 301.750174
40 49 48 0.621664 0.333610 0.044726 243.187283 294.305565
40 49 48 0.435591 0.252890 0.311519 232.371033 297.707413
40 49 48 0.402171 0.227715 0.370113 233.226430 298.887622
40 49 48 0.533428 0.220618 0.245954 233.931471 297.246429
40 49 48 0.992982 0.003488 0.003530 245.185483 282.960867
40 49 48 0.221211 0.421574 0.357214 232.311015 302.700188
40 41 49 0.301310 0.457519 0.241171 262.770396 288.066628
40 41 49 0.919781 0.026142 0.054077 244.755755 283.464920
40 41 49 0.514627 0.313766 0.171607 257.564507 287.751335
40 41 49 0.756582 0.152110 0.091307 253.520227 281.003152
40 41 49 0.718966 0.251126 0.029908 255.529597 281.080457
40 41 49 0.040169 0.549188 0.410643 266.834305 293.423417
40 41 49 0.548199 0.162923 0.288878 248.671614 287.891310
40 41 49 0.944138 0.047267 0.008596 245.088117 278.787053
40 41 49 0.143338 0.425622 0.431040 259.847669 292.772274
40 41 49 0.895945 0.080148 0.023908 247.430271 282.456580
41 50 49 0.195803 0.541276 0.262921 273.504154 307.098437
41 50 49 0.553749 0.203001 0.243250 274.889395 293.377430
41 50 49 0.391589 0.071524 0.536887 262.119556 300.826610
41 50 49 0.233598 0.298566 0.467836 267.372011 303.504384
41 50 49 0.440545 0.280840 0.278615 275.823145 304.297457
41 50 49 0.491415 0.418233 0.090352 280.881125 295.329626
41 50 49 0.456931 0.382560 0.160509 276.721703 298.474305
41 50 49 0.886670 0.097307 0.016024 285.422057 285.360950
41 50 49 0.652792 0.014730 0.332478 274.881765 293.921142
41 50 49 0.348029 0.455689 0.196282 277.587309 302.667655
41 42 50 0.183737 0.642038 0.174225 308.943786 287.425640
41 42 50 0.777199 0.158610 0.064190 290.629062 283.640996
41 42 50 0.881104 0.072271 0.046625 287.643052 284.738571
41 42 50 0.184996 0.321065 0.493938 298.897343 297.042404
41 42 50 0.417110 0.087122 0.495768 289.783577 297.151524
41 42 50 0.036518 0.176480 0.787002 287.927507 308.748199
41 42 50 0.117041 0.603616 0.279344 308.339785 290.502819
41 42 50 0.239706 0.053874 0.706420 289.808680 304.774271
41 42 50 0.211787 0.682728 0.105485 314.826471 283.674107
41 42 50 0.413492 0.050980 0.535528 283.018860 298.993210
42 51 50 0.605299 0.174508 0.220193 314.988076 299.130618
42 51 50 0.364402 0.099977 0.535620 302.514864 301.963232
42 51 50 0.022295 0.417200 0.560505 303.688072 313.731689
42 51 50 0.903552 0.050341 0.046108 325.870605 285.035286
42 51 50 0.328905 0.658803 0.012292 325.726122 300.839485
42 51 50 0.919011 0.007707 0.073282 320.640523 286.107567
42 51 50 0.558805 0.167177 0.274019 315.772475 296.208518
42 51 50 0.927023 0.043266 0.029711 324.297874 281.991444
42 51 50 0.812321 0.034852 0.152828 321.637163 287.524550
42 51 50 0.402502 0.572395 0.025103 327.797325 300.967327
42 43 51 0.610714 0.330407 0.058879 343.407781 284.326953
42 43 51 0.868823 0.105432 0.025746 327.862542 278.902621
42 43 51 0.284573 0.682242 0.033185 355.365696 283.718408
42 43 51 0.629237 0.047103 0.323659 324.887798 291.864792
42 43 51 0.383118 0.442551 0.174332 342.472563 289.378936
42 43 51 0.105898 0.852266 0.041836 358.824642 283.752538
42 43 51 0.280199 0.128504 0.591297 329.993841 303.889144
42 43 51 0.638148 0.181822 0.180030 333.963790 286.058759
42 43 51 0.336378 0.125341 0.538282 331.177775 301.238156
42 43 51 0.964835 0.017521 0.017644 328.020990 283.617366
43 52 51 0.247281 0.420378 0.332340 348.104933 304.438157
43 52 51 0.200546 0.044381 0.755073 333.637659 306.802895
43 52 51 0.240630 0.564518 0.194852 358.037586 309.050311
43 52 51 0.713299 0.254096 0.032605 365.200560 289.085154
43 52 51 0.529544 0.368713 0.101743 363.765036 299.497103
43 52 51 0.986136 0.001511 0.012354 366.938193 285.117377
43 52 51 0.168530 0.491644 0.339826 352.747777 308.622497
43 52 51 0.559901 0.376016 0.064082 364.761922 292.642586
43 52 51 0.325914 0.361654 0.312432 354.344553 301.590645
43 52 51 0.862021 0.090217 0.047762 363.543137 287.233850
43 44 52 0.379179 0.444803 0.176018 386.899508 286.932296
43 44 52 0.196953 0.541731 0.261316 391.495046 291.891989
43 44 52 0.065089 0.211906 0.723005 368.674045 306.894359
43 44 52 0.660486 0.333219 0.006295 383.339574 285.000898
43 44 52 0.947399 0.049981 0.002620 371.640166 281.857131
43 44 52 0.538511 0.157854 0.303635 369.080016 291.536511
43 44 52 0.896192 0.000834 0.102974 368.230139 284.185528
43 44 52 0.158166 0.551963 0.289872 391.691970 293.585438
43 44 52 0.837555 0.068314 0.094131 369.097680 288.864771
43 44 52 0.299806 0.219071 0.481124 374.630185 300.963642
44 53 52 0.525535 0.346090 0.128375 403.879744 298.402541
44 53 52 0.217583 0.633299 0.149118 399.981795 307.596297
44 53 52 0.893994 0.005782 0.100224 405.332045 284.246745
44 53 52 0.998196 0.000868 0.000937 409.363774 285.515290
44 53 52 0.714316 0.039294 0.246389 401.633406 293.580055
44 53 52 0.624074 0.051041 0.324885 394.111522 295.554136
44 53 52 0.348613 0.020273 0.631114 375.968334 306.175644
44 53 52 0.758357 0.105663 0.135980 405.873808 295.259430
44 53 52 0.480119 0.068397 0.451484 389.600940 300.406023
44 53 52 0.149983 0.674079 0.175939 397.663995 311.212409
45 46 54 0.677502 0.014576 0.307923 109.230055 318.008973
45 46 54 0.513288 0.252057 0.234655 118.030260 312.870253
45 46 54 0.918812 0.059809 0.021378 103.371402 303.446165
45 46 54 0.308548 0.360762 0.330690 122.729302 318.295827
45 46 54 0.777871 0.221093 0.001036 110.768462 304.592024
45 46 54 0.163329 0.549153 0.287518 124.392644 314.788085
45 46 54 0.555023 0.199373 0.245604 114.123580 316.825230
45 46 54 0.291537 0.510514 0.197949 123.026130 312.494819
45 46 54 0.556446 0.438011 0.005544 121.279668 306.559188
45 46 54 0.199447 0.727597 0.072956 131.841438 311.297322
46 55 54 0.878186 0.025941 0.095873 138.955242 313.569047
46 55 54 0.593304 0.375200 0.031496 137.660840 318.446686
46 55 54 0.850962 0.046151 0.102887 134.366963 313.302673
46 55 54 0.856688 0.033771 0.109541 142.024223 312.404415
46 55 54 0.509710 0.464869 0.025421 141.187784 324.533635
46 55 54 0.482339 0.259642 0.258019 135.998065 323.219315
46 55 54 0.116896 0.487472 0.395631 131.901398 330.990171
46 55 54 0.712843 0.241770 0.045388 142.052567 315.402016
46 55 54 0.796324 0.008252 0.195424 139.891497 312.932376
46 55 54 0.542837 0.454668 0.002495 139.700753 318.382126
46 47 55 0.448036 0.280372 0.271592 150.808786 318.384522
46 47 55 0.328834 0.443277 0.227889 156.497712 316.849117
46 47 55 0.399313 0.435761 0.164925 156.969496 314.208998
46 47 55 0.281185 0.298577 0.420238 149.973499 318.695672
46 47 55 0.490215 0.202954 0.306830 151.071074 315.514649
46 47 55 0.998587 0.000077 0.001336 139.668274 308.261444
46 47 55 0.050264 0.908745 0.040991 174.080934 307.621348
46 47 55 0.287701 0.446804 0.265495 162.111246 317.634820
46 47 55 0.279603 0.355724 0.364673 152.708149 317.063477
46 47 55 0.881527 0.025901 0.092571 144.415418 308.008560
47 56 55 0.362991 0.289250 0.347759 168.269471 322.859838
47 56 55 0.991350 0.003890 0.004760 176.331664 308.329614
47 56 55 0.006917 0.348890 0.644193 154.706534 333.337155
47 56 55 0.835900 0.104782 0.059318 172.261108 313.344083
47 56 55 0.507071 0.428446 0.064483 177.328449 320.746397
47 56 55 0.036805 0.617365 0.345829 169.999942 333.466041
47 56 55 0.756737 0.031751 0.211512 166.710977 312.345853
47 56 55 0.947265 0.012885 0.039851 172.804734 311.890397
47 56 55 0.703865 0.099119 0.197017 168.626186 317.115058
47 56 55 0.506878 0.466910 0.026212 179.937224 323.950976
47 48 56 0.656086 0.258034 0.085880 185.100416 308.946182
47 48 56 0.106372 0.421176 0.472452 194.375958 325.474421
47 48 56 0.476575 0.204855 0.318570 184.996918 318.893382
47 48 56 0.466424 0.521006 0.012570 189.013753 312.375354
47 48 56 0.134788 0.730081 0.135130 200.449527 315.952717
47 48 56 0.178804 0.556744 0.264452 197.461675 317.329916
47 48 56 0.378492 0.565852 0.055656 190.023083 310.677067
47 48 56 0.255698 0.740354 0.003947 200.894884 312.148821
47 48 56 0.990632 0.004601 0.004767 178.675006 308.719591
47 48 56 0.984659 0.008047 0.007293 174.123742 310.199130
48 57 56 0.057811 0.903736 0.038453 207.830049 334.745290
48 57 56 0.007533 0.919960 0.072508 212.434828 336.394305
48 57 56 0.980825 0.002433 0.016742 209.943192 311.431513
48 57 56 0.835091 0.126961 0.037948 209.620176 314.149196
48 57 56 0.116682 0.169748 0.713570 192.195340 336.691282
48 57 56 0.181536 0.345752 0.472712 194.147093 331.938032
48 57 56 0.913389 0.034850 0.051761 209.012515 316.967950
48 57 56 0.499733 0.436642 0.063625 208.544469 322.352325
48 57 56 0.306615 0.057814 0.635571 191.736938 326.736835
48 57 56 0.214595 0.357272 0.428133 198.292741 331.052374
48 49 57 0.205645 0.437410 0.356945 228.115269 320.159802
48 49 57 0.962543 0.019100 0.018357 209.715179 311.471183
48 49 57 0.324738 0.475942 0.199320 228.129080 314.149610
48 49 57 0.406873 0.489860 0.103267 229.457922 311.177029
48 49 57 0.807180 0.021398 0.171422 211.077296 314.521763
48 49 57 0.394585 0.204115 0.401300 215.971196 322.088414
48 49 57 0.004594 0.653267 0.342139 234.286960 322.406775
48 49 57 0.995543 0.003306 0.001151 210.896761 312.636267
48 49 57 0.195761 0.542069 0.262170 227.576984 315.243718
48 49 57 0.793862 0.195416 0.010723 213.370404 312.171104
49 58 57 0.236677 0.430696 0.332627 233.620164 331.009058
49 58 57 0.586907 0.289700 0.123393 240.648773 320.489849
49 58 57 0.688988 0.275994 0.035018 248.973419 320.058365
49 58 57 0.386860 0.168503 0.444637 232.940064 327.464030
49 58 57 0.264687 0.072303 0.663010 227.031100 328.592984
49 58 57 0.193501 0.797649 0.008849 243.126776 332.794203
49 58 57 0.359502 0.262384 0.378114 238.037710 327.233760
49 58 57 0.014037 0.367652 0.618311 230.277706 336.584238
49 58 57 0.973775 0.008043 0.018183 246.715045 311.108357
49 58 57 0.652127 0.160042 0.187831 241.753958 322.407031
49 50 58 0.424090 0.275123 0.300787 258.642323 322.030363
49 50 58 0.392473 0.275564 0.331963 258.443773 326.760808
49 50 58 0.750304 0.069593 0.180103 246.169497 316.189433
49 50 58 0.117246 0.136239 0.746515 254.781596 331.894675
49 50 58 0.114934 0.541163 0.343903 271.354997 319.816375
49 50 58 0.004530 0.503942 0.491528 268.403331 325.059630
49 50 58 0.668910 0.005121 0.325970 248.420168 318.683288
49 50 58 0.501121 0.042396 0.456483 249.076657 324.526634
49 50 58 0.589120 0.083221 0.327660 249.726846 320.827300
49 50 58 0.578762 0.347131 0.074107 257.744034 312.930430
50 59 58 0.904555 0.076608 0.018837 285.873670 317.751650
50 59 58 0.504078 0.249517 0.246405 274.574106 326.111523
50 59 58 0.071386 0.048177 0.880436 250.851968 336.826045
50 59 58 0.329170 0.557152 0.113678 278.887000 327.907261
50 59 58 0.477257 0.396898 0.125845 282.558356 324.914660
50 59 58 0.104136 0.002494 0.893369 256.171128 337.259364
50 59 58 0.437172 0.448165 0.114663 275.331764 331.499170
50 59 58 0.320505 0.656265 0.023230 285.462199 332.882744
50 59 58 0.365216 0.019075 0.615709 268.118848 331.547661
50 59 58 0.693699 0.059506 0.246794 277.970476 321.580032
50 51 59 0.348979 0.482471 0.168550 303.207236 315.891894
50 51 59 0.560860 0.178626 0.260514 288.991929 323.688446
50 51 59 0.451828 0.114018 0.434154 286.364046 326.272998
50 51 59 0.836179 0.095291 0.068530 288.408134 315.131900
50 51 59 0.646975 0.163377 0.189648 292.047232 317.346765
50 51 59 0.210033 0.067143 0.722824 286.084734 336.159914
50 51 59 0.323773 0.301005 0.375222 295.672796 326.562667
50 51 59 0.126800 0.010668 0.862533 284.692836 335.084508
50 51 59 0.609682 0.024567 0.365751 283.989197 319.891516
50 51 59 0.929330 0.024276 0.046394 284.012161 313.228713
51 60 59 0.796189 0.012458 0.191352 315.944004 318.867699
51 60 59 0.748121 0.156925 0.094954 318.099392 320.932331
51 60 59 0.226951 0.221932 0.551117 301.935184 336.605787
51 60 59 0.739126 0.212982 0.047892 324.708005 320.929134
51 60 59 0.699538 0.042203 0.258259 313.599032 322.962012
51 60 59 0.358831 0.539010 0.102159 320.843099 332.804165
51 60 59 0.957416 0.016405 0.026179 324.203433 317.819699
51 60 59 0.521658 0.229785 0.248557 315.073819 328.565673
51 60 59 0.665787 0.034401 0.299812 311.010200 324.242494
51 60 59 0.569451 0.200587 0.229962 312.411098 325.922711
51 52 60 0.500383 0.320893 0.178723 338.499919 320.871364
51 52 60 0.207537 0.334962 0.457501 335.670073 328.020691
51 52 60 0.270693 0.454003 0.275305 341.745271 322.210210
51 52 60 0.727595 0.236484 0.035921 333.526169 318.616701
51 52 60 0.587701 0.201283 0.211016 332.931387 322.709032
51 52 60 0.031190 0.213375 0.755435 329.915468 335.137910
51 52 60 0.130898 0.863352 0.005750 354.080697 313.976083
51 52 60 0.730250 0.124362 0.145387 329.775562 319.676040
51 52 60 0.450567 0.403031 0.146402 335.870366 321.723803
51 52 60 0.575502 0.249875 0.174623 334.565170 316.574969
52 61 60 0.254361 0.406061 0.339578 347.795534 336.249107
52 61 60 0.773884 0.060871 0.165245 354.296101 321.280976
52 61 60 0.207476 0.056679 0.735846 329.931012 339.168300
52 61 60 0.048616 0.636976 0.314407 343.115556 339.363506
52 61 60 0.343429 0.226140 0.430431 342.657180 337.015445
52 61 60 0.352082 0.295595 0.352324 346.661081 334.288029
52 61 60 0.309664 0.431534 0.258802 349.059717 337.560456
52 61 60 0.243252 0.591917 0.164831 350.810879 338.724897
52 61 60 0.524926 0.039487 0.435587 344.353496 329.132651
52 61 60 0.502255 0.408527 0.089218 359.536781 332.175360
52 53 61 0.366521 0.347362 0.286117 374.916313 331.545798
52 53 61 0.579512 0.045172 0.375316 362.929967 328.215338
52 53 61 0.675396 0.144359 0.180246 364.957764 322.340745
52 53 61 0.186658 0.396485 0.416857 373.634216 329.076739
52 53 61 0.101179 0.314478 0.584344 374.331275 335.770353
52 53 61 0.461435 0.375460 0.163105 378.121442 321.267060
52 53 61 0.398047 0.330267 0.271685 373.565221 326.169338
52 53 61 0.951586 0.027273 0.021140 361.836697 318.553618
52 53 61 0.473637 0.419763 0.106600 381.084577 319.346375
52 53 61 0.968055 0.021465 0.010481 364.051947 314.843836
53 62 61 0.140895 0.141994 0.717111 370.630310 340.429066
53 62 61 0.766841 0.231239 0.001920 405.965904 321.287255
53 62 61 0.319660 0.006156 0.674184 373.540155 338.774400
53 62 61 0.468661 0.095071 0.436268 382.272066 333.498284
53 62 61 0.749462 0.007223 0.243315 391.245870 323.776819
53 62 61 0.562107 0.057201 0.380692 383.873770 331.175315
53 62 61 0.974708 0.000014 0.025279 404.048035 315.917995
53 62 61 0.280392 0.460122 0.259485 389.455795 336.672430
53 62 61 0.731071 0.190447 0.078481 397.954978 327.556436
53 62 61 0.711348 0.205237 0.083415 399.560712 326.169014
54 55 63 0.597978 0.016400 0.385622 117.538339 345.859040
54 55 63 0.649587 0.191008 0.159405 120.084445 341.297285
54 55 63 0.004342 0.472368 0.523290 129.711445 347.830322
54 55 63 0.396832 0.428282 0.174886 125.492651 338.023525
54 55 63 0.578981 0.309217 0.111802 127.122468 339.652387
54 55 63 0.807273 0.138609 0.054118 118.041996 336.539384
54 55 63 0.551592 0.233833 0.214575 119.710079 339.666422
54 55 63 0.852567 0.047180 0.100253 115.403648 336.063236
54 55 63 0.584634 0.312220 0.103146 125.813654 341.072087
54 55 63 0.041546 0.766332 0.192122 141.730427 338.145447
55 64 63 0.946863 0.040946 0.012191 147.244301 333.890339
55 64 63 0.228605 0.484182 0.287213 144.096413 351.058148
55 64 63 0.041876 0.715334 0.242789 146.123329 362.733373
55 64 63 0.648984 0.234312 0.116704 148.613202 344.924812
55 64 63 0.923506 0.043532 0.032962 148.135508 337.981215
55 64 63 0.220401 0.501639 0.277959 141.578983 356.954287
55 64 63 0.416544 0.168538 0.414918 139.928251 350.313513
55 64 63 0.852065 0.013959 0.133975 140.135490 342.167733
55 64 63 0.071547 0.082312 0.846142 126.750379 361.734689
55 64 63 0.199142 0.512288 0.288570 145.725973 359.037859
55 56 64 0.134210 0.015251 0.850539 149.227361 356.574758
55 56 64 0.671916 0.237403 0.090681 154.682270 337.481780
55 56 64 0.844022 0.053607 0.102370 145.213210 336.945764
55 56 64 0.703053 0.141356 0.155591 152.395282 339.623215
55 56 64 0.290530 0.706284 0.003186 171.909183 333.382545
55 56 64 0.498499 0.473867 0.027634 162.058604 341.674887
55 56 64 0.160503 0.137300 0.702197 155.132887 353.336033
55 56 64 0.246966 0.454412 0.298622 160.893387 342.096077
55 56 64 0.033106 0.126471 0.840424 155.339552 356.945165
55 56 64 0.241874 0.016901 0.741225 147.142457 356.236031
56 65 64 0.012429 0.375037 0.612534 168.164722 361.939631
56 65 64 0.368163 0.358279 0.273557 178.050855 352.200664
56 65 64 0.085596 0.070740 0.843663 157.390394 359.041712
56 65 64 0.356151 0.340897 0.302952 168.734755 354.088544
56 65 64 0.031506 0.283833 0.684661 161.745875 360.302774
56 65 64 0.329685 0.324266 0.346049 174.711284 356.114383
56 65 64 0.503468 0.320904 0.175628 179.809758 346.558682
56 65 64 0.917112 0.024215 0.058673 180.950657 339.938923
56 65 64 0.200098 0.575568 0.224334 176.839896 356.260074
56 65 64 0.390143 0.270960 0.338897 175.205816 351.755808
56 57 65 0.980152 0.001043 0.018805 181.091643 339.313643
56 57 65 0.956583 0.008076 0.035342 183.945979 339.320078
56 57 65 0.632660 0.177947 0.189393 186.687057 343.397528
56 57 65 0.890019 0.040478 0.069504 188.959407 336.895839
56 57 65 0.763534 0.073880 0.162585 186.854767 341.984581
56 57 65 0.908216 0.015274 0.076509 185.334999 343.958954
56 57 65 0.650996 0.320553 0.028452 196.082138 335.927681
56 57 65 0.165211 0.136770 0.698019 188.217481 351.026086
56 57 65 0.318442 0.639993 0.041565 202.866785 336.710863
56 57 65 0.551537 0.424415 0.024049 196.781761 337.484112
57 66 65 0.173413 0.259914 0.566674 200.302229 357.863531
57 66 65 0.214507 0.091564 0.693929 195.055267 353.645933
57 66 65 0.087559 0.356319 0.556121 201.195433 359.216637
57 66 65 0.617452 0.171609 0.210939 211.522910 347.384393
57 66 65 0.204837 0.175059 0.620104 196.878042 356.439395
57 66 65 0.429583 0.093387 0.477030 201.704561 348.389455
57 66 65 0.952936 0.024380 0.022685 215.532334 332.892217
57 66 65 0.650939 0.161132 0.187929 210.430385 346.829618
57 66 65 0.971700 0.026528 0.001772 216.740525 336.335230
57 66 65 0.927981 0.066984 0.005035 215.178832 335.797012
57 58 66 0.442635 0.040006 0.517359 214.368567 351.167673
57 58 66 0.265353 0.407164 0.327483 229.489341 345.506301
57 58 66 0.915241 0.081095 0.003664 219.984489 333.801703
57 58 66 0.829972 0.038962 0.131066 214.016754 338.891312
57 58 66 0.477388 0.354734 0.167878 228.817545 344.714780
57 58 66 0.414033 0.527650 0.058317 231.899096 343.922071
57 58 66 0.088875 0.430380 0.480745 232.924239 351.101547
57 58 66 0.764242 0.121605 0.114153 218.946636 338.182245
57 58 66 0.988453 0.011205 0.000342 217.957360 340.138325
57 58 66 0.618864 0.146973 0.234163 220.871190 346.009168
58 67 66 0.997786 0.002002 0.000212 246.458255 337.616570
58 67 66 0.113650 0.673884 0.212466 241.907716 362.654497
58 67 66 0.436060 0.449469 0.114470 244.916085 351.612488
58 67 66 0.341098 0.293114 0.365788 239.854278 354.440271
58 67 66 0.490247 0.208427 0.301326 240.367846 354.395586
58 67 66 0.624142 0.193348 0.182510 246.169243 345.819106
58 67 66 0.794665 0.001153 0.204181 242.996373 341.639573
58 67 66 0.906358 0.035660 0.057982 245.847066 341.703134
58 67 66 0.929262 0.020629 0.050109 241.931884 340.058626
58 67 66 0.523154 0.101545 0.375302 237.439955 351.265734
58 59 67 0.142267 0.297843 0.559890 261.686066 351.928549
58 59 67 0.105006 0.080868 0.814126 256.810554 361.047460
58 59 67 0.495075 0.068140 0.436785 253.452119 350.142035
58 59 67 0.338672 0.631752 0.029576 271.242993 337.034050
58 59 67 0.808221 0.039912 0.151867 256.208067 343.467158
58 59 67 0.004915 0.854656 0.140429 278.554071 339.918356
58 59 67 0.286764 0.048993 0.664243 249.394319 356.464027
58 59 67 0.845809 0.125689 0.028502 253.000493 342.436399
58 59 67 0.064941 0.347364 0.587695 265.784204 355.200046
58 59 67 0.843665 0.129764 0.026571 253.872054 338.900457
59 68 67 0.871406 0.056957 0.071637 282.589327 343.312702
59 68 67 0.588812 0.203068 0.208120 276.303716 350.790441
59 68 67 0.063120 0.434527 0.502353 267.144839 364.116499
59 68 67 0.830531 0.082501 0.086968 282.461580 344.484209
59 68 67 0.540744 0.117751 0.341505 275.548082 353.790008
59 68 67 0.859558 0.055729 0.084713 286.242483 340.829607
59 68 67 0.269798 0.555855 0.174348 278.669653 356.763812
59 68 67 0.023854 0.711831 0.264315 273.044924 362.035983
59 68 67 0.528588 0.183307 0.288104 276.665012 352.018731
59 68 67 0.552545 0.239110 0.208345 275.135349 350.999132
59 60 68 0.867351 0.122935 0.009713 291.062350 340.290558
59 60 68 0.075882 0.459228 0.464890 303.647276 353.391276
59 60 68 0.902724 0.008533 0.088743 284.864038 338.751934
59 60 68 0.443997 0.076188 0.479815 291.148133 351.731483
59 60 68 0.777331 0.208772 0.013897 291.133534 340.330168
59 60 68 0.354577 0.628617 0.016805 306.436340 342.038948
59 60 68 0.372019 0.566639 0.061341 303.579540 343.458309
59 60 68 0.876296 0.109335 0.014368 289.224097 340.537690
59 60 68 0.667253 0.132367 0.200380 288.622367 341.654506
59 60 68 0.810357 0.177919 0.011724 290.599252 339.139391
60 69 68 0.609107 0.206993 0.183899 316.515608 352.453843
60 69 68 0.873502 0.077723 0.048776 318.810606 341.904741
60 69 68 0.510066 0.048950 0.440984 303.131159 355.578657
60 69 68 0.921614 0.052731 0.025655 319.738132 344.017645
60 69 68 0.041370 0.422622 0.536008 300.027322 365.938161
60 69 68 0.748553 0.249033 0.002414 320.883226 347.287436
60 69 68 0.987964 0.005028 0.007008 320.534628 341.599601
60 69 68 0.737868 0.093124 0.169008 311.398076 348.313965
60 69 68 0.446598 0.540090 0.013312 320.201297 354.985652
60 69 68 0.604524 0.305734 0.089741 316.660574 350.200361
60 61 69 0.205095 0.637397 0.157508 344.938606 345.857482
60 61 69 0.009350 0.298827 0.691823 325.188661 362.178564
60 61 69 0.155085 0.312365 0.532550 327.429657 356.083034
60 61 69 0.836778 0.123320 0.039902 326.225709 342.891842
60 61 69 0.752412 0.157915 0.089673 327.121537 347.221801
60 61 69 0.898361 0.078448 0.023191 323.237363 342.386138
60 61 69 0.092597 0.566519 0.340885 341.755851 351.610274
60 61 69 0.054344 0.388348 0.557307 331.363032 359.029523
60 61 69 0.993912 0.003530 0.002558 321.660673 345.043339
60 61 69 0.982472 0.008174 0.009353 323.459979 343.435004
61 70 69 0.205929 0.371968 0.422103 338.475949 366.581849
61 70 69 0.300598 0.243594 0.455809 342.374339 359.370551
61 70 69 0.432722 0.031050 0.536228 336.310579 359.794566
61 70 69 0.376921 0.110505 0.512574 337.144020 360.747505
61 70 69 0.434903 0.518607 0.046490 354.625423 362.587840
61 70 69 0.497169 0.081056 0.421775 344.130041 359.806259
61 70 69 0.823026 0.095731 0.081243 355.458641 351.356374
61 70 69 0.563175 0.431624 0.005201 356.496981 356.087459
61 70 69 0.305919 0.153063 0.541018 339.422558 362.872560
61 70 69 0.564000 0.005378 0.430622 340.874064 357.107134
61 62 70 0.491486 0.504234 0.004280 380.495979 347.393254
61 62 70 0.079620 0.324966 0.595413 367.382887 362.559200
61 62 70 0.718979 0.188616 0.092405 366.618498 350.433733
61 62 70 0.199672 0.557372 0.242956 380.441712 349.335511
61 62 70 0.059463 0.794973 0.145564 392.376364 352.710382
61 62 70 0.462394 0.366897 0.170710 370.240551 347.679949
61 62 70 0.332982 0.211837 0.455181 364.630470 356.429177
61 62 70 0.927494 0.002561 0.069945 358.053154 350.847162
61 62 70 0.003571 0.740090 0.256338 387.195487 350.187853
61 62 70 0.117439 0.677860 0.204701 387.431909 351.311073
62 71 70 0.343810 0.212150 0.444040 378.656284 362.487912
62 71 70 0.609481 0.022356 0.368164 380.884195 356.676039
62 71 70 0.063229 0.904693 0.032078 395.378739 370.721846
62 71 70 0.793742 0.189083 0.017176 396.635967 353.403910
62 71 70 0.218637 0.744708 0.036655 390.544398 365.419851
62 71 70 0.867273 0.102060 0.030667 399.087237 348.626651
62 71 70 0.300053 0.044796 0.655151 371.757454 362.652067
62 71 70 0.538980 0.001089 0.459931 377.048105 353.508124
62 71 70 0.228497 0.376700 0.394803 375.034755 365.734858
62 71 70 0.387942 0.256548 0.355510 381.739014 360.413151
63 64 72 0.749960 0.137849 0.112191 124.216859 364.567855
63 64 72 0.983773 0.009732 0.006495 119.271866 359.544872
63 64 72 0.702037 0.004387 0.293577 122.215913 367.288927
63 64 72 0.173783 0.694536 0.131682 148.701695 367.423563
63 64 72 0.740545 0.223160 0.036295 126.799706 367.941012
63 64 72 0.378108 0.114057 0.507835 127.449167 375.542289
63 64 72 0.192260 0.659924 0.147816 142.659167 362.284521
63 64 72 0.041814 0.542739 0.415446 143.030505 370.614108
63 64 72 0.224069 0.235605 0.540326 130.701271 377.075472
63 64 72 0.238665 0.320789 0.440546 134.349074 368.661941
64 73 72 0.901779 0.061169 0.037052 151.997751 363.448361
64 73 72 0.263739 0.724224 0.012036 160.301416 377.084530
64 73 72 0.696656 0.124275 0.179069 146.596050 369.648438
64 73 72 0.899802 0.093181 0.007016 152.942232 360.656077
64 73 72 0.907976 0.067985 0.024040 152.188165 363.063549
64 73 72 0.155514 0.506711 0.337775 146.970397 381.271571
64 73 72 0.673635 0.183938 0.142427 149.711407 367.820938
64 73 72 0.903499 0.008879 0.087622 148.417084 362.193930
64 73 72 0.082563 0.626960 0.290477 148.342307 383.330825
64 73 72 0.632909 0.322741 0.044349 157.047354 369.993765
64 65 73 0.682142 0.292592 0.025266 160.350322 361.524748
64 65 73 0.482702 0.491895 0.025403 167.489250 361.299963
64 65 73 0.862003 0.063558 0.074439 158.696223 361.652424
64 65 73 0.171823 0.235091 0.593086 165.014139 377.134589
64 65 73 0.475277 0.426369 0.098354 167.100667 362.869929
64 65 73 0.796966 0.010589 0.192445 152.111749 369.428068
64 65 73 0.512183 0.272771 0.215046 162.574185 365.224723
64 65 73 0.464881 0.314789 0.220331 164.285517 365.985359
64 65 73 0.566303 0.168566 0.265131 159.362001 365.830419
64 65 73 0.708252 0.075339 0.216409 156.936756 364.802511
65 74 73 0.593892 0.297982 0.108126 187.081619 372.682272
65 74 73 0.354439 0.406795 0.238765 182.699236 375.532471
65 74 73 0.735772 0.040275 0.223953 179.563231 366.872392
65 74 73 0.516488 0.476553 0.006959 186.568235 374.964407
65 74 73 0.298036 0.489327 0.212636 183.022551 379.993995
65 74 73 0.001199 0.632938 0.365863 178.289455 384.447753
65 74 73 0.209992 0.484755 0.305254 179.917202 381.954947
65 74 73 0.208307 0.753493 0.038200 193.185599 379.132276
65 74 73 0.222412 0.393912 0.383677 181.831933 376.290619
65 74 73 0.474562 0.084570 0.440869 171.521458 372.544972
65 66 74 0.816090 0.126445 0.057466 188.860826 362.729229
65 66 74 0.107116 0.612600 0.280285 204.684263 367.541634
65 66 74 0.525654 0.164905 0.309441 195.769246 365.516022
65 66 74 0.579620 0.252214 0.168166 195.386866 368.819127
65 66 74 0.155971 0.351605 0.492425 198.564210 374.869723
65 66 74 0.505051 0.240206 0.254743 197.552806 368.011706
65 66 74 0.265778 0.035855 0.698367 188.754053 376.062300
65 66 74 0.222229 0.402052 0.375719 201.606688 367.563403
65 66 74 0.655701 0.171729 0.172570 191.283760 364.754774
65 66 74 0.719265 0.255687 0.025048 196.872637 361.910750
66 75 74 0.358848 0.047208 0.593944 204.447582 377.381917
66 75 74 0.529925 0.145272 0.324804 208.470248 372.905691
66 75 74 0.953206 0.026088 0.020706 217.034675 363.279479
66 75 74 0.608403 0.273006 0.118591 215.674881 372.566880
66 75 74 0.421629 0.136802 0.441569 206.128077 376.669735
66 75 74 0.552650 0.421483 0.025867 220.446791 370.791209
66 75 74 0.088777 0.455314 0.455908 205.960147 381.553133
66 75 74 0.783119 0.043446 0.173436 215.376413 369.090279
66 75 74 0.391563 0.005868 0.602569 202.880884 373.768397
66 75 74 0.347901 0.283431 0.368668 209.665572 374.846170
66 67 75 0.458120 0.006032 0.535847 219.181904 374.968498
66 67 75 0.148704 0.045089 0.806207 222.000587 381.463684
66 67 75 0.584475 0.335742 0.079783 229.259012 363.625399
66 67 75 0.069845 0.914798 0.015357 247.365912 364.122936
66 67 75 0.407934 0.085625 0.506440 221.265051 373.500355
66 67 75 0.160081 0.545839 0.294080 236.837010 368.404575
66 67 75 0.914617 0.008759 0.076624 219.827242 362.278368
66 67 75 0.492619 0.477027 0.030354 236.954150 362.391766
66 67 75 0.980335 0.018224 0.001440 220.887450 361.628627
66 67 75 0.106241 0.539471 0.354288 238.951282 371.624924
67 76 75 0.826086 0.056421 0.117493 250.427907 371.410567
67 76 75 0.003641 0.132775 0.863584 228.719433 385.889388
67 76 75 0.592227 0.280370 0.127403 248.354119 370.768390
67 76 75 0.746862 0.094923 0.158215 247.264038 372.896803
67 76 75 0.636676 0.188419 0.174905 245.398922 372.093573
67 76 75 0.060488 0.843986 0.095527 249.602534 385.556411
67 76 75 0.439845 0.070349 0.489806 239.518576 377.807608
67 76 75 0.194346 0.537121 0.268533 248.113613 377.323790
67 76 75 0.609728 0.137497 0.252775 246.530286 371.399941
67 76 75 0.294369 0.674379 0.031252 248.728134 377.558601
67 68 76 0.581344 0.188933 0.229723 256.449208 366.354723
67 68 76 0.399318 0.039447 0.561235 252.398340 374.791930
67 68 76 0.411527 0.064582 0.523891 255.582154 376.217680
67 68 76 0.706389 0.232127 0.061484 260.358239 365.770215
67 68 76 0.375316 0.257140 0.367544 261.908394 375.991897
67 68 76 0.087966 0.055386 0.856648 257.064275 382.916821
67 68 76 0.802283 0.062900 0.134817 256.384287 366.392944
67 68 76 0.644597 0.141355 0.214048 251.877532 369.777688
67 68 76 0.672294 0.005002 0.322704 251.849510 373.112930
67 68 76 0.918609 0.027014 0.054378 250.043152 366.882108
68 77 76 0.209981 0.123971 0.666047 259.795016 381.775077
68 77 76 0.339066 0.324035 0.336899 271.705166 375.487816
68 77 76 0.296680 0.111914 0.591406 265.508115 380.083432
68 77 76 0.115225 0.759450 0.125325 280.682730 382.449652
68 77 76 0.166103 0.527372 0.306525 275.785533 382.805334
68 77 76 0.922153 0.013891 0.063956 284.304258 370.875083
68 77 76 0.075353 0.788287 0.136360 276.336167 379.280572
68 77 76 0.598853 0.051460 0.349687 273.589389 377.617263
68 77 76 0.830348 0.021922 0.147731 277.534454 367.725717
68 77 76 0.053907 0.838112 0.107981 280.783521 386.246504
68 69 77 0.814611 0.155993 0.029396 292.148796 367.775756
68 69 77 0.133206 0.619645 0.247150 307.595650 374.687551
68 69 77 0.055413 0.491983 0.452605 297.087065 375.061866
68 69 77 0.019443 0.026524 0.954033 282.463434 384.967234
68 69 77 0.629789 0.354788 0.015423 294.323168 369.319847
68 69 77 0.956250 0.020428 0.023322 286.643796 366.651219
68 69 77 0.699421 0.168477 0.132102 293.216755 370.044849
68 69 77 0.405537 0.274365 0.320098 292.799716 374.477187
68 69 77 0.258396 0.099659 0.641944 288.156469 378.526884
68 69 77 0.606439 0.309065 0.084496 298.310899 367.950385
69 78 77 0.102575 0.426961 0.470464 302.237792 381.528220
69 78 77 0.476668 0.238620 0.284712 307.414516 376.015866
69 78 77 0.301258 0.541385 0.157358 314.031209 385.967337
69 78 77 0.279245 0.395266 0.325490 304.775603 388.424611
69 78 77 0.404670 0.384663 0.210667 314.571910 382.029626
69 78 77 0.305497 0.423862 0.270641 310.191928 382.275350
69 78 77 0.405239 0.196679 0.398083 305.445701 382.494720
69 78 77 0.452150 0.412930 0.134920 311.156176 377.794448
69 78 77 0.994655 0.001067 0.004278 320.285488 364.416660
69 78 77 0.020241 0.127222 0.852537 289.903968 385.811940
69 70 78 0.594703 0.352796 0.052501 331.457077 374.178598
69 70 78 0.828134 0.116406 0.055461 322.779740 368.310106
69 70 78 0.066622 0.411424 0.521954 334.173553 379.717612
69 70 78 0.435494 0.335865 0.228640 328.830654 378.544925
69 70 78 0.194554 0.656775 0.148671 346.166051 370.821452
69 70 78 0.778344 0.182143 0.039514 322.718945 370.965942
69 70 78 0.601877 0.064663 0.333459 318.439822 377.738375
69 70 78 0.381808 0.059313 0.558880 321.788513 378.947544
69 70 78 0.176539 0.076663 0.746798 322.506155 382.491816
69 70 78 0.461263 0.180559 0.358178 326.389050 378.733458
70 79 78 0.592326 0.146691 0.260983 346.471483 379.700821
70 79 78 0.817026 0.028660 0.154313 349.241382 376.208318
70 79 78 0.539462 0.043131 0.417407 340.422412 377.958262
70 79 78 0.240174 0.339047 0.420779 339.689998 386.968173
70 79 78 0.747143 0.024530 0.228327 346.580306 377.723864
70 79 78 0.789260 0.051920 0.158820 349.583640 370.214288
70 79 78 0.447381 0.012521 0.540097 336.212547 383.395429
70 79 78 0.461191 0.424389 0.114420 349.646341 384.256072
70 79 78 0.786897 0.126887 0.086216 353.805455 377.439433
70 79 78 0.471881 0.262172 0.265946 345.501492 382.766427
70 71 79 0.406053 0.544218 0.049729 376.951459 373.033824
70 71 79 0.570247 0.045094 0.384659 356.639393 376.637240
70 71 79 0.494168 0.344192 0.161641 367.019088 374.199689
70 71 79 0.016617 0.120200 0.863184 359.128263 392.219392
70 71 79 0.355223 0.360678 0.284098 367.446973 378.573176
70 71 79 0.402566 0.378791 0.218643 367.990042 377.774282
70 71 79 0.347579 0.608654 0.043766 378.904334 369.363450
70 71 79 0.299257 0.637583 0.063160 375.390375 375.702476
70 71 79 0.341226 0.375149 0.283625 367.729002 380.657243
70 71 79 0.574209 0.322716 0.103075 367.937365 374.418999
71 80 79 0.295492 0.326660 0.377848 377.215951 389.196510
71 80 79 0.367454 0.451998 0.180548 384.185267 388.618407
71 80 79 0.628423 0.019124 0.352453 378.684816 384.750704
71 80 79 0.673624 0.037369 0.289007 380.030635 380.809887
71 80 79 0.729183 0.193917 0.076899 386.552192 381.836789
71 80 79 0.906103 0.015655 0.078242 392.185538 378.755034
71 80 79 0.994811 0.001498 0.003692 393.655393 377.801641
71 80 79 0.130442 0.239822 0.629736 364.343024 386.885537
71 80 79 0.208920 0.539858 0.251223 376.898403 390.100394
71 80 79 0.187143 0.754949 0.057908 387.788855 392.524700
