0 1 9 0.203904 0.605149 0.190947 112.570936 148.611144
0 1 9 0.535204 0.442782 0.022014 107.198912 149.915332
0 1 9 0.971994 0.023277 0.004729 92.018223 143.526584
0 1 9 0.365499 0.241455 0.393045 98.112600 152.848211
0 1 9 0.588004 0.026635 0.385361 85.748797 151.396125
0 1 9 0.375167 0.064880 0.559953 88.602973 156.719738
0 1 9 0.917363 0.034381 0.048257 91.191412 147.744074
0 1 9 0.408238 0.183046 0.408716 90.713664 150.649834
0 1 9 0.825013 0.027768 0.147219 89.810477 151.860077
0 1 9 0.422072 0.108639 0.469290 89.463017 155.537261
1 10 9 0.982978 0.003381 0.013641 126.789134 147.753647
1 10 9 0.403828 0.347591 0.248581 116.340010 159.063511
1 10 9 0.262264 0.654890 0.082846 122.532445 160.821325
1 10 9 0.951588 0.005537 0.042875 121.217092 145.567097
1 10 9 0.472646 0.078640 0.448714 106.534901 156.907138
1 10 9 0.979805 0.010872 0.009323 129.090428 147.171556
1 10 9 0.517696 0.363531 0.118773 121.949073 153.752702
1 10 9 0.022835 0.731460 0.245705 113.635316 167.144552
1 10 9 0.459857 0.179981 0.360162 111.973000 151.671095
1 10 9 0.777583 0.049924 0.172493 118.615225 149.222796
1 2 10 0.587660 0.358077 0.054263 143.014584 146.869021
1 2 10 0.541192 0.451403 0.007405 146.269777 148.127768
1 2 10 0.831269 0.078835 0.089896 136.831707 147.827903
1 2 10 0.926201 0.011986 0.061812 130.833102 144.073550
1 2 10 0.238035 0.756372 0.005593 156.220862 149.391422
1 2 10 0.093007 0.629745 0.277248 148.759748 152.202496
1 2 10 0.360154 0.339418 0.300428 139.300983 147.737186
1 2 10 0.308029 0.269384 0.422587 134.808020 151.433893
1 2 10 0.256966 0.260412 0.482622 136.255861 152.207332
1 2 10 0.068965 0.896027 0.035008 161.213555 144.896057
2 11 10 0.479629 0.507833 0.012537 161.262232 158.608203
2 11 10 0.144292 0.286145 0.569563 141.329165 162.238172
2 11 10 0.865863 0.017111 0.117027 163.390621 148.422112
2 11 10 0.340477 0.299875 0.359648 148.138238 158.118144
2 11 10 0.571653 0.242112 0.186235 155.635788 156.534814
2 11 10 0.356816 0.496343 0.146842 159.552316 156.239835
2 11 10 0.123377 0.110019 0.766604 130.112356 165.668758
2 11 10 0.060304 0.167892 0.771804 130.237747 164.679689
2 11 10 0.735465 0.021650 0.242886 154.250720 151.541941
2 11 10 0.894668 0.016420 0.088912 160.425618 146.643616
2 3 11 0.969115 0.008050 0.022835 166.213021 145.614461
2 3 11 0.853917 0.126613 0.019469 169.732016 145.432029
2 3 11 0.951834 0.003206 0.044960 169.421192 143.783124
2 3 11 0.751613 0.216431 0.031956 175.988886 144.104945
2 3 11 0.019416 0.757043 0.223541 195.635097 146.822334
2 3 11 0.243109 0.167125 0.589767 170.044410 158.063808
2 3 11 0.339797 0.048206 0.611998 166.975037 159.314905
2 3 11 0.313856 0.033063 0.653080 168.358524 156.870702
2 3 11 0.647776 0.179189 0.173035 172.864762 149.830174
2 3 11 0.901874 0.080987 0.017139 168.885632 144.019915
3 12 11 0.710947 0.200233 0.088820 200.571083 149.663010
3 12 11 0.840424 0.038512 0.121064 199.299539 143.597150
3 12 11 0.492367 0.469719 0.037915 200.210815 158.067030
3 12 11 0.164615 0.271439 0.563945 183.261992 160.500279
3 12 11 0.321272 0.361824 0.316904 193.319778 160.032313
3 12 11 0.660748 0.001646 0.337606 193.724966 155.818180
3 12 11 0.660190 0.100194 0.239616 194.338080 152.453565
3 12 11 0.231794 0.134397 0.633809 180.579743 160.456014
3 12 11 0.396704 0.205787 0.397509 187.007008 156.631144
3 12 11 0.116091 0.589279 0.294630 190.874470 162.763615
3 4 12 0.265655 0.510751 0.223594 224.634328 150.851022
3 4 12 0.957988 0.007381 0.034631 204.781446 148.210881
3 4 12 0.000960 0.787338 0.211702 230.976135 150.064896
3 4 12 0.250565 0.216524 0.532911 215.228731 156.538551
3 4 12 0.747360 0.101806 0.150834 206.614315 149.243468
3 4 12 0.590523 0.208630 0.200847 211.125502 150.180608
3 4 12 0.796587 0.067511 0.135902 206.281647 148.336496
3 4 12 0.271517 0.642645 0.085838 229.682608 147.579634
3 4 12 0.070870 0.611306 0.317823 224.829990 151.316390
3 4 12 0.434779 0.376786 0.188434 218.030402 147.451463
4 13 12 0.367393 0.283858 0.348749 233.630140 160.292572
4 13 12 0.612420 0.069327 0.318253 229.772962 151.343620
4 13 12 0.458493 0.071686 0.469820 226.167349 159.934508
4 13 12 0.484101 0.178938 0.336961 229.352922 153.943499
4 13 12 0.501639 0.459168 0.039193 237.502229 157.781247
4 13 12 0.457364 0.404948 0.137688 236.002776 156.139420
4 13 12 0.577391 0.260339 0.162270 234.645076 152.882249
4 13 12 0.971598 0.008508 0.019894 240.976323 145.984146
4 13 12 0.613594 0.159671 0.226734 232.638647 156.933418
4 13 12 0.629215 0.098304 0.272482 231.139997 154.028589
4 5 13 0.173800 0.296957 0.529243 253.516046 160.006709
4 5 13 0.874579 0.032555 0.092865 244.246174 147.182065
4 5 13 0.728240 0.115405 0.156355 245.443885 151.135359
4 5 13 0.608470 0.046957 0.344573 243.371956 153.090446
4 5 13 0.532222 0.357094 0.110685 256.305450 144.639632
4 5 13 0.701045 0.251367 0.047588 250.690766 145.612873
4 5 13 0.570192 0.362878 0.066930 256.079980 148.245555
4 5 13 0.455724 0.520020 0.024256 262.343498 148.325543
4 5 13 0.213764 0.169233 0.617003 248.028221 157.237040
4 5 13 0.458082 0.198853 0.343065 250.703933 150.606960
5 14 13 0.799943 0.110298 0.089759 277.578187 149.823690
5 14 13 0.197080 0.510319 0.292602 272.959935 159.567163
5 14 13 0.801112 0.169457 0.029431 281.652935 150.525608
5 14 13 0.914586 0.050831 0.034583 283.590319 150.582518
5 14 13 0.833924 0.094653 0.071422 281.347567 152.067581
5 14 13 0.051118 0.371956 0.576926 263.991155 164.387107
5 14 13 0.202777 0.000239 0.796983 252.977560 162.184701
5 14 13 0.247307 0.335970 0.416724 265.883597 163.428598
5 14 13 0.118258 0.247248 0.634494 261.861077 166.731615
5 14 13 0.755389 0.240945 0.003666 283.715213 153.518411
5 6 14 0.072304 0.422847 0.504849 300.062198 154.052263
5 6 14 0.090217 0.203547 0.706236 288.643421 162.478209
5 6 14 0.048079 0.579601 0.372320 307.106808 153.381711
5 6 14 0.690424 0.291588 0.017989 295.406980 145.127020
5 6 14 0.166318 0.004934 0.828748 288.837199 160.065061
5 6 14 0.810992 0.042830 0.146178 280.302312 147.459948
5 6 14 0.080491 0.463413 0.456096 302.517868 155.341142
5 6 14 0.323646 0.327562 0.348792 296.442137 154.737695
5 6 14 0.434846 0.259439 0.305715 290.173810 152.610898
5 6 14 0.479611 0.215618 0.304771 290.746223 155.269587
6 15 14 0.215904 0.483833 0.300263 311.531971 163.173736
6 15 14 0.308471 0.009314 0.682215 296.359593 163.933173
6 15 14 0.637016 0.299254 0.063730 320.072846 154.708025
6 15 14 0.612455 0.139935 0.247610 315.046922 157.363474
6 15 14 0.910494 0.042436 0.047070 319.322373 148.479979
6 15 14 0.202315 0.274264 0.523421 303.818467 163.334742
6 15 14 0.654167 0.004250 0.341583 306.475844 151.516128
6 15 14 0.685636 0.264556 0.049809 319.989951 154.126413
6 15 14 0.580366 0.416585 0.003049 321.468159 156.659068
6 15 14 0.849652 0.031927 0.118421 316.772690 150.150914
6 7 15 0.430001 0.544428 0.025571 340.840258 148.923757
6 7 15 0.591022 0.404207 0.004771 330.437658 145.370268
6 7 15 0.098992 0.821385 0.079623 349.473154 152.754215
6 7 15 0.310157 0.460579 0.229264 336.401335 153.481391
6 7 15 0.022086 0.278004 0.699911 335.463504 159.719527
6 7 15 0.275272 0.216101 0.508627 328.380768 154.325933
6 7 15 0.939480 0.027109 0.033411 322.354681 145.341576
6 7 15 0.531112 0.341022 0.127865 332.398572 150.783328
6 7 15 0.519759 0.169158 0.311084 326.405910 152.326542
6 7 15 0.081491 0.179497 0.739012 330.830683 162.337720
7 16 15 0.011669 0.970880 0.017451 362.704570 168.590801
7 16 15 0.944668 0.025048 0.030285 353.971389 145.453451
7 16 15 0.620295 0.371923 0.007782 361.931171 151.159025
7 16 15 0.413014 0.478158 0.108828 359.224165 158.193606
7 16 15 0.905849 0.039210 0.054941 355.849478 148.710491
7 16 15 0.243444 0.025928 0.730628 334.267734 160.243019
7 16 15 0.301310 0.069211 0.629479 338.062430 163.559242
7 16 15 0.864010 0.034969 0.101021 354.460830 151.651156
7 16 15 0.324470 0.271121 0.404409 344.287162 164.239793
7 16 15 0.245071 0.676383 0.078546 362.381017 162.012094
7 8 16 0.312354 0.558265 0.129381 378.568596 151.835926
7 8 16 0.154216 0.314197 0.531586 372.946408 160.277140
7 8 16 0.043737 0.605532 0.350732 381.288425 157.190806
7 8 16 0.587065 0.112056 0.300879 367.041772 150.010874
7 8 16 0.936083 0.041358 0.022559 359.322923 151.981647
7 8 16 0.681563 0.032132 0.286304 358.878350 152.484182
7 8 16 0.976523 0.006975 0.016502 356.517983 147.799330
7 8 16 0.797387 0.154607 0.048006 362.876488 146.540638
7 8 16 0.779580 0.171322 0.049097 364.503218 149.343039
7 8 16 0.647789 0.247381 0.104830 361.639689 148.508937
8 17 16 0.844683 0.128835 0.026482 390.099014 148.297981
8 17 16 0.312185 0.346830 0.340985 388.605967 161.801359
8 17 16 0.286865 0.130032 0.583103 380.131126 164.218796
8 17 16 0.788214 0.007204 0.204581 381.643983 149.768891
8 17 16 0.852427 0.091486 0.056087 395.551886 150.539759
8 17 16 0.363657 0.609865 0.026478 398.149137 160.364131
8 17 16 0.965778 0.007669 0.026553 391.998698 146.989624
8 17 16 0.804519 0.192244 0.003237 392.037483 150.509799
8 17 16 0.656979 0.208025 0.134996 388.133257 153.602973
8 17 16 0.773712 0.111341 0.114948 388.571034 154.124144
9 10 18 0.349418 0.011493 0.639089 73.654989 190.298474
9 10 18 0.525455 0.206431 0.268114 89.527220 176.386905
9 10 18 0.890150 0.071345 0.038505 80.396390 171.371829
9 10 18 0.599840 0.079559 0.320601 83.418893 177.503992
9 10 18 0.713810 0.066409 0.219781 81.108805 172.932546
9 10 18 0.769667 0.013894 0.216439 83.191929 175.510653
9 10 18 0.079496 0.276025 0.644479 90.408802 186.864249
9 10 18 0.660832 0.299495 0.039673 93.556550 171.631310
9 10 18 0.143455 0.150737 0.705808 80.269926 193.747263
9 10 18 0.555350 0.138660 0.305990 85.116775 173.929167
10 19 18 0.598530 0.127591 0.273879 107.770390 184.006648
10 19 18 0.080382 0.360661 0.558958 94.314552 198.868926
10 19 18 0.923804 0.043888 0.032308 121.438651 169.088143
10 19 18 0.417392 0.178890 0.403718 100.200400 189.245950
10 19 18 0.186010 0.289271 0.524720 93.184310 197.892291
10 19 18 0.861377 0.084157 0.054466 118.390284 172.663259
10 19 18 0.193463 0.516073 0.290465 106.933417 198.730574
10 19 18 0.675830 0.183500 0.140670 113.689716 182.939546
10 19 18 0.492942 0.479651 0.027407 114.966532 185.057060
10 19 18 0.266092 0.156311 0.577598 90.196431 193.992492
10 11 19 0.858309 0.093894 0.047796 128.567248 172.644461
10 11 19 0.667732 0.113984 0.218284 126.842824 175.345467
10 11 19 0.724348 0.237650 0.038002 132.501218 170.677001
10 11 19 0.258586 0.722510 0.018904 149.532107 168.367981
10 11 19 0.962157 0.010419 0.027424 122.619254 170.700755
10 11 19 0.573695 0.260586 0.165719 134.196183 171.264549
10 11 19 0.374564 0.198511 0.426925 121.714333 183.978566
10 11 19 0.919543 0.016348 0.064109 120.701951 169.621648
10 11 19 0.621105 0.007195 0.371700 118.194380 178.108674
10 11 19 0.757698 0.122712 0.119590 125.702092 170.567055
11 20 19 0.286111 0.370507 0.343381 143.275647 193.071599
11 20 19 0.291338 0.306119 0.402542 141.985153 193.562316
11 20 19 0.820536 0.111699 0.067764 157.425789 175.354139
11 20 19 0.481725 0.138629 0.379647 145.607702 186.071607
11 20 19 0.653763 0.025724 0.320513 144.899553 179.638055
11 20 19 0.384443 0.546179 0.069378 157.180861 191.898009
11 20 19 0.587065 0.051205 0.361731 143.144017 181.960576
11 20 19 0.494644 0.176367 0.328990 146.526453 185.184266
11 20 19 0.469346 0.024755 0.505899 136.104420 190.136819
11 20 19 0.938234 0.049480 0.012286 156.892616 167.386950
11 12 20 0.579167 0.114798 0.306035 165.579664 175.818403
11 12 20 0.127594 0.267844 0.604562 169.920733 190.280863
11 12 20 0.937101 0.014449 0.048450 164.715175 165.120539
11 12 20 0.553785 0.325466 0.120749 173.005562 170.657884
11 12 20 0.520702 0.461523 0.017776 182.424602 169.581007
11 12 20 0.276830 0.128003 0.595167 164.623676 190.646785
11 12 20 0.722411 0.013479 0.264109 164.357245 174.182118
11 12 20 0.747517 0.108511 0.143973 164.720866 174.757867
11 12 20 0.655616 0.212013 0.132371 168.485257 172.429433
11 12 20 0.640473 0.030946 0.328581 160.940490 178.251782
12 21 20 0.748401 0.086489 0.165109 196.595354 175.236201
12 21 20 0.142675 0.696013 0.161312 192.208966 199.016110
12 21 20 0.515704 0.133464 0.350832 187.749345 184.009446
12 21 20 0.703863 0.230048 0.066089 198.621325 175.459932
12 21 20 0.200795 0.693501 0.105704 191.768262 193.594260
12 21 20 0.751679 0.095860 0.152461 197.620641 175.141262
12 21 20 0.578140 0.279167 0.142693 194.322309 180.408932
12 21 20 0.228752 0.045368 0.725880 169.835059 196.150230
12 21 20 0.579736 0.353017 0.067247 199.781984 183.970023
12 21 20 0.987363 0.007692 0.004944 207.514398 168.821532
12 13 21 0.211541 0.410186 0.378273 221.000806 181.032905
12 13 21 0.189888 0.495465 0.314647 224.916317 175.805936
12 13 21 0.657176 0.322946 0.019877 217.367205 167.137049
12 13 21 0.065089 0.448582 0.486330 220.596774 183.324554
12 13 21 0.575401 0.247427 0.177172 211.176215 171.637670
12 13 21 0.976075 0.008588 0.015337 203.501643 167.370190
12 13 21 0.998859 0.000732 0.000409 205.374492 164.790932
12 13 21 0.645054 0.141359 0.213587 207.307796 173.389235
12 13 21 0.102456 0.322051 0.575493 214.510158 186.275496
12 13 21 0.669214 0.314857 0.015929 215.278193 170.873899
13 22 21 0.086144 0.371344 0.542512 222.207636 201.889803
13 22 21 0.833913 0.069942 0.096145 238.154789 172.437662
13 22 21 0.177721 0.145135 0.677144 211.642816 194.486836
13 22 21 0.674232 0.057793 0.267975 232.338610 180.795890
13 22 21 0.381497 0.035266 0.583237 218.958805 186.493120
13 22 21 0.178965 0.044930 0.776104 209.895897 195.852853
13 22 21 0.359150 0.305294 0.335555 227.061591 187.001178
13 22 21 0.455317 0.288361 0.256322 231.369346 189.532274
13 22 21 0.934653 0.022531 0.042816 237.315197 170.704260
13 22 21 0.472351 0.115982 0.411667 225.510933 185.386089
13 14 22 0.437352 0.238699 0.323949 257.237745 179.023463
13 14 22 0.867931 0.067231 0.064838 246.008399 167.524254
13 14 22 0.012403 0.835252 0.152345 279.678452 173.294837
13 14 22 0.991813 0.002526 0.005661 243.326602 169.850325
13 14 22 0.050072 0.540290 0.409638 267.664180 178.117439
13 14 22 0.123620 0.073981 0.802399 243.097904 196.867266
13 14 22 0.423136 0.321679 0.255185 260.691343 180.254483
13 14 22 0.797592 0.125972 0.076435 247.423580 169.722256
13 14 22 0.824868 0.152661 0.022471 248.485330 167.359294
13 14 22 0.518443 0.070104 0.411453 245.099879 182.160988
14 23 22 0.621939 0.052155 0.325906 272.929903 180.840524
14 23 22 0.921370 0.078519 0.000111 284.614588 167.051644
14 23 22 0.972875 0.012298 0.014827 287.946643 165.431187
14 23 22 0.304752 0.085591 0.609657 259.494071 190.276644
14 23 22 0.882947 0.106963 0.010090 284.970554 173.195925
14 23 22 0.839161 0.020211 0.140629 278.478866 172.193549
14 23 22 0.015576 0.409045 0.575379 264.031537 202.887925
14 23 22 0.075514 0.849963 0.074523 286.333905 197.707101
14 23 22 0.169364 0.310439 0.520197 267.193711 195.877331
14 23 22 0.261920 0.383082 0.354997 272.071316 195.834052
14 15 23 0.655945 0.079979 0.264075 289.518444 175.652325
14 15 23 0.190801 0.160974 0.648225 293.220462 189.443411
14 15 23 0.272898 0.619713 0.107388 311.007109 173.669620
14 15 23 0.823342 0.155556 0.021102 291.073801 168.405797
14 15 23 0.089259 0.666629 0.244112 313.528420 174.275391
14 15 23 0.969408 0.026584 0.004007 288.626958 172.888601
14 15 23 0.333271 0.396778 0.269951 305.053365 176.575843
14 15 23 0.146058 0.800567 0.053375 316.923586 168.261198
14 15 23 0.500453 0.415203 0.084344 304.094931 169.183810
14 15 23 0.742068 0.198793 0.059139 291.120955 168.456345
15 24 23 0.995448 0.002765 0.001787 325.438881 167.380346
15 24 23 0.209507 0.675292 0.115200 325.021565 193.819342
15 24 23 0.035765 0.841530 0.122705 323.580656 198.427165
15 24 23 0.307878 0.537597 0.154525 321.321225 194.131840
15 24 23 0.737457 0.188688 0.073856 323.026609 176.839845
15 24 23 0.586512 0.128013 0.285475 318.364082 184.862303
15 24 23 0.611746 0.349459 0.038794 326.665568 181.653150
15 24 23 0.468193 0.331139 0.200668 320.524428 184.565879
15 24 23 0.282074 0.418090 0.299836 314.234929 192.206422
15 24 23 0.318733 0.406841 0.274426 317.636020 193.199527
15 16 24 0.721420 0.162888 0.115692 332.089277 173.964900
15 16 24 0.014436 0.688910 0.296654 354.488562 173.603077
15 16 24 0.838571 0.119004 0.042426 329.419125 168.594227
15 16 24 0.916630 0.070494 0.012876 333.250702 165.486503
15 16 24 0.897754 0.098350 0.003897 331.076129 170.676338
15 16 24 0.662646 0.248641 0.088713 337.402113 171.256709
15 16 24 0.233359 0.194895 0.571746 334.300369 186.463103
15 16 24 0.063475 0.078148 0.858377 332.565621 195.436658
15 16 24 0.192792 0.149898 0.657310 335.550915 189.771392
15 16 24 0.130623 0.057215 0.812161 330.327302 195.293943
16 25 24 0.004437 0.178354 0.817209 336.599480 206.057207
16 25 24 0.674513 0.079880 0.245607 358.547229 176.977071
16 25 24 0.253614 0.712887 0.033499 370.224427 193.297450
16 25 24 0.524497 0.220462 0.255041 358.087662 184.704177
16 25 24 0.337768 0.087107 0.575125 348.378913 191.966076
16 25 24 0.867711 0.023189 0.109100 364.093422 173.856681
16 25 24 0.168002 0.702332 0.129667 366.391347 192.740207
16 25 24 0.816969 0.134312 0.048719 366.556498 176.040148
16 25 24 0.643553 0.160672 0.195775 361.777389 178.855849
16 25 24 0.057125 0.103038 0.839837 339.258151 198.482378
16 17 25 0.195570 0.058736 0.745694 372.370221 192.182315
16 17 25 0.296195 0.039779 0.664027 371.029445 188.087258
16 17 25 0.791503 0.102549 0.105948 365.693588 172.156099
16 17 25 0.857414 0.137303 0.005283 370.458833 165.291616
16 17 25 0.614179 0.104852 0.280969 375.162825 175.869229
16 17 25 0.598104 0.263882 0.138013 375.678438 168.199128
16 17 25 0.132688 0.828558 0.038754 395.969708 173.457210
16 17 25 0.205891 0.770968 0.023141 395.052473 169.974663
16 17 25 0.704554 0.214451 0.080996 380.403174 169.381164
16 17 25 0.510879 0.181179 0.307941 374.172259 180.664721
17 26 25 0.063395 0.336776 0.599829 386.759441 199.981350
17 26 25 0.472627 0.309274 0.218099 395.281403 184.389259
17 26 25 0.547268 0.180514 0.272219 395.357115 180.378310
17 26 25 0.040111 0.354839 0.605049 386.519747 194.616951
17 26 25 0.892873 0.035583 0.071545 401.808521 172.844767
17 26 25 0.832668 0.044453 0.122879 402.866441 174.963724
17 26 25 0.848308 0.048968 0.102725 398.157863 175.842865
17 26 25 0.552804 0.004468 0.442728 388.531373 182.598351
17 26 25 0.774831 0.210553 0.014616 406.437006 170.610231
17 26 25 0.298191 0.166977 0.534831 388.009156 188.003087
18 19 27 0.107061 0.439151 0.453788 89.515233 224.682973
18 19 27 0.083327 0.598832 0.317841 99.092263 217.974972
18 19 27 0.663488 0.202417 0.134094 80.356023 207.579856
18 19 27 0.326943 0.495072 0.177985 95.320312 210.162908
18 19 27 0.210287 0.201650 0.588062 79.504932 231.508212
18 19 27 0.592882 0.131559 0.275558 77.923700 217.023701
18 19 27 0.834735 0.081237 0.084028 76.816175 205.482461
18 19 27 0.769916 0.054907 0.175177 76.383835 211.938570
18 19 27 0.324844 0.145850 0.529306 75.644610 225.510573
18 19 27 0.602490 0.127343 0.270167 73.011328 214.579472
19 28 27 0.889885 0.085989 0.024126 113.070363 209.995218
19 28 27 0.727596 0.146200 0.126204 107.539003 216.098552
19 28 27 0.656430 0.270509 0.073061 110.913686 220.037372
19 28 27 0.347414 0.027759 0.624827 88.480058 232.012451
19 28 27 0.789761 0.024398 0.185842 106.503361 210.645646
19 28 27 0.087103 0.494947 0.417951 98.081705 242.759968
19 28 27 0.580222 0.180558 0.239220 100.744428 225.799130
19 28 27 0.597439 0.145643 0.256918 102.669928 220.760298
19 28 27 0.500098 0.069143 0.430759 89.682705 229.882126
19 28 27 0.175137 0.280087 0.544776 90.845658 242.675427
19 20 28 0.577608 0.156202 0.266191 117.189289 213.593807
19 20 28 0.724320 0.111861 0.163820 121.190788 212.873330
19 20 28 0.892776 0.047201 0.060023 117.420694 205.205627
19 20 28 0.302161 0.497633 0.200206 136.021714 214.983648
19 20 28 0.706593 0.095989 0.197417 115.932045 211.422377
19 20 28 0.915858 0.023229 0.060913 117.785466 204.686800
19 20 28 0.971226 0.018065 0.010709 113.144417 202.911351
19 20 28 0.766379 0.104196 0.129425 116.744011 206.059310
19 20 28 0.859066 0.036873 0.104061 114.324296 210.125140
19 20 28 0.906103 0.092203 0.001694 120.579097 203.720503
20 29 28 0.971145 0.020935 0.007921 158.572538 206.907825
20 29 28 0.060719 0.546111 0.393169 140.487334 248.145939
20 29 28 0.526020 0.447466 0.026515 156.650248 227.081238
20 29 28 0.280507 0.700716 0.018778 154.015059 237.240028
20 29 28 0.471644 0.201929 0.326427 145.535585 224.748307
20 29 28 0.352475 0.414517 0.233008 147.910279 232.227178
20 29 28 0.157928 0.309010 0.533062 136.649908 237.693507
20 29 28 0.324069 0.027608 0.648323 129.602204 233.983285
20 29 28 0.137449 0.144579 0.717972 124.637376 243.905091
20 29 28 0.934877 0.053708 0.011415 159.722042 205.211225
20 21 29 0.467929 0.254451 0.277620 168.526633 216.092570
20 21 29 0.000281 0.068168 0.931551 158.997020 245.271201
20 21 29 0.577719 0.119085 0.303195 161.329588 217.758089
20 21 29 0.654914 0.103040 0.242046 165.684303 214.223781
20 21 29 0.509262 0.058238 0.432500 160.774372 222.453487
20 21 29 0.045487 0.138367 0.816145 164.871228 239.561507
20 21 29 0.728737 0.227360 0.043902 170.961215 205.799190
20 21 29 0.339177 0.632785 0.028039 186.668535 204.329574
20 21 29 0.251924 0.058878 0.689198 159.599535 234.923254
20 21 29 0.955834 0.011318 0.032847 155.611539 205.326679
21 30 29 0.201227 0.622016 0.176757 195.810045 239.670429
21 30 29 0.004743 0.897966 0.097291 194.524600 250.034145
21 30 29 0.905098 0.074587 0.020315 200.527960 207.446068
21 30 29 0.269861 0.198210 0.531928 174.293156 232.229314
21 30 29 0.019958 0.073569 0.906473 166.514972 245.857000
21 30 29 0.693350 0.095673 0.210977 193.294719 214.045254
21 30 29 0.583073 0.055058 0.361869 185.248102 219.357839
21 30 29 0.793089 0.084330 0.122580 189.965095 213.501847
21 30 29 0.976008 0.017711 0.006281 196.750184 204.978953
21 30 29 0.232838 0.207788 0.559374 175.278139 238.534075
21 22 30 0.051459 0.668502 0.280038 227.541578 219.438642
21 22 30 0.588924 0.396727 0.014349 217.716179 197.727417
21 22 30 0.875949 0.061927 0.062124 202.651626 204.651808
21 22 30 0.275535 0.103561 0.620904 207.159070 226.125258
21 22 30 0.917443 0.044643 0.037913 199.597917 205.276507
21 22 30 0.197695 0.488803 0.313502 225.593175 214.172860
21 22 30 0.095149 0.281036 0.623815 212.624640 230.227643
21 22 30 0.553145 0.246885 0.199970 213.235614 209.759268
21 22 30 0.670795 0.207332 0.121874 211.962397 206.299919
21 22 30 0.971032 0.007636 0.021332 200.140828 206.913777
22 31 30 0.888605 0.028058 0.083337 238.298710 210.056859
22 31 30 0.844343 0.040640 0.115017 238.793666 210.490930
22 31 30 0.181815 0.231383 0.586801 220.302926 237.808936
22 31 30 0.088982 0.748000 0.163018 233.834751 242.603289
22 31 30 0.944393 0.003292 0.052315 240.883442 204.122169
22 31 30 0.505784 0.448405 0.045811 241.172947 224.461289
22 31 30 0.112910 0.065427 0.821663 207.786001 243.406245
22 31 30 0.630829 0.240205 0.128965 239.739409 216.840585
22 31 30 0.164031 0.026259 0.809711 209.344158 233.424028
22 31 30 0.237779 0.602729 0.159492 236.182376 235.163247
22 23 31 0.313508 0.235339 0.451153 255.227792 219.357788
22 23 31 0.555379 0.107243 0.337378 249.464233 215.640419
22 23 31 0.131575 0.209124 0.659301 253.710556 230.634903
22 23 31 0.186681 0.038106 0.775213 245.810179 234.925377
22 23 31 0.953657 0.011150 0.035193 240.703132 201.362316
22 23 31 0.932596 0.039604 0.027800 244.000195 203.261678
22 23 31 0.086161 0.274259 0.639580 255.931434 230.532424
22 23 31 0.912716 0.038484 0.048800 246.312916 205.270927
22 23 31 0.218930 0.296057 0.485013 257.450138 225.880079
22 23 31 0.323847 0.554420 0.121734 267.501612 208.958551
23 32 31 0.891950 0.098414 0.009635 289.027246 205.820533
23 32 31 0.304719 0.183485 0.511796 266.505794 229.412077
23 32 31 0.037714 0.117857 0.844429 251.296255 242.327810
23 32 31 0.081594 0.036978 0.881428 250.233892 244.336965
23 32 31 0.988482 0.006218 0.005300 289.688690 199.764482
23 32 31 0.289775 0.542440 0.167785 277.375186 235.396889
23 32 31 0.839336 0.046489 0.114175 282.215153 208.070487
23 32 31 0.233740 0.538501 0.227759 277.311985 236.622375
23 32 31 0.889163 0.023921 0.086916 287.956126 207.121621
23 32 31 0.311931 0.592138 0.095931 282.042162 230.263123
23 24 32 0.321023 0.670508 0.008469 315.542989 203.918277
23 24 32 0.681947 0.261300 0.056753 297.239834 206.037686
23 24 32 0.167094 0.752174 0.080732 320.139467 205.012341
23 24 32 0.245410 0.521616 0.232974 310.708736 209.931678
23 24 32 0.221154 0.767618 0.011228 321.109149 199.985955
23 24 32 0.709248 0.181366 0.109386 292.553025 207.416885
23 24 32 0.154536 0.225411 0.620053 296.376447 227.796121
23 24 32 0.861619 0.124028 0.014353 293.371135 203.619593
23 24 32 0.930708 0.037504 0.031788 289.287368 205.853545
23 24 32 0.370704 0.307303 0.321993 303.724303 216.052059
24 33 32 0.780783 0.112511 0.106706 322.458507 210.688770
24 33 32 0.479421 0.104242 0.416337 309.178963 223.207494
24 33 32 0.841349 0.018930 0.139722 321.819252 206.499250
24 33 32 0.780587 0.170712 0.048701 326.072037 209.047945
24 33 32 0.635252 0.220620 0.144128 325.129679 218.464113
24 33 32 0.678230 0.038945 0.282825 318.025203 214.634754
24 33 32 0.899688 0.090948 0.009364 329.210367 205.433705
24 33 32 0.664562 0.172036 0.163402 322.949873 216.139192
24 33 32 0.052921 0.067641 0.879438 292.189449 243.288993
24 33 32 0.971406 0.013322 0.015272 328.398150 202.243021
24 25 33 0.710572 0.000676 0.288752 327.998496 212.375369
24 25 33 0.830937 0.157649 0.011414 338.378212 201.950108
24 25 33 0.139834 0.042684 0.817482 333.851628 230.823035
24 25 33 0.442594 0.055335 0.502071 336.927438 225.483010
24 25 33 0.275631 0.490903 0.233466 348.696111 215.744128
24 25 33 0.593464 0.175119 0.231418 336.683706 207.448478
24 25 33 0.452414 0.129364 0.418222 334.287883 215.997838
24 25 33 0.283848 0.473599 0.242553 350.908811 213.166968
24 25 33 0.468141 0.074440 0.457419 332.710194 217.904936
24 25 33 0.127692 0.190448 0.681859 335.613433 230.719686
25 34 33 0.770750 0.042340 0.186909 363.784002 211.904805
25 34 33 0.525938 0.190927 0.283135 358.706682 220.696708
25 34 33 0.405127 0.120959 0.473913 353.525353 228.060497
25 34 33 0.690571 0.005269 0.304161 360.322535 209.904715
25 34 33 0.402602 0.266951 0.330447 357.534023 225.073051
25 34 33 0.801104 0.008587 0.190308 362.003724 206.196780
25 34 33 0.636963 0.191001 0.172036 364.591879 215.526724
25 34 33 0.707005 0.011725 0.281271 360.271074 216.170966
25 34 33 0.715240 0.112907 0.171853 365.306774 213.447714
25 34 33 0.627830 0.341612 0.030558 372.896579 213.201431
25 26 34 0.227477 0.564494 0.208029 400.694981 209.218292
25 26 34 0.185403 0.724663 0.089933 400.334497 202.067195
25 26 34 0.525803 0.382250 0.091946 384.908637 205.039429
25 26 34 0.604052 0.124888 0.271060 378.129255 213.841192
25 26 34 0.359218 0.555169 0.085613 393.537730 205.077853
25 26 34 0.435858 0.158084 0.406057 378.779032 215.323557
25 26 34 0.672649 0.003428 0.323923 372.189209 212.443276
25 26 34 0.195634 0.314251 0.490115 386.931594 219.749976
25 26 34 0.398250 0.566924 0.034826 392.159654 203.904738
25 26 34 0.834756 0.106465 0.058779 377.296017 206.799259
26 35 34 0.689798 0.186307 0.123894 407.470422 214.210263
26 35 34 0.218355 0.713660 0.067984 413.393737 233.454142
26 35 34 0.376498 0.181374 0.442128 401.390732 226.980493
26 35 34 0.604671 0.071923 0.323406 400.977672 212.004022
26 35 34 0.258224 0.633084 0.108693 410.898385 231.989469
26 35 34 0.503662 0.295151 0.201186 406.942349 219.587221
26 35 34 0.732867 0.071178 0.195954 407.262550 210.661766
26 35 34 0.952793 0.011742 0.035466 409.870194 200.464181
26 35 34 0.751433 0.046324 0.202242 406.495788 209.930573
26 35 34 0.430757 0.126948 0.442295 397.012639 223.890980
27 28 36 0.297368 0.527084 0.175547 95.857211 253.951880
27 28 36 0.347703 0.437738 0.214559 94.091218 257.744905
27 28 36 0.924803 0.041713 0.033484 74.842185 250.734032
27 28 36 0.438363 0.374499 0.187138 91.123353 258.012113
27 28 36 0.046417 0.805362 0.148221 106.934078 253.986386
27 28 36 0.973066 0.019931 0.007003 71.156220 249.521724
27 28 36 0.972091 0.006501 0.021408 73.016958 247.582537
27 28 36 0.408781 0.240697 0.350523 83.950153 261.235191
27 28 36 0.153536 0.499152 0.347311 95.854036 259.259500
27 28 36 0.593857 0.297916 0.108227 87.777121 253.067962
28 37 36 0.652589 0.001645 0.345766 103.807230 264.335538
28 37 36 0.266576 0.556188 0.177236 113.418060 272.895854
28 37 36 0.806904 0.166542 0.026554 110.851795 253.550844
28 37 36 0.211137 0.074787 0.714076 88.076274 277.937007
28 37 36 0.384130 0.180535 0.435335 97.008920 272.266735
28 37 36 0.839655 0.148804 0.011542 114.878760 255.161853
28 37 36 0.053224 0.515321 0.431454 105.168851 283.061330
28 37 36 0.858710 0.102969 0.038321 116.812576 251.599603
28 37 36 0.789404 0.069882 0.140714 107.169834 255.749063
28 37 36 0.261907 0.151702 0.586391 95.878742 278.854269
28 29 37 0.495119 0.018674 0.486208 117.939985 268.652628
28 29 37 0.487951 0.265558 0.246491 125.378705 259.234601
28 29 37 0.237279 0.041012 0.721708 116.703018 276.067525
28 29 37 0.521790 0.024564 0.453646 118.102814 264.730590
28 29 37 0.917596 0.075362 0.007042 116.873550 247.439033
28 29 37 0.865507 0.095147 0.039346 117.518995 249.452053
28 29 37 0.430590 0.507581 0.061829 137.661419 252.104295
28 29 37 0.314452 0.114651 0.570898 120.813475 273.530832
28 29 37 0.592997 0.068731 0.338273 120.280030 262.222734
28 29 37 0.170663 0.002881 0.826456 120.050513 277.202887
29 38 37 0.153027 0.162498 0.684475 130.431942 280.256830
29 38 37 0.900462 0.055129 0.044409 159.117380 250.675129
29 38 37 0.170806 0.812371 0.016824 159.522400 279.572382
29 38 37 0.236843 0.457057 0.306100 147.515105 274.404017
29 38 37 0.944022 0.040242 0.015736 154.278216 250.421230
29 38 37 0.961161 0.023038 0.015801 153.787664 248.657658
29 38 37 0.148167 0.144641 0.707192 128.833453 278.193680
29 38 37 0.903507 0.007903 0.088590 156.883738 250.220375
29 38 37 0.343008 0.403762 0.253230 145.340358 274.615614
29 38 37 0.935840 0.057919 0.006241 153.902446 250.053429
29 30 38 0.582248 0.191504 0.226248 167.807932 252.961877
29 30 38 0.274686 0.062741 0.662573 158.856935 275.014483
29 30 38 0.918335 0.056028 0.025638 161.632025 245.099042
29 30 38 0.546141 0.240890 0.212969 171.322141 257.299997
29 30 38 0.123005 0.250658 0.626337 170.293136 273.716153
29 30 38 0.786493 0.070568 0.142938 163.057714 253.554355
29 30 38 0.290589 0.172537 0.536874 167.168477 266.295266
29 30 38 0.362524 0.255503 0.381972 167.407590 263.181765
29 30 38 0.236853 0.365915 0.397233 173.767578 265.591634
29 30 38 0.838186 0.139846 0.021968 163.807576 245.400220
30 39 38 0.659508 0.260581 0.079910 200.420287 260.857156
30 39 38 0.551331 0.023614 0.425055 185.515993 267.939032
30 39 38 0.432312 0.453467 0.114221 192.394137 269.991325
30 39 38 0.837641 0.133661 0.028697 203.931033 252.496413
30 39 38 0.812501 0.011653 0.175846 196.161060 253.127686
30 39 38 0.729206 0.149371 0.121423 193.168326 256.595786
30 39 38 0.573917 0.009700 0.416383 182.411257 264.595207
30 39 38 0.600164 0.272866 0.126969 197.875719 263.383420
30 39 38 0.024647 0.613109 0.362244 184.794483 286.513063
30 39 38 0.510340 0.118949 0.370711 186.959510 270.006323
30 31 39 0.890686 0.107592 0.001723 205.871433 244.764400
30 31 39 0.478463 0.384752 0.136786 216.126779 251.172015
30 31 39 0.558530 0.099807 0.341663 208.082981 263.116629
30 31 39 0.908123 0.005677 0.086199 203.009474 249.431001
30 31 39 0.449471 0.017658 0.532870 198.295857 270.025880
30 31 39 0.554962 0.313992 0.131046 217.457867 254.206264
30 31 39 0.065043 0.895324 0.039633 238.193327 247.698512
30 31 39 0.843519 0.084358 0.072123 205.442072 247.243355
30 31 39 0.301135 0.692594 0.006270 232.575928 244.225536
30 31 39 0.116275 0.076300 0.807425 210.772420 278.525320
31 40 39 0.419649 0.237129 0.343222 226.629397 270.540669
31 40 39 0.681302 0.162191 0.156508 241.639530 259.651282
31 40 39 0.391314 0.134249 0.474438 225.652756 270.661140
31 40 39 0.608648 0.051064 0.340288 228.052866 264.756748
31 40 39 0.621584 0.066978 0.311439 233.941622 262.402187
31 40 39 0.280182 0.428054 0.291764 235.231849 274.768072
31 40 39 0.099496 0.356705 0.543799 224.620566 281.305174
31 40 39 0.735512 0.194812 0.069676 242.784490 259.469683
31 40 39 0.312773 0.634159 0.053068 243.309435 273.255813
31 40 39 0.978732 0.003652 0.017616 242.050776 243.225393
31 32 40 0.114897 0.294839 0.590265 257.716679 270.274531
31 32 40 0.317300 0.071509 0.611191 249.719760 271.800853
31 32 40 0.691672 0.060440 0.247889 243.230552 255.380714
31 32 40 0.487185 0.110214 0.402601 249.146001 259.623121
31 32 40 0.011461 0.059122 0.929418 244.210074 283.515542
31 32 40 0.519919 0.286480 0.193601 255.388698 251.382944
31 32 40 0.565104 0.292575 0.142321 258.197152 251.558647
31 32 40 0.191419 0.114975 0.693606 248.635663 272.856593
31 32 40 0.312870 0.411858 0.275272 258.983442 256.673592
31 32 40 0.646884 0.042716 0.310400 248.269278 260.917493
32 41 40 0.701985 0.207120 0.090895 283.239785 254.590908
32 41 40 0.249569 0.708486 0.041946 287.117148 271.311872
32 41 40 0.472915 0.052121 0.474964 265.191409 266.542113
32 41 40 0.088856 0.063893 0.847251 247.558366 282.695716
32 41 40 0.219016 0.305401 0.475583 269.896786 276.131701
32 41 40 0.665911 0.161922 0.172167 280.204124 259.736506
32 41 40 0.465738 0.058650 0.475612 265.741087 269.151416
32 41 40 0.701936 0.257093 0.040970 284.483676 259.817101
32 41 40 0.492474 0.178884 0.328642 272.829016 265.029419
32 41 40 0.179460 0.188922 0.631618 258.993148 280.547533
32 33 41 0.294934 0.165960 0.539106 295.775889 266.636308
32 33 41 0.684001 0.003190 0.312809 284.643624 257.807586
32 33 41 0.785009 0.049608 0.165383 289.591499 251.027292
32 33 41 0.550465 0.290392 0.159144 301.855525 247.363110
32 33 41 0.904179 0.014270 0.081551 286.922676 245.088633
32 33 41 0.880529 0.078328 0.041143 290.848871 244.381650
32 33 41 0.473505 0.043173 0.483321 287.020340 266.775830
32 33 41 0.330387 0.619010 0.050602 317.263159 246.150332
32 33 41 0.220794 0.195407 0.583799 294.822575 268.844120
32 33 41 0.331142 0.315005 0.353853 301.258440 255.748274
33 42 41 0.962445 0.014085 0.023470 329.793942 242.758583
33 42 41 0.120759 0.361774 0.517467 311.836118 281.449595
33 42 41 0.917843 0.053781 0.028376 328.185087 249.693851
33 42 41 0.329608 0.238513 0.431880 313.074403 269.731169
33 42 41 0.101813 0.685849 0.212338 324.211445 281.502155
33 42 41 0.353525 0.446058 0.200417 322.063540 267.928756
33 42 41 0.891974 0.027796 0.080230 331.269334 246.131543
33 42 41 0.248032 0.514779 0.237189 317.675577 277.453242
33 42 41 0.506276 0.119419 0.374306 317.338823 262.119788
33 42 41 0.730592 0.035700 0.233708 320.908161 253.055087
33 34 42 0.605155 0.191729 0.203116 342.842078 247.511433
33 34 42 0.673994 0.249241 0.076765 340.307574 248.473181
33 34 42 0.200049 0.006674 0.793277 333.588594 277.584627
33 34 42 0.915865 0.063927 0.020207 334.344190 242.345878
33 34 42 0.294374 0.114347 0.591279 334.847458 268.291788
33 34 42 0.016929 0.261257 0.721815 339.885495 271.439155
33 34 42 0.083502 0.528429 0.388070 354.067995 258.948794
33 34 42 0.056295 0.424423 0.519282 348.811203 264.931151
33 34 42 0.292755 0.686904 0.020341 361.732835 241.275307
33 34 42 0.040696 0.329113 0.630191 339.559551 268.267516
34 43 42 0.910308 0.083468 0.006224 374.861202 245.567359
34 43 42 0.401191 0.562673 0.036136 375.204090 266.971763
34 43 42 0.750678 0.100896 0.148426 368.396146 251.990946
34 43 42 0.569467 0.186188 0.244345 362.183085 264.120602
34 43 42 0.161806 0.068598 0.769596 340.976787 279.172047
34 43 42 0.453387 0.211749 0.334864 356.862076 265.254726
34 43 42 0.801396 0.041946 0.156658 370.147167 250.461526
34 43 42 0.252245 0.177963 0.569793 348.377809 274.649622
34 43 42 0.972149 0.007968 0.019883 378.301862 242.138656
34 43 42 0.783170 0.059274 0.157556 365.998798 256.354862
34 35 43 0.175500 0.048230 0.776270 378.973686 277.230054
34 35 43 0.027135 0.763847 0.209017 405.099192 250.269898
34 35 43 0.322798 0.044949 0.632253 377.457148 269.978932
34 35 43 0.762141 0.031543 0.206316 372.890905 254.430018
34 35 43 0.525897 0.113271 0.360832 377.075654 256.272252
34 35 43 0.013596 0.264320 0.722084 385.009061 273.766638
34 35 43 0.617306 0.052208 0.330486 374.632401 255.259290
34 35 43 0.661512 0.188667 0.149821 381.926076 247.451556
34 35 43 0.143799 0.514144 0.342057 395.205260 257.352489
34 35 43 0.945772 0.012471 0.041757 375.766828 244.210232
35 44 43 0.513949 0.316268 0.169783 411.413370 262.970191
35 44 43 0.868921 0.125159 0.005920 416.863419 251.711556
35 44 43 0.165621 0.587663 0.246715 403.517666 273.543038
35 44 43 0.203169 0.664788 0.132043 413.337232 275.632332
35 44 43 0.199404 0.586466 0.214130 408.410462 277.661977
35 44 43 0.671304 0.240572 0.088125 415.348441 255.936016
35 44 43 0.359359 0.429161 0.211480 405.992880 269.831706
35 44 43 0.766549 0.004973 0.228478 406.549543 255.067863
35 44 43 0.090250 0.810923 0.098826 415.039015 282.159632
35 44 43 0.986779 0.010893 0.002329 416.243285 240.675155
36 37 45 0.962783 0.000459 0.036758 78.685212 288.196316
36 37 45 0.034442 0.660236 0.305322 108.595059 301.878560
36 37 45 0.953276 0.018192 0.028533 80.688771 289.445794
36 37 45 0.447191 0.178993 0.373817 93.799075 298.191922
36 37 45 0.181079 0.711678 0.107243 110.521920 290.712596
36 37 45 0.574478 0.323499 0.102023 92.342699 293.145116
36 37 45 0.446354 0.420546 0.133100 96.435127 293.320102
36 37 45 0.411440 0.317458 0.271102 93.277186 295.746751
36 37 45 0.308684 0.686821 0.004495 107.410880 286.718686
36 37 45 0.390313 0.472278 0.137408 99.948259 292.293651
37 46 45 0.403290 0.104184 0.492526 110.520147 308.133472
37 46 45 0.637314 0.297880 0.064806 121.750208 302.201811
37 46 45 0.790627 0.009050 0.200323 118.520957 297.875108
37 46 45 0.713995 0.262180 0.023825 123.493494 291.224566
37 46 45 0.471064 0.265374 0.263562 114.545199 305.977856
37 46 45 0.849768 0.005714 0.144519 114.123689 290.107679
37 46 45 0.887384 0.079996 0.032621 116.973914 291.827140
37 46 45 0.677968 0.086235 0.235796 113.737368 297.582262
37 46 45 0.165975 0.037595 0.796430 96.046719 310.525260
37 46 45 0.528823 0.049319 0.421858 106.862600 301.788793
37 38 46 0.879919 0.029735 0.090346 124.847627 291.165485
37 38 46 0.233114 0.750178 0.016708 146.919665 286.315762
37 38 46 0.221013 0.385761 0.393226 135.803108 300.947624
37 38 46 0.644544 0.024294 0.331162 122.502650 298.251460
37 38 46 0.001832 0.075452 0.922716 130.770718 316.322925
37 38 46 0.218045 0.150256 0.631699 128.322599 310.855215
37 38 46 0.338486 0.515333 0.146181 139.407009 292.257109
37 38 46 0.549370 0.197821 0.252809 128.907500 295.953743
37 38 46 0.581769 0.328310 0.089921 136.430208 291.337769
37 38 46 0.987040 0.005911 0.007048 121.349743 287.074649
38 47 46 0.193168 0.663981 0.142851 158.555483 311.072484
38 47 46 0.708111 0.004929 0.286961 149.472520 303.769129
38 47 46 0.379147 0.464530 0.156322 157.293371 308.405387
38 47 46 0.694441 0.255964 0.049594 161.734367 297.080647
38 47 46 0.252849 0.306372 0.440779 147.948932 316.508004
38 47 46 0.532372 0.028048 0.439580 144.096248 302.185742
38 47 46 0.895749 0.060524 0.043727 160.543068 293.250045
38 47 46 0.853246 0.004402 0.142351 154.247632 298.648307
38 47 46 0.284174 0.633477 0.082349 157.323478 312.760536
38 47 46 0.499188 0.192931 0.307881 149.831078 307.367381
38 39 47 0.520024 0.445447 0.034529 177.726249 289.340760
38 39 47 0.266806 0.274434 0.458759 172.268135 303.058028
38 39 47 0.103238 0.362597 0.534165 181.739055 307.827075
38 39 47 0.478091 0.376121 0.145787 182.096862 294.233729
38 39 47 0.847057 0.135271 0.017672 164.607402 288.850889
38 39 47 0.404086 0.034076 0.561838 164.466992 307.470487
38 39 47 0.052333 0.140098 0.807570 168.946088 317.090038
38 39 47 0.452483 0.013451 0.534066 162.040973 307.535038
38 39 47 0.918897 0.048673 0.032430 159.141288 288.070170
38 39 47 0.263929 0.055650 0.680421 167.131212 310.311939
39 48 47 0.682075 0.262121 0.055804 200.492332 299.926450
39 48 47 0.317383 0.566408 0.116209 202.466223 311.833177
39 48 47 0.667886 0.170703 0.161412 199.056598 302.887212
39 48 47 0.031459 0.136061 0.832480 174.315258 319.762156
39 48 47 0.932761 0.015409 0.051830 201.350704 292.218585
39 48 47 0.755875 0.133624 0.110501 197.903778 296.736532
39 48 47 0.462486 0.391012 0.146503 198.986874 307.964110
39 48 47 0.834294 0.104000 0.061707 200.365025 295.200184
39 48 47 0.819198 0.078336 0.102466 199.950607 297.312554
39 48 47 0.995564 0.001004 0.003433 200.391775 288.211210
39 40 48 0.803129 0.109935 0.086936 207.916629 287.291081
39 40 48 0.515910 0.124534 0.359555 207.987333 304.360371
39 40 48 0.695540 0.027407 0.277053 202.864778 300.867244
39 40 48 0.414313 0.077785 0.507902 209.705175 307.766310
39 40 48 0.711801 0.250398 0.037802 213.823311 285.975120
39 40 48 0.333490 0.649842 0.016668 228.746739 289.309282
39 40 48 0.036966 0.740601 0.222432 230.451952 295.382623
39 40 48 0.751353 0.096482 0.152165 205.838662 293.483892
39 40 48 0.770236 0.022649 0.207116 204.289121 292.980096
39 40 48 0.311908 0.554771 0.133321 221.982850 294.834017
40 49 48 0.270481 0.327957 0.401562 227.970714 313.120713
40 49 48 0.496743 0.457794 0.045463 245.661181 304.375079
40 49 48 0.745441 0.137982 0.116577 241.677487 298.689673
40 49 48 0.652305 0.228358 0.119337 237.210218 296.676674
40 49 48 0.817849 0.025037 0.157114 241.733123 293.850714
40 49 48 0.151955 0.079310 0.768735 215.075045 318.733817
40 49 48 0.167277 0.031134 0.801589 209.613374 313.479305
40 49 48 0.081070 0.021394 0.897535 207.029686 320.098147
40 49 48 0.992089 0.002753 0.005158 241.175221 291.546379
40 49 48 0.673771 0.256735 0.069494 242.527651 299.229302
40 41 49 0.055656 0.460207 0.484136 262.552278 300.155332
40 41 49 0.658237 0.195609 0.146154 253.134998 291.880775
40 41 49 0.081977 0.727642 0.190380 275.046498 292.127951
40 41 49 0.278677 0.609644 0.111680 266.333637 290.946929
40 41 49 0.249255 0.165303 0.585442 248.531923 308.532863
40 41 49 0.101183 0.567443 0.331374 267.340713 299.713559
40 41 49 0.399830 0.360620 0.239549 256.067423 294.570501
40 41 49 0.224327 0.715362 0.060311 274.421667 288.169364
40 41 49 0.757021 0.097929 0.145050 249.869317 291.046110
40 41 49 0.152886 0.344243 0.502871 258.483575 305.776100
41 50 49 0.142196 0.044751 0.813053 249.987501 314.460238
41 50 49 0.056154 0.156522 0.787324 254.223216 321.669647
41 50 49 0.754468 0.221867 0.023665 284.746414 295.559360
41 50 49 0.574067 0.269483 0.156450 282.137911 303.507786
41 50 49 0.485563 0.367217 0.147221 277.167196 301.842909
41 50 49 0.522915 0.167801 0.309284 274.920049 303.744946
41 50 49 0.609230 0.260911 0.129859 280.828095 297.848960
41 50 49 0.304801 0.500028 0.195171 274.376954 311.324758
41 50 49 0.591344 0.282464 0.126191 283.048855 299.187555
41 50 49 0.993853 0.002822 0.003325 286.757664 288.811983
41 42 50 0.548863 0.211033 0.240104 289.931429 292.845829
41 42 50 0.884255 0.033805 0.081940 290.246306 287.446732
41 42 50 0.180663 0.546236 0.273102 313.494847 297.281022
41 42 50 0.889890 0.094396 0.015714 289.525580 288.147080
41 42 50 0.744971 0.128646 0.126382 292.652412 294.190094
41 42 50 0.612117 0.330712 0.057171 305.097119 291.774391
41 42 50 0.570985 0.405537 0.023478 305.839516 286.255353
41 42 50 0.019064 0.539603 0.441333 309.328689 297.981908
41 42 50 0.923185 0.052529 0.024286 290.065738 288.524386
41 42 50 0.553892 0.186917 0.259191 295.624936 294.537684
42 51 50 0.518895 0.167740 0.313365 315.352270 300.277060
42 51 50 0.516327 0.344537 0.139136 324.588319 302.247114
42 51 50 0.674639 0.262737 0.062624 322.258934 293.600543
42 51 50 0.827323 0.081365 0.091312 321.861348 290.657747
42 51 50 0.195658 0.074022 0.730320 297.930790 313.681215
42 51 50 0.116581 0.187265 0.696154 303.983307 317.920980
42 51 50 0.412079 0.449293 0.138627 318.737418 304.335185
42 51 50 0.768222 0.088700 0.143078 322.468831 295.664741
42 51 50 0.551509 0.137677 0.310814 318.341538 301.430700
42 51 50 0.574348 0.367955 0.057697 327.103428 302.238112
42 43 51 0.292797 0.033375 0.673828 332.119517 309.742823
42 43 51 0.080630 0.811116 0.108254 365.761868 290.484924
42 43 51 0.441122 0.046468 0.512409 326.976848 305.169059
42 43 51 0.276511 0.206871 0.516617 336.804278 302.748016
42 43 51 0.778698 0.185139 0.036163 340.903148 286.505287
42 43 51 0.014194 0.814785 0.171021 364.487044 287.445698
42 43 51 0.374477 0.569083 0.056440 353.200611 284.461927
42 43 51 0.736516 0.094746 0.168738 333.628371 289.922368
42 43 51 0.272129 0.014651 0.713221 329.380570 312.056639
42 43 51 0.459620 0.474944 0.065436 352.643844 286.403513
43 52 51 0.830431 0.004212 0.165358 367.976214 290.452948
43 52 51 0.722280 0.272602 0.005117 373.172849 294.292153
43 52 51 0.119838 0.627205 0.252957 360.666285 315.910600
43 52 51 0.142423 0.089556 0.768021 337.253835 316.348238
43 52 51 0.255437 0.629619 0.114943 366.733203 309.835016
43 52 51 0.929829 0.019094 0.051077 373.989678 287.280616
43 52 51 0.940184 0.050941 0.008875 371.861922 284.108336
43 52 51 0.354900 0.176350 0.468749 353.410007 307.647861
43 52 51 0.430674 0.538915 0.030411 372.077539 304.985568
43 52 51 0.393349 0.557923 0.048728 362.659445 306.877206
43 44 52 0.670329 0.025343 0.304328 373.962412 297.841868
43 44 52 0.313943 0.085033 0.601024 373.230386 305.845794
43 44 52 0.868972 0.024400 0.106628 371.051670 289.911363
43 44 52 0.459475 0.218196 0.322329 380.014634 296.427076
43 44 52 0.363636 0.606869 0.029495 401.041393 283.434522
43 44 52 0.392109 0.527837 0.080054 399.311221 288.128787
43 44 52 0.188723 0.502872 0.308405 394.210038 293.212885
43 44 52 0.158498 0.718807 0.122695 404.546997 288.719746
43 44 52 0.903107 0.043464 0.053429 373.312931 286.223336
43 44 52 0.935718 0.063069 0.001213 377.022307 282.695353
44 53 52 0.597099 0.165818 0.237083 400.765590 298.103484
44 53 52 0.205871 0.358089 0.436039 392.288413 310.649670
44 53 52 0.534681 0.289154 0.176165 405.334663 302.245750
44 53 52 0.536976 0.326157 0.136867 404.568319 301.019849
44 53 52 0.570646 0.098842 0.330513 398.091714 302.157568
44 53 52 0.855391 0.099483 0.045126 411.722239 292.687922
44 53 52 0.266970 0.707994 0.025036 410.551017 310.563683
44 53 52 0.837502 0.089330 0.073168 414.172891 289.677274
44 53 52 0.896877 0.025098 0.078026 416.396946 285.774834
44 53 52 0.715718 0.202446 0.081836 408.494393 297.966039
45 46 54 0.857866 0.005266 0.136868 89.677807 316.243289
45 46 54 0.202554 0.495105 0.302341 109.138429 325.681479
45 46 54 0.854919 0.109499 0.035582 95.732143 316.402937
45 46 54 0.228152 0.329892 0.441955 109.663260 328.937811
45 46 54 0.356709 0.003677 0.639614 100.967773 335.928077
45 46 54 0.933139 0.003363 0.063497 93.778448 319.376444
45 46 54 0.244084 0.305096 0.450821 106.708025 326.920263
45 46 54 0.184009 0.030441 0.785550 98.566927 336.619141
45 46 54 0.562344 0.018153 0.419503 97.769692 327.581440
45 46 54 0.659034 0.296881 0.044085 101.641691 317.851493
46 55 54 0.280718 0.117314 0.601968 112.441821 331.426530
46 55 54 0.773747 0.039434 0.186819 124.870136 325.055287
46 55 54 0.792594 0.085234 0.122172 128.067284 326.101785
46 55 54 0.942487 0.012766 0.044747 129.357126 321.373958
46 55 54 0.656886 0.174562 0.168552 123.098321 330.209859
46 55 54 0.510865 0.455596 0.033540 131.945383 329.594776
46 55 54 0.512557 0.277252 0.210191 123.124498 329.365055
46 55 54 0.731434 0.241270 0.027296 131.545682 327.395930
46 55 54 0.665576 0.230636 0.103788 128.982766 325.602847
46 55 54 0.304112 0.079315 0.616574 112.024488 334.832080
46 47 55 0.141727 0.513223 0.345050 150.967377 330.259934
46 47 55 0.968593 0.000818 0.030589 125.453070 319.500449
46 47 55 0.278394 0.182464 0.539142 139.089336 330.814553
46 47 55 0.823338 0.045823 0.130840 133.524593 324.112277
46 47 55 0.993625 0.004819 0.001555 129.121487 320.912491
46 47 55 0.170297 0.129552 0.700150 140.850965 337.420764
46 47 55 0.918370 0.008856 0.072773 130.621806 322.732879
46 47 55 0.403065 0.235577 0.361358 139.077379 328.258525
46 47 55 0.575768 0.266435 0.157796 136.421003 326.058176
46 47 55 0.955665 0.024693 0.019642 127.160316 318.961438
47 56 55 0.654797 0.125328 0.219875 158.264618 328.006989
47 56 55 0.291829 0.160668 0.547503 152.854527 334.703136
47 56 55 0.727222 0.150311 0.122467 169.731674 329.952211
47 56 55 0.305236 0.078718 0.616046 149.144972 333.413760
47 56 55 0.900743 0.012089 0.087167 165.046891 324.663781
47 56 55 0.915252 0.023917 0.060831 165.799533 322.857297
47 56 55 0.333443 0.365741 0.300816 158.954765 335.359674
47 56 55 0.053788 0.365227 0.580984 147.162594 339.464219
47 56 55 0.010775 0.432723 0.556502 155.903970 343.079786
47 56 55 0.237443 0.298398 0.464158 156.454503 333.070893
47 48 56 0.575199 0.379632 0.045169 182.683932 322.801175
47 48 56 0.905783 0.081621 0.012596 172.344398 317.625395
47 48 56 0.734168 0.178378 0.087454 172.864131 322.627293
47 48 56 0.222048 0.583319 0.194633 194.516717 326.005289
47 48 56 0.578020 0.398104 0.023877 182.661447 319.718083
47 48 56 0.884218 0.032204 0.083578 169.795039 323.866464
47 48 56 0.259829 0.346873 0.393297 183.103683 327.936655
47 48 56 0.554058 0.302805 0.143137 179.839113 323.069533
47 48 56 0.467459 0.308443 0.224098 179.131940 327.986106
47 48 56 0.634852 0.097094 0.268054 171.324802 326.193009
48 57 56 0.637608 0.224261 0.138131 202.726229 331.340954
48 57 56 0.990356 0.002895 0.006749 202.795782 320.211175
48 57 56 0.857540 0.035211 0.107249 204.484203 324.668330
48 57 56 0.244009 0.720884 0.035107 205.180176 338.460114
48 57 56 0.598255 0.092081 0.309663 192.577519 331.823606
48 57 56 0.525173 0.379591 0.095236 204.277584 333.728842
48 57 56 0.662140 0.312714 0.025145 204.768857 328.742408
48 57 56 0.903979 0.052169 0.043852 206.245574 319.503740
48 57 56 0.023405 0.246525 0.730070 182.978398 340.599905
48 57 56 0.525288 0.364627 0.110085 200.031946 330.082298
48 49 57 0.347668 0.340574 0.311757 218.366702 325.695571
48 49 57 0.203913 0.364997 0.431090 220.911892 330.556128
48 49 57 0.084257 0.863372 0.052371 240.865514 320.509776
48 49 57 0.279281 0.639997 0.080722 230.749341 321.939606
48 49 57 0.163873 0.631320 0.204807 235.155675 326.870935
48 49 57 0.532597 0.310630 0.156773 217.020362 324.288116
48 49 57 0.247518 0.215332 0.537150 218.854555 332.546096
48 49 57 0.196327 0.486687 0.316987 227.853501 329.841495
48 49 57 0.732355 0.259881 0.007764 216.159408 320.554586
48 49 57 0.610979 0.300274 0.088747 213.117859 323.587143
49 58 57 0.407236 0.347041 0.245723 239.634487 334.146808
49 58 57 0.670116 0.284676 0.045208 244.359877 329.811310
49 58 57 0.699360 0.286052 0.014588 242.847530 328.769129
49 58 57 0.584458 0.099546 0.315996 234.967912 330.433708
49 58 57 0.249534 0.450365 0.300100 238.172977 337.254145
49 58 57 0.474023 0.326300 0.199677 239.925044 335.134154
49 58 57 0.810589 0.170271 0.019141 243.952088 323.393437
49 58 57 0.737593 0.167020 0.095387 241.191792 326.755181
49 58 57 0.189597 0.640531 0.169872 239.992771 340.152699
49 58 57 0.600539 0.393494 0.005967 245.966140 328.576038
49 50 58 0.897084 0.101902 0.001014 248.040483 321.552039
49 50 58 0.672139 0.008199 0.319663 242.072209 328.178355
49 50 58 0.873571 0.071735 0.054694 246.582483 319.177166
49 50 58 0.973687 0.002528 0.023785 244.220672 325.922342
49 50 58 0.224755 0.131586 0.643660 250.677584 336.427171
49 50 58 0.116660 0.043261 0.840079 251.368863 343.944926
49 50 58 0.216270 0.012132 0.771598 245.300709 339.369230
49 50 58 0.679290 0.307081 0.013628 258.252373 321.987084
49 50 58 0.677264 0.238352 0.084384 255.678346 320.583412
49 50 58 0.646953 0.208769 0.144278 255.518131 326.614165
50 59 58 0.668563 0.106473 0.224964 278.518375 330.094412
50 59 58 0.518039 0.434544 0.047417 286.452224 333.292659
50 59 58 0.409234 0.136371 0.454395 266.556865 338.317842
50 59 58 0.546838 0.034224 0.418938 269.423962 333.194397
50 59 58 0.274983 0.611103 0.113913 280.781308 339.355508
50 59 58 0.581679 0.291668 0.126653 279.886134 331.696586
50 59 58 0.764618 0.160560 0.074822 287.779618 329.864169
50 59 58 0.298623 0.561963 0.139413 282.223276 337.571357
50 59 58 0.066579 0.114410 0.819011 254.009009 343.067232
50 59 58 0.653493 0.253335 0.093172 279.995820 326.703342
50 51 59 0.448384 0.077413 0.474204 288.958201 332.864695
50 51 59 0.087026 0.698702 0.214272 314.154196 327.974419
50 51 59 0.258098 0.714942 0.026960 318.317488 322.307410
50 51 59 0.984706 0.008077 0.007217 290.971596 323.622167
50 51 59 0.606178 0.357950 0.035872 302.583818 322.752276
50 51 59 0.650156 0.279954 0.069890 300.154372 325.334337
50 51 59 0.211538 0.503481 0.284981 304.809309 329.256703
50 51 59 0.977608 0.016741 0.005651 284.788561 321.473063
50 51 59 0.374910 0.373084 0.252006 303.778366 328.115092
50 51 59 0.125259 0.059439 0.815302 290.882880 341.680839
51 60 59 0.181078 0.022667 0.796254 291.605443 340.643079
51 60 59 0.067203 0.610985 0.321812 309.285337 343.767836
51 60 59 0.113497 0.735398 0.151105 316.059743 343.669580
51 60 59 0.108639 0.109978 0.781383 291.349857 343.852622
51 60 59 0.499979 0.261163 0.238858 314.668123 338.129429
51 60 59 0.428423 0.384671 0.186906 319.881254 336.183254
51 60 59 0.868664 0.006617 0.124719 318.189294 324.330769
51 60 59 0.178693 0.511025 0.310282 312.341377 341.207126
51 60 59 0.955711 0.008338 0.035951 324.018462 325.121688
51 60 59 0.412569 0.498542 0.088888 324.224572 339.544687
51 52 60 0.607023 0.265367 0.127610 337.858002 326.150607
51 52 60 0.617585 0.179187 0.203228 338.755600 324.198662
51 52 60 0.627907 0.348167 0.023926 341.503460 319.298775
51 52 60 0.118461 0.602596 0.278943 347.631604 328.310453
51 52 60 0.676517 0.022318 0.301165 325.891270 328.704684
51 52 60 0.717450 0.239457 0.043093 338.562255 325.260819
51 52 60 0.979959 0.016870 0.003171 326.008571 318.443829
51 52 60 0.951554 0.005686 0.042760 327.816386 320.868849
51 52 60 0.393113 0.368709 0.238178 341.237271 328.895764
51 52 60 0.442472 0.474024 0.083504 342.717514 321.726275
52 61 60 0.730696 0.211506 0.057798 362.404779 325.755426
52 61 60 0.114471 0.344214 0.541315 337.809765 345.462973
52 61 60 0.985825 0.003520 0.010654 365.752633 321.734638
52 61 60 0.653662 0.152092 0.194246 358.746724 328.419849
52 61 60 0.842253 0.147344 0.010402 366.733506 325.305611
52 61 60 0.562571 0.011887 0.425541 349.806575 333.523472
52 61 60 0.944436 0.048587 0.006977 363.825636 323.077735
52 61 60 0.990998 0.005535 0.003468 365.562028 319.261172
52 61 60 0.820928 0.037617 0.141455 363.394547 325.898987
52 61 60 0.624723 0.214915 0.160362 359.190458 328.693340
52 53 61 0.036746 0.164576 0.798678 370.606102 346.141880
52 53 61 0.727585 0.143883 0.128532 371.673425 325.539276
52 53 61 0.012688 0.445295 0.542017 384.728294 334.827850
52 53 61 0.811020 0.032733 0.156247 369.778131 323.770589
52 53 61 0.856101 0.027568 0.116332 366.795576 327.304311
52 53 61 0.661005 0.277351 0.061644 380.742052 323.567483
52 53 61 0.955341 0.043491 0.001167 368.990649 321.192569
52 53 61 0.972193 0.002659 0.025148 363.309223 321.350794
52 53 61 0.198583 0.778479 0.022938 399.430883 321.334237
52 53 61 0.733786 0.139705 0.126509 375.527056 325.473543
53 62 61 0.972452 0.018914 0.008634 410.897899 324.293780
53 62 61 0.774649 0.097889 0.127462 402.028553 329.970924
53 62 61 0.679359 0.208130 0.112511 404.152767 326.057054
53 62 61 0.976387 0.001304 0.022309 410.943246 320.909408
53 62 61 0.836346 0.108010 0.055644 405.013799 323.175797
53 62 61 0.830820 0.047409 0.121770 403.585237 324.889523
53 62 61 0.257574 0.006164 0.736262 374.010985 343.798947
53 62 61 0.925575 0.037803 0.036622 406.152435 323.794606
53 62 61 0.909757 0.005765 0.084479 405.890384 325.080488
53 62 61 0.020989 0.222760 0.756251 372.981516 347.722700
54 55 63 0.260674 0.073488 0.665838 112.646865 350.962066
54 55 63 0.838052 0.075694 0.086254 107.910160 344.573055
54 55 63 0.696602 0.134723 0.168675 107.910595 341.533262
54 55 63 0.407529 0.524510 0.067961 121.232191 342.109624
54 55 63 0.827785 0.029176 0.143039 105.270558 340.818093
54 55 63 0.779758 0.076989 0.143253 104.726157 342.733844
54 55 63 0.589164 0.066412 0.344424 109.914128 346.254878
54 55 63 0.629351 0.137181 0.233467 108.990179 345.631799
54 55 63 0.247915 0.505427 0.246657 124.714825 343.075886
54 55 63 0.933114 0.023903 0.042983 103.982995 343.105832
55 64 63 0.583172 0.150377 0.266451 133.558094 343.089262
55 64 63 0.893853 0.093636 0.012512 134.673308 342.455862
55 64 63 0.989062 0.002006 0.008932 138.874002 340.356526
55 64 63 0.663423 0.050140 0.286437 131.301284 344.143491
55 64 63 0.240821 0.424911 0.334268 133.746438 355.857689
55 64 63 0.298509 0.698389 0.003102 144.468192 353.640471
55 64 63 0.495643 0.091636 0.412721 128.070645 346.849558
55 64 63 0.088327 0.015198 0.896475 117.528629 356.264361
55 64 63 0.408886 0.229372 0.361743 128.212826 350.142717
55 64 63 0.109692 0.720662 0.169646 139.935460 356.425528
55 56 64 0.000073 0.198876 0.801051 152.218903 354.207941
55 56 64 0.574847 0.149242 0.275911 143.927336 346.696139
55 56 64 0.732132 0.131171 0.136698 141.390723 341.586190
55 56 64 0.796397 0.015382 0.188221 140.031815 346.043565
55 56 64 0.808868 0.149739 0.041393 143.567409 339.508550
55 56 64 0.103340 0.001723 0.894937 149.342240 351.271969
55 56 64 0.872238 0.122096 0.005666 142.058642 342.069834
55 56 64 0.699405 0.041422 0.259172 144.587927 347.092105
55 56 64 0.538964 0.017506 0.443531 142.314298 346.943914
55 56 64 0.117806 0.520258 0.361936 159.319852 345.799981
56 65 64 0.552402 0.122066 0.325532 169.326307 348.907167
56 65 64 0.106343 0.605445 0.288212 176.115062 355.608216
56 65 64 0.487878 0.485497 0.026624 178.802206 349.124635
56 65 64 0.385746 0.114467 0.499787 159.354026 352.241240
56 65 64 0.780602 0.024807 0.194591 168.712189 349.954569
56 65 64 0.596600 0.385039 0.018361 176.670765 345.538161
56 65 64 0.241512 0.592784 0.165705 169.970298 354.869511
56 65 64 0.507844 0.287289 0.204866 171.075278 346.293216
56 65 64 0.717168 0.072701 0.210131 169.464003 344.651879
56 65 64 0.296501 0.276547 0.426953 165.241315 355.107915
56 57 65 0.107103 0.423572 0.469325 192.927419 349.233883
56 57 65 0.874935 0.101212 0.023853 180.473951 342.454903
56 57 65 0.232014 0.423131 0.344854 193.553763 343.299582
56 57 65 0.438316 0.078955 0.482729 180.696489 350.938330
56 57 65 0.329602 0.254057 0.416341 185.686229 345.731582
56 57 65 0.709374 0.160798 0.129827 182.621640 348.207892
56 57 65 0.641541 0.002277 0.356182 179.999619 344.502730
56 57 65 0.438341 0.059494 0.502165 180.672788 349.164535
56 57 65 0.040712 0.895757 0.063532 215.049103 343.923309
56 57 65 0.380342 0.007694 0.611965 180.640693 350.269839
57 66 65 0.700954 0.146234 0.152812 207.889217 347.518883
57 66 65 0.948706 0.005891 0.045404 210.412186 341.897779
57 66 65 0.143697 0.847593 0.008710 211.888682 351.526906
57 66 65 0.236314 0.678537 0.085150 209.598821 347.713646
57 66 65 0.691056 0.076587 0.232358 206.981332 346.728140
57 66 65 0.716378 0.178372 0.105251 213.221429 346.655850
57 66 65 0.599879 0.018114 0.382007 202.249582 344.860324
57 66 65 0.995346 0.003078 0.001576 210.894512 341.865527
57 66 65 0.693521 0.027457 0.279022 202.443893 350.012288
57 66 65 0.456723 0.153743 0.389534 198.397744 346.959876
57 58 66 0.766856 0.177456 0.055689 216.904248 342.503950
57 58 66 0.586634 0.289451 0.123915 221.671310 343.825735
57 58 66 0.820029 0.146129 0.033843 217.671371 345.979885
57 58 66 0.405972 0.198746 0.395282 221.072839 348.335345
57 58 66 0.321921 0.215057 0.463022 221.787444 350.350242
57 58 66 0.169575 0.391432 0.438992 226.347201 349.611306
57 58 66 0.043996 0.524970 0.431033 231.730683 349.219708
57 58 66 0.663004 0.020629 0.316368 214.841250 349.613747
57 58 66 0.998113 0.001310 0.000576 210.175692 340.984886
57 58 66 0.858428 0.054534 0.087037 214.412890 343.763081
58 67 66 0.410796 0.479161 0.110043 245.635850 354.161587
58 67 66 0.360335 0.471178 0.168487 244.171441 354.722381
58 67 66 0.716995 0.110010 0.172995 243.056566 348.106917
58 67 66 0.066262 0.360093 0.573646 228.244763 358.202632
58 67 66 0.518424 0.125259 0.356317 237.949443 353.738580
58 67 66 0.670940 0.273626 0.055433 246.154959 352.579221
58 67 66 0.839391 0.073600 0.087010 246.292290 341.991391
58 67 66 0.177207 0.084924 0.737869 221.841127 352.415052
58 67 66 0.796662 0.024908 0.178429 237.899150 347.138627
58 67 66 0.891196 0.046919 0.061885 247.947732 346.483555
58 59 67 0.257878 0.428558 0.313564 261.818085 352.629831
58 59 67 0.641154 0.222692 0.136154 253.717654 346.566650
58 59 67 0.991915 0.005009 0.003075 248.591720 346.919122
58 59 67 0.984071 0.008735 0.007193 246.008502 346.957089
58 59 67 0.592226 0.300049 0.107726 257.862036 348.935354
58 59 67 0.491314 0.211558 0.297128 256.257448 347.101915
58 59 67 0.083729 0.560926 0.355345 266.823102 351.006775
58 59 67 0.965601 0.017326 0.017074 248.069845 346.391331
58 59 67 0.354377 0.428870 0.216753 260.896531 349.742309
58 59 67 0.198958 0.767370 0.033672 277.480929 349.782703
59 68 67 0.206079 0.243435 0.550486 264.146246 357.183479
59 68 67 0.197138 0.416077 0.386785 274.241611 354.872871
59 68 67 0.017858 0.712117 0.270025 272.462442 359.333433
59 68 67 0.293119 0.495253 0.211628 274.159036 359.430899
59 68 67 0.696681 0.019899 0.283420 274.725207 352.219528
59 68 67 0.374107 0.567837 0.058056 282.442526 356.890864
59 68 67 0.318024 0.474165 0.207811 278.614926 355.412993
59 68 67 0.532596 0.103644 0.363760 274.030204 352.439967
59 68 67 0.423811 0.482888 0.093301 277.925368 353.686719
59 68 67 0.957322 0.020765 0.021913 285.558467 345.227822
59 60 68 0.721810 0.149406 0.128784 287.129872 347.496212
59 60 68 0.266432 0.365057 0.368511 293.484689 353.844015
59 60 68 0.580631 0.308680 0.110690 294.484439 350.292671
59 60 68 0.684020 0.282928 0.033052 297.459437 344.566619
59 60 68 0.674045 0.138493 0.187463 288.471469 350.090726
59 60 68 0.208917 0.277561 0.513522 291.639195 351.946174
59 60 68 0.765113 0.068161 0.166726 287.897252 347.238183
59 60 68 0.956890 0.042468 0.000642 285.363681 348.138890
59 60 68 0.296455 0.168101 0.535443 293.252196 353.350669
59 60 68 0.886667 0.053475 0.059858 287.713137 346.734407
60 69 68 0.107536 0.820873 0.071591 315.474207 359.597026
60 69 68 0.546511 0.045980 0.407509 303.638216 353.748885
60 69 68 0.434760 0.213396 0.351844 308.545686 354.446998
60 69 68 0.267445 0.007118 0.725437 294.111160 356.387883
60 69 68 0.866460 0.131918 0.001622 318.898275 352.293735
60 69 68 0.232854 0.409272 0.357874 310.309403 361.260040
60 69 68 0.638123 0.054741 0.307135 312.479118 355.243738
60 69 68 0.016511 0.244526 0.738964 292.440048 360.128712
60 69 68 0.957754 0.007187 0.035059 321.972318 347.153576
60 69 68 0.052043 0.093903 0.854054 288.393650 360.783720
60 61 69 0.669373 0.313700 0.016926 331.001154 346.469921
60 61 69 0.374048 0.304626 0.321326 331.106278 349.440512
60 61 69 0.352903 0.548887 0.098210 344.114224 347.395963
60 61 69 0.795819 0.024571 0.179609 320.813422 350.188613
60 61 69 0.588050 0.186815 0.225135 326.974687 351.495778
60 61 69 0.517147 0.338292 0.144562 332.107170 348.665357
60 61 69 0.128541 0.147992 0.723468 325.476459 358.206481
60 61 69 0.335321 0.662983 0.001696 351.153777 347.685389
60 61 69 0.616316 0.112730 0.270954 326.273379 352.214112
60 61 69 0.793188 0.170327 0.036485 325.658653 349.047751
61 70 69 0.611330 0.115077 0.273593 348.040795 354.372023
61 70 69 0.715744 0.210493 0.073762 353.047365 353.587310
61 70 69 0.550891 0.059116 0.389993 344.778959 357.650050
61 70 69 0.164310 0.444275 0.391415 338.090727 364.762727
61 70 69 0.833420 0.017907 0.148673 354.451966 353.171162
61 70 69 0.183922 0.162386 0.653693 334.692711 359.704591
61 70 69 0.173450 0.696327 0.130223 351.663969 364.341198
61 70 69 0.768726 0.226416 0.004857 359.581453 354.585235
61 70 69 0.736051 0.049239 0.214710 349.489743 353.146495
61 70 69 0.479450 0.410391 0.110159 356.162897 360.938056
61 62 70 0.518262 0.373049 0.108689 377.450942 347.225077
61 62 70 0.831731 0.051048 0.117221 364.156857 349.123437
61 62 70 0.972081 0.002717 0.025202 362.882849 350.923343
61 62 70 0.079875 0.127653 0.792471 358.862625 362.284540
61 62 70 0.419823 0.163797 0.416380 365.606362 354.247370
61 62 70 0.465802 0.292565 0.241632 370.999884 350.302220
61 62 70 0.767157 0.117898 0.114944 364.019149 347.525982
61 62 70 0.854899 0.037784 0.107317 360.042471 353.054243
61 62 70 0.997588 0.001973 0.000439 359.764726 346.892785
61 62 70 0.643984 0.003476 0.352540 358.997209 352.437429
62 71 70 0.615304 0.323877 0.060818 391.815994 354.171843
62 71 70 0.269676 0.091475 0.638849 365.718908 362.012233
62 71 70 0.298631 0.300180 0.401189 381.130122 362.614023
62 71 70 0.654837 0.174071 0.171093 389.425804 353.356723
62 71 70 0.501957 0.069787 0.428256 380.136888 356.535055
62 71 70 0.381089 0.104302 0.514610 374.620483 354.754951
62 71 70 0.625482 0.195674 0.178844 388.619196 353.641592
62 71 70 0.140215 0.731625 0.128160 389.537894 363.979196
62 71 70 0.939505 0.030333 0.030162 400.844402 346.775330
62 71 70 0.042473 0.135109 0.822418 361.842205 365.643360
63 64 72 0.444045 0.381841 0.174114 125.737665 353.880384
63 64 72 0.524465 0.148318 0.327216 123.194304 357.303278
63 64 72 0.581392 0.360896 0.057712 129.877220 354.255797
63 64 72 0.136412 0.012925 0.850664 122.703143 364.775405
63 64 72 0.228020 0.593794 0.178186 134.074165 356.481141
63 64 72 0.541591 0.454935 0.003474 126.675765 353.626105
63 64 72 0.042925 0.661462 0.295612 138.974720 359.626664
63 64 72 0.442703 0.259427 0.297870 124.346608 358.130067
63 64 72 0.692997 0.079848 0.227155 120.380375 357.828739
63 64 72 0.900452 0.036479 0.063070 115.640917 355.562858
64 73 72 0.723151 0.131915 0.144934 143.492831 354.735427
64 73 72 0.155280 0.708915 0.135805 149.790836 363.534861
64 73 72 0.240456 0.475554 0.283991 145.179783 362.067186
64 73 72 0.076773 0.166896 0.756331 131.713970 368.077641
64 73 72 0.929689 0.024088 0.046223 147.550468 355.688270
64 73 72 0.870045 0.129923 0.000032 147.554651 358.795709
64 73 72 0.772771 0.066194 0.161034 143.996084 354.566609
64 73 72 0.155899 0.582631 0.261470 146.457429 364.581203
64 73 72 0.516957 0.274303 0.208740 147.597489 359.672898
64 73 72 0.481496 0.042776 0.475729 134.321750 363.609801
64 65 73 0.236939 0.683212 0.079849 174.094727 357.347931
64 65 73 0.059849 0.107564 0.832587 157.620455 368.210323
64 65 73 0.518374 0.208542 0.273084 158.009445 356.797751
64 65 73 0.764839 0.029696 0.205465 152.039209 355.299377
64 65 73 0.244396 0.414353 0.341251 168.121915 358.157231
64 65 73 0.312744 0.356454 0.330802 165.125850 361.832113
64 65 73 0.822015 0.111738 0.066248 150.610724 351.574512
64 65 73 0.843852 0.019634 0.136513 151.335177 360.534935
64 65 73 0.255120 0.649179 0.095701 169.248213 353.439928
64 65 73 0.213047 0.331127 0.455826 163.726575 360.622281
65 74 73 0.501560 0.226582 0.271858 180.839769 365.903265
65 74 73 0.847456 0.043369 0.109175 180.679787 354.238506
65 74 73 0.644080 0.233148 0.122772 178.747066 360.652865
65 74 73 0.727214 0.197288 0.075499 180.842838 358.742123
65 74 73 0.450820 0.410978 0.138202 181.752462 358.243835
65 74 73 0.088203 0.828368 0.083429 184.806635 365.255795
65 74 73 0.991384 0.007732 0.000884 184.463923 357.439493
65 74 73 0.774153 0.037671 0.188176 175.913320 356.565034
65 74 73 0.235056 0.183450 0.581495 170.065144 365.801731
65 74 73 0.806379 0.051576 0.142044 179.526289 354.037437
65 66 74 0.389920 0.537645 0.072435 202.047074 354.950034
65 66 74 0.599800 0.347730 0.052470 191.715380 352.761608
65 66 74 0.875036 0.039380 0.085584 183.722353 350.479246
65 66 74 0.218247 0.259867 0.521886 193.891929 361.579382
65 66 74 0.703401 0.176767 0.119832 187.456976 354.450756
65 66 74 0.260938 0.403538 0.335525 197.737499 356.326602
65 66 74 0.712143 0.025600 0.262257 182.457073 358.169842
65 66 74 0.065999 0.330380 0.603622 193.600302 363.535255
65 66 74 0.027874 0.481886 0.490240 201.858070 365.008203
65 66 74 0.390903 0.485718 0.123379 196.905096 354.213031
66 75 74 0.103451 0.742698 0.153851 211.237669 363.898380
66 75 74 0.249790 0.230743 0.519467 200.646056 368.657621
66 75 74 0.386689 0.078643 0.534668 200.893612 360.801701
66 75 74 0.954521 0.035948 0.009531 220.214552 356.695522
66 75 74 0.207650 0.384475 0.407875 205.090489 368.981603
66 75 74 0.882316 0.109115 0.008569 213.492746 356.569976
66 75 74 0.501912 0.483012 0.015076 216.306582 364.638003
66 75 74 0.585616 0.212787 0.201597 209.044101 363.991841
66 75 74 0.902533 0.079475 0.017992 216.457429 355.264462
66 75 74 0.134406 0.203050 0.662545 200.258431 365.147333
66 67 75 0.110010 0.427913 0.462077 235.134082 362.857799
66 67 75 0.553338 0.254802 0.191861 225.882684 358.886600
66 67 75 0.340353 0.208205 0.451442 226.466474 362.713867
66 67 75 0.153668 0.499289 0.347043 233.694182 358.566752
66 67 75 0.002526 0.696335 0.301139 244.048326 357.629787
66 67 75 0.560236 0.406710 0.033055 230.045083 357.179826
66 67 75 0.935608 0.059007 0.005385 217.220238 353.451037
66 67 75 0.553607 0.338397 0.107997 227.757487 360.091096
66 67 75 0.968096 0.013756 0.018148 217.125856 356.792511
66 67 75 0.155371 0.800003 0.044626 245.024359 356.076006
67 76 75 0.462432 0.473404 0.064164 248.214919 361.739499
67 76 75 0.117647 0.498088 0.384265 236.858326 364.127699
67 76 75 0.056778 0.436518 0.506705 235.710529 362.525905
67 76 75 0.817037 0.145365 0.037598 251.606808 361.234634
67 76 75 0.945496 0.050726 0.003778 251.376620 360.209232
67 76 75 0.350185 0.439650 0.210165 244.132715 362.532530
67 76 75 0.808223 0.053780 0.137996 246.571353 363.420648
67 76 75 0.350514 0.519707 0.129779 248.148733 363.099339
67 76 75 0.735241 0.261277 0.003482 250.447603 358.552350
67 76 75 0.594006 0.338112 0.067882 248.541056 363.257087
67 68 76 0.522530 0.336487 0.140983 259.494987 361.244807
67 68 76 0.784490 0.115538 0.099972 254.588493 360.699215
67 68 76 0.645901 0.044665 0.309434 252.023188 363.261953
67 68 76 0.979761 0.006621 0.013618 251.883509 359.101936
67 68 76 0.535484 0.429962 0.034554 261.409357 359.466108
67 68 76 0.329864 0.602101 0.068035 266.641888 358.576080
67 68 76 0.870067 0.060232 0.069701 250.910047 358.089469
67 68 76 0.618715 0.156513 0.224772 256.610943 363.992504
67 68 76 0.555282 0.319800 0.124918 261.326888 358.367392
67 68 76 0.698116 0.078035 0.223849 254.109748 360.868401
68 77 76 0.328875 0.073807 0.597318 262.685183 367.976178
68 77 76 0.778106 0.072533 0.149362 278.269852 361.708330
68 77 76 0.700877 0.085409 0.213714 276.367546 364.979451
68 77 76 0.614902 0.181034 0.204065 276.382278 365.561507
68 77 76 0.780504 0.107892 0.111603 275.346710 365.767712
68 77 76 0.525566 0.364148 0.110286 282.948934 363.869264
68 77 76 0.486065 0.354205 0.159729 281.678964 365.144891
68 77 76 0.208416 0.384893 0.406691 268.625844 368.831125
68 77 76 0.204052 0.170755 0.625193 262.663929 367.833892
68 77 76 0.229073 0.386969 0.383958 269.803993 366.054734
68 69 77 0.324694 0.173134 0.502172 290.292387 366.759244
68 69 77 0.544057 0.046822 0.409121 282.848232 363.283698
68 69 77 0.421334 0.509976 0.068689 298.010351 364.382710
68 69 77 0.809121 0.183241 0.007638 290.597157 360.675357
68 69 77 0.063901 0.693051 0.243048 307.897059 363.935578
68 69 77 0.928409 0.002847 0.068744 280.248396 360.573413
68 69 77 0.047407 0.281714 0.670878 291.852109 366.537501
68 69 77 0.267903 0.120387 0.611710 282.860415 365.080851
68 69 77 0.104072 0.720848 0.175079 306.511734 364.008480
68 69 77 0.942293 0.042219 0.015488 285.775175 358.783915
69 78 77 0.422689 0.218112 0.359198 304.737729 368.362801
69 78 77 0.307481 0.446820 0.245698 307.156443 374.315152
69 78 77 0.530100 0.137765 0.332135 306.176702 367.273903
69 78 77 0.349236 0.555864 0.094900 315.137242 371.180558
69 78 77 0.822764 0.026475 0.150760 310.528268 363.682004
69 78 77 0.564252 0.065866 0.369882 304.141651 366.956907
69 78 77 0.846678 0.147775 0.005547 316.876581 362.373011
69 78 77 0.831145 0.157935 0.010919 314.298914 365.592002
69 78 77 0.364345 0.183283 0.452372 298.608803 363.530674
69 78 77 0.369118 0.613788 0.017094 310.673828 369.085097
69 70 78 0.249488 0.443994 0.306518 331.578176 368.905069
69 70 78 0.479598 0.044111 0.476291 318.317393 366.738656
69 70 78 0.938392 0.047448 0.014160 322.219705 361.290023
69 70 78 0.787755 0.078135 0.134110 317.668288 363.927186
69 70 78 0.665469 0.295153 0.039378 331.730141 366.524081
69 70 78 0.691526 0.207392 0.101082 323.759254 363.979587
69 70 78 0.932935 0.016940 0.050126 317.828514 363.445467
69 70 78 0.962135 0.017516 0.020348 320.751939 366.156492
69 70 78 0.888246 0.017999 0.093755 318.950574 365.154645
69 70 78 0.844576 0.125006 0.030418 323.136827 363.413037
70 79 78 0.209630 0.259891 0.530480 333.856696 375.398911
70 79 78 0.726678 0.210257 0.063065 350.768813 367.877881
70 79 78 0.431800 0.077186 0.491014 334.513776 373.318283
70 79 78 0.552502 0.098737 0.348761 337.203023 367.409191
70 79 78 0.587994 0.367199 0.044807 350.976216 373.577348
70 79 78 0.508297 0.462050 0.029653 349.424607 373.952202
70 79 78 0.300978 0.257462 0.441560 338.602427 371.007981
70 79 78 0.985249 0.009370 0.005381 354.113253 365.563475
70 79 78 0.519773 0.293117 0.187110 347.995049 370.166015
70 79 78 0.096651 0.329544 0.573805 327.968306 376.378168
70 71 79 0.340535 0.584712 0.074753 376.579498 367.515882
70 71 79 0.353624 0.375610 0.270765 367.353886 371.638528
70 71 79 0.204658 0.665494 0.129848 377.286048 370.006244
70 71 79 0.548170 0.172418 0.279412 359.478199 372.721398
70 71 79 0.244151 0.599631 0.156218 373.580970 370.122465
70 71 79 0.983830 0.009601 0.006568 354.882854 361.765013
70 71 79 0.314936 0.004696 0.680368 353.028503 373.334005
70 71 79 0.106777 0.707331 0.185891 380.312054 367.312112
70 71 79 0.925339 0.071290 0.003371 356.201586 366.117696
70 71 79 0.485349 0.015701 0.498950 354.075869 370.975237
71 80 79 0.970315 0.011819 0.017867 390.196246 368.386467
71 80 79 0.862562 0.043729 0.093709 388.648321 365.692674
71 80 79 0.974579 0.024781 0.000640 388.800287 368.125707
71 80 79 0.933480 0.047681 0.018839 391.832104 371.015284
71 80 79 0.746572 0.248077 0.005351 389.480708 368.681672
71 80 79 0.922666 0.065347 0.011986 390.279586 366.271387
71 80 79 0.171567 0.254451 0.573982 363.986685 378.395291
71 80 79 0.783933 0.025616 0.190451 381.509227 369.830590
71 80 79 0.992748 0.002111 0.005141 391.252423 367.812287
71 80 79 0.723193 0.104257 0.172549 384.288400 371.943959
