0 1 9 0.314286 0.095687 0.590028 70.859351 147.072102
0 1 9 0.285301 0.471609 0.243091 82.651438 133.596290
0 1 9 0.877400 0.097499 0.025102 67.744393 122.209582
0 1 9 0.086750 0.907760 0.005490 106.799188 126.651196
0 1 9 0.270570 0.642542 0.086889 87.435993 130.438506
0 1 9 0.982710 0.010098 0.007193 63.861840 123.021558
0 1 9 0.806015 0.143302 0.050683 67.694761 127.781190
0 1 9 0.644930 0.172675 0.182395 68.838997 132.059795
0 1 9 0.962868 0.015813 0.021319 64.588516 123.117864
0 1 9 0.097917 0.090645 0.811438 63.823092 158.526674
1 10 9 0.379498 0.414079 0.206423 97.341940 151.187103
1 10 9 0.160633 0.295205 0.544162 80.016943 155.516637
1 10 9 0.274043 0.166661 0.559296 81.601535 155.679969
1 10 9 0.432841 0.035415 0.531744 81.221903 148.423887
1 10 9 0.644730 0.280847 0.074424 104.816325 140.377944
1 10 9 0.438544 0.236451 0.325004 93.421651 149.813964
1 10 9 0.255052 0.434802 0.310146 89.925166 158.564130
1 10 9 0.194937 0.077931 0.727132 72.353540 157.373024
1 10 9 0.251363 0.453757 0.294880 92.494340 158.096296
1 10 9 0.855898 0.015993 0.128109 101.645104 129.792985
1 2 10 0.543352 0.023712 0.432936 110.691508 143.711277
1 2 10 0.768782 0.187063 0.044154 114.877354 127.232195
1 2 10 0.219001 0.198686 0.582313 111.519582 148.639166
1 2 10 0.075210 0.467824 0.456966 131.565127 142.800850
1 2 10 0.589195 0.124946 0.285859 114.158049 137.903886
1 2 10 0.491725 0.410788 0.097487 125.135664 130.751044
1 2 10 0.558695 0.350523 0.090782 121.494995 132.129128
1 2 10 0.802096 0.023503 0.174401 103.937416 130.057725
1 2 10 0.356723 0.057650 0.585627 108.418665 147.961816
1 2 10 0.629584 0.096400 0.274016 107.890991 137.007487
2 11 10 0.128672 0.138604 0.732723 118.743471 164.627591
2 11 10 0.469079 0.401836 0.129086 145.698031 147.780576
2 11 10 0.152387 0.477375 0.370238 135.778708 157.608314
2 11 10 0.520304 0.069440 0.410256 132.999895 144.102995
2 11 10 0.244161 0.062245 0.693595 119.871810 155.363332
2 11 10 0.023636 0.195213 0.781151 117.803339 165.925386
2 11 10 0.557791 0.036140 0.406069 130.277302 148.083986
2 11 10 0.288220 0.396802 0.314978 135.222514 155.252855
2 11 10 0.816316 0.058337 0.125347 145.827591 132.000432
2 11 10 0.650634 0.135844 0.213522 143.223194 138.987954
2 3 11 0.981287 0.003257 0.015456 149.784966 125.827886
2 3 11 0.720722 0.196524 0.082754 159.347477 125.944736
2 3 11 0.943511 0.022733 0.033756 154.696331 126.680546
2 3 11 0.141512 0.453357 0.405131 171.779306 141.367958
2 3 11 0.522997 0.018260 0.458743 148.407137 144.620954
2 3 11 0.355661 0.122007 0.522332 154.903959 147.316511
2 3 11 0.805376 0.078691 0.115933 153.206752 131.462880
2 3 11 0.651502 0.339302 0.009196 167.835355 128.205177
2 3 11 0.436349 0.236662 0.326989 161.759563 137.318616
2 3 11 0.516457 0.326649 0.156894 167.381794 126.944527
3 12 11 0.572952 0.417417 0.009631 198.512549 143.245198
3 12 11 0.737301 0.110377 0.152322 190.003496 133.266788
3 12 11 0.506344 0.240450 0.253206 182.557616 145.645972
3 12 11 0.486659 0.020962 0.492379 175.175530 147.526507
3 12 11 0.430166 0.225354 0.344480 182.341506 147.957424
3 12 11 0.071899 0.368392 0.559709 169.154205 165.858595
3 12 11 0.119226 0.302195 0.578579 167.606989 163.542132
3 12 11 0.605267 0.323619 0.071114 195.914909 145.579139
3 12 11 0.810473 0.161350 0.028177 197.097038 134.662780
3 12 11 0.087528 0.109741 0.802731 161.641805 163.550835
3 4 12 0.634434 0.210386 0.155181 207.510372 130.606946
3 4 12 0.499457 0.463457 0.037086 217.270289 128.776085
3 4 12 0.718797 0.236831 0.044372 206.343670 130.474443
3 4 12 0.597883 0.150165 0.251952 199.886524 132.726524
3 4 12 0.920585 0.010929 0.068486 198.586385 128.509167
3 4 12 0.514597 0.310835 0.174568 214.310440 133.902605
3 4 12 0.631342 0.115297 0.253361 200.467183 136.862019
3 4 12 0.296554 0.441513 0.261933 216.222096 136.493826
3 4 12 0.232227 0.383504 0.384269 213.032416 141.271754
3 4 12 0.996411 0.000789 0.002800 197.112740 128.760963
4 13 12 0.497410 0.242754 0.259836 230.412384 150.929237
4 13 12 0.606997 0.317698 0.075305 237.703439 143.739856
4 13 12 0.531869 0.112896 0.355235 228.496237 147.092009
4 13 12 0.179954 0.773094 0.046953 235.787565 165.305237
4 13 12 0.841213 0.014055 0.144731 232.277749 129.731389
4 13 12 0.716894 0.170226 0.112880 238.701475 140.974925
4 13 12 0.661043 0.143873 0.195084 231.831392 142.644913
4 13 12 0.990135 0.009675 0.000190 238.582587 126.298913
4 13 12 0.909224 0.085157 0.005619 239.984971 128.767532
4 13 12 0.532537 0.035888 0.431575 225.641138 146.884273
4 5 13 0.203902 0.426135 0.369963 265.564242 143.654883
4 5 13 0.961956 0.018437 0.019607 239.563894 129.941040
4 5 13 0.484119 0.446788 0.069093 262.287558 130.926293
4 5 13 0.365814 0.516996 0.117190 262.786372 132.474314
4 5 13 0.140632 0.773959 0.085409 278.835978 130.786465
4 5 13 0.925709 0.018800 0.055491 242.681014 128.901402
4 5 13 0.633732 0.279301 0.086967 258.535519 132.931794
4 5 13 0.143045 0.757096 0.099860 274.708926 131.485769
4 5 13 0.388356 0.141307 0.470337 249.024631 149.001968
4 5 13 0.718443 0.186995 0.094562 248.083615 133.759223
5 14 13 0.564598 0.052056 0.383346 270.883665 144.910718
5 14 13 0.626334 0.275840 0.097826 286.139400 143.260344
5 14 13 0.365376 0.500203 0.134420 281.793557 155.929950
5 14 13 0.088704 0.597213 0.314084 274.405464 165.664811
5 14 13 0.805619 0.058365 0.136016 281.814417 139.368940
5 14 13 0.312940 0.082571 0.604489 263.169493 160.976676
5 14 13 0.139649 0.624037 0.236314 280.051683 165.465727
5 14 13 0.154653 0.639352 0.205995 280.524952 162.640135
5 14 13 0.762068 0.059076 0.178856 277.670996 138.509906
5 14 13 0.567380 0.270817 0.161804 282.653309 146.303672
5 6 14 0.070672 0.047731 0.881597 294.649926 162.248062
5 6 14 0.945132 0.038150 0.016718 290.333828 130.132239
5 6 14 0.908232 0.066021 0.025747 295.974656 130.697685
5 6 14 0.768551 0.197453 0.033996 298.822369 132.487878
5 6 14 0.991058 0.003291 0.005651 288.458764 131.449072
5 6 14 0.945097 0.011703 0.043201 289.998184 132.770610
5 6 14 0.210174 0.566691 0.223136 314.368153 138.094971
5 6 14 0.123171 0.004515 0.872314 291.368518 164.071731
5 6 14 0.763051 0.086457 0.150492 290.889472 134.630710
5 6 14 0.685340 0.183043 0.131617 295.298059 136.845185
6 15 14 0.023468 0.211001 0.765531 305.078189 171.016865
6 15 14 0.195989 0.374153 0.429857 317.576562 162.190347
6 15 14 0.083549 0.121359 0.795092 298.431653 164.194265
6 15 14 0.396283 0.530255 0.073463 331.417088 159.284653
6 15 14 0.951380 0.028527 0.020093 332.304115 134.956231
6 15 14 0.928616 0.053943 0.017441 329.989408 134.781359
6 15 14 0.150835 0.779700 0.069466 329.018645 167.142747
6 15 14 0.518696 0.385318 0.095986 331.793392 153.509785
6 15 14 0.830311 0.074504 0.095185 329.180190 140.101683
6 15 14 0.310384 0.599294 0.090322 333.143120 159.137396
6 7 15 0.878894 0.113342 0.007764 338.794635 130.555369
6 7 15 0.509089 0.275488 0.215424 346.077628 143.579141
6 7 15 0.584659 0.357139 0.058202 351.346476 138.211276
6 7 15 0.648953 0.182069 0.168979 344.430617 142.302439
6 7 15 0.650870 0.018326 0.330803 333.426928 144.636448
6 7 15 0.640822 0.219378 0.139799 344.976486 138.279554
6 7 15 0.553214 0.059605 0.387181 335.673581 152.507059
6 7 15 0.580243 0.158462 0.261295 341.139821 141.986082
6 7 15 0.052173 0.046033 0.901793 339.119536 168.819328
6 7 15 0.325909 0.255825 0.418266 345.264555 149.485656
7 16 15 0.687804 0.254964 0.057232 376.496297 149.352007
7 16 15 0.366233 0.438698 0.195069 372.343295 156.819742
7 16 15 0.249621 0.712796 0.037583 380.741565 162.211382
7 16 15 0.499432 0.387183 0.113385 374.806127 152.481975
7 16 15 0.324278 0.121618 0.554104 353.898395 158.367152
7 16 15 0.323951 0.649363 0.026686 381.079776 156.060233
7 16 15 0.048947 0.741889 0.209164 377.161247 171.976030
7 16 15 0.568889 0.109266 0.321845 367.201513 149.393952
7 16 15 0.222553 0.644396 0.133051 374.308460 162.169669
7 16 15 0.766583 0.011480 0.221937 370.314306 149.097720
7 8 16 0.197447 0.182908 0.619645 387.717609 157.250838
7 8 16 0.090793 0.576325 0.332882 408.145097 149.030724
7 8 16 0.002227 0.412106 0.585668 399.067214 156.082879
7 8 16 0.461993 0.170423 0.367585 386.500761 148.106949
7 8 16 0.943903 0.042684 0.013412 382.111692 139.676588
7 8 16 0.959398 0.037360 0.003242 379.648488 135.597384
7 8 16 0.414336 0.383768 0.201896 393.729477 142.998109
7 8 16 0.972213 0.005928 0.021859 379.502197 136.611997
7 8 16 0.592117 0.208358 0.199525 390.131665 142.921903
7 8 16 0.782589 0.092820 0.124591 380.004456 138.619648
8 17 16 0.042745 0.515351 0.441905 406.562437 168.824851
8 17 16 0.236529 0.579866 0.183605 417.104491 163.569756
8 17 16 0.329610 0.145457 0.524932 399.936121 160.225943
8 17 16 0.484945 0.418036 0.097019 420.491858 153.467179
8 17 16 0.926226 0.072679 0.001095 420.869115 138.755529
8 17 16 0.631772 0.118645 0.249583 413.369066 151.097503
8 17 16 0.655436 0.140950 0.203614 416.405910 148.847224
8 17 16 0.776897 0.113264 0.109839 417.665776 143.934257
8 17 16 0.508852 0.251119 0.240029 412.996051 152.702955
8 17 16 0.683405 0.294802 0.021793 423.339408 147.102569
9 10 18 0.911407 0.022525 0.066068 59.564114 168.362535
9 10 18 0.907972 0.053980 0.038049 66.464499 168.810086
9 10 18 0.867100 0.075721 0.057180 64.341233 167.879847
9 10 18 0.187806 0.470034 0.342160 84.376960 182.751129
9 10 18 0.026790 0.250646 0.722564 74.380733 201.033893
9 10 18 0.052665 0.336259 0.611076 81.060126 193.068020
9 10 18 0.683331 0.175223 0.141447 67.301375 175.605681
9 10 18 0.693167 0.299094 0.007739 76.558129 170.274649
9 10 18 0.948115 0.049423 0.002461 65.637384 169.571697
9 10 18 0.806390 0.034367 0.159243 62.911078 173.182862
10 19 18 0.624483 0.257876 0.117641 100.006858 185.074502
10 19 18 0.116534 0.333301 0.550165 83.628244 206.510182
10 19 18 0.062149 0.129229 0.808622 71.922178 210.962292
10 19 18 0.063168 0.737122 0.199710 97.193271 211.524897
10 19 18 0.716246 0.029495 0.254259 96.743079 182.684597
10 19 18 0.220752 0.330373 0.448874 83.247182 202.220591
10 19 18 0.594021 0.165381 0.240598 92.852388 187.496413
10 19 18 0.159842 0.346129 0.494029 83.872438 206.759090
10 19 18 0.959231 0.008291 0.032478 106.583565 167.583700
10 19 18 0.802105 0.082388 0.115507 97.955264 180.483496
10 11 19 0.927109 0.033961 0.038930 109.869885 169.763061
10 11 19 0.356192 0.194818 0.448990 116.797369 186.442856
10 11 19 0.739836 0.220413 0.039751 117.847214 168.264905
10 11 19 0.683543 0.308826 0.007631 116.603702 168.094040
10 11 19 0.503615 0.044213 0.452172 104.833501 190.548597
10 11 19 0.317619 0.187459 0.494921 114.626844 192.542891
10 11 19 0.775400 0.052634 0.171967 112.025348 175.270414
10 11 19 0.259276 0.678137 0.062587 134.574838 166.913680
10 11 19 0.557042 0.149386 0.293572 114.930528 181.053184
10 11 19 0.810642 0.047064 0.142293 107.092570 175.364462
11 20 19 0.801691 0.139468 0.058841 147.537757 174.803458
11 20 19 0.879422 0.111317 0.009261 152.324128 167.793422
11 20 19 0.496077 0.223778 0.280145 138.163458 191.822632
11 20 19 0.103007 0.550474 0.346519 136.186168 212.626270
11 20 19 0.495854 0.018184 0.485961 126.251202 193.042465
11 20 19 0.404248 0.247782 0.347971 136.852404 196.683996
11 20 19 0.854526 0.142445 0.003028 149.264411 170.892821
11 20 19 0.069138 0.630346 0.300516 135.974404 206.791726
11 20 19 0.319803 0.008556 0.671641 120.101805 198.696756
11 20 19 0.563838 0.184621 0.251541 138.511739 189.706015
11 12 20 0.166656 0.628907 0.204437 179.718172 176.623963
11 12 20 0.707916 0.169163 0.122922 160.615212 172.626162
11 12 20 0.376024 0.132839 0.491137 156.151663 189.411271
11 12 20 0.936467 0.013497 0.050036 150.656100 170.008091
11 12 20 0.483000 0.022737 0.494263 152.789443 192.191985
11 12 20 0.184513 0.451638 0.363848 176.486494 183.963429
11 12 20 0.765189 0.182847 0.051965 155.755958 168.327232
11 12 20 0.636777 0.076487 0.286735 151.834288 182.751972
11 12 20 0.405520 0.321705 0.272775 167.467051 187.289016
11 12 20 0.874838 0.058697 0.066465 155.368114 171.704773
12 21 20 0.307943 0.623135 0.068923 193.224403 199.337018
12 21 20 0.606225 0.216402 0.177374 187.368554 188.123351
12 21 20 0.543418 0.293808 0.162773 188.445469 188.979670
12 21 20 0.433565 0.521454 0.044982 193.861266 193.375490
12 21 20 0.833992 0.023041 0.142966 191.759631 175.285200
12 21 20 0.724940 0.188398 0.086662 193.275386 182.337878
12 21 20 0.232532 0.093103 0.674366 166.157724 205.965449
12 21 20 0.378539 0.113617 0.507844 174.872118 198.548841
12 21 20 0.651641 0.117077 0.231282 189.235559 186.700546
12 21 20 0.764015 0.024832 0.211153 186.497017 180.107273
12 13 21 0.342973 0.242078 0.414949 205.742406 187.298603
12 13 21 0.648122 0.125206 0.226672 203.996964 180.884481
12 13 21 0.259335 0.731798 0.008867 230.189234 170.976231
12 13 21 0.140763 0.551905 0.307332 220.420562 183.817249
12 13 21 0.852427 0.126344 0.021229 200.872875 171.078504
12 13 21 0.758921 0.081830 0.159250 205.454154 176.616015
12 13 21 0.599867 0.287816 0.112317 208.184636 171.916395
12 13 21 0.696210 0.262516 0.041274 210.583888 168.719609
12 13 21 0.201221 0.524784 0.273995 219.164226 182.830919
12 13 21 0.448915 0.219940 0.331145 207.050087 183.750017
13 22 21 0.791210 0.075319 0.133471 234.083148 174.310681
13 22 21 0.720753 0.208776 0.070471 237.609169 185.062349
13 22 21 0.138817 0.233668 0.627515 211.495083 206.006044
13 22 21 0.779193 0.095254 0.125553 235.175687 178.463430
13 22 21 0.518627 0.467744 0.013629 240.720236 190.988266
13 22 21 0.597312 0.035544 0.367144 221.626114 190.622959
13 22 21 0.237011 0.181906 0.581083 215.469113 203.865483
13 22 21 0.061259 0.866291 0.072450 239.121013 211.828483
13 22 21 0.376979 0.274963 0.348058 225.148503 197.325432
13 22 21 0.506391 0.403874 0.089735 238.165420 195.104781
13 14 22 0.775704 0.202590 0.021706 255.479478 173.823989
13 14 22 0.206865 0.451464 0.341672 261.595291 187.063492
13 14 22 0.515377 0.270214 0.214409 255.067926 181.052715
13 14 22 0.787805 0.009091 0.203104 242.083906 180.904299
13 14 22 0.964927 0.028724 0.006350 243.503684 170.370804
13 14 22 0.092443 0.695381 0.212176 272.385519 180.828760
13 14 22 0.352993 0.642692 0.004315 274.165796 170.353124
13 14 22 0.676194 0.044844 0.278962 244.367205 184.840584
13 14 22 0.717784 0.242646 0.039570 254.793499 170.953961
13 14 22 0.449885 0.377353 0.172763 260.070029 176.382076
14 23 22 0.815227 0.103416 0.081357 285.840561 182.884278
14 23 22 0.449842 0.245446 0.304712 276.718238 193.064996
14 23 22 0.039758 0.124827 0.835415 247.513147 216.266787
14 23 22 0.036911 0.389674 0.573415 262.480399 217.722127
14 23 22 0.360070 0.418601 0.221329 279.136779 203.716964
14 23 22 0.763644 0.084329 0.152028 284.597219 182.024494
14 23 22 0.913748 0.009547 0.076706 286.903224 175.546480
14 23 22 0.336443 0.274566 0.388992 272.686733 200.568811
14 23 22 0.428789 0.049150 0.522061 264.390016 198.432557
14 23 22 0.436788 0.433627 0.129585 283.663667 197.217890
14 15 23 0.417360 0.326499 0.256141 306.113422 187.632235
14 15 23 0.410261 0.279466 0.310273 304.186916 186.272613
14 15 23 0.119161 0.753046 0.127793 327.161485 179.097076
14 15 23 0.373757 0.461496 0.164747 308.723751 176.982605
14 15 23 0.742070 0.132106 0.125824 296.685176 174.663452
14 15 23 0.063410 0.698584 0.238006 319.785798 185.243686
14 15 23 0.164133 0.638770 0.197096 319.376051 179.466639
14 15 23 0.101307 0.053682 0.845011 291.275796 209.923770
14 15 23 0.258969 0.109656 0.631375 292.663113 200.152076
14 15 23 0.137326 0.706391 0.156283 320.544471 177.817756
15 24 23 0.829979 0.060347 0.109674 331.225770 181.503930
15 24 23 0.744433 0.077864 0.177703 328.534916 186.502827
15 24 23 0.067847 0.369007 0.563147 306.458019 216.747651
15 24 23 0.464819 0.506613 0.028567 333.007503 196.467644
15 24 23 0.686062 0.282424 0.031514 332.667887 189.616061
15 24 23 0.940786 0.019428 0.039786 332.085669 174.237875
15 24 23 0.525737 0.329472 0.144791 329.217353 194.657449
15 24 23 0.178068 0.461483 0.360449 323.633415 208.058260
15 24 23 0.285051 0.311910 0.403039 317.967071 205.060167
15 24 23 0.828182 0.044437 0.127381 329.989390 180.939676
15 16 24 0.929283 0.063248 0.007469 340.554760 172.592271
15 16 24 0.724274 0.030621 0.245105 334.517955 185.297614
15 16 24 0.531324 0.281379 0.187297 345.298305 179.420812
15 16 24 0.808734 0.033129 0.158138 334.196692 180.406190
15 16 24 0.923160 0.070719 0.006121 337.897431 176.102485
15 16 24 0.157907 0.335915 0.506178 349.509682 196.365144
15 16 24 0.301187 0.250164 0.448649 345.662371 191.562047
15 16 24 0.235593 0.547001 0.217406 362.743535 180.968919
15 16 24 0.685912 0.260243 0.053844 347.481246 173.018551
15 16 24 0.244435 0.094887 0.660678 338.260752 206.443271
16 25 24 0.963665 0.013354 0.022981 383.921978 175.173394
16 25 24 0.347603 0.008037 0.644360 351.902849 204.281535
16 25 24 0.632065 0.334625 0.033310 379.787981 186.389181
16 25 24 0.861813 0.121224 0.016963 380.771553 177.974402
16 25 24 0.239257 0.067099 0.693644 346.228226 206.622022
16 25 24 0.041590 0.309318 0.649091 349.187932 215.124890
16 25 24 0.237767 0.605356 0.156877 371.853693 207.617828
16 25 24 0.255560 0.071531 0.672909 351.730543 206.693750
16 25 24 0.274853 0.428663 0.296483 369.399253 206.647093
16 25 24 0.303140 0.407972 0.288888 367.959804 210.578440
16 17 25 0.718241 0.274260 0.007499 396.550965 171.861873
16 17 25 0.462031 0.264458 0.273511 393.506999 186.025065
16 17 25 0.465882 0.497607 0.036512 407.233335 171.063602
16 17 25 0.097386 0.065367 0.837248 381.848222 212.123701
16 17 25 0.088121 0.228979 0.682901 389.669260 202.849990
16 17 25 0.298104 0.515844 0.186052 404.621579 183.131980
16 17 25 0.914189 0.012891 0.072920 388.112982 179.238714
16 17 25 0.925548 0.010602 0.063851 385.176264 174.418721
16 17 25 0.393247 0.180155 0.426598 390.978563 191.112762
16 17 25 0.770044 0.184499 0.045457 388.144968 174.224048
17 26 25 0.468679 0.019299 0.512022 402.119218 199.745143
17 26 25 0.449069 0.114902 0.436028 409.025932 197.784737
17 26 25 0.219432 0.393722 0.386847 407.527679 209.398265
17 26 25 0.956775 0.021491 0.021734 424.614581 174.234165
17 26 25 0.273152 0.040566 0.686283 392.718572 202.659574
17 26 25 0.146011 0.488099 0.365890 407.669427 212.737787
17 26 25 0.753299 0.151355 0.095346 421.489701 183.163293
17 26 25 0.150876 0.028362 0.820761 388.565564 213.083397
17 26 25 0.827683 0.076857 0.095460 423.401181 181.345878
17 26 25 0.441543 0.412015 0.146442 420.528924 199.318130
18 19 27 0.154796 0.355379 0.489825 87.161078 234.092105
18 19 27 0.591297 0.203625 0.205079 69.957632 224.167928
18 19 27 0.352925 0.232341 0.414735 77.262152 232.838261
18 19 27 0.415003 0.379705 0.205292 83.783390 220.392785
18 19 27 0.525972 0.001627 0.472401 69.972984 234.493772
18 19 27 0.141291 0.248284 0.610425 80.182917 244.139710
18 19 27 0.824758 0.053257 0.121986 69.655799 218.077933
18 19 27 0.416792 0.359265 0.223943 84.262090 224.556978
18 19 27 0.451883 0.092108 0.456008 73.608681 232.206103
18 19 27 0.606252 0.383972 0.009775 79.643591 215.651253
19 28 27 0.730518 0.166249 0.103233 105.908759 228.884344
19 28 27 0.212613 0.675513 0.111874 108.921854 247.800259
19 28 27 0.212125 0.057202 0.730673 82.239618 246.126699
19 28 27 0.806803 0.143745 0.049452 105.469054 225.086736
19 28 27 0.971536 0.006857 0.021607 105.981779 215.487752
19 28 27 0.651648 0.144766 0.203586 99.516535 229.593312
19 28 27 0.318264 0.328977 0.352759 97.002895 240.923107
19 28 27 0.516847 0.251653 0.231500 99.696890 234.231918
19 28 27 0.245256 0.542798 0.211946 103.820044 244.952096
19 28 27 0.711802 0.063043 0.225156 103.418838 228.891796
19 20 28 0.313880 0.533577 0.152542 135.635249 222.760847
19 20 28 0.544730 0.024358 0.430912 109.331572 228.312152
19 20 28 0.364389 0.399882 0.235729 126.001110 224.239453
19 20 28 0.790150 0.017704 0.192146 106.298846 222.688086
19 20 28 0.321012 0.505132 0.173856 132.944502 223.164523
19 20 28 0.706210 0.191288 0.102503 113.868630 219.054369
19 20 28 0.449102 0.501090 0.049807 129.762631 218.811902
19 20 28 0.915853 0.019871 0.064276 110.446802 216.718406
19 20 28 0.033878 0.059935 0.906187 116.579427 253.973298
19 20 28 0.474840 0.395737 0.129422 127.013051 222.957448
20 29 28 0.019380 0.089373 0.891246 123.990089 253.016243
20 29 28 0.052106 0.911797 0.036097 153.780522 253.686309
20 29 28 0.430369 0.280254 0.289376 143.464339 240.246263
20 29 28 0.958901 0.034968 0.006131 151.214269 218.129823
20 29 28 0.321999 0.325838 0.352163 140.933179 243.087637
20 29 28 0.326719 0.286720 0.386561 139.953671 243.625647
20 29 28 0.344060 0.224119 0.431821 136.622089 246.418487
20 29 28 0.519671 0.152639 0.327690 138.912943 232.178900
20 29 28 0.651566 0.117174 0.231260 141.890383 232.756358
20 29 28 0.858424 0.137810 0.003767 149.863604 222.950031
20 21 29 0.259348 0.245065 0.495587 164.154749 231.139265
20 21 29 0.194421 0.286468 0.519112 163.434136 239.490797
20 21 29 0.257657 0.700887 0.041456 179.500505 217.100355
20 21 29 0.327902 0.216307 0.455791 160.333025 232.831464
20 21 29 0.616794 0.148806 0.234400 155.237113 222.864022
20 21 29 0.189714 0.039311 0.770975 156.477098 252.902356
20 21 29 0.142777 0.615637 0.241586 178.998484 226.034716
20 21 29 0.352151 0.006164 0.641684 151.612647 242.811683
20 21 29 0.620790 0.225295 0.153915 162.431223 221.711478
20 21 29 0.019392 0.511935 0.468673 178.030422 237.522400
21 30 29 0.478859 0.251313 0.269827 185.591078 237.079363
21 30 29 0.604649 0.055429 0.339922 180.661397 233.669777
21 30 29 0.570385 0.407380 0.022235 199.636245 235.633280
21 30 29 0.708045 0.282759 0.009196 192.296996 230.059631
21 30 29 0.509118 0.213028 0.277854 183.121830 239.135587
21 30 29 0.723740 0.119821 0.156440 189.406462 224.887509
21 30 29 0.968858 0.026678 0.004465 194.813051 214.475800
21 30 29 0.923026 0.047397 0.029577 188.492506 217.915736
21 30 29 0.989557 0.007371 0.003073 196.226170 217.197116
21 30 29 0.790731 0.053408 0.155861 187.108714 223.643142
21 22 30 0.834187 0.141494 0.024319 198.733344 215.716558
21 22 30 0.695143 0.112136 0.192721 201.004163 228.530656
21 22 30 0.033050 0.585215 0.381735 223.558510 233.334024
21 22 30 0.851483 0.013095 0.135421 196.198750 224.565763
21 22 30 0.286774 0.503822 0.209404 217.786733 224.794335
21 22 30 0.707122 0.107466 0.185412 197.784031 224.019856
21 22 30 0.243416 0.008296 0.748288 198.298306 248.197387
21 22 30 0.205472 0.672413 0.122115 228.151393 220.652055
21 22 30 0.830437 0.037840 0.131724 197.343867 224.459838
21 22 30 0.140088 0.608567 0.251345 222.163921 225.218358
22 31 30 0.457439 0.181921 0.360641 224.796717 240.889840
22 31 30 0.085582 0.660712 0.253707 227.692455 256.318883
22 31 30 0.527596 0.066742 0.405663 222.989346 238.103675
22 31 30 0.554387 0.025076 0.420537 223.270804 236.762684
22 31 30 0.855848 0.128976 0.015176 242.112591 223.741946
22 31 30 0.565749 0.164475 0.269776 228.704873 236.015845
22 31 30 0.440031 0.478194 0.081776 236.007062 242.966264
22 31 30 0.873124 0.089033 0.037843 240.253176 220.972675
22 31 30 0.810021 0.136151 0.053828 237.333504 220.083179
22 31 30 0.476648 0.488685 0.034667 238.947463 239.017887
22 23 31 0.524336 0.144430 0.331234 247.475811 231.578394
22 23 31 0.742505 0.151659 0.105837 249.492405 220.844571
22 23 31 0.246717 0.291891 0.461393 252.874592 238.558751
22 23 31 0.422604 0.202127 0.375269 248.881059 236.975316
22 23 31 0.331346 0.285200 0.383455 252.784913 232.705004
22 23 31 0.961613 0.012251 0.026136 240.367385 218.355479
22 23 31 0.680752 0.158924 0.160324 245.733896 225.959954
22 23 31 0.973357 0.015186 0.011457 240.632412 214.943266
22 23 31 0.574319 0.225624 0.200057 251.440705 225.587696
22 23 31 0.716249 0.228536 0.055215 251.108892 216.501218
23 32 31 0.901214 0.025314 0.073472 282.487828 222.487308
23 32 31 0.540516 0.334428 0.125057 284.888600 237.751518
23 32 31 0.099120 0.084988 0.815892 251.350067 252.644199
23 32 31 0.604226 0.078672 0.317101 269.423282 235.080658
23 32 31 0.402804 0.484387 0.112809 280.740720 243.607832
23 32 31 0.161573 0.801580 0.036847 283.810506 259.021865
23 32 31 0.497567 0.009054 0.493379 266.465589 236.969469
23 32 31 0.629157 0.117105 0.253738 275.552793 236.974687
23 32 31 0.972181 0.018023 0.009796 287.001589 218.000220
23 32 31 0.270587 0.195559 0.533855 264.742283 250.385175
23 24 32 0.957001 0.010358 0.032642 291.289663 219.351474
23 24 32 0.163181 0.097923 0.738896 291.124867 249.289753
23 24 32 0.824382 0.008617 0.167000 286.775961 228.619990
23 24 32 0.960776 0.023754 0.015470 290.873973 217.389576
23 24 32 0.224090 0.584858 0.191051 314.903764 227.669071
23 24 32 0.639509 0.099240 0.261252 298.312726 231.902072
23 24 32 0.932341 0.016967 0.050692 289.030578 220.236152
23 24 32 0.071953 0.538796 0.389251 312.117447 236.732186
23 24 32 0.805718 0.111908 0.082374 293.350041 221.404271
23 24 32 0.022466 0.312824 0.664709 298.870567 247.244232
24 33 32 0.148464 0.432371 0.419164 312.044948 254.145719
24 33 32 0.472480 0.418809 0.108712 327.579227 242.822608
24 33 32 0.182549 0.554247 0.263203 316.470338 252.090953
24 33 32 0.709805 0.261881 0.028314 328.393059 233.847654
24 33 32 0.474690 0.288008 0.237303 321.568488 241.323400
24 33 32 0.971162 0.018442 0.010396 334.831360 218.623724
24 33 32 0.103134 0.127282 0.769584 292.381816 256.760338
24 33 32 0.858553 0.112453 0.028994 331.656603 222.902680
24 33 32 0.902541 0.006167 0.091292 325.925299 221.392735
24 33 32 0.184889 0.174807 0.640305 303.146611 253.009684
24 25 33 0.082241 0.897300 0.020459 377.711103 215.795513
24 25 33 0.235907 0.142363 0.621730 337.957763 245.799710
24 25 33 0.179378 0.177452 0.643170 341.659394 247.633442
24 25 33 0.773137 0.183895 0.042968 339.110480 219.526208
24 25 33 0.698675 0.162270 0.139055 341.069650 226.559427
24 25 33 0.440493 0.004813 0.554694 330.334278 245.425710
24 25 33 0.125432 0.684802 0.189767 367.852514 230.351974
24 25 33 0.184520 0.652804 0.162676 365.001049 225.096563
24 25 33 0.547364 0.079113 0.373523 333.132282 233.586992
24 25 33 0.696844 0.149971 0.153185 339.740606 227.545120
25 34 33 0.349190 0.326905 0.323905 362.270275 249.497677
25 34 33 0.898235 0.049732 0.052033 374.481967 221.218031
25 34 33 0.130146 0.738316 0.131538 371.077017 260.902654
25 34 33 0.630481 0.348739 0.020780 372.866222 236.233339
25 34 33 0.096944 0.073771 0.829285 338.411154 256.071864
25 34 33 0.262507 0.268168 0.469326 353.114047 252.189107
25 34 33 0.245783 0.135306 0.618911 348.617890 249.424316
25 34 33 0.152787 0.741461 0.105752 373.818989 256.316979
25 34 33 0.543656 0.225713 0.230631 365.662067 241.032768
25 34 33 0.845302 0.125019 0.029679 378.952980 225.415874
25 26 34 0.237837 0.463580 0.298582 400.615440 234.662944
25 26 34 0.891480 0.100070 0.008450 386.111313 219.943352
25 26 34 0.930610 0.023205 0.046184 379.954791 221.756527
25 26 34 0.790662 0.101183 0.108155 383.269806 221.830772
25 26 34 0.547479 0.178033 0.274488 387.766556 228.783497
25 26 34 0.541383 0.154087 0.304529 386.439526 233.052803
25 26 34 0.490715 0.412073 0.097212 402.220665 222.092049
25 26 34 0.655196 0.200140 0.144663 388.427052 228.438757
25 26 34 0.746809 0.007480 0.245711 378.153956 230.907052
25 26 34 0.883345 0.017067 0.099589 380.212050 225.294626
26 35 34 0.802997 0.076093 0.120910 423.614800 225.386541
26 35 34 0.935788 0.044977 0.019236 422.223346 220.979293
26 35 34 0.236155 0.700469 0.063376 419.310517 253.252656
26 35 34 0.299371 0.189955 0.510675 400.440012 252.165226
26 35 34 0.886057 0.047834 0.066109 424.303117 226.833713
26 35 34 0.660281 0.055205 0.284514 415.159631 236.365773
26 35 34 0.053686 0.372490 0.573824 398.238659 263.659865
26 35 34 0.492659 0.111909 0.395432 406.758380 244.947896
26 35 34 0.614293 0.189931 0.195776 417.110171 234.740167
26 35 34 0.839636 0.142702 0.017662 426.523408 221.542303
27 28 36 0.057805 0.239171 0.703024 96.955796 274.044049
27 28 36 0.200249 0.301173 0.498578 94.756845 269.510871
27 28 36 0.048889 0.771667 0.179444 105.312963 263.749513
27 28 36 0.096006 0.780839 0.123155 112.859112 260.081063
27 28 36 0.353873 0.423072 0.223055 96.897029 261.990464
27 28 36 0.099670 0.583155 0.317176 101.310448 264.585640
27 28 36 0.109837 0.056128 0.834035 89.632625 276.230481
27 28 36 0.565256 0.136034 0.298710 84.939804 260.343490
27 28 36 0.662556 0.041214 0.296230 80.968852 261.417306
27 28 36 0.853284 0.143891 0.002825 78.304048 253.431535
28 37 36 0.019336 0.356648 0.624016 104.795409 282.391940
28 37 36 0.723508 0.174378 0.102115 114.138974 262.639481
28 37 36 0.790805 0.014770 0.194426 109.875603 262.363409
28 37 36 0.927247 0.026527 0.046227 110.588735 255.092826
28 37 36 0.127058 0.523764 0.349179 112.691130 277.086517
28 37 36 0.817921 0.085694 0.096386 120.485872 263.346047
28 37 36 0.123745 0.248695 0.627560 105.591779 278.555437
28 37 36 0.446810 0.465790 0.087400 117.161392 273.658774
28 37 36 0.010500 0.057650 0.931850 90.525046 280.630448
28 37 36 0.061697 0.166473 0.771830 97.498223 279.840993
28 29 37 0.160416 0.162161 0.677423 129.514813 274.291087
28 29 37 0.380176 0.343735 0.276090 127.833234 267.422274
28 29 37 0.884723 0.033139 0.082138 118.302333 260.680519
28 29 37 0.753706 0.063888 0.182406 118.791457 261.247292
28 29 37 0.613923 0.029728 0.356349 120.733805 266.217595
28 29 37 0.051152 0.351900 0.596948 138.142239 276.072427
28 29 37 0.034618 0.271269 0.694112 134.495710 275.353656
28 29 37 0.076988 0.836116 0.086896 151.482528 259.928978
28 29 37 0.009841 0.584110 0.406049 147.094492 268.679911
28 29 37 0.346719 0.219204 0.434077 129.026705 268.629945
29 38 37 0.396291 0.525225 0.078484 158.595196 277.521626
29 38 37 0.690890 0.134419 0.174691 149.443839 265.886404
29 38 37 0.011736 0.438306 0.549958 142.532192 287.372458
29 38 37 0.520988 0.173468 0.305543 152.724923 270.665251
29 38 37 0.538959 0.200899 0.260141 148.602955 266.397141
29 38 37 0.798822 0.073721 0.127457 151.773508 260.819509
29 38 37 0.005060 0.847575 0.147366 152.869224 289.155918
29 38 37 0.048233 0.679194 0.272574 150.582623 280.745973
29 38 37 0.893446 0.033858 0.072696 151.896012 259.437571
29 38 37 0.489031 0.208286 0.302683 146.093595 272.683837
29 30 38 0.269588 0.115521 0.614891 166.859745 277.415303
29 30 38 0.042604 0.396474 0.560922 175.521810 273.593496
29 30 38 0.264403 0.460174 0.275423 177.122033 265.002945
29 30 38 0.944664 0.038892 0.016444 159.460931 257.526667
29 30 38 0.224807 0.460459 0.314734 175.660124 269.259870
29 30 38 0.719996 0.121283 0.158721 163.980916 260.480462
29 30 38 0.042409 0.254817 0.702775 168.653082 279.365581
29 30 38 0.563144 0.248585 0.188271 166.021126 267.611691
29 30 38 0.050393 0.859084 0.090524 190.363469 259.386876
29 30 38 0.243651 0.733813 0.022536 188.306356 260.774092
30 39 38 0.495612 0.283556 0.220831 187.813514 277.162562
30 39 38 0.152107 0.339285 0.508608 180.357822 283.889058
30 39 38 0.906693 0.087398 0.005909 195.225476 260.296594
30 39 38 0.431556 0.133692 0.434752 185.006530 275.035966
30 39 38 0.819906 0.121596 0.058498 194.202362 268.394023
30 39 38 0.604422 0.058524 0.337054 188.941838 271.385830
30 39 38 0.941888 0.003495 0.054617 200.203858 262.441479
30 39 38 0.719568 0.071853 0.208579 189.691336 267.871481
30 39 38 0.619297 0.314567 0.066136 195.950055 269.390518
30 39 38 0.015018 0.150956 0.834026 171.432787 288.164616
30 31 39 0.266298 0.149892 0.583811 206.643945 277.218656
30 31 39 0.074047 0.160876 0.765078 207.232546 280.820203
30 31 39 0.777070 0.124227 0.098703 203.908213 265.782899
30 31 39 0.118403 0.009643 0.871954 202.281553 287.514707
30 31 39 0.315928 0.657449 0.026623 227.515335 262.374189
30 31 39 0.564558 0.146012 0.289431 206.643414 270.292507
30 31 39 0.735675 0.233048 0.031277 207.423439 258.326642
30 31 39 0.942148 0.014946 0.042907 198.594149 261.204322
30 31 39 0.543225 0.087279 0.369496 203.832644 272.631931
30 31 39 0.559806 0.164094 0.276100 207.628534 265.695625
31 40 39 0.442128 0.115321 0.442550 220.649424 279.531597
31 40 39 0.448428 0.166282 0.385290 224.287727 277.444926
31 40 39 0.820758 0.102604 0.076638 236.073255 264.709436
31 40 39 0.579031 0.223286 0.197683 232.731016 279.894237
31 40 39 0.948311 0.010075 0.041613 237.024686 265.292964
31 40 39 0.807742 0.083763 0.108495 235.206209 266.158122
31 40 39 0.250648 0.010985 0.738367 214.482101 283.269719
31 40 39 0.367739 0.051410 0.580851 219.083322 282.274845
31 40 39 0.967118 0.004629 0.028253 238.694707 260.550037
31 40 39 0.336421 0.164581 0.498998 220.684688 280.465917
31 32 40 0.732200 0.114155 0.153646 244.367203 271.118939
31 32 40 0.800332 0.097714 0.101954 247.468272 264.932860
31 32 40 0.188860 0.037126 0.774014 243.223268 284.218805
31 32 40 0.049857 0.944866 0.005278 281.827752 259.281350
31 32 40 0.613537 0.321745 0.064718 253.514221 263.519688
31 32 40 0.580582 0.170311 0.249107 246.910651 270.479313
31 32 40 0.084915 0.739842 0.175244 268.188837 269.312277
31 32 40 0.911937 0.077259 0.010804 245.991335 261.477596
31 32 40 0.032241 0.181405 0.786354 248.877114 290.763357
31 32 40 0.514595 0.122004 0.363400 241.316386 270.946670
32 41 40 0.828431 0.095641 0.075928 282.518345 267.909249
32 41 40 0.868748 0.068521 0.062730 286.006198 262.941671
32 41 40 0.768090 0.102250 0.129660 273.604464 270.087048
32 41 40 0.405004 0.537577 0.057419 283.467176 285.670228
32 41 40 0.741545 0.194012 0.064443 278.996993 269.796171
32 41 40 0.245643 0.212674 0.541683 260.311345 287.621175
32 41 40 0.501055 0.367955 0.130990 279.750145 278.678296
32 41 40 0.967813 0.017161 0.015026 285.435696 263.104053
32 41 40 0.515760 0.191485 0.292755 268.998069 276.259214
32 41 40 0.803377 0.118284 0.078339 279.171080 269.786317
32 33 41 0.244320 0.023598 0.732082 286.286216 284.627276
32 33 41 0.668084 0.126697 0.205219 289.234098 272.729360
32 33 41 0.745602 0.184792 0.069606 294.721977 265.562211
32 33 41 0.423599 0.552760 0.023641 309.073666 261.187812
32 33 41 0.250464 0.701353 0.048183 316.156518 262.302893
32 33 41 0.316694 0.677906 0.005400 315.556382 262.872275
32 33 41 0.915694 0.082618 0.001688 289.948528 260.583701
32 33 41 0.789990 0.152756 0.057254 287.899056 266.267797
32 33 41 0.959023 0.027031 0.013946 284.556703 263.385964
32 33 41 0.136283 0.102234 0.761483 287.805742 287.981359
33 42 41 0.960606 0.028351 0.011043 330.331256 264.003778
33 42 41 0.914612 0.073577 0.011811 328.524662 267.834068
33 42 41 0.352804 0.522015 0.125180 319.875569 286.846882
33 42 41 0.257430 0.363565 0.379006 306.312709 287.734202
33 42 41 0.584472 0.024683 0.390844 310.453890 280.482071
33 42 41 0.812511 0.150166 0.037323 329.837617 269.970481
33 42 41 0.711840 0.020619 0.267542 314.647714 273.743107
33 42 41 0.924261 0.027364 0.048375 326.342092 266.883038
33 42 41 0.655946 0.056716 0.287338 317.001045 273.913902
33 42 41 0.604674 0.122618 0.272708 319.437722 281.314760
33 34 42 0.217142 0.062527 0.720331 330.380342 291.719114
33 34 42 0.471738 0.296232 0.232030 340.745777 271.210086
33 34 42 0.237847 0.580772 0.181381 358.120730 271.732803
33 34 42 0.810687 0.182129 0.007183 338.474114 265.323899
33 34 42 0.353634 0.223714 0.422651 337.717826 280.284471
33 34 42 0.035441 0.700257 0.264302 362.888677 277.173879
33 34 42 0.633814 0.264421 0.101765 345.246660 269.478699
33 34 42 0.010806 0.610884 0.378310 354.344069 278.963285
33 34 42 0.117384 0.034970 0.847646 332.329913 295.812363
33 34 42 0.175088 0.771684 0.053228 364.475512 264.972557
34 43 42 0.139351 0.808194 0.052455 369.065080 294.411515
34 43 42 0.598643 0.045558 0.355798 359.861616 283.601404
34 43 42 0.359635 0.377611 0.262754 356.162899 289.229294
34 43 42 0.760905 0.133390 0.105705 368.979382 275.611215
34 43 42 0.025406 0.526331 0.448262 345.617571 298.018598
34 43 42 0.557851 0.418505 0.023644 372.140307 281.129435
34 43 42 0.163785 0.653565 0.182650 363.033497 292.806488
34 43 42 0.613615 0.317197 0.069188 369.559625 275.915814
34 43 42 0.063494 0.614862 0.321644 354.379877 298.765290
34 43 42 0.642256 0.001381 0.356363 358.156844 276.504985
34 35 43 0.347125 0.553524 0.099352 399.878288 269.422627
34 35 43 0.547767 0.354638 0.097596 390.736491 262.271277
34 35 43 0.214070 0.422095 0.363836 393.532504 275.170725
34 35 43 0.247096 0.584772 0.168131 402.743380 273.716606
34 35 43 0.535414 0.105531 0.359055 378.048087 278.012216
34 35 43 0.433704 0.553912 0.012383 401.548789 262.609702
34 35 43 0.964403 0.007770 0.027828 376.016103 265.465754
34 35 43 0.836378 0.138227 0.025395 380.282059 269.701685
34 35 43 0.474215 0.376183 0.149602 390.955563 269.669032
34 35 43 0.403627 0.197526 0.398848 378.757653 280.002163
35 44 43 0.738589 0.040548 0.220863 410.158144 277.207331
35 44 43 0.617616 0.118505 0.263879 409.832553 276.256855
35 44 43 0.616113 0.271870 0.112017 415.233009 277.739567
35 44 43 0.817667 0.027746 0.154586 411.218182 271.521365
35 44 43 0.841085 0.061220 0.097694 416.613195 270.765045
35 44 43 0.894336 0.016708 0.088956 417.452830 269.483383
35 44 43 0.170148 0.047892 0.781960 378.683219 293.442195
35 44 43 0.068025 0.697036 0.234939 404.227344 298.742916
35 44 43 0.748468 0.019673 0.231859 410.771652 275.023883
35 44 43 0.401953 0.510818 0.087229 413.085704 290.442431
36 37 45 0.863864 0.052103 0.084033 95.093676 284.066229
36 37 45 0.330356 0.499143 0.170501 107.301614 285.815723
36 37 45 0.191108 0.749513 0.059379 117.296134 285.230164
36 37 45 0.987343 0.002741 0.009916 91.273532 285.369094
36 37 45 0.432758 0.156240 0.411003 103.319257 290.966291
36 37 45 0.020453 0.506617 0.472930 109.979547 290.534932
36 37 45 0.112999 0.399357 0.487645 108.954040 291.350941
36 37 45 0.235826 0.439708 0.324466 114.385544 290.666939
36 37 45 0.678378 0.267428 0.054195 100.863087 282.686728
36 37 45 0.821609 0.144202 0.034189 95.052030 280.713132
37 46 45 0.283089 0.205483 0.511429 116.314729 296.575710
37 46 45 0.065484 0.249287 0.685229 111.307263 300.377852
37 46 45 0.817176 0.121699 0.061125 127.506807 284.201264
37 46 45 0.997507 0.000726 0.001767 125.972260 284.201546
37 46 45 0.645368 0.167512 0.187120 120.862037 288.254016
37 46 45 0.950909 0.027112 0.021979 125.534616 282.291186
37 46 45 0.869196 0.090053 0.040751 129.290975 284.266648
37 46 45 0.883744 0.015773 0.100482 125.121238 288.730656
37 46 45 0.890104 0.106615 0.003280 128.909371 286.015701
37 46 45 0.814174 0.046362 0.139464 118.432840 286.714285
37 38 46 0.063847 0.051598 0.884555 137.785844 306.065969
37 38 46 0.804993 0.182951 0.012056 130.719518 284.061171
37 38 46 0.072399 0.860520 0.067081 156.073675 294.687590
37 38 46 0.016144 0.928300 0.055556 161.716635 287.408172
37 38 46 0.334615 0.631773 0.033612 150.013651 290.474085
37 38 46 0.087074 0.164990 0.747936 138.499567 300.529884
37 38 46 0.217041 0.449133 0.333826 147.022966 295.394803
37 38 46 0.516745 0.170011 0.313244 135.497237 293.137523
37 38 46 0.666474 0.078329 0.255196 128.633475 290.489906
37 38 46 0.382991 0.121702 0.495307 139.333677 294.845890
38 47 46 0.837021 0.104018 0.058961 165.938972 291.947984
38 47 46 0.748564 0.205626 0.045810 162.927048 294.144318
38 47 46 0.281076 0.711102 0.007822 173.721975 301.563748
38 47 46 0.331688 0.096806 0.571506 150.803748 303.685724
38 47 46 0.577320 0.090455 0.332224 152.654860 297.569960
38 47 46 0.914397 0.000947 0.084656 165.696935 289.862826
38 47 46 0.510808 0.343390 0.145802 162.358339 297.596882
38 47 46 0.097458 0.255738 0.646804 150.983318 304.016367
38 47 46 0.362425 0.622778 0.014797 171.426023 305.843743
38 47 46 0.368757 0.017164 0.614079 147.921170 298.905664
38 39 47 0.475163 0.439369 0.085468 184.920654 293.640276
38 39 47 0.493410 0.118007 0.388584 170.478534 296.842262
38 39 47 0.803462 0.097152 0.099387 169.977793 289.676053
38 39 47 0.773437 0.127248 0.099314 171.836452 293.350434
38 39 47 0.683668 0.314711 0.001621 178.969534 291.563652
38 39 47 0.625051 0.368910 0.006038 176.386135 288.165247
38 39 47 0.290325 0.037253 0.672422 173.381586 301.809161
38 39 47 0.089525 0.417329 0.493146 184.136592 302.096248
38 39 47 0.337550 0.397224 0.265226 181.322610 290.042800
38 39 47 0.691192 0.204741 0.104067 172.093946 289.568887
39 48 47 0.536864 0.362826 0.100310 202.217653 305.316729
39 48 47 0.194722 0.386680 0.418598 187.711708 307.216305
39 48 47 0.686929 0.229163 0.083908 197.931573 294.865259
39 48 47 0.112268 0.045712 0.842020 178.074505 305.611395
39 48 47 0.661459 0.276784 0.061757 203.213619 296.908405
39 48 47 0.970677 0.010405 0.018918 200.196349 294.624888
39 48 47 0.489928 0.466066 0.044006 199.192872 301.268402
39 48 47 0.810571 0.141984 0.047445 202.027600 293.195924
39 48 47 0.691832 0.076625 0.231543 195.131942 298.966707
39 48 47 0.421186 0.323308 0.255506 196.180610 303.488741
39 40 48 0.592938 0.315820 0.091242 217.109386 294.983677
39 40 48 0.571680 0.307937 0.120383 214.757952 295.538833
39 40 48 0.316812 0.481586 0.201602 220.385794 294.252323
39 40 48 0.920411 0.066052 0.013537 207.074219 290.232370
39 40 48 0.679899 0.210643 0.109459 205.514970 294.332013
39 40 48 0.763289 0.043438 0.193273 202.259369 293.898382
39 40 48 0.024198 0.275939 0.699863 212.693584 307.055052
39 40 48 0.330196 0.009123 0.660681 205.628120 307.076214
39 40 48 0.782804 0.170394 0.046802 209.301750 292.022507
39 40 48 0.382135 0.346604 0.271260 218.092530 298.313144
40 49 48 0.486626 0.174677 0.338696 231.123010 303.004076
40 49 48 0.392227 0.191304 0.416469 226.864484 305.325388
40 49 48 0.799928 0.041167 0.158905 231.309085 298.826220
40 49 48 0.762746 0.043681 0.193573 236.008939 298.149401
40 49 48 0.137648 0.267658 0.594694 222.636515 307.978116
40 49 48 0.668978 0.077397 0.253625 231.202276 305.056162
40 49 48 0.544713 0.269527 0.185760 234.050345 304.898685
40 49 48 0.253439 0.238990 0.507572 220.577840 306.373161
40 49 48 0.939986 0.011403 0.048611 239.859486 295.074692
40 49 48 0.737310 0.062015 0.200675 233.782354 295.738720
40 41 49 0.525376 0.448895 0.025730 263.382883 299.430368
40 41 49 0.299407 0.304099 0.396494 256.454604 301.908756
40 41 49 0.951325 0.023423 0.025251 241.885690 293.867498
40 41 49 0.537789 0.058161 0.404051 244.399324 300.037019
40 41 49 0.424240 0.444271 0.131489 259.919054 296.455867
40 41 49 0.182599 0.290129 0.527272 254.539783 303.574540
40 41 49 0.407252 0.117573 0.475174 247.425181 305.495910
40 41 49 0.476076 0.153661 0.370264 251.465908 302.437523
40 41 49 0.218833 0.467866 0.313301 259.442236 304.901317
40 41 49 0.276182 0.635519 0.088299 268.157817 299.074012
41 50 49 0.545041 0.407443 0.047516 282.810633 307.234137
41 50 49 0.701271 0.093530 0.205199 272.676265 302.935741
41 50 49 0.436550 0.436019 0.127430 276.311121 311.808093
41 50 49 0.136881 0.759424 0.103695 280.439840 316.098747
41 50 49 0.470193 0.195413 0.334394 268.779316 311.355943
41 50 49 0.004517 0.091762 0.903721 248.310960 317.128120
41 50 49 0.166187 0.516806 0.317007 272.255734 317.749174
41 50 49 0.995256 0.000133 0.004611 283.485827 295.389628
41 50 49 0.450944 0.244404 0.304652 271.205179 306.689562
41 50 49 0.502125 0.119572 0.378302 268.315791 306.838532
41 42 50 0.200222 0.080998 0.718779 288.447026 315.106162
41 42 50 0.813089 0.115398 0.071513 289.105614 298.528044
41 42 50 0.356028 0.198801 0.445171 290.754488 305.375953
41 42 50 0.974365 0.009575 0.016059 289.281863 297.993856
41 42 50 0.674764 0.165613 0.159623 291.356135 299.670549
41 42 50 0.286443 0.537531 0.176026 302.750265 301.549796
41 42 50 0.817864 0.162764 0.019371 291.254846 300.352338
41 42 50 0.108840 0.599917 0.291242 306.576574 302.837240
41 42 50 0.690645 0.100133 0.209222 290.522874 302.704163
41 42 50 0.995882 0.000793 0.003325 287.416437 298.582699
42 51 50 0.804645 0.015647 0.179708 317.894371 303.906186
42 51 50 0.438651 0.419061 0.142288 319.339582 312.903376
42 51 50 0.426927 0.143022 0.430051 303.017755 306.792662
42 51 50 0.538963 0.201211 0.259826 312.464817 309.891403
42 51 50 0.983507 0.012862 0.003631 322.009173 295.706768
42 51 50 0.997914 0.001079 0.001007 327.908064 297.712785
42 51 50 0.334779 0.189851 0.475370 305.385895 311.821011
42 51 50 0.603727 0.308277 0.087996 322.171939 309.706424
42 51 50 0.930867 0.042176 0.026957 324.792353 300.464658
42 51 50 0.029943 0.713922 0.256135 311.342159 321.009146
42 43 51 0.811426 0.110046 0.078529 328.589883 300.152697
42 43 51 0.230648 0.719003 0.050350 360.214775 298.535069
42 43 51 0.106087 0.708255 0.185658 356.439739 303.071490
42 43 51 0.593252 0.286974 0.119773 339.323487 300.888480
42 43 51 0.898128 0.034952 0.066920 326.709577 298.148009
42 43 51 0.406273 0.406202 0.187525 343.063454 304.728797
42 43 51 0.942655 0.038657 0.018687 324.029009 300.564002
42 43 51 0.519478 0.050656 0.429866 326.780818 310.992643
42 43 51 0.369201 0.444854 0.185945 343.968537 305.231399
42 43 51 0.041744 0.277450 0.680805 335.116405 316.481304
43 52 51 0.287870 0.249257 0.462873 345.138393 316.491968
43 52 51 0.681597 0.190223 0.128180 364.177084 310.438458
43 52 51 0.518382 0.379824 0.101795 362.174520 314.526433
43 52 51 0.899838 0.016724 0.083438 362.574958 304.448268
43 52 51 0.710201 0.085270 0.204529 352.108942 311.193792
43 52 51 0.146936 0.304840 0.548225 339.006659 318.189834
43 52 51 0.787507 0.177127 0.035366 366.417547 309.605265
43 52 51 0.554592 0.031307 0.414101 348.176082 314.222260
43 52 51 0.379829 0.108579 0.511592 345.778628 315.087105
43 52 51 0.297027 0.689345 0.013629 363.614853 318.059294
43 44 52 0.115337 0.600133 0.284530 397.593605 308.050928
43 44 52 0.104179 0.747646 0.148175 397.677778 309.985687
43 44 52 0.179211 0.490456 0.330333 386.974474 311.435592
43 44 52 0.402404 0.377064 0.220532 386.598199 311.888775
43 44 52 0.718057 0.175543 0.106400 376.503092 306.598323
43 44 52 0.588335 0.282118 0.129546 383.909969 308.568269
43 44 52 0.350272 0.640481 0.009247 396.706559 302.568413
43 44 52 0.608640 0.053132 0.338229 368.895634 307.550932
43 44 52 0.989115 0.003829 0.007056 372.882109 300.246251
43 44 52 0.711019 0.168607 0.120373 379.069581 306.873109
44 53 52 0.423577 0.350738 0.225685 397.477355 313.868464
44 53 52 0.593999 0.158449 0.247552 394.655632 315.715280
44 53 52 0.245503 0.319817 0.434680 383.493480 325.432498
44 53 52 0.496778 0.049778 0.453444 390.130101 313.688172
44 53 52 0.011414 0.443339 0.545247 381.602214 325.836832
44 53 52 0.519908 0.374283 0.105809 405.993821 316.750414
44 53 52 0.832063 0.164970 0.002967 412.566351 310.000575
44 53 52 0.925809 0.019797 0.054394 410.414434 301.171756
44 53 52 0.553041 0.310949 0.136010 405.158121 319.251810
44 53 52 0.513260 0.378546 0.108194 402.932792 316.586713
45 46 54 0.426603 0.204386 0.369011 117.967329 307.679893
45 46 54 0.830573 0.002636 0.166790 107.885302 302.379141
45 46 54 0.360381 0.623501 0.016118 126.462307 302.306558
45 46 54 0.649230 0.314549 0.036221 115.201596 303.406343
45 46 54 0.585871 0.034821 0.379308 110.899561 312.617310
45 46 54 0.338248 0.255658 0.406095 117.477565 313.974678
45 46 54 0.864515 0.017666 0.117819 105.991098 303.483880
45 46 54 0.890966 0.000138 0.108897 108.192531 304.950352
45 46 54 0.124358 0.672985 0.202656 128.623799 307.949650
45 46 54 0.250641 0.178612 0.570747 119.112246 310.694056
46 55 54 0.466011 0.117796 0.416193 132.054371 310.059223
46 55 54 0.518875 0.252024 0.229101 140.494732 311.300277
46 55 54 0.301487 0.390358 0.308155 138.811594 313.450336
46 55 54 0.836389 0.088417 0.075194 138.263589 306.127441
46 55 54 0.531500 0.387879 0.080621 143.465910 308.635279
46 55 54 0.195232 0.701277 0.103491 141.238437 315.737261
46 55 54 0.755856 0.067380 0.176763 140.739790 305.806693
46 55 54 0.606783 0.255967 0.137251 139.927689 309.551336
46 55 54 0.307473 0.267997 0.424529 131.661296 311.842086
46 55 54 0.967639 0.027122 0.005240 141.602116 309.918074
46 47 55 0.353965 0.127661 0.518374 151.169230 313.891761
46 47 55 0.127513 0.776927 0.095560 164.647991 305.286446
46 47 55 0.096227 0.011480 0.892293 145.800466 313.924054
46 47 55 0.868044 0.117802 0.014154 141.847788 304.212071
46 47 55 0.050713 0.448793 0.500494 161.324212 314.509425
46 47 55 0.617663 0.156495 0.225841 144.210748 304.054161
46 47 55 0.877994 0.020739 0.101267 143.541638 302.071462
46 47 55 0.650018 0.262538 0.087444 146.789488 307.109338
46 47 55 0.180249 0.767090 0.052661 165.297692 311.489770
46 47 55 0.035551 0.607233 0.357216 160.054198 312.006544
47 56 55 0.925999 0.034206 0.039795 172.533063 308.423958
47 56 55 0.728705 0.029176 0.242119 169.391054 312.576915
47 56 55 0.368594 0.461037 0.170369 171.562431 314.100751
47 56 55 0.939812 0.017592 0.042596 173.090645 312.993910
47 56 55 0.046736 0.551595 0.401669 170.581445 319.201598
47 56 55 0.470388 0.390997 0.138615 174.782943 313.597456
47 56 55 0.531004 0.360851 0.108145 176.450942 313.085669
47 56 55 0.162144 0.016322 0.821534 151.630497 319.501514
47 56 55 0.080220 0.009342 0.910437 150.804570 313.235257
47 56 55 0.356786 0.451554 0.191660 172.991465 319.250045
47 48 56 0.631230 0.005594 0.363175 178.097013 313.723812
47 48 56 0.483049 0.143682 0.373269 180.902796 315.647644
47 48 56 0.014050 0.867784 0.118166 202.467448 311.555566
47 48 56 0.286931 0.096975 0.616095 182.953952 317.059618
47 48 56 0.671471 0.088635 0.239894 185.842685 312.485517
47 48 56 0.285196 0.127587 0.587217 185.612816 314.997677
47 48 56 0.242053 0.168604 0.589343 182.001824 316.854469
47 48 56 0.849485 0.051116 0.099399 176.933227 307.277882
47 48 56 0.372993 0.145705 0.481302 183.573870 318.013783
47 48 56 0.505184 0.138749 0.356067 183.930931 314.696670
48 57 56 0.045329 0.050018 0.904653 188.136074 320.067197
48 57 56 0.322710 0.024734 0.652555 189.882919 316.977650
48 57 56 0.236453 0.490479 0.273068 202.820074 317.529530
48 57 56 0.353178 0.529040 0.117782 210.664339 323.151189
48 57 56 0.292947 0.575635 0.131418 207.619169 316.702440
48 57 56 0.355427 0.241419 0.403154 198.526657 320.091471
48 57 56 0.465221 0.438188 0.096591 208.578751 321.123413
48 57 56 0.032596 0.325825 0.641579 198.063539 325.083906
48 57 56 0.834507 0.139467 0.026026 209.731585 313.929668
48 57 56 0.158315 0.304465 0.537220 194.345892 322.289910
48 49 57 0.219714 0.717660 0.062626 233.600250 316.915681
48 49 57 0.017978 0.893903 0.088118 238.538352 313.227465
48 49 57 0.363871 0.392953 0.243176 221.569134 315.487581
48 49 57 0.960764 0.018573 0.020663 207.263934 308.118694
48 49 57 0.988000 0.001740 0.010260 207.159943 310.622119
48 49 57 0.125012 0.303236 0.571752 223.362082 322.238994
48 49 57 0.271840 0.210439 0.517721 217.852400 318.497319
48 49 57 0.390707 0.295495 0.313798 220.744980 316.557502
48 49 57 0.742510 0.110304 0.147186 210.278805 313.643165
48 49 57 0.221063 0.543779 0.235158 225.009503 315.220005
49 58 57 0.266991 0.094677 0.638332 220.028120 324.629487
49 58 57 0.580543 0.206589 0.212868 241.617059 319.261680
49 58 57 0.821524 0.037334 0.141142 238.190431 315.204760
49 58 57 0.066157 0.231342 0.702501 222.501307 326.416026
49 58 57 0.631809 0.176078 0.192114 238.868844 321.247663
49 58 57 0.230658 0.670138 0.099204 242.751318 325.830723
49 58 57 0.781129 0.182321 0.036550 243.580523 318.899891
49 58 57 0.460683 0.528316 0.011001 250.876506 324.894184
49 58 57 0.549262 0.336520 0.114218 245.568616 322.047027
49 58 57 0.836606 0.106070 0.057324 242.929188 317.585356
49 50 58 0.678180 0.209747 0.112073 255.465247 313.403339
49 50 58 0.760979 0.171315 0.067706 252.238831 320.591736
49 50 58 0.195913 0.201579 0.602507 254.918306 320.629925
49 50 58 0.505901 0.150292 0.343807 254.411028 321.076609
49 50 58 0.743102 0.050283 0.206615 245.735013 316.812584
49 50 58 0.475671 0.401665 0.122665 259.870579 318.683369
49 50 58 0.451911 0.344882 0.203207 253.967093 316.656873
49 50 58 0.554425 0.329770 0.115805 256.966128 317.586049
49 50 58 0.997182 0.000508 0.002309 241.961166 310.553283
49 50 58 0.013260 0.671542 0.315199 272.658298 321.492932
50 59 58 0.001468 0.862657 0.135875 277.274379 332.919025
50 59 58 0.965952 0.008209 0.025839 279.298998 320.614388
50 59 58 0.442429 0.332947 0.224624 277.062388 325.187770
50 59 58 0.523169 0.122779 0.354052 271.485333 319.752467
50 59 58 0.902219 0.031019 0.066763 280.915121 319.050992
50 59 58 0.127873 0.815239 0.056888 277.437654 331.806363
50 59 58 0.996704 0.000987 0.002308 283.206073 319.145994
50 59 58 0.904500 0.094178 0.001323 281.721528 320.820051
50 59 58 0.222274 0.200169 0.577556 263.883913 325.897972
50 59 58 0.819544 0.095313 0.085144 282.549430 324.020194
50 51 59 0.260242 0.601786 0.137972 307.166167 326.997117
50 51 59 0.494417 0.417076 0.088507 298.355874 321.032914
50 51 59 0.314423 0.102017 0.583560 289.980292 323.492710
50 51 59 0.524545 0.391813 0.083642 296.961489 322.647005
50 51 59 0.363963 0.164627 0.471410 289.299653 323.774666
50 51 59 0.657119 0.149682 0.193198 286.777540 321.525319
50 51 59 0.280907 0.130085 0.589008 285.956115 327.155076
50 51 59 0.804244 0.135476 0.060281 290.804368 320.468148
50 51 59 0.072766 0.085871 0.841363 282.979096 331.848559
50 51 59 0.259724 0.045120 0.695156 283.036323 329.829229
51 60 59 0.155899 0.622977 0.221124 311.764002 331.253436
51 60 59 0.871592 0.026166 0.102242 318.338814 325.930913
51 60 59 0.021153 0.444742 0.534105 299.924081 332.836902
51 60 59 0.091487 0.411732 0.496781 301.573731 332.408199
51 60 59 0.158661 0.803328 0.038012 315.151309 333.836794
51 60 59 0.952298 0.026012 0.021690 322.772807 319.437164
51 60 59 0.884270 0.080197 0.035533 318.335760 322.262157
51 60 59 0.162785 0.539802 0.297413 305.164439 333.024020
51 60 59 0.592501 0.329337 0.078162 315.878270 328.187260
51 60 59 0.769125 0.025809 0.205066 312.891112 326.482886
51 52 60 0.954683 0.044378 0.000939 320.252207 323.178702
51 52 60 0.624172 0.121685 0.254143 328.814641 330.088643
51 52 60 0.844138 0.043718 0.112143 322.434283 324.988033
51 52 60 0.112891 0.474762 0.412347 334.827743 329.245094
51 52 60 0.830046 0.015934 0.154020 322.910901 325.426242
51 52 60 0.332016 0.031310 0.636674 322.176388 330.958971
51 52 60 0.438474 0.344962 0.216565 334.062022 325.422749
51 52 60 0.269068 0.203523 0.527409 326.605258 329.667037
51 52 60 0.644405 0.347221 0.008373 337.959512 322.686588
51 52 60 0.668587 0.276974 0.054440 333.881187 326.341546
52 61 60 0.000683 0.584121 0.415196 337.644248 339.820527
52 61 60 0.939011 0.020114 0.040874 354.406364 327.360216
52 61 60 0.749520 0.051825 0.198655 352.446300 330.642181
52 61 60 0.268843 0.233887 0.497270 340.374109 335.210357
52 61 60 0.081904 0.689160 0.228936 344.541495 338.429756
52 61 60 0.070447 0.481764 0.447789 338.435301 338.148997
52 61 60 0.564400 0.342463 0.093137 356.658842 333.458856
52 61 60 0.221418 0.606930 0.171652 348.049653 337.226208
52 61 60 0.310089 0.368059 0.321852 345.000167 336.835961
52 61 60 0.254762 0.684629 0.060609 350.023031 337.467090
52 53 61 0.471792 0.385567 0.142641 377.341474 329.380009
52 53 61 0.914114 0.053733 0.032152 362.509825 328.774655
52 53 61 0.725535 0.123401 0.151064 363.689174 328.927725
52 53 61 0.653725 0.316984 0.029291 375.243172 332.091394
52 53 61 0.692707 0.297796 0.009497 374.390149 329.919773
52 53 61 0.769770 0.093695 0.136535 363.788438 331.395387
52 53 61 0.080107 0.298060 0.621833 369.558232 338.848811
52 53 61 0.458599 0.501311 0.040091 383.683525 330.289234
52 53 61 0.712801 0.042405 0.244795 361.032966 330.125833
52 53 61 0.723840 0.023444 0.252716 359.415695 327.594270
53 62 61 0.726693 0.222649 0.050659 397.892012 335.187290
53 62 61 0.146710 0.506050 0.347240 377.380724 340.069551
53 62 61 0.273772 0.015735 0.710493 367.746306 340.383315
53 62 61 0.992758 0.002177 0.005066 404.016850 328.265181
53 62 61 0.083988 0.438666 0.477347 373.825441 344.201424
53 62 61 0.775545 0.110145 0.114310 399.544015 333.552849
53 62 61 0.395844 0.096114 0.508042 374.937141 342.541662
53 62 61 0.258893 0.292067 0.449039 379.626735 341.416248
53 62 61 0.448838 0.100550 0.450613 381.565829 339.057067
53 62 61 0.368601 0.238974 0.392425 388.154907 339.295813
54 55 63 0.940591 0.031651 0.027758 120.778743 315.657232
54 55 63 0.376224 0.561479 0.062297 136.309486 319.712364
54 55 63 0.133199 0.283737 0.583064 137.702706 324.649767
54 55 63 0.464097 0.351649 0.184254 133.558859 316.069807
54 55 63 0.809668 0.020516 0.169816 123.586575 315.520519
54 55 63 0.893536 0.062546 0.043918 121.545447 315.194370
54 55 63 0.937579 0.020303 0.042118 122.962255 313.697974
54 55 63 0.789254 0.158284 0.052462 124.425469 314.610096
54 55 63 0.601645 0.122587 0.275769 128.043823 316.685316
54 55 63 0.770441 0.037857 0.191702 122.689269 319.531812
55 64 63 0.558086 0.351445 0.090469 155.271492 317.415771
55 64 63 0.411155 0.228755 0.360091 144.897225 325.568723
55 64 63 0.511836 0.470172 0.017991 155.088455 319.734918
55 64 63 0.312695 0.535995 0.151310 153.550199 323.587432
55 64 63 0.673664 0.042165 0.284171 142.375445 321.104138
55 64 63 0.254409 0.032388 0.713203 137.732078 326.416089
55 64 63 0.064204 0.451064 0.484732 145.440732 324.609303
55 64 63 0.590417 0.404374 0.005209 156.058400 321.788231
55 64 63 0.488555 0.193962 0.317483 146.645313 321.131831
55 64 63 0.837409 0.131615 0.030975 144.589604 323.305190
55 56 64 0.263331 0.326276 0.410392 164.088740 324.057161
55 56 64 0.609882 0.129145 0.260973 154.966459 321.840738
55 56 64 0.612869 0.125839 0.261291 155.775627 321.266656
55 56 64 0.497329 0.092505 0.410166 156.413130 325.576265
55 56 64 0.791693 0.016561 0.191747 151.929472 319.753119
55 56 64 0.122026 0.299323 0.578652 168.202238 326.612710
55 56 64 0.697131 0.198336 0.104533 156.327490 319.028812
55 56 64 0.729161 0.129026 0.141813 155.091846 319.352293
55 56 64 0.323580 0.037974 0.638446 158.552217 323.531363
55 56 64 0.265012 0.086984 0.648004 157.754660 323.595603
56 65 64 0.618040 0.114170 0.267790 178.331982 323.089322
56 65 64 0.439219 0.557641 0.003140 188.373042 326.824293
56 65 64 0.164962 0.368009 0.467029 175.761739 327.078845
56 65 64 0.027655 0.949282 0.023063 190.036199 332.235466
56 65 64 0.069446 0.436722 0.493832 173.241572 326.687315
56 65 64 0.109491 0.303681 0.586828 170.030846 324.349605
56 65 64 0.307275 0.017119 0.675606 164.840214 326.682453
56 65 64 0.106640 0.073763 0.819597 161.631397 329.227103
56 65 64 0.094718 0.181304 0.723978 170.692301 325.339892
56 65 64 0.831283 0.080499 0.088218 179.384505 323.390302
56 57 65 0.222246 0.272289 0.505465 192.351192 327.102603
56 57 65 0.756425 0.001296 0.242278 183.487467 321.307332
56 57 65 0.153703 0.728161 0.118136 205.758057 323.496408
56 57 65 0.630200 0.103130 0.266670 185.891692 327.093559
56 57 65 0.698669 0.243510 0.057822 191.782837 322.456368
56 57 65 0.737818 0.046552 0.215630 183.866128 321.939716
56 57 65 0.612813 0.191213 0.195974 186.371675 322.815974
56 57 65 0.752430 0.229703 0.017867 188.698382 324.494184
56 57 65 0.847486 0.134721 0.017792 187.995421 319.765969
56 57 65 0.696000 0.069247 0.234753 183.654434 320.127906
57 66 65 0.611668 0.231109 0.157223 211.740240 326.680514
57 66 65 0.662532 0.051740 0.285729 206.665185 331.275488
57 66 65 0.656126 0.178275 0.165599 210.183579 322.376116
57 66 65 0.130525 0.585619 0.283856 211.239043 331.291055
57 66 65 0.444047 0.499129 0.056824 217.683583 327.834182
57 66 65 0.703969 0.005436 0.290594 207.441289 324.529278
57 66 65 0.797798 0.166193 0.036009 217.006378 325.479698
57 66 65 0.209933 0.546923 0.243144 213.627468 329.826732
57 66 65 0.571302 0.407966 0.020732 212.604979 325.595907
57 66 65 0.016966 0.926972 0.056062 219.835056 332.060499
57 58 66 0.195679 0.140986 0.663335 224.220345 331.544034
57 58 66 0.870820 0.027919 0.101261 216.633112 325.778085
57 58 66 0.333925 0.331977 0.334098 228.379149 329.162362
57 58 66 0.682808 0.213339 0.103853 223.324724 326.874354
57 58 66 0.807261 0.039751 0.152988 214.364939 324.743890
57 58 66 0.919013 0.018535 0.062453 219.550040 326.794146
57 58 66 0.277271 0.617692 0.105037 232.373649 328.605291
57 58 66 0.805983 0.177627 0.016391 217.980508 323.401228
57 58 66 0.818946 0.136696 0.044359 217.299207 327.301471
57 58 66 0.902235 0.076935 0.020830 219.270724 322.572308
58 67 66 0.064863 0.041033 0.894104 223.551679 336.107515
58 67 66 0.353221 0.198313 0.448465 237.748017 329.525707
58 67 66 0.366662 0.589975 0.043363 248.310924 334.665748
58 67 66 0.083487 0.749945 0.166568 246.370994 333.440829
58 67 66 0.477602 0.074842 0.447556 237.666752 328.777915
58 67 66 0.662567 0.103269 0.234163 241.658272 332.738871
58 67 66 0.792066 0.025326 0.182608 241.345401 325.851004
58 67 66 0.258421 0.248280 0.493299 239.661879 331.905304
58 67 66 0.172696 0.067303 0.760002 229.002459 330.141034
58 67 66 0.808074 0.014689 0.177237 242.463674 329.966145
58 59 67 0.268303 0.093776 0.637921 250.719728 331.963814
58 59 67 0.134829 0.832951 0.032220 277.787852 333.179326
58 59 67 0.089068 0.149446 0.761486 255.069713 334.554916
58 59 67 0.987108 0.004998 0.007895 249.900336 325.600690
58 59 67 0.176890 0.451400 0.371710 267.013367 330.882571
58 59 67 0.797266 0.131262 0.071472 256.013547 328.725587
58 59 67 0.319634 0.162293 0.518074 255.182962 332.461446
58 59 67 0.623173 0.264765 0.112062 257.440853 331.463002
58 59 67 0.922408 0.033586 0.044006 247.751094 327.961623
58 59 67 0.069379 0.700105 0.230516 275.053908 334.085600
59 68 67 0.086288 0.126160 0.787553 257.767130 337.236661
59 68 67 0.059292 0.452459 0.488249 268.130186 339.910456
59 68 67 0.373576 0.112466 0.513957 267.509277 337.144588
59 68 67 0.586075 0.102378 0.311547 273.689326 335.613230
59 68 67 0.541938 0.092820 0.365242 273.947423 335.291874
59 68 67 0.206654 0.328323 0.465023 271.214213 338.844041
59 68 67 0.882919 0.074307 0.042774 281.120282 331.782095
59 68 67 0.898366 0.020186 0.081448 280.987592 333.375719
59 68 67 0.877826 0.084998 0.037176 277.876364 336.433882
59 68 67 0.931773 0.034757 0.033470 279.287486 336.037369
59 60 68 0.832078 0.149191 0.018731 290.225709 334.369628
59 60 68 0.964877 0.017888 0.017235 282.259713 333.829429
59 60 68 0.695456 0.247168 0.057376 288.691096 333.367820
59 60 68 0.159630 0.024343 0.816027 281.274380 336.608895
59 60 68 0.489923 0.502065 0.008011 299.113788 336.030598
59 60 68 0.886373 0.029110 0.084517 279.427543 336.246869
59 60 68 0.364797 0.056814 0.578389 288.588933 337.036219
59 60 68 0.566804 0.345306 0.087890 296.807040 332.661586
59 60 68 0.441350 0.215974 0.342676 290.643317 335.927633
59 60 68 0.712618 0.011373 0.276010 285.745899 335.322563
60 69 68 0.601504 0.214201 0.184294 312.603060 338.624926
60 69 68 0.417182 0.416688 0.166130 310.094167 342.044653
60 69 68 0.613772 0.071402 0.314825 303.387029 340.520623
60 69 68 0.961447 0.012412 0.026141 318.660083 337.011466
60 69 68 0.964352 0.026371 0.009277 315.365590 335.786433
60 69 68 0.097383 0.390836 0.511782 296.017413 343.829505
60 69 68 0.188398 0.666495 0.145107 309.967406 339.116080
60 69 68 0.449208 0.264320 0.286472 305.310888 342.099844
60 69 68 0.114271 0.507483 0.378246 303.668934 340.161683
60 69 68 0.343464 0.006003 0.650533 293.470126 339.841359
60 61 69 0.509500 0.087793 0.402707 316.390209 336.583841
60 61 69 0.215645 0.047149 0.737205 319.623683 340.253914
60 61 69 0.947694 0.006206 0.046101 322.060903 337.814142
60 61 69 0.309676 0.398665 0.291659 327.256409 340.952173
60 61 69 0.152924 0.078905 0.768171 321.659575 348.517919
60 61 69 0.703117 0.103163 0.193720 321.217428 339.043099
60 61 69 0.819477 0.065034 0.115489 320.031432 335.630318
60 61 69 0.900883 0.018198 0.080920 318.500232 338.413071
60 61 69 0.109126 0.009152 0.881722 315.240439 343.133751
60 61 69 0.796388 0.119366 0.084246 320.594044 340.184521
61 70 69 0.496687 0.316406 0.186907 344.726479 343.765634
61 70 69 0.173032 0.194391 0.632577 327.293161 346.328100
61 70 69 0.521587 0.010152 0.468261 336.553680 344.687251
61 70 69 0.933849 0.061369 0.004783 352.969911 342.840890
61 70 69 0.547597 0.333654 0.118750 348.860847 344.669282
61 70 69 0.975942 0.015285 0.008772 354.963989 339.704257
61 70 69 0.268029 0.339447 0.392523 340.355171 344.901869
61 70 69 0.437081 0.015083 0.547836 329.234274 342.122755
61 70 69 0.729654 0.085743 0.184603 350.457402 343.124013
61 70 69 0.634956 0.201730 0.163315 347.961747 341.904403
61 62 70 0.819188 0.147755 0.033058 358.713805 343.865434
61 62 70 0.826008 0.153099 0.020893 366.951829 343.109316
61 62 70 0.473397 0.202946 0.323657 356.581458 345.811587
61 62 70 0.825131 0.151921 0.022947 360.315475 344.967859
61 62 70 0.173128 0.406814 0.420059 367.187153 347.330768
61 62 70 0.360170 0.530189 0.109641 371.974291 348.940868
61 62 70 0.552859 0.029814 0.417327 356.670592 344.463441
61 62 70 0.070063 0.603135 0.326802 376.269847 347.795741
61 62 70 0.497792 0.359061 0.143146 365.209551 342.939371
61 62 70 0.034021 0.328283 0.637696 364.683730 351.765683
62 71 70 0.915665 0.056965 0.027370 390.511920 349.082911
62 71 70 0.485330 0.073880 0.440790 373.401977 345.261135
62 71 70 0.087543 0.861655 0.050802 385.288422 355.886210
62 71 70 0.097565 0.220513 0.681922 360.017161 351.746003
62 71 70 0.901461 0.077361 0.021178 391.415421 347.785512
62 71 70 0.457079 0.067079 0.475842 370.692836 346.919097
62 71 70 0.354310 0.070249 0.575441 367.167348 348.402563
62 71 70 0.826414 0.090968 0.082618 388.811489 347.455397
62 71 70 0.935348 0.008088 0.056564 389.397037 346.034344
62 71 70 0.115415 0.596435 0.288150 376.358618 349.551024
63 64 72 0.476012 0.355958 0.168030 144.619475 328.905484
63 64 72 0.816408 0.092764 0.090828 134.968744 326.750509
63 64 72 0.503509 0.015927 0.480564 139.995750 328.515707
63 64 72 0.481039 0.113841 0.405120 134.837934 332.769276
63 64 72 0.518348 0.421211 0.060441 145.173288 328.043402
63 64 72 0.768021 0.075202 0.156777 136.858458 326.427998
63 64 72 0.973161 0.015006 0.011832 130.548813 327.937509
63 64 72 0.327878 0.056327 0.615795 138.056382 333.239580
63 64 72 0.936602 0.057643 0.005756 133.433855 327.680976
63 64 72 0.134405 0.455107 0.410488 148.735039 330.670482
64 73 72 0.502698 0.232864 0.264438 155.190962 329.091340
64 73 72 0.024356 0.561536 0.414109 158.860311 334.026613
64 73 72 0.895298 0.071441 0.033261 162.438612 326.120677
64 73 72 0.653262 0.271533 0.075205 162.118471 332.032665
64 73 72 0.126883 0.094718 0.778399 142.277024 334.200884
64 73 72 0.687611 0.286146 0.026243 164.734893 331.714009
64 73 72 0.787644 0.184837 0.027519 162.482100 330.927086
64 73 72 0.636041 0.226361 0.137599 161.356722 333.074539
64 73 72 0.653980 0.206887 0.139133 155.426114 333.793102
64 73 72 0.301296 0.482258 0.216446 156.759756 333.754605
64 65 73 0.259036 0.605805 0.135159 182.650064 328.006375
64 65 73 0.259727 0.389583 0.350690 174.567618 334.498516
64 65 73 0.062034 0.862707 0.075260 187.919698 329.933808
64 65 73 0.249418 0.401576 0.349005 178.074056 333.589996
64 65 73 0.321025 0.594572 0.084403 179.125836 333.899315
64 65 73 0.624217 0.151157 0.224626 168.266179 328.212317
64 65 73 0.853845 0.078091 0.068064 164.865484 327.648166
64 65 73 0.865293 0.074169 0.060538 167.561963 326.371884
64 65 73 0.586364 0.192718 0.220918 166.814169 331.925824
64 65 73 0.313296 0.110420 0.576284 166.810451 332.732947
65 74 73 0.387986 0.527841 0.084173 190.444712 333.441142
65 74 73 0.031246 0.494812 0.473942 182.230653 338.832219
65 74 73 0.379488 0.289348 0.331164 184.767568 336.136307
65 74 73 0.662524 0.068062 0.269413 187.618207 331.931523
65 74 73 0.267392 0.680075 0.052533 195.015854 338.785909
65 74 73 0.731176 0.063061 0.205763 185.246575 329.421264
65 74 73 0.766819 0.206303 0.026878 191.652335 329.344121
65 74 73 0.028730 0.224015 0.747255 175.156722 333.178220
65 74 73 0.868017 0.047684 0.084299 186.333962 333.778255
65 74 73 0.543136 0.171226 0.285638 182.876940 333.972426
65 66 74 0.943727 0.006383 0.049890 194.264624 330.159606
65 66 74 0.859851 0.056475 0.083673 196.073553 331.455502
65 66 74 0.462016 0.101106 0.436878 196.154940 334.002737
65 66 74 0.576092 0.219726 0.204182 198.939536 332.357237
65 66 74 0.014806 0.327401 0.657793 204.246226 336.649674
65 66 74 0.009012 0.860515 0.130474 216.751911 334.062984
65 66 74 0.177002 0.201854 0.621144 199.469527 334.038063
65 66 74 0.979372 0.014066 0.006562 190.624029 330.190875
65 66 74 0.339471 0.384181 0.276347 203.077914 335.803637
65 66 74 0.747219 0.040220 0.212562 190.109538 329.273548
66 75 74 0.429949 0.196682 0.373369 209.740892 336.562591
66 75 74 0.673377 0.080870 0.245752 215.844312 335.363046
66 75 74 0.642119 0.190664 0.167217 219.690080 336.542386
66 75 74 0.392065 0.295135 0.312800 214.363702 338.463362
66 75 74 0.270470 0.518524 0.211006 216.580487 335.040651
66 75 74 0.321832 0.574553 0.103615 222.177877 338.034862
66 75 74 0.423542 0.382272 0.194186 216.649110 337.121697
66 75 74 0.761157 0.057255 0.181588 216.099820 331.460404
66 75 74 0.458073 0.541731 0.000197 220.955763 333.248437
66 75 74 0.315412 0.152304 0.532284 211.634086 338.030378
66 67 75 0.131231 0.195911 0.672859 229.791011 339.320897
66 67 75 0.488700 0.172174 0.339127 227.439061 335.804290
66 67 75 0.575108 0.019199 0.405693 221.283524 338.535441
66 67 75 0.581343 0.287355 0.131302 229.917342 338.073986
66 67 75 0.963112 0.034220 0.002668 223.511614 334.877654
66 67 75 0.164427 0.236312 0.599261 231.747139 336.182212
66 67 75 0.478092 0.416257 0.105650 236.242336 335.914319
66 67 75 0.641185 0.007314 0.351501 224.024519 335.239434
66 67 75 0.566172 0.292698 0.141130 231.550811 333.567819
66 67 75 0.650274 0.120465 0.229261 225.681531 332.208548
67 76 75 0.187675 0.803998 0.008327 254.538607 345.127859
67 76 75 0.515595 0.090912 0.393493 240.933568 340.462984
67 76 75 0.754878 0.034420 0.210702 243.162537 340.501858
67 76 75 0.759615 0.212622 0.027763 251.050250 339.695815
67 76 75 0.582333 0.119627 0.298040 248.181702 338.983822
67 76 75 0.440254 0.295731 0.264015 247.554444 340.093568
67 76 75 0.249646 0.164887 0.585468 236.488227 339.892202
67 76 75 0.251460 0.221065 0.527474 238.923480 340.560685
67 76 75 0.017025 0.644614 0.338361 242.870272 342.128848
67 76 75 0.152234 0.295159 0.552606 235.442009 340.724998
67 68 76 0.780585 0.173105 0.046310 257.539174 340.437116
67 68 76 0.447932 0.326883 0.225186 261.688299 339.988724
67 68 76 0.290185 0.342082 0.367733 259.853428 340.966557
67 68 76 0.652021 0.028970 0.319009 252.960254 339.130948
67 68 76 0.200065 0.584640 0.215295 267.261024 342.821431
67 68 76 0.585591 0.258170 0.156239 260.414126 340.896207
67 68 76 0.695431 0.219127 0.085442 262.706724 342.271784
67 68 76 0.319502 0.154740 0.525758 257.377022 342.164538
67 68 76 0.084605 0.600144 0.315251 269.748772 342.878210
67 68 76 0.083907 0.631487 0.284607 270.278357 341.907252
68 77 76 0.802052 0.173032 0.024916 280.492804 344.921825
68 77 76 0.819654 0.108025 0.072321 279.894944 342.954206
68 77 76 0.921338 0.055852 0.022810 280.530674 340.648588
68 77 76 0.068864 0.148975 0.782161 260.566468 343.433827
68 77 76 0.678822 0.168582 0.152596 281.237790 342.684468
68 77 76 0.228092 0.285014 0.486894 269.090926 342.972881
68 77 76 0.570338 0.282171 0.147491 275.782781 344.501693
68 77 76 0.915413 0.028426 0.056161 284.502143 339.824867
68 77 76 0.505002 0.367346 0.127652 280.748269 343.783762
68 77 76 0.916689 0.030199 0.053113 278.032643 341.784122
68 69 77 0.543866 0.054334 0.401801 287.411492 346.132950
68 69 77 0.896372 0.031670 0.071958 287.427644 343.087065
68 69 77 0.664699 0.276109 0.059192 290.138822 343.077646
68 69 77 0.653634 0.124307 0.222059 290.198478 344.552780
68 69 77 0.072929 0.134832 0.792240 287.084652 346.618989
68 69 77 0.056174 0.513463 0.430363 298.175312 347.164095
68 69 77 0.586279 0.258438 0.155283 290.489717 345.059319
68 69 77 0.630101 0.205648 0.164251 288.209083 342.484309
68 69 77 0.069593 0.606866 0.323541 303.795825 347.001629
68 69 77 0.306921 0.353394 0.339685 292.970556 344.868220
69 78 77 0.225015 0.487006 0.287979 305.100279 350.204946
69 78 77 0.696003 0.165441 0.138556 313.588480 348.775037
69 78 77 0.001349 0.268496 0.730154 291.098436 347.999257
69 78 77 0.237101 0.112511 0.650389 294.003917 346.787608
69 78 77 0.036210 0.491528 0.472262 298.672446 346.490291
69 78 77 0.606622 0.028483 0.364895 303.739576 347.314250
69 78 77 0.296298 0.547916 0.155786 306.877793 348.869746
69 78 77 0.357120 0.617131 0.025749 311.583034 351.391252
69 78 77 0.677342 0.157945 0.164714 311.322610 348.755288
69 78 77 0.838857 0.053418 0.107725 310.487293 342.227442
69 70 78 0.102789 0.038898 0.858313 318.908622 350.041212
69 70 78 0.243424 0.018186 0.738391 314.080771 351.284348
69 70 78 0.673588 0.216922 0.109490 321.226915 347.083239
69 70 78 0.484927 0.439957 0.075116 327.371743 348.970683
69 70 78 0.343279 0.453289 0.203432 328.542902 348.515853
69 70 78 0.675711 0.094149 0.230140 319.029100 346.792247
69 70 78 0.830986 0.107700 0.061314 318.788370 345.784531
69 70 78 0.690473 0.197232 0.112295 319.460524 343.718420
69 70 78 0.051846 0.514712 0.433443 331.548600 348.815717
69 70 78 0.347481 0.199590 0.452929 318.123675 346.327621
70 79 78 0.465467 0.202332 0.332201 337.865927 354.435838
70 79 78 0.823131 0.093700 0.083169 345.456869 355.633849
70 79 78 0.299388 0.321182 0.379430 335.465548 353.247383
70 79 78 0.727979 0.148024 0.123997 344.319726 352.706479
70 79 78 0.891715 0.050648 0.057637 345.698323 352.670612
70 79 78 0.390119 0.173596 0.436285 334.825506 354.308204
70 79 78 0.584615 0.316389 0.098996 343.980840 352.930231
70 79 78 0.125084 0.270763 0.604153 327.919857 351.379017
70 79 78 0.884815 0.074800 0.040385 348.524856 348.017291
70 79 78 0.220828 0.361287 0.417885 333.980822 352.338174
70 71 79 0.191179 0.248179 0.560643 354.711053 354.472203
70 71 79 0.490877 0.209893 0.299231 354.699783 355.684379
70 71 79 0.378256 0.511662 0.110081 369.187481 354.738038
70 71 79 0.576530 0.376183 0.047287 362.954394 350.761635
70 71 79 0.176744 0.519711 0.303546 369.157792 358.403492
70 71 79 0.560244 0.360251 0.079505 359.590718 352.945947
70 71 79 0.513437 0.260805 0.225758 353.819800 352.016544
70 71 79 0.495635 0.134001 0.370363 353.469152 353.735907
70 71 79 0.959108 0.010205 0.030687 347.437990 355.561525
70 71 79 0.497366 0.462520 0.040114 366.876657 352.450615
71 80 79 0.408956 0.509980 0.081065 378.755524 360.898091
71 80 79 0.296468 0.240340 0.463191 365.523224 359.343230
71 80 79 0.089101 0.717664 0.193235 373.762389 362.480278
71 80 79 0.205270 0.254050 0.540680 359.778207 360.417696
71 80 79 0.368966 0.449135 0.181899 371.662649 360.832132
71 80 79 0.857726 0.115789 0.026486 380.768885 357.147927
71 80 79 0.818305 0.147937 0.033757 386.019223 356.896349
71 80 79 0.985423 0.002481 0.012096 387.995400 357.860260
71 80 79 0.227450 0.534754 0.237796 371.437725 360.316678
71 80 79 0.198202 0.543285 0.258514 373.587860 360.498586
