0 1 9 0.861863 0.033576 0.104560 120.968895 194.296052
0 1 9 0.830634 0.049098 0.120268 122.407713 194.882938
0 1 9 0.733109 0.005337 0.261553 121.093006 197.368818
0 1 9 0.160911 0.113056 0.726033 115.954912 201.067366
0 1 9 0.757182 0.208879 0.033940 127.671776 189.068518
0 1 9 0.278089 0.677714 0.044198 146.730873 194.242683
0 1 9 0.734010 0.113352 0.152638 121.006490 193.739093
0 1 9 0.321859 0.386812 0.291329 131.085320 195.087837
0 1 9 0.676739 0.149241 0.174020 124.349673 193.674714
0 1 9 0.157659 0.038918 0.803423 116.722516 196.724891
1 10 9 0.242067 0.000787 0.757147 122.720625 196.661372
1 10 9 0.358982 0.576009 0.065009 147.275758 199.478772
1 10 9 0.960208 0.036668 0.003124 157.122340 192.273245
1 10 9 0.570879 0.232188 0.196933 141.846046 192.996887
1 10 9 0.748871 0.225605 0.025524 148.770497 195.498705
1 10 9 0.537519 0.447619 0.014862 149.491739 193.326228
1 10 9 0.229018 0.400065 0.370917 136.834603 203.981636
1 10 9 0.275754 0.149319 0.574927 127.518365 195.594213
1 10 9 0.595856 0.109609 0.294535 142.260171 197.879461
1 10 9 0.607569 0.170704 0.221727 142.732985 194.645228
1 2 10 0.361481 0.147884 0.490635 152.457990 195.961745
1 2 10 0.118733 0.535250 0.346016 168.690691 195.094826
1 2 10 0.657690 0.319638 0.022672 161.146553 193.222349
1 2 10 0.339234 0.541526 0.119239 169.529393 195.461152
1 2 10 0.566027 0.262126 0.171847 157.777292 192.338958
1 2 10 0.000575 0.950363 0.049062 184.305818 191.800150
1 2 10 0.420040 0.363352 0.216608 161.160169 193.509180
1 2 10 0.136807 0.690268 0.172925 170.269857 192.187984
1 2 10 0.118705 0.767328 0.113967 168.722179 188.738938
1 2 10 0.649730 0.181669 0.168601 156.177223 194.212975
2 11 10 0.108165 0.456045 0.435791 160.132826 200.643830
2 11 10 0.818572 0.150897 0.030531 181.049530 191.580665
2 11 10 0.001856 0.659043 0.339101 167.951906 201.661939
2 11 10 0.651816 0.310657 0.037527 183.245909 192.577423
2 11 10 0.647720 0.209964 0.142316 171.971241 191.431283
2 11 10 0.062169 0.050093 0.887738 148.395163 200.467848
2 11 10 0.487493 0.254128 0.258378 176.617428 193.862440
2 11 10 0.675477 0.255155 0.069368 179.125573 196.095278
2 11 10 0.059034 0.494822 0.446144 163.685137 200.923525
2 11 10 0.117698 0.119036 0.763266 155.738709 203.024752
2 3 11 0.389753 0.330155 0.280092 190.055520 191.360542
2 3 11 0.118438 0.741426 0.140136 206.255313 190.524052
2 3 11 0.843890 0.142038 0.014072 183.401623 192.384778
2 3 11 0.193999 0.795650 0.010351 206.960207 188.518714
2 3 11 0.316384 0.347195 0.336421 190.613110 194.618351
2 3 11 0.267120 0.170394 0.562486 184.563021 193.858520
2 3 11 0.717287 0.186063 0.096650 188.217783 194.726457
2 3 11 0.492965 0.031371 0.475663 184.267261 195.141938
2 3 11 0.547637 0.255167 0.197196 187.872695 196.181225
2 3 11 0.118777 0.306739 0.574484 187.980525 194.013517
3 12 11 0.883313 0.006039 0.110648 208.993880 189.784162
3 12 11 0.454717 0.076613 0.468671 194.693032 194.046272
3 12 11 0.606236 0.278971 0.114793 209.318691 194.114718
3 12 11 0.230670 0.531061 0.238269 203.099187 196.091489
3 12 11 0.122639 0.831601 0.045760 211.244783 199.594509
3 12 11 0.170492 0.654999 0.174509 206.917041 193.952176
3 12 11 0.267367 0.582443 0.150190 208.873460 195.276687
3 12 11 0.418253 0.506942 0.074805 208.435046 197.723144
3 12 11 0.967779 0.014345 0.017877 212.434511 191.532776
3 12 11 0.651603 0.022823 0.325574 201.618647 189.058417
3 4 12 0.332598 0.082852 0.584550 217.737868 196.814568
3 4 12 0.091673 0.069090 0.839237 212.834794 196.523384
3 4 12 0.633296 0.301493 0.065211 221.823826 191.389953
3 4 12 0.063229 0.616558 0.320213 231.787705 190.312089
3 4 12 0.907796 0.009630 0.082573 211.873406 191.860707
3 4 12 0.974952 0.010708 0.014340 211.471106 189.787975
3 4 12 0.629001 0.190895 0.180104 214.448246 194.210687
3 4 12 0.315528 0.354140 0.330332 219.902326 191.725229
3 4 12 0.230247 0.739326 0.030427 234.612776 186.697088
3 4 12 0.130887 0.342947 0.526166 224.667182 191.333817
4 13 12 0.884316 0.084314 0.031370 241.214667 188.342959
4 13 12 0.001011 0.468762 0.530228 228.594581 201.029340
4 13 12 0.164378 0.626472 0.209149 236.392408 196.623528
4 13 12 0.438965 0.445023 0.116012 238.924692 193.354339
4 13 12 0.034020 0.511868 0.454113 226.125352 197.959655
4 13 12 0.206331 0.535976 0.257693 234.132328 194.692052
4 13 12 0.195234 0.793905 0.010861 241.561811 195.148955
4 13 12 0.148734 0.790782 0.060484 239.545237 196.991821
4 13 12 0.082747 0.099115 0.818138 218.093740 194.760371
4 13 12 0.076849 0.061561 0.861589 217.708741 198.609115
4 5 13 0.221078 0.090891 0.688031 248.208082 193.066116
4 5 13 0.218772 0.535243 0.245985 263.417632 190.883102
4 5 13 0.346769 0.278948 0.374282 250.669624 190.618325
4 5 13 0.851099 0.076965 0.071936 246.210348 191.267142
4 5 13 0.956211 0.005211 0.038578 243.620457 185.912756
4 5 13 0.879515 0.112934 0.007551 249.411717 189.368636
4 5 13 0.195932 0.531276 0.272792 259.214430 192.532896
4 5 13 0.300044 0.538976 0.160980 261.584708 187.828263
4 5 13 0.847172 0.036367 0.116461 245.131567 189.907627
4 5 13 0.673015 0.232389 0.094597 247.877623 186.686735
5 14 13 0.883156 0.100904 0.015939 275.072746 189.878938
5 14 13 0.217255 0.720447 0.062299 275.036445 193.430000
5 14 13 0.120872 0.478264 0.400865 264.035021 195.536259
5 14 13 0.480392 0.138610 0.380998 262.040320 187.790042
5 14 13 0.600273 0.281557 0.118170 271.598314 185.530740
5 14 13 0.290860 0.008854 0.700286 255.075454 192.618813
5 14 13 0.708811 0.068579 0.222610 267.988888 191.818943
5 14 13 0.429128 0.265188 0.305684 269.089039 190.860247
5 14 13 0.806293 0.168367 0.025340 272.661594 189.573697
5 14 13 0.437915 0.075719 0.486366 259.198252 192.877667
5 6 14 0.099947 0.697904 0.202149 294.827718 185.999112
5 6 14 0.670802 0.014549 0.314650 273.700509 190.336121
5 6 14 0.951765 0.011223 0.037012 270.880482 184.375175
5 6 14 0.881689 0.036162 0.082149 278.850780 187.352297
5 6 14 0.038547 0.569413 0.392040 294.877039 187.518321
5 6 14 0.898729 0.010673 0.090598 274.304488 187.948159
5 6 14 0.487847 0.075544 0.436610 276.048902 194.572689
5 6 14 0.288035 0.130776 0.581189 282.556910 188.648083
5 6 14 0.980506 0.010671 0.008822 278.373274 187.412953
5 6 14 0.700554 0.235268 0.064179 281.646589 187.131476
6 15 14 0.558690 0.168460 0.272850 298.267421 187.994249
6 15 14 0.303152 0.086450 0.610398 290.377981 190.053648
6 15 14 0.872975 0.112322 0.014703 304.217682 187.718441
6 15 14 0.484540 0.055799 0.459660 294.116926 189.257188
6 15 14 0.875934 0.080997 0.043070 305.192359 185.889656
6 15 14 0.560751 0.023608 0.415641 290.947518 188.519745
6 15 14 0.697710 0.079538 0.222752 297.180246 186.309533
6 15 14 0.035755 0.037313 0.926932 280.948288 191.308319
6 15 14 0.856053 0.028055 0.115893 302.805682 186.929607
6 15 14 0.200703 0.560641 0.238656 303.712134 192.546706
6 7 15 0.810146 0.129046 0.060808 310.316118 185.501002
6 7 15 0.815260 0.105515 0.079225 310.644284 184.775257
6 7 15 0.964532 0.010973 0.024495 304.766847 186.752731
6 7 15 0.407514 0.103739 0.488747 310.260040 190.182214
6 7 15 0.399400 0.568459 0.032141 322.792190 188.943721
6 7 15 0.076785 0.098615 0.824600 312.587428 188.838044
6 7 15 0.758883 0.048861 0.192257 306.013937 187.354633
6 7 15 0.509162 0.268099 0.222739 311.351381 190.958441
6 7 15 0.729985 0.095456 0.174559 310.970154 187.515413
6 7 15 0.288755 0.468398 0.242847 319.548908 184.100417
7 16 15 0.089530 0.763626 0.146844 338.860145 189.609910
7 16 15 0.036105 0.287882 0.676013 320.636953 189.922433
7 16 15 0.818461 0.008928 0.172611 330.919468 187.134097
7 16 15 0.019963 0.749726 0.230311 336.028201 189.140623
7 16 15 0.423872 0.515057 0.061070 338.004402 185.702822
7 16 15 0.997668 0.001635 0.000697 335.474122 183.849913
7 16 15 0.586887 0.171502 0.241611 332.685320 187.504656
7 16 15 0.908155 0.057614 0.034231 337.060711 183.148074
7 16 15 0.860172 0.132692 0.007136 339.814215 187.489184
7 16 15 0.510059 0.268115 0.221826 334.864645 185.119955
7 8 16 0.027723 0.063804 0.908473 344.320667 193.257959
7 8 16 0.369509 0.407682 0.222809 347.555490 183.517461
7 8 16 0.223258 0.002102 0.774641 343.285053 192.662157
7 8 16 0.484071 0.432766 0.083164 350.191778 181.708267
7 8 16 0.081082 0.564178 0.354740 355.729906 188.772228
7 8 16 0.763161 0.206423 0.030416 343.495043 183.915537
7 8 16 0.618422 0.032197 0.349381 340.324114 188.643694
7 8 16 0.664833 0.199844 0.135324 343.604359 185.673735
7 8 16 0.426240 0.049410 0.524350 340.676839 186.828698
7 8 16 0.775357 0.037616 0.187027 339.553136 185.970291
8 17 16 0.740998 0.012140 0.246862 361.410482 179.991371
8 17 16 0.673047 0.026049 0.300904 358.392521 188.173291
8 17 16 0.043616 0.126099 0.830285 349.039404 189.495085
8 17 16 0.641286 0.349066 0.009648 363.957915 185.563561
8 17 16 0.435653 0.443512 0.120835 369.514004 185.701166
8 17 16 0.905675 0.064776 0.029549 366.081655 179.844160
8 17 16 0.525639 0.273885 0.200475 360.010769 184.731039
8 17 16 0.707805 0.001157 0.291038 357.122492 183.551994
8 17 16 0.143326 0.762785 0.093889 372.797378 191.341912
8 17 16 0.536630 0.377744 0.085626 365.969332 181.159153
9 10 18 0.306674 0.058601 0.634724 109.111110 211.868803
9 10 18 0.895217 0.032275 0.072508 112.270791 204.559409
9 10 18 0.882246 0.016335 0.101419 108.761584 204.373039
9 10 18 0.307697 0.206029 0.486273 115.635668 212.283014
9 10 18 0.074598 0.018275 0.907127 99.803915 212.147349
9 10 18 0.984292 0.014087 0.001621 114.022074 198.307723
9 10 18 0.226535 0.134936 0.638529 111.704120 211.714981
9 10 18 0.208479 0.067903 0.723618 107.042169 212.439770
9 10 18 0.724897 0.167612 0.107490 117.284311 201.613525
9 10 18 0.258344 0.646272 0.095383 137.304031 199.204451
10 19 18 0.404568 0.220186 0.375246 126.749976 207.910153
10 19 18 0.853548 0.048422 0.098030 140.497975 203.990186
10 19 18 0.566892 0.191515 0.241593 133.309362 208.349677
10 19 18 0.616885 0.373499 0.009615 141.606420 206.108079
10 19 18 0.953064 0.045695 0.001241 145.598916 202.308844
10 19 18 0.993324 0.000758 0.005919 143.635056 199.817196
10 19 18 0.075175 0.598372 0.326453 125.714067 216.917322
10 19 18 0.257682 0.359605 0.382712 124.715715 214.742649
10 19 18 0.584582 0.267581 0.147837 137.958878 205.409467
10 19 18 0.883280 0.067948 0.048772 143.038396 204.908953
10 11 19 0.802016 0.159755 0.038229 148.610974 203.857558
10 11 19 0.560087 0.055924 0.383989 143.720320 208.459230
10 11 19 0.380982 0.271788 0.347230 146.066424 205.366293
10 11 19 0.997648 0.000198 0.002154 145.217431 198.092161
10 11 19 0.217616 0.507018 0.275365 159.526392 208.214036
10 11 19 0.396225 0.046175 0.557600 140.990301 203.061730
10 11 19 0.138974 0.457453 0.403573 155.128475 205.636972
10 11 19 0.051352 0.271739 0.676909 148.198988 209.822452
10 11 19 0.608737 0.247527 0.143736 152.666155 203.638417
10 11 19 0.984259 0.000860 0.014881 146.762768 197.388261
11 20 19 0.181021 0.301057 0.517923 157.270341 210.560482
11 20 19 0.052653 0.611132 0.336215 164.679649 212.871510
11 20 19 0.663041 0.004203 0.332757 164.234933 205.126189
11 20 19 0.312864 0.614826 0.072310 171.040452 211.150088
11 20 19 0.114198 0.454578 0.431224 156.523421 213.329378
11 20 19 0.521995 0.343346 0.134659 170.253709 207.486549
11 20 19 0.779178 0.091384 0.129438 169.901915 201.869213
11 20 19 0.593091 0.142562 0.264348 164.299180 208.569106
11 20 19 0.862389 0.133322 0.004290 175.183546 201.281484
11 20 19 0.334194 0.652122 0.013684 172.881795 205.772769
11 12 20 0.092318 0.529638 0.378044 193.020195 204.132525
11 12 20 0.059404 0.021313 0.919283 174.691313 210.929579
11 12 20 0.153453 0.459502 0.387045 195.162173 206.446608
11 12 20 0.869913 0.028873 0.101213 181.274538 203.465832
11 12 20 0.548731 0.228304 0.222965 184.925466 202.248054
11 12 20 0.825339 0.029097 0.145564 175.367099 202.277752
11 12 20 0.081220 0.226154 0.692626 182.082073 208.614516
11 12 20 0.049956 0.603915 0.346130 197.484676 199.801490
11 12 20 0.486895 0.120589 0.392516 175.917827 204.059810
11 12 20 0.159321 0.384086 0.456593 187.632296 205.442473
12 21 20 0.109289 0.575285 0.315426 195.456402 211.698712
12 21 20 0.365693 0.242233 0.392073 193.633354 207.033648
12 21 20 0.790700 0.107261 0.102040 209.268625 197.721392
12 21 20 0.474564 0.476947 0.048489 211.483145 201.813746
12 21 20 0.652611 0.043226 0.304163 197.318046 201.742014
12 21 20 0.162079 0.178267 0.659654 183.109367 211.377366
12 21 20 0.475862 0.316076 0.208061 199.540205 204.360814
12 21 20 0.251066 0.659735 0.089199 205.236471 209.772256
12 21 20 0.018766 0.038418 0.942816 173.465995 212.424626
12 21 20 0.071647 0.659809 0.268544 196.774521 211.303037
12 13 21 0.521509 0.015217 0.463274 210.010378 203.260053
12 13 21 0.258501 0.529035 0.212464 228.477015 200.791828
12 13 21 0.315024 0.219355 0.465621 216.137252 204.256523
12 13 21 0.688271 0.246073 0.065656 219.763226 201.820742
12 13 21 0.489756 0.261355 0.248889 218.416899 201.291141
12 13 21 0.535143 0.080611 0.384246 210.609811 205.141003
12 13 21 0.633208 0.293970 0.072822 217.670932 197.171198
12 13 21 0.434783 0.468075 0.097141 229.346088 203.762992
12 13 21 0.196709 0.294391 0.508900 220.937961 202.597897
12 13 21 0.799919 0.048530 0.151551 214.999791 204.795793
13 22 21 0.606330 0.153385 0.240285 237.030657 205.687738
13 22 21 0.017151 0.161278 0.821570 213.806771 212.378635
13 22 21 0.619490 0.238355 0.142154 236.710418 202.149291
13 22 21 0.934110 0.016704 0.049186 241.760643 197.383288
13 22 21 0.075251 0.019028 0.905722 210.622505 210.960198
13 22 21 0.771146 0.206380 0.022474 243.365590 198.920066
13 22 21 0.201222 0.250701 0.548077 225.683571 208.127331
13 22 21 0.395449 0.421076 0.183475 233.699309 201.106701
13 22 21 0.108819 0.673157 0.218025 238.238133 209.724265
13 22 21 0.980191 0.015138 0.004671 242.996807 199.294603
13 14 22 0.435963 0.449231 0.114806 260.625519 195.693617
13 14 22 0.798854 0.189800 0.011345 250.490155 194.833542
13 14 22 0.925865 0.037091 0.037044 241.944314 198.289067
13 14 22 0.140171 0.004070 0.855760 243.003544 207.730306
13 14 22 0.544373 0.334339 0.121288 255.251722 199.186486
13 14 22 0.404716 0.009271 0.586013 241.590535 202.609847
13 14 22 0.696781 0.283495 0.019724 253.998617 196.232328
13 14 22 0.954781 0.028914 0.016305 243.738212 195.785207
13 14 22 0.555390 0.263672 0.180937 252.428292 197.463990
13 14 22 0.424784 0.383348 0.191868 255.222551 196.678596
14 23 22 0.384787 0.454791 0.160422 274.198150 202.792975
14 23 22 0.568965 0.253652 0.177383 273.001622 203.809421
14 23 22 0.679138 0.148831 0.172031 273.795143 195.658935
14 23 22 0.684558 0.127874 0.187568 271.699036 199.490230
14 23 22 0.479712 0.463101 0.057187 274.976776 201.858643
14 23 22 0.627523 0.231398 0.141079 272.097501 200.161541
14 23 22 0.970776 0.013428 0.015796 279.420172 194.552396
14 23 22 0.572144 0.074156 0.353700 264.546789 204.388480
14 23 22 0.600999 0.327614 0.071388 275.522826 201.270466
14 23 22 0.912579 0.058967 0.028453 274.234018 195.352324
14 15 23 0.364148 0.294864 0.340988 290.270915 198.073098
14 15 23 0.703110 0.187914 0.108976 282.894488 196.529372
14 15 23 0.644789 0.001234 0.353977 278.285980 197.484979
14 15 23 0.757686 0.173854 0.068460 283.764705 192.202092
14 15 23 0.157587 0.200055 0.642359 288.681707 207.512368
14 15 23 0.816099 0.042555 0.141347 277.472424 199.621298
14 15 23 0.130884 0.345473 0.523643 295.976678 205.053198
14 15 23 0.791552 0.169419 0.039030 281.696447 196.057290
14 15 23 0.124099 0.352857 0.523044 295.225925 201.421476
14 15 23 0.047152 0.575781 0.377067 300.799270 203.287445
15 24 23 0.744737 0.075769 0.179494 303.501731 195.988982
15 24 23 0.881046 0.065959 0.052995 311.912848 193.753139
15 24 23 0.470062 0.208895 0.321043 301.065322 199.036798
15 24 23 0.846816 0.034683 0.118500 309.937176 193.739005
15 24 23 0.516673 0.376511 0.106815 307.600782 200.217678
15 24 23 0.116296 0.021098 0.862606 283.468862 205.352599
15 24 23 0.889788 0.087050 0.023162 309.058116 195.997405
15 24 23 0.238906 0.269141 0.491954 295.340545 202.507196
15 24 23 0.087135 0.595353 0.317513 301.301397 204.596254
15 24 23 0.786325 0.018077 0.195597 306.937799 200.957030
15 16 24 0.443294 0.036144 0.520562 312.828803 202.557757
15 16 24 0.356775 0.618804 0.024421 331.256906 190.164952
15 16 24 0.349261 0.320689 0.330050 324.957277 197.949936
15 16 24 0.244280 0.532903 0.222817 329.500947 198.368237
15 16 24 0.618508 0.338987 0.042505 320.190915 195.372889
15 16 24 0.847376 0.082693 0.069930 313.874831 197.172934
15 16 24 0.893554 0.040314 0.066133 310.950823 195.383634
15 16 24 0.193378 0.110920 0.695702 314.679768 201.500328
15 16 24 0.735497 0.124287 0.140215 317.650875 198.350933
15 16 24 0.240144 0.695500 0.064357 336.531641 190.582359
16 25 24 0.181795 0.614887 0.203318 341.880505 203.323344
16 25 24 0.729968 0.148658 0.121374 342.707398 196.454186
16 25 24 0.467618 0.369068 0.163314 341.552212 196.502040
16 25 24 0.051454 0.622916 0.325630 337.032450 205.082174
16 25 24 0.868791 0.002029 0.129180 338.108853 191.206774
16 25 24 0.155243 0.239339 0.605418 327.170908 202.524357
16 25 24 0.780093 0.062734 0.157172 340.950796 192.835668
16 25 24 0.114674 0.016620 0.868706 316.543275 205.410772
16 25 24 0.971105 0.018308 0.010587 342.457860 194.854988
16 25 24 0.226103 0.692622 0.081276 348.634028 203.560721
16 17 25 0.344573 0.333231 0.322196 359.983228 195.588339
16 17 25 0.046823 0.347586 0.605591 359.788921 202.811214
16 17 25 0.310050 0.111641 0.578309 349.505952 200.456006
16 17 25 0.498161 0.489452 0.012387 359.432882 187.705611
16 17 25 0.151093 0.414493 0.434414 359.629064 196.220441
16 17 25 0.321492 0.279055 0.399453 355.873015 196.358714
16 17 25 0.402303 0.584236 0.013461 365.193419 190.785589
16 17 25 0.392408 0.459635 0.147957 361.122577 194.344635
16 17 25 0.477701 0.008543 0.513756 349.797861 197.510419
16 17 25 0.178468 0.098796 0.722735 349.387422 198.543807
17 26 25 0.514556 0.076699 0.408745 364.793361 198.067573
17 26 25 0.280036 0.407744 0.312219 372.879202 198.267800
17 26 25 0.548725 0.420013 0.031262 382.623843 198.417983
17 26 25 0.423056 0.250626 0.326317 367.244588 200.020267
17 26 25 0.277610 0.563742 0.158648 377.423396 197.745408
17 26 25 0.931268 0.048316 0.020415 378.495524 194.686450
17 26 25 0.977753 0.012393 0.009855 377.575633 190.174597
17 26 25 0.698587 0.231420 0.069993 372.635686 195.880297
17 26 25 0.419621 0.045486 0.534893 360.199645 199.942405
17 26 25 0.074202 0.732405 0.193393 382.931970 199.534490
18 19 27 0.942426 0.036499 0.021075 100.760323 217.422960
18 19 27 0.812518 0.049718 0.137764 101.960690 218.701203
18 19 27 0.971403 0.028438 0.000159 100.219698 219.837996
18 19 27 0.553560 0.418887 0.027553 115.937329 217.251950
18 19 27 0.205597 0.684611 0.109792 126.779723 218.928997
18 19 27 0.315041 0.255670 0.429289 106.815304 227.679822
18 19 27 0.093936 0.117094 0.788970 97.801659 236.062955
18 19 27 0.785725 0.177760 0.036515 109.241941 218.719624
18 19 27 0.851167 0.136132 0.012701 106.306091 215.063909
18 19 27 0.676904 0.042308 0.280788 101.669821 224.863109
19 28 27 0.586704 0.217708 0.195588 125.698197 226.116200
19 28 27 0.602224 0.255161 0.142615 128.024852 225.760792
19 28 27 0.728214 0.027706 0.244079 122.118690 224.638640
19 28 27 0.627274 0.132547 0.240179 125.058350 221.706089
19 28 27 0.970036 0.025699 0.004265 135.741002 213.221468
19 28 27 0.393825 0.518812 0.087363 127.172735 230.798793
19 28 27 0.053699 0.432429 0.513872 107.721619 237.930346
19 28 27 0.211001 0.516795 0.272204 117.957147 233.646236
19 28 27 0.397248 0.317433 0.285319 118.783224 232.166304
19 28 27 0.317683 0.271253 0.411064 117.467069 232.497863
19 20 28 0.685870 0.148383 0.165748 137.615342 214.819459
19 20 28 0.314300 0.082841 0.602859 137.820305 230.114332
19 20 28 0.244003 0.598044 0.157953 156.872059 213.764329
19 20 28 0.038493 0.124251 0.837256 133.072796 235.519980
19 20 28 0.367872 0.508903 0.123225 151.611228 217.198786
19 20 28 0.431576 0.142735 0.425689 137.684258 225.369147
19 20 28 0.929633 0.044772 0.025595 134.648016 215.585380
19 20 28 0.016670 0.332689 0.650641 145.701849 227.669355
19 20 28 0.426677 0.169010 0.404312 136.893912 223.069258
19 20 28 0.388162 0.103019 0.508819 138.181340 230.405260
20 29 28 0.722436 0.224644 0.052920 166.396799 221.029209
20 29 28 0.675460 0.244578 0.079962 169.429469 222.573045
20 29 28 0.809965 0.036618 0.153418 165.122760 216.132695
20 29 28 0.507380 0.314041 0.178578 163.070025 225.515323
20 29 28 0.075524 0.009554 0.914923 131.477697 235.767446
20 29 28 0.421216 0.535084 0.043700 168.719374 226.396955
20 29 28 0.220633 0.299402 0.479965 146.584742 233.611980
20 29 28 0.725672 0.173925 0.100403 165.970733 221.901813
20 29 28 0.142143 0.719507 0.138350 161.762249 233.077333
20 29 28 0.386267 0.022074 0.591658 142.390627 230.585757
20 21 29 0.840970 0.150809 0.008221 173.933093 214.736420
20 21 29 0.973716 0.015266 0.011017 169.297071 213.845748
20 21 29 0.997417 0.000275 0.002308 170.593622 216.861072
20 21 29 0.376262 0.484853 0.138885 187.466143 213.333524
20 21 29 0.556184 0.025985 0.417831 171.571563 223.905667
20 21 29 0.929895 0.004922 0.065183 171.174815 214.729918
20 21 29 0.432599 0.139640 0.427761 176.567788 219.521660
20 21 29 0.343941 0.207975 0.448084 178.709314 218.591293
20 21 29 0.519052 0.442162 0.038786 187.922354 214.552235
20 21 29 0.456945 0.199878 0.343178 175.321349 223.749047
21 30 29 0.145036 0.717452 0.137512 196.035975 233.644669
21 30 29 0.746665 0.186184 0.067151 203.718427 217.304507
21 30 29 0.835980 0.155511 0.008509 207.109255 214.632904
21 30 29 0.462293 0.353311 0.184396 197.978078 224.326157
21 30 29 0.979759 0.017577 0.002664 206.710096 211.520641
21 30 29 0.624082 0.216835 0.159083 198.530446 216.878429
21 30 29 0.087115 0.140996 0.771888 176.590209 230.214366
21 30 29 0.186165 0.302114 0.511721 184.508625 230.951919
21 30 29 0.948078 0.009247 0.042675 205.139446 209.675502
21 30 29 0.237583 0.438000 0.324417 196.880747 230.628329
21 22 30 0.603866 0.166311 0.229823 209.191007 222.607981
21 22 30 0.323714 0.473582 0.202705 224.522818 215.531124
21 22 30 0.281936 0.405613 0.312451 219.619050 219.648419
21 22 30 0.750606 0.009761 0.239634 205.855156 216.436279
21 22 30 0.013910 0.254446 0.731643 215.722084 229.032034
21 22 30 0.440759 0.323241 0.235999 216.952679 212.943369
21 22 30 0.767821 0.048282 0.183897 211.273315 214.724852
21 22 30 0.635921 0.287176 0.076902 220.787500 210.502431
21 22 30 0.357094 0.483270 0.159636 225.216554 213.131408
21 22 30 0.170493 0.696607 0.132900 230.643345 212.490289
22 31 30 0.969272 0.002758 0.027970 238.309702 210.420518
22 31 30 0.046457 0.312851 0.640693 217.264037 233.540017
22 31 30 0.719906 0.240326 0.039767 241.703228 218.222789
22 31 30 0.056348 0.138834 0.804819 212.039668 232.706687
22 31 30 0.898138 0.036686 0.065176 239.898416 215.301581
22 31 30 0.305669 0.554885 0.139446 236.199373 224.420468
22 31 30 0.080552 0.444811 0.474637 227.330936 228.708415
22 31 30 0.529751 0.175060 0.295189 233.381003 221.223224
22 31 30 0.309287 0.511988 0.178725 233.814834 225.997008
22 31 30 0.077467 0.284661 0.637872 220.810038 232.364719
22 23 31 0.749412 0.147033 0.103556 246.717411 212.878186
22 23 31 0.886891 0.032550 0.080559 243.199152 207.869659
22 23 31 0.466943 0.080189 0.452868 246.082440 220.181159
22 23 31 0.044510 0.570017 0.385474 264.692948 218.395739
22 23 31 0.431990 0.548866 0.019144 263.475790 207.597226
22 23 31 0.581490 0.414206 0.004305 259.049558 207.278406
22 23 31 0.693146 0.217964 0.088890 249.274798 213.682813
22 23 31 0.452848 0.232324 0.314828 251.266727 216.583857
22 23 31 0.598486 0.327352 0.074162 253.640453 212.767094
22 23 31 0.268424 0.357562 0.374015 254.030941 212.830825
23 32 31 0.528900 0.452923 0.018177 279.297431 217.963978
23 32 31 0.430521 0.076468 0.493012 262.930786 219.956971
23 32 31 0.214167 0.434748 0.351085 266.364131 224.190117
23 32 31 0.030624 0.643647 0.325729 267.635736 228.703909
23 32 31 0.191532 0.375928 0.432540 267.973907 227.809709
23 32 31 0.121668 0.166520 0.711812 255.478249 225.978646
23 32 31 0.646665 0.210980 0.142355 276.969909 216.804594
23 32 31 0.906999 0.084185 0.008815 281.791487 210.194568
23 32 31 0.621231 0.316426 0.062343 278.392200 215.323878
23 32 31 0.271348 0.396927 0.331726 272.189207 225.318525
23 24 32 0.401959 0.491093 0.106949 297.328763 210.385489
23 24 32 0.864894 0.027864 0.107242 282.291648 211.167714
23 24 32 0.670249 0.069832 0.259919 283.455483 214.490448
23 24 32 0.363035 0.586762 0.050203 300.466218 206.907045
23 24 32 0.012597 0.803705 0.183698 302.865818 214.167886
23 24 32 0.131225 0.345921 0.522854 295.957408 219.405980
23 24 32 0.654734 0.273973 0.071293 290.469793 211.823665
23 24 32 0.249016 0.076165 0.674818 287.990422 220.941155
23 24 32 0.519464 0.110345 0.370191 284.830468 217.120601
23 24 32 0.207340 0.189667 0.602993 288.308342 220.689872
24 33 32 0.324817 0.339384 0.335800 304.654124 222.529703
24 33 32 0.351119 0.508059 0.140823 309.034971 220.263593
24 33 32 0.961548 0.031605 0.006847 313.169893 207.208369
24 33 32 0.928617 0.063404 0.007979 312.076332 211.274739
24 33 32 0.632267 0.173212 0.194521 312.026843 213.813374
24 33 32 0.975100 0.009552 0.015347 315.037272 209.296542
24 33 32 0.210987 0.629233 0.159780 312.947989 222.692640
24 33 32 0.374563 0.563583 0.061854 315.119297 215.763242
24 33 32 0.250329 0.327292 0.422379 301.613486 223.942790
24 33 32 0.108197 0.523900 0.367902 305.164041 224.843160
24 25 33 0.594617 0.079432 0.325950 317.700026 214.219334
24 25 33 0.789055 0.188783 0.022162 319.000712 206.509241
24 25 33 0.063929 0.409522 0.526549 329.798316 218.242962
24 25 33 0.124741 0.254420 0.620840 327.782400 216.569347
24 25 33 0.843989 0.154641 0.001370 321.222013 206.101538
24 25 33 0.349099 0.548765 0.102136 333.443811 204.358663
24 25 33 0.159210 0.802128 0.038662 343.120693 207.943654
24 25 33 0.492090 0.007437 0.500474 315.548479 215.845597
24 25 33 0.709287 0.130729 0.159984 323.004122 210.705981
24 25 33 0.995041 0.000733 0.004225 314.254524 206.584265
25 34 33 0.118504 0.765530 0.115966 353.173024 226.426916
25 34 33 0.288582 0.268762 0.442655 338.584994 221.494173
25 34 33 0.947647 0.036946 0.015408 350.373454 204.714245
25 34 33 0.859488 0.050528 0.089984 352.608268 209.398763
25 34 33 0.710418 0.233631 0.055952 351.853848 210.952941
25 34 33 0.104766 0.044809 0.850425 327.711823 218.907006
25 34 33 0.763967 0.233552 0.002481 351.060341 209.129698
25 34 33 0.152922 0.600794 0.246284 350.369960 222.641697
25 34 33 0.732657 0.113771 0.153573 348.789668 208.225038
25 34 33 0.700989 0.009002 0.290009 345.030097 207.459799
25 26 34 0.767011 0.087630 0.145359 353.962999 205.439175
25 26 34 0.108499 0.405193 0.486308 369.999579 213.958961
25 26 34 0.336100 0.633617 0.030282 374.315276 204.294808
25 26 34 0.028119 0.884831 0.087049 385.939397 204.417080
25 26 34 0.321502 0.459660 0.218838 370.389291 206.499931
25 26 34 0.252616 0.051349 0.696036 362.025093 219.218147
25 26 34 0.272607 0.574945 0.152448 371.203212 206.014096
25 26 34 0.720193 0.274607 0.005201 361.006113 203.982429
25 26 34 0.587146 0.309198 0.103656 360.790384 208.595580
25 26 34 0.805608 0.168610 0.025783 356.402004 206.251592
26 35 34 0.532148 0.415019 0.052833 393.054449 215.500028
26 35 34 0.828643 0.013008 0.158348 385.032953 204.621707
26 35 34 0.716470 0.008850 0.274680 379.534467 207.243244
26 35 34 0.593410 0.305213 0.101377 388.175543 209.699989
26 35 34 0.306673 0.423438 0.269890 384.070479 217.046931
26 35 34 0.696759 0.251236 0.052005 390.355436 213.527786
26 35 34 0.767243 0.218108 0.014649 390.267102 203.980938
26 35 34 0.083671 0.875527 0.040802 393.141847 219.890711
26 35 34 0.180100 0.422342 0.397558 378.079580 224.280818
26 35 34 0.596773 0.274612 0.128615 385.041871 208.678214
27 28 36 0.971577 0.022487 0.005935 89.219462 241.354130
27 28 36 0.978083 0.013136 0.008781 89.802104 240.462720
27 28 36 0.179267 0.735318 0.085415 115.623660 243.882788
27 28 36 0.182741 0.060452 0.756807 85.891856 264.766860
27 28 36 0.623408 0.237748 0.138844 96.956492 247.761639
27 28 36 0.748596 0.248495 0.002908 99.807337 236.959040
27 28 36 0.501351 0.061570 0.437079 84.942143 252.500305
27 28 36 0.756039 0.231583 0.012378 98.863155 243.778327
27 28 36 0.394040 0.000091 0.605870 85.387031 259.616004
27 28 36 0.811983 0.028917 0.159100 86.640082 249.244091
28 37 36 0.994281 0.004604 0.001115 127.812310 239.676411
28 37 36 0.901645 0.034309 0.064046 125.985209 241.905234
28 37 36 0.527952 0.172968 0.299079 112.766036 254.752776
28 37 36 0.438625 0.050403 0.510973 102.839821 254.864141
28 37 36 0.553849 0.109551 0.336600 114.015892 251.485320
28 37 36 0.935733 0.005470 0.058797 125.091789 241.082682
28 37 36 0.160191 0.719952 0.119857 119.142360 264.165298
28 37 36 0.839529 0.103671 0.056800 122.608572 242.005822
28 37 36 0.142217 0.577485 0.280297 110.625937 270.730306
28 37 36 0.722156 0.223441 0.054402 125.764138 248.507327
28 29 37 0.317065 0.149203 0.533732 133.269971 252.995884
28 29 37 0.616185 0.306463 0.077352 136.778759 238.409018
28 29 37 0.145852 0.033158 0.820990 124.798248 267.335000
28 29 37 0.464828 0.058489 0.476684 124.709977 253.493076
28 29 37 0.482493 0.049415 0.468092 124.229848 250.481650
28 29 37 0.070605 0.724267 0.205127 155.398707 244.294825
28 29 37 0.060915 0.841692 0.097393 157.190797 238.845467
28 29 37 0.543760 0.018904 0.437336 127.425293 248.292273
28 29 37 0.073295 0.669852 0.256852 151.807510 243.183158
28 29 37 0.431807 0.355564 0.212628 138.256091 248.647159
29 38 37 0.513616 0.175782 0.310603 151.101273 250.071682
29 38 37 0.143928 0.248454 0.607618 137.595786 265.910083
29 38 37 0.226788 0.250192 0.523020 144.535891 260.291377
29 38 37 0.436128 0.367139 0.196733 154.687709 256.673857
29 38 37 0.538285 0.427947 0.033768 164.090793 254.799547
29 38 37 0.971375 0.024110 0.004515 168.216162 236.354438
29 38 37 0.837041 0.089972 0.072988 167.948269 241.045411
29 38 37 0.073338 0.033577 0.893085 129.763809 266.372339
29 38 37 0.198031 0.110683 0.691286 134.502710 263.473816
29 38 37 0.905400 0.069209 0.025392 163.123204 237.481688
29 30 38 0.703158 0.216387 0.080455 176.911973 234.215256
29 30 38 0.588532 0.238128 0.173339 175.726347 240.423561
29 30 38 0.272650 0.437992 0.289358 183.175761 242.520036
29 30 38 0.173160 0.145080 0.681760 167.009706 260.699434
29 30 38 0.701101 0.024151 0.274748 167.277316 243.180786
29 30 38 0.167834 0.386043 0.446123 182.149935 251.238207
29 30 38 0.849979 0.078236 0.071785 167.376183 239.532676
29 30 38 0.223717 0.772566 0.003717 193.579411 236.963741
29 30 38 0.552017 0.323000 0.124983 176.535289 238.372996
29 30 38 0.571631 0.172937 0.255432 170.705934 242.172291
30 39 38 0.780009 0.135309 0.084683 201.012277 242.816726
30 39 38 0.161901 0.160133 0.677967 173.008851 258.145934
30 39 38 0.269237 0.543196 0.187567 195.986655 256.299185
30 39 38 0.959553 0.026869 0.013577 201.120397 238.402072
30 39 38 0.580501 0.407934 0.011565 208.584674 247.468995
30 39 38 0.103999 0.079909 0.816092 168.211039 263.331403
30 39 38 0.348203 0.626599 0.025198 202.593503 254.848586
30 39 38 0.959212 0.010726 0.030062 202.485592 237.589474
30 39 38 0.279339 0.462889 0.257773 194.357158 258.793796
30 39 38 0.449910 0.065213 0.484877 186.234719 253.021466
30 31 39 0.376579 0.487615 0.135806 222.889965 236.187702
30 31 39 0.459468 0.159438 0.381095 214.910867 245.106909
30 31 39 0.827646 0.025501 0.146853 203.985352 238.748676
30 31 39 0.880460 0.064465 0.055075 207.893926 236.862548
30 31 39 0.369347 0.604110 0.026542 226.116866 233.191838
30 31 39 0.084417 0.732858 0.182726 233.216349 236.897487
30 31 39 0.578096 0.069783 0.352121 205.067420 240.218977
30 31 39 0.987561 0.005181 0.007258 204.977007 236.948852
30 31 39 0.660440 0.008107 0.331452 205.721118 242.486274
30 31 39 0.640303 0.132247 0.227450 208.977855 236.951698
31 40 39 0.892572 0.086658 0.020769 243.578427 235.513711
31 40 39 0.699916 0.098394 0.201690 235.621340 241.798756
31 40 39 0.966176 0.028769 0.005055 241.727312 229.708581
31 40 39 0.500132 0.024353 0.475515 224.947160 249.603304
31 40 39 0.663083 0.205713 0.131204 239.669806 241.107624
31 40 39 0.125266 0.784070 0.090665 240.034656 261.110839
31 40 39 0.441609 0.023989 0.534401 226.056577 251.823890
31 40 39 0.763878 0.014008 0.222114 237.562006 239.385226
31 40 39 0.472508 0.278112 0.249381 233.801496 248.266528
31 40 39 0.648510 0.304873 0.046617 241.710821 244.088396
31 32 40 0.973543 0.026369 0.000088 244.051295 232.812666
31 32 40 0.720500 0.056401 0.223099 245.448002 234.795749
31 32 40 0.396816 0.361425 0.241759 255.596588 241.296632
31 32 40 0.975138 0.011226 0.013636 245.001618 233.226545
31 32 40 0.535465 0.095708 0.368827 248.050460 245.466997
31 32 40 0.768833 0.141947 0.089220 248.535606 236.618913
31 32 40 0.941726 0.006388 0.051886 242.749400 236.616646
31 32 40 0.512865 0.220557 0.266579 255.611059 237.036140
31 32 40 0.721182 0.119401 0.159417 246.358462 237.997508
31 32 40 0.562340 0.026870 0.410790 241.992574 246.104857
32 41 40 0.524177 0.150080 0.325743 270.725537 245.992893
32 41 40 0.762136 0.062105 0.175759 274.942820 237.440406
32 41 40 0.784790 0.014656 0.200554 274.385310 239.084892
32 41 40 0.163489 0.723713 0.112798 280.187821 255.265473
32 41 40 0.052900 0.772001 0.175099 280.581168 264.864834
32 41 40 0.647102 0.250846 0.102052 279.414456 239.411615
32 41 40 0.033871 0.559365 0.406764 268.806259 262.697708
32 41 40 0.085484 0.496494 0.418023 267.583547 262.350716
32 41 40 0.587756 0.157792 0.254452 272.501851 242.466307
32 41 40 0.306609 0.032905 0.660486 263.021887 252.495527
32 33 41 0.934745 0.001642 0.063613 281.264734 230.793198
32 33 41 0.429238 0.290153 0.280609 296.811919 239.781354
32 33 41 0.685479 0.168981 0.145540 291.470668 235.134649
32 33 41 0.036228 0.209263 0.754509 293.336674 249.963734
32 33 41 0.391043 0.582936 0.026022 304.802999 229.153009
32 33 41 0.119837 0.147072 0.733091 289.594727 252.138926
32 33 41 0.850571 0.128632 0.020797 286.051986 227.494021
32 33 41 0.540882 0.301108 0.158010 294.639681 237.517205
32 33 41 0.726737 0.022572 0.250691 285.147645 236.147167
32 33 41 0.380494 0.112859 0.506646 287.934033 246.199099
33 42 41 0.861701 0.081980 0.056319 321.088914 231.617284
33 42 41 0.446472 0.376879 0.176649 314.463842 244.650562
33 42 41 0.258342 0.266109 0.475550 307.351295 252.998004
33 42 41 0.802417 0.135846 0.061738 317.958207 233.034397
33 42 41 0.699358 0.174671 0.125971 316.300173 236.036218
33 42 41 0.944121 0.017435 0.038443 318.890234 229.006774
33 42 41 0.536428 0.287744 0.175827 320.343807 239.362110
33 42 41 0.073052 0.094176 0.832773 293.911395 259.704670
33 42 41 0.279744 0.218652 0.501604 304.029089 251.523924
33 42 41 0.274051 0.589193 0.136756 322.000020 250.017151
33 34 42 0.067480 0.252498 0.680022 337.970046 248.621815
33 34 42 0.520019 0.156273 0.323709 330.833455 235.188268
33 34 42 0.954538 0.016324 0.029138 324.620159 223.463749
33 34 42 0.813063 0.064460 0.122477 323.612789 227.865423
33 34 42 0.899283 0.005047 0.095670 324.055042 231.018380
33 34 42 0.692864 0.257858 0.049278 330.373085 226.647659
33 34 42 0.613106 0.291313 0.095581 334.500760 227.404178
33 34 42 0.208063 0.644247 0.147690 347.877117 229.663046
33 34 42 0.003735 0.872212 0.124054 359.018018 226.771022
33 34 42 0.478639 0.139853 0.381507 329.509375 239.101162
34 43 42 0.613929 0.295985 0.090085 360.755853 237.196370
34 43 42 0.514667 0.028819 0.456513 343.079126 243.148780
34 43 42 0.315853 0.225324 0.458823 348.473003 250.329502
34 43 42 0.401741 0.261664 0.336595 349.591271 245.810652
34 43 42 0.978504 0.020233 0.001263 359.640231 222.920845
34 43 42 0.517735 0.382968 0.099297 360.480511 239.312408
34 43 42 0.409076 0.027499 0.563425 340.380133 244.102019
34 43 42 0.267670 0.245290 0.487040 348.169433 248.405098
34 43 42 0.492381 0.431861 0.075757 362.622646 242.366847
34 43 42 0.775071 0.207249 0.017680 363.283850 228.063559
34 35 43 0.784447 0.161825 0.053728 367.736938 227.674563
34 35 43 0.349882 0.611527 0.038591 383.544572 226.306723
34 35 43 0.701632 0.229405 0.068963 367.916383 227.222076
34 35 43 0.682429 0.235029 0.082541 369.456916 230.899208
34 35 43 0.338483 0.518090 0.143427 383.685789 228.552287
34 35 43 0.578900 0.168681 0.252419 372.372024 231.000592
34 35 43 0.689870 0.151547 0.158583 368.826901 225.606361
34 35 43 0.057856 0.549556 0.392588 388.421991 235.960148
34 35 43 0.780906 0.196870 0.022224 364.898869 227.414386
34 35 43 0.202595 0.038012 0.759394 374.458259 249.363483
35 44 43 0.428307 0.409077 0.162616 397.878130 243.687989
35 44 43 0.350200 0.496990 0.152809 401.143312 244.925896
35 44 43 0.699849 0.251847 0.048304 395.461930 233.361415
35 44 43 0.342755 0.360796 0.296449 398.927723 244.320937
35 44 43 0.216834 0.129505 0.653661 380.252505 248.775856
35 44 43 0.882411 0.030027 0.087562 394.494989 227.993938
35 44 43 0.937485 0.032515 0.030000 397.389676 225.183412
35 44 43 0.827097 0.121776 0.051127 398.352187 229.802974
35 44 43 0.098818 0.861911 0.039271 411.065782 248.000009
35 44 43 0.074290 0.434316 0.491393 388.823364 250.097711
36 37 45 0.753520 0.029335 0.217145 80.776921 278.026919
36 37 45 0.908167 0.042498 0.049335 82.218131 275.944330
36 37 45 0.062684 0.443545 0.493772 99.833307 287.323886
36 37 45 0.809060 0.026924 0.164016 80.680653 280.485176
36 37 45 0.842677 0.135373 0.021950 86.202151 274.353624
36 37 45 0.238506 0.364007 0.397488 90.984439 286.557347
36 37 45 0.077986 0.748182 0.173832 110.122060 274.861146
36 37 45 0.632639 0.058815 0.308546 81.645133 283.628830
36 37 45 0.640569 0.354861 0.004570 93.746274 274.584854
36 37 45 0.365455 0.255651 0.378894 91.788416 286.636913
37 46 45 0.961301 0.028644 0.010055 122.383609 270.753986
37 46 45 0.692603 0.127092 0.180305 117.401506 282.455911
37 46 45 0.091028 0.871592 0.037380 114.063051 305.524919
37 46 45 0.351725 0.239707 0.408568 99.518749 299.799198
37 46 45 0.548914 0.035095 0.415991 103.303878 286.990198
37 46 45 0.038090 0.252722 0.709187 90.406697 311.218571
37 46 45 0.807416 0.007167 0.185417 113.361084 277.174961
37 46 45 0.316133 0.557875 0.125991 113.435183 297.467979
37 46 45 0.676733 0.117100 0.206168 112.190952 281.904660
37 46 45 0.039228 0.263739 0.697033 91.503627 309.350953
37 38 46 0.093237 0.227965 0.678799 123.656757 294.579468
37 38 46 0.852771 0.067958 0.079271 122.507056 270.253963
37 38 46 0.795514 0.178230 0.026256 128.237826 270.257133
37 38 46 0.002142 0.870645 0.127213 158.469476 270.148676
37 38 46 0.955725 0.030391 0.013883 122.277310 271.152365
37 38 46 0.656434 0.145702 0.197863 126.860622 279.107404
37 38 46 0.351631 0.547171 0.101198 143.645249 270.707637
37 38 46 0.289842 0.459136 0.251022 142.672138 280.349269
37 38 46 0.888019 0.078443 0.033538 122.539327 272.065092
37 38 46 0.617441 0.098455 0.284104 124.250000 281.707620
38 47 46 0.697433 0.125286 0.177281 153.712951 280.798615
38 47 46 0.858743 0.084297 0.056960 159.983317 270.631732
38 47 46 0.000687 0.845889 0.153424 155.750266 309.075268
38 47 46 0.932028 0.020997 0.046975 161.508002 269.036883
38 47 46 0.262685 0.446234 0.291081 151.972261 296.277069
38 47 46 0.241003 0.380334 0.378663 149.033406 301.553917
38 47 46 0.038475 0.264245 0.697280 131.853109 309.908367
38 47 46 0.201746 0.095880 0.702374 130.967744 303.282306
38 47 46 0.143823 0.017507 0.838671 124.485062 306.249526
38 47 46 0.844110 0.087774 0.068116 157.737821 273.225718
38 39 47 0.740909 0.089745 0.169346 168.652944 274.845714
38 39 47 0.597128 0.238374 0.164499 173.823322 272.252618
38 39 47 0.564316 0.238927 0.196757 171.351245 276.068970
38 39 47 0.529465 0.120262 0.350274 165.827274 282.981176
38 39 47 0.502159 0.013303 0.484538 161.337514 286.690003
38 39 47 0.950253 0.043395 0.006352 162.982577 269.535483
38 39 47 0.617550 0.179024 0.203426 167.324854 275.880942
38 39 47 0.240572 0.658528 0.100900 189.176879 271.914980
38 39 47 0.687644 0.121209 0.191147 168.319432 276.207928
38 39 47 0.245732 0.363170 0.391098 180.531722 282.836064
39 48 47 0.259674 0.433796 0.306529 190.760809 296.302078
39 48 47 0.943870 0.051756 0.004373 203.793171 268.787310
39 48 47 0.641862 0.285884 0.072254 194.443963 276.515087
39 48 47 0.308889 0.568169 0.122942 195.424988 295.267843
39 48 47 0.329215 0.405841 0.264944 193.656408 295.105367
39 48 47 0.235187 0.451015 0.313798 191.680295 297.039493
39 48 47 0.988104 0.000497 0.011399 202.728057 266.190115
39 48 47 0.335843 0.646235 0.017922 201.181291 293.960941
39 48 47 0.617753 0.252412 0.129835 198.751528 277.593428
39 48 47 0.297435 0.111319 0.591246 177.193175 294.192834
39 40 48 0.925886 0.047204 0.026909 202.965922 270.252961
39 40 48 0.862156 0.010311 0.127533 202.506127 272.867341
39 40 48 0.428313 0.558574 0.013114 223.632545 264.546618
39 40 48 0.014545 0.858440 0.127015 238.570364 270.203358
39 40 48 0.932118 0.004326 0.063556 203.059432 270.243659
39 40 48 0.632352 0.162449 0.205199 207.350792 275.899588
39 40 48 0.098255 0.115762 0.785983 204.845140 295.470949
39 40 48 0.812149 0.176137 0.011714 213.083603 267.220394
39 40 48 0.936725 0.042493 0.020782 206.450079 266.743404
39 40 48 0.144821 0.671511 0.183668 228.046289 272.713756
40 49 48 0.764903 0.231572 0.003525 246.774939 272.716456
40 49 48 0.622085 0.223059 0.154856 233.574082 281.843767
40 49 48 0.243200 0.663581 0.093219 244.498047 295.524008
40 49 48 0.531811 0.290934 0.177255 235.717909 279.287231
40 49 48 0.010978 0.700093 0.288929 236.663429 303.251722
40 49 48 0.040317 0.315065 0.644618 215.500235 305.534139
40 49 48 0.012347 0.553294 0.434359 227.159936 302.017417
40 49 48 0.030403 0.572998 0.396599 225.781379 303.200558
40 49 48 0.206666 0.318319 0.475016 220.133364 296.566039
40 49 48 0.133294 0.564703 0.302002 226.832663 299.145682
40 41 49 0.901159 0.038696 0.060145 244.597961 267.320501
40 41 49 0.277086 0.439972 0.282942 263.477620 272.827651
40 41 49 0.371507 0.601249 0.027244 270.681025 266.010158
40 41 49 0.345814 0.453610 0.200576 261.876812 270.843297
40 41 49 0.485769 0.441619 0.072612 265.408458 271.167561
40 41 49 0.622101 0.170215 0.207685 250.749796 269.966638
40 41 49 0.877068 0.077552 0.045381 241.818775 264.815027
40 41 49 0.758324 0.193904 0.047772 253.489210 265.903534
40 41 49 0.368945 0.301037 0.330018 258.734045 277.204013
40 41 49 0.580639 0.371700 0.047660 260.836325 265.626463
41 50 49 0.827778 0.144574 0.027649 289.877096 267.963284
41 50 49 0.597349 0.119327 0.283324 274.666888 276.254011
41 50 49 0.299709 0.607860 0.092431 283.533511 285.808128
41 50 49 0.529988 0.094348 0.375663 274.685910 279.927072
41 50 49 0.123801 0.121390 0.754808 254.623832 298.039778
41 50 49 0.554179 0.124763 0.321058 275.559443 277.224615
41 50 49 0.233806 0.662761 0.103432 282.845742 291.454463
41 50 49 0.175108 0.679297 0.145595 277.320261 296.522233
41 50 49 0.490688 0.061682 0.447630 265.451284 283.542819
41 50 49 0.256038 0.318025 0.425937 269.718078 291.715176
41 42 50 0.320414 0.491860 0.187726 304.644160 270.146041
41 42 50 0.650509 0.210826 0.138665 298.567678 264.860658
41 42 50 0.692677 0.218728 0.088595 299.047194 265.429059
41 42 50 0.382970 0.051475 0.565556 293.221067 286.236087
41 42 50 0.602428 0.065791 0.331780 289.921896 272.665106
41 42 50 0.739278 0.202484 0.058239 296.492180 265.715613
41 42 50 0.595135 0.315912 0.088953 300.639162 265.338783
41 42 50 0.947738 0.044508 0.007754 287.029119 259.901298
41 42 50 0.782858 0.202098 0.015044 294.217551 265.536119
41 42 50 0.788912 0.147953 0.063135 291.479917 263.241414
42 51 50 0.061218 0.028725 0.910057 293.067542 301.681383
42 51 50 0.075889 0.306886 0.617225 304.514648 294.122852
42 51 50 0.406529 0.524373 0.069098 325.780119 282.817562
42 51 50 0.999775 0.000125 0.000100 325.803998 257.729855
42 51 50 0.816396 0.178782 0.004822 325.849462 266.439128
42 51 50 0.005654 0.197374 0.796971 299.966978 299.913048
42 51 50 0.380083 0.470174 0.149743 321.569005 283.792575
42 51 50 0.606224 0.205931 0.187845 323.165548 273.924443
42 51 50 0.267617 0.729069 0.003313 330.310033 285.046740
42 51 50 0.817471 0.013273 0.169256 320.500966 266.414312
42 43 51 0.014415 0.003555 0.982029 334.465714 298.247249
42 43 51 0.084395 0.591180 0.324425 355.460684 269.760284
42 43 51 0.471271 0.436147 0.092582 344.882905 259.949201
42 43 51 0.122309 0.514927 0.362764 353.266437 273.894857
42 43 51 0.431306 0.256289 0.312405 337.670339 271.214738
42 43 51 0.180934 0.433956 0.385110 352.190909 274.566255
42 43 51 0.329737 0.185050 0.485212 341.180379 278.010197
42 43 51 0.422477 0.445618 0.131905 344.632543 262.181334
42 43 51 0.823409 0.148049 0.028542 336.208070 262.903009
42 43 51 0.775874 0.069417 0.154709 334.195390 263.693169
43 52 51 0.867666 0.036100 0.096234 365.823622 264.996174
43 52 51 0.456651 0.207883 0.335466 360.265293 277.423867
43 52 51 0.547855 0.273376 0.178770 366.701635 273.653651
43 52 51 0.435302 0.541448 0.023250 371.464774 274.625367
43 52 51 0.718181 0.187469 0.094350 368.677039 268.683425
43 52 51 0.440549 0.023267 0.536184 348.883926 282.434265
43 52 51 0.039889 0.263245 0.696866 345.668091 298.851510
43 52 51 0.958734 0.038495 0.002770 369.841672 260.451233
43 52 51 0.257776 0.580791 0.161433 366.781968 284.617038
43 52 51 0.844100 0.071795 0.084105 368.520426 264.920611
43 44 52 0.103248 0.101843 0.794909 377.267908 288.458314
43 44 52 0.708788 0.125122 0.166090 372.872649 261.683611
43 44 52 0.317563 0.617593 0.064844 393.573140 258.636928
43 44 52 0.186164 0.308120 0.505716 385.770585 277.961442
43 44 52 0.845950 0.030888 0.123162 373.340343 262.823241
43 44 52 0.499473 0.177010 0.323518 375.709153 267.198502
43 44 52 0.476396 0.329545 0.194058 385.047217 267.454697
43 44 52 0.930428 0.049217 0.020354 370.544111 255.938970
43 44 52 0.952408 0.022964 0.024628 372.114475 260.203446
43 44 52 0.217008 0.321216 0.461776 383.930842 279.050591
44 53 52 0.420947 0.270580 0.308473 407.436014 279.906173
44 53 52 0.707330 0.161996 0.130674 411.002103 263.161546
44 53 52 0.503500 0.375795 0.120705 410.425543 273.646319
44 53 52 0.703293 0.178910 0.117797 408.975052 264.623711
44 53 52 0.830445 0.136707 0.032849 410.772570 259.623148
44 53 52 0.591592 0.324394 0.084014 412.598486 269.325297
44 53 52 0.958072 0.012458 0.029470 409.514567 252.772875
44 53 52 0.247824 0.030080 0.722095 385.682568 285.740660
44 53 52 0.886549 0.079250 0.034201 408.909562 258.968060
44 53 52 0.234289 0.714764 0.050947 415.094008 285.811590
45 46 54 0.028598 0.817732 0.153669 110.700605 315.264131
45 46 54 0.985581 0.008837 0.005582 74.778063 311.241013
45 46 54 0.560728 0.029315 0.409957 72.920203 330.369963
45 46 54 0.663541 0.189107 0.147351 79.269000 319.754892
45 46 54 0.034497 0.653517 0.311986 100.229315 328.194973
45 46 54 0.137667 0.666927 0.195406 103.947108 320.992093
45 46 54 0.043694 0.359081 0.597225 88.526035 339.716058
45 46 54 0.966256 0.005364 0.028379 73.756430 313.219646
45 46 54 0.535566 0.159242 0.305192 82.928466 325.649355
45 46 54 0.086160 0.790389 0.123452 113.322437 318.098739
46 55 54 0.571806 0.401590 0.026604 114.689168 332.761246
46 55 54 0.136480 0.387031 0.476490 96.135444 350.524358
46 55 54 0.850821 0.035463 0.113716 117.144394 316.701291
46 55 54 0.405904 0.080458 0.513638 95.108514 339.424527
46 55 54 0.052809 0.752959 0.194233 107.032347 354.538228
46 55 54 0.082117 0.837428 0.080455 110.571523 351.995784
46 55 54 0.743237 0.193529 0.063234 114.713115 325.281728
46 55 54 0.514329 0.152570 0.333101 101.643196 334.143508
46 55 54 0.787656 0.010010 0.202334 114.122224 319.433096
46 55 54 0.384878 0.151866 0.463256 98.378604 340.500042
46 47 55 0.749694 0.157131 0.093175 123.306541 315.754219
46 47 55 0.597014 0.273351 0.129635 130.094586 315.787679
46 47 55 0.173118 0.636933 0.189949 143.957435 315.951490
46 47 55 0.695807 0.300504 0.003689 134.172618 307.738125
46 47 55 0.857483 0.139465 0.003052 127.017750 308.856687
46 47 55 0.207019 0.674457 0.118525 147.926758 311.771890
46 47 55 0.319200 0.233562 0.447238 126.492887 328.711152
46 47 55 0.961488 0.036802 0.001710 118.622677 306.281194
46 47 55 0.985960 0.011656 0.002383 118.561880 310.082928
46 47 55 0.110616 0.597860 0.291524 141.894217 322.006549
47 56 55 0.665068 0.125751 0.209181 150.989632 325.325956
47 56 55 0.761394 0.010634 0.227972 152.139186 319.181609
47 56 55 0.487375 0.006502 0.506123 137.979345 335.124804
47 56 55 0.645582 0.070984 0.283434 151.252830 325.627354
47 56 55 0.742069 0.182348 0.075583 160.751296 318.487409
47 56 55 0.141469 0.624280 0.234251 149.838513 346.869622
47 56 55 0.085575 0.389996 0.524429 134.485619 353.337441
47 56 55 0.398119 0.285621 0.316260 142.617330 334.603749
47 56 55 0.448569 0.284559 0.266871 150.125073 332.191403
47 56 55 0.000795 0.929611 0.069594 161.780793 353.071747
47 48 56 0.165628 0.103782 0.730591 169.418126 340.923907
47 48 56 0.431924 0.062865 0.505211 159.524511 333.856866
47 48 56 0.334779 0.165787 0.499435 169.828344 332.594529
47 48 56 0.311496 0.218082 0.470423 173.998046 330.481986
47 48 56 0.114703 0.047634 0.837664 163.994658 350.339829
47 48 56 0.868234 0.065134 0.066633 161.288592 313.055480
47 48 56 0.188605 0.274371 0.537024 174.399724 331.554119
47 48 56 0.191834 0.284115 0.524052 174.577357 333.156657
47 48 56 0.995206 0.000118 0.004676 160.344054 308.088555
47 48 56 0.736855 0.117009 0.146137 165.604487 315.056113
48 57 56 0.519527 0.250328 0.230145 194.708501 327.695233
48 57 56 0.681079 0.301608 0.017313 196.580915 324.419997
48 57 56 0.265387 0.291142 0.443472 184.941552 339.392305
48 57 56 0.768061 0.031056 0.200884 196.294001 317.293219
48 57 56 0.306769 0.536384 0.156847 197.597601 338.309174
48 57 56 0.607073 0.008901 0.384026 187.491283 324.786871
48 57 56 0.412927 0.261843 0.325230 185.847992 331.888369
48 57 56 0.131930 0.517395 0.350675 189.746603 346.046924
48 57 56 0.355580 0.394231 0.250189 190.659633 332.669280
48 57 56 0.248996 0.394689 0.356315 189.626786 338.665934
48 49 57 0.025196 0.401632 0.573172 220.686854 331.369930
48 49 57 0.390575 0.209218 0.400206 210.880875 321.079277
48 49 57 0.388052 0.172632 0.439316 211.760866 326.189390
48 49 57 0.885546 0.015758 0.098696 205.454026 311.364819
48 49 57 0.832890 0.136602 0.030508 209.055689 305.435599
48 49 57 0.152726 0.674065 0.173208 233.203925 311.119031
48 49 57 0.653971 0.190879 0.155151 211.648192 314.855652
48 49 57 0.229401 0.460996 0.309603 223.170250 317.192325
48 49 57 0.753985 0.197105 0.048911 210.984214 308.241902
48 49 57 0.647212 0.206281 0.146507 209.015728 315.096110
49 58 57 0.468884 0.411098 0.120018 240.846289 326.172710
49 58 57 0.381086 0.261313 0.357601 228.908324 330.712511
49 58 57 0.016217 0.735827 0.247956 234.338290 349.210364
49 58 57 0.208755 0.408881 0.382364 231.183746 335.995937
49 58 57 0.376018 0.273333 0.350649 234.767953 329.483380
49 58 57 0.491547 0.120250 0.388203 230.398937 325.258663
49 58 57 0.758890 0.156369 0.084741 242.416351 315.362453
49 58 57 0.167798 0.531305 0.300898 236.613868 344.595942
49 58 57 0.080113 0.834162 0.085725 243.313733 342.636217
49 58 57 0.826511 0.070227 0.103262 240.869721 310.241447
49 50 58 0.769214 0.079734 0.151052 249.337999 315.076854
49 50 58 0.417852 0.154105 0.428044 254.266072 320.820606
49 50 58 0.208391 0.154342 0.637267 251.808894 336.590348
49 50 58 0.833089 0.048532 0.118379 249.135302 307.077441
49 50 58 0.368933 0.143822 0.487245 253.627795 322.797661
49 50 58 0.217615 0.288302 0.494083 262.045005 321.252250
49 50 58 0.852028 0.014538 0.133435 244.450598 309.284476
49 50 58 0.383798 0.341288 0.274914 259.878423 314.090059
49 50 58 0.669623 0.290801 0.039576 256.977404 304.370846
49 50 58 0.258324 0.661882 0.079794 274.217335 303.469279
50 59 58 0.394940 0.575721 0.029340 289.105685 324.193745
50 59 58 0.348885 0.234393 0.416721 271.277759 331.705397
50 59 58 0.251993 0.630694 0.117314 286.728843 336.807927
50 59 58 0.041136 0.446685 0.512179 269.203998 345.534064
50 59 58 0.330306 0.457093 0.212601 282.542630 331.401309
50 59 58 0.728149 0.119062 0.152790 283.973139 314.302814
50 59 58 0.099562 0.392074 0.508364 268.951763 341.699725
50 59 58 0.033087 0.767159 0.199755 285.195741 343.432375
50 59 58 0.198479 0.224266 0.577255 269.421447 340.383358
50 59 58 0.594979 0.188461 0.216560 281.681209 317.981775
50 51 59 0.490060 0.071320 0.438620 294.457300 316.604271
50 51 59 0.025543 0.853412 0.121044 327.200371 307.095880
50 51 59 0.201035 0.014472 0.784493 291.078546 337.517730
50 51 59 0.367330 0.570840 0.061830 317.497360 304.863645
50 51 59 0.383918 0.509192 0.106890 310.915540 303.664296
50 51 59 0.354207 0.074147 0.571646 296.635460 323.549026
50 51 59 0.559867 0.034390 0.405744 292.538248 315.394605
50 51 59 0.733062 0.099602 0.167336 298.085688 309.167376
50 51 59 0.653950 0.037340 0.308709 290.909073 310.011662
50 51 59 0.043531 0.450646 0.505824 311.495514 324.157355
51 60 59 0.688092 0.227835 0.084073 329.751405 313.513994
51 60 59 0.749149 0.131405 0.119446 331.265757 311.995276
51 60 59 0.403329 0.184689 0.411982 319.219581 330.662046
51 60 59 0.147664 0.516191 0.336144 322.922511 339.103413
51 60 59 0.262177 0.038967 0.698856 307.061117 331.618139
51 60 59 0.451367 0.158354 0.390279 319.610737 320.799787
51 60 59 0.998154 0.000519 0.001327 333.453505 297.398495
51 60 59 0.995679 0.004238 0.000084 334.305028 298.373299
51 60 59 0.433548 0.376528 0.189923 328.092935 323.255486
51 60 59 0.121046 0.124157 0.754796 307.032496 337.814356
51 52 60 0.485874 0.151965 0.362161 343.160412 315.131072
51 52 60 0.091200 0.783494 0.125306 363.617995 300.406704
51 52 60 0.711917 0.084779 0.203305 338.688972 309.601259
51 52 60 0.467939 0.322582 0.209479 350.486320 308.051949
51 52 60 0.832522 0.050832 0.116646 337.174780 302.000071
51 52 60 0.135451 0.594970 0.269579 359.588786 309.572527
51 52 60 0.016759 0.171788 0.811453 340.991880 334.597040
51 52 60 0.232423 0.108736 0.658841 340.308273 332.387708
51 52 60 0.541880 0.338685 0.119436 346.427783 303.626949
51 52 60 0.187804 0.622915 0.189281 359.576837 303.978961
52 61 60 0.114239 0.864404 0.021357 381.562711 337.855764
52 61 60 0.835104 0.059563 0.105332 373.507499 305.160372
52 61 60 0.037893 0.043832 0.918276 337.787594 341.139736
52 61 60 0.589545 0.238324 0.172131 369.797618 318.605341
52 61 60 0.377379 0.577812 0.044809 377.049846 322.415517
52 61 60 0.579382 0.365622 0.054996 375.587477 316.613479
52 61 60 0.886005 0.005064 0.108932 372.721822 305.098469
52 61 60 0.058187 0.668691 0.273123 368.125582 340.963995
52 61 60 0.578429 0.328994 0.092578 371.606404 317.162909
52 61 60 0.051982 0.607497 0.340521 364.058329 339.053183
52 53 61 0.388022 0.594604 0.017374 401.133351 296.759270
52 53 61 0.261676 0.011030 0.727294 380.197473 332.368906
52 53 61 0.565236 0.235347 0.199417 386.360194 308.582652
52 53 61 0.324585 0.667961 0.007454 407.136199 293.446097
52 53 61 0.070190 0.210811 0.718999 390.121404 326.472368
52 53 61 0.804151 0.138796 0.057053 381.330456 301.548890
52 53 61 0.159179 0.591247 0.249574 405.259547 311.302169
52 53 61 0.585393 0.247922 0.166685 386.157607 303.801559
52 53 61 0.977290 0.008363 0.014347 375.607529 298.507884
52 53 61 0.592873 0.037030 0.370097 377.005272 316.355239
53 62 61 0.018439 0.226960 0.754601 391.404406 340.466553
53 62 61 0.903239 0.003738 0.093023 416.793150 301.059821
53 62 61 0.489427 0.265385 0.245187 405.708580 320.522410
53 62 61 0.939708 0.030012 0.030281 422.572432 299.196986
53 62 61 0.103091 0.674627 0.222281 414.677867 338.819668
53 62 61 0.438834 0.178362 0.382804 406.153205 324.761153
53 62 61 0.244566 0.391631 0.363802 409.160789 326.884772
53 62 61 0.973209 0.014297 0.012493 420.263532 300.705293
53 62 61 0.455823 0.118609 0.425568 406.978135 321.353109
53 62 61 0.272954 0.020873 0.706173 393.779754 329.019749
54 55 63 0.349142 0.246365 0.404494 83.583634 372.351610
54 55 63 0.841484 0.055579 0.102937 73.365565 361.631646
54 55 63 0.672343 0.103174 0.224484 77.614072 370.482932
54 55 63 0.773357 0.149976 0.076667 81.043320 362.209357
54 55 63 0.210323 0.416583 0.373094 88.079559 375.658721
54 55 63 0.196258 0.685490 0.118252 101.414263 360.871457
54 55 63 0.457870 0.142298 0.399833 81.315270 373.922642
54 55 63 0.880715 0.034009 0.085276 76.427553 361.984873
54 55 63 0.568469 0.295877 0.135653 85.049894 362.045471
54 55 63 0.404306 0.458253 0.137440 91.487856 363.378743
55 64 63 0.312372 0.552407 0.135221 109.739751 386.124976
55 64 63 0.196728 0.354064 0.449208 94.811408 394.257295
55 64 63 0.180446 0.070183 0.749371 79.550255 393.230473
55 64 63 0.838205 0.024186 0.137608 112.868013 363.634537
55 64 63 0.682218 0.288880 0.028902 113.017292 369.701265
55 64 63 0.910663 0.072368 0.016969 111.449578 357.423331
55 64 63 0.118866 0.171415 0.709719 83.125407 400.468820
55 64 63 0.383847 0.123762 0.492391 95.224821 385.141976
55 64 63 0.571385 0.260072 0.168543 107.576427 373.511986
55 64 63 0.099717 0.564235 0.336049 100.329570 397.505312
55 56 64 0.291750 0.169170 0.539079 129.788204 376.229231
55 56 64 0.478382 0.508848 0.012770 139.113926 354.739133
55 56 64 0.319584 0.440188 0.240228 135.048130 364.535252
55 56 64 0.474325 0.514977 0.010698 137.285861 357.285704
55 56 64 0.537036 0.243352 0.219612 128.806300 365.570755
55 56 64 0.569551 0.143883 0.286566 122.011940 365.831859
55 56 64 0.391976 0.393827 0.214197 131.975062 364.797895
55 56 64 0.377117 0.185968 0.436915 123.769488 377.426953
55 56 64 0.264702 0.017907 0.717392 120.317060 388.795274
55 56 64 0.521305 0.472366 0.006329 138.565726 355.248611
56 65 64 0.596005 0.185858 0.218137 154.927154 372.513343
56 65 64 0.647589 0.263890 0.088521 158.011350 369.896371
56 65 64 0.475899 0.261027 0.263074 150.351195 378.805283
56 65 64 0.533957 0.381756 0.084288 156.793794 371.099498
56 65 64 0.355520 0.379207 0.265273 150.402787 380.131333
56 65 64 0.599736 0.369792 0.030471 161.256274 371.258758
56 65 64 0.920068 0.046012 0.033920 165.481564 355.773206
56 65 64 0.831779 0.015907 0.152314 153.648352 361.085733
56 65 64 0.867195 0.096844 0.035961 159.291931 361.851607
56 65 64 0.171871 0.791689 0.036441 162.733874 389.558214
56 57 65 0.993658 0.003049 0.003293 162.121327 355.545816
56 57 65 0.384422 0.033414 0.582164 167.761586 381.854331
56 57 65 0.642229 0.128132 0.229639 168.852028 362.905856
56 57 65 0.632933 0.185612 0.181454 173.040769 357.746175
56 57 65 0.301983 0.090576 0.607441 164.609195 376.670129
56 57 65 0.318112 0.157001 0.524887 173.493460 378.167559
56 57 65 0.266881 0.405151 0.327968 181.230642 363.488906
56 57 65 0.426869 0.527943 0.045189 183.161372 356.759799
56 57 65 0.108789 0.508770 0.382442 182.602807 370.366383
56 57 65 0.482185 0.337275 0.180540 179.629461 366.146929
57 66 65 0.498092 0.129772 0.372136 189.399951 373.301360
57 66 65 0.186414 0.230684 0.582902 181.614207 386.585312
57 66 65 0.584920 0.349423 0.065656 205.020315 369.460993
57 66 65 0.584943 0.018506 0.396550 188.147277 366.609832
57 66 65 0.656586 0.125390 0.218024 197.344074 367.366263
57 66 65 0.258112 0.031001 0.710886 174.148262 388.637767
57 66 65 0.166219 0.368275 0.465506 183.908685 387.971767
57 66 65 0.996051 0.002883 0.001066 204.828387 348.885222
57 66 65 0.724019 0.133548 0.142433 198.557510 361.551844
57 66 65 0.534457 0.409202 0.056342 203.581117 373.077845
57 58 66 0.043173 0.621560 0.335267 236.846794 365.385415
57 58 66 0.537734 0.375564 0.086701 227.952085 358.321017
57 58 66 0.275127 0.032982 0.691891 204.419882 379.512938
57 58 66 0.799246 0.089723 0.111031 207.502288 354.995926
57 58 66 0.064649 0.180995 0.754356 211.156128 381.937762
57 58 66 0.299735 0.071979 0.628286 210.152163 382.692294
57 58 66 0.481508 0.036337 0.482155 204.864381 368.018051
57 58 66 0.567693 0.107963 0.324343 211.905801 367.322265
57 58 66 0.572846 0.322233 0.104921 213.740209 352.876676
57 58 66 0.653427 0.161141 0.185432 214.066598 360.896676
58 67 66 0.977072 0.010038 0.012890 248.411024 346.370735
58 67 66 0.467574 0.300546 0.231880 239.994844 375.529192
58 67 66 0.232636 0.343369 0.423995 231.167156 382.518184
58 67 66 0.569927 0.031599 0.398473 232.826163 368.220351
58 67 66 0.787030 0.013826 0.199144 240.714277 358.849590
58 67 66 0.657575 0.284059 0.058366 247.356671 363.931782
58 67 66 0.938165 0.055711 0.006124 251.108321 354.848047
58 67 66 0.833725 0.061559 0.104717 245.112913 356.838491
58 67 66 0.709149 0.226450 0.064401 248.992546 359.827649
58 67 66 0.629261 0.287248 0.083491 245.896436 361.836745
58 59 67 0.974336 0.015562 0.010102 249.814897 344.547384
58 59 67 0.979462 0.011867 0.008670 246.630865 348.612293
58 59 67 0.730599 0.235099 0.034302 262.799994 349.655200
58 59 67 0.590837 0.214679 0.194483 260.841816 354.536564
58 59 67 0.581583 0.226288 0.192128 257.393426 356.878640
58 59 67 0.244194 0.291369 0.464438 264.927466 370.775245
58 59 67 0.796233 0.186030 0.017737 258.466294 347.164425
58 59 67 0.551561 0.006332 0.442107 248.285296 366.837356
58 59 67 0.914706 0.084439 0.000856 253.184548 348.056863
58 59 67 0.932199 0.010868 0.056933 249.551649 351.449254
59 68 67 0.057928 0.773948 0.168124 287.210680 390.043210
59 68 67 0.732731 0.162394 0.104876 289.715146 355.476285
59 68 67 0.859322 0.129127 0.011552 293.829854 351.494114
59 68 67 0.159224 0.159892 0.680884 265.413327 384.409935
59 68 67 0.456805 0.324717 0.218479 285.763934 373.043764
59 68 67 0.638922 0.112519 0.248560 283.419249 365.981606
59 68 67 0.489998 0.288517 0.221485 282.833423 368.565999
59 68 67 0.907210 0.063508 0.029282 288.933002 348.024555
59 68 67 0.798076 0.156933 0.044990 291.802836 357.162020
59 68 67 0.885516 0.081954 0.032529 288.843872 350.318303
59 60 68 0.851298 0.007662 0.141040 291.089487 353.373013
59 60 68 0.970862 0.013343 0.015795 293.539995 346.715114
59 60 68 0.896851 0.045521 0.057629 292.866855 347.520874
59 60 68 0.607240 0.238926 0.153835 302.970117 353.319884
59 60 68 0.473890 0.004925 0.521185 291.401376 368.562834
59 60 68 0.189339 0.077222 0.733439 298.885430 381.516222
59 60 68 0.780084 0.113186 0.106730 298.382564 352.264678
59 60 68 0.766373 0.028331 0.205296 295.120452 354.351258
59 60 68 0.863159 0.105980 0.030860 298.414474 345.440392
59 60 68 0.408299 0.504710 0.086991 318.032887 350.019070
60 69 68 0.460254 0.051834 0.487912 314.449752 366.509644
60 69 68 0.138162 0.113074 0.748764 306.339971 388.458534
60 69 68 0.951425 0.012033 0.036542 331.557769 346.247043
60 69 68 0.700902 0.131281 0.167817 329.355488 358.788190
60 69 68 0.795011 0.122657 0.082332 330.231894 354.256883
60 69 68 0.738032 0.168047 0.093921 331.504176 358.002689
60 69 68 0.120300 0.288958 0.590743 311.845224 381.662420
60 69 68 0.346486 0.397481 0.256034 329.809279 371.171437
60 69 68 0.814565 0.020134 0.165301 327.333226 355.133794
60 69 68 0.909969 0.046004 0.044027 330.883708 344.511199
60 61 69 0.007034 0.482453 0.510513 356.325372 365.773449
60 61 69 0.576169 0.328676 0.095155 347.910118 347.907770
60 61 69 0.412407 0.060339 0.527254 339.957367 367.451326
60 61 69 0.714557 0.140531 0.144912 340.983888 349.806498
60 61 69 0.950142 0.037001 0.012858 340.814939 341.296806
60 61 69 0.961546 0.030903 0.007552 340.429358 343.548418
60 61 69 0.614818 0.378949 0.006233 355.861512 344.901803
60 61 69 0.342784 0.499173 0.158043 361.879483 350.997084
60 61 69 0.430130 0.089136 0.480733 334.660406 365.685951
60 61 69 0.545253 0.174662 0.280086 344.889997 358.348978
61 70 69 0.324060 0.535212 0.140728 373.168646 369.229446
61 70 69 0.726042 0.137877 0.136081 376.484956 354.973683
61 70 69 0.581307 0.221286 0.197407 369.659569 357.621390
61 70 69 0.513758 0.264964 0.221278 369.248274 364.544509
61 70 69 0.645158 0.103894 0.250948 367.435732 362.633816
61 70 69 0.217522 0.510956 0.271522 368.664356 373.555330
61 70 69 0.300047 0.394113 0.305839 364.675487 376.569076
61 70 69 0.500983 0.350772 0.148244 370.288930 366.984907
61 70 69 0.696161 0.062099 0.241740 369.795333 354.991177
61 70 69 0.913560 0.019195 0.067245 375.729962 347.689770
61 62 70 0.334554 0.019352 0.646095 381.694922 369.370796
61 62 70 0.156486 0.253553 0.589962 388.787398 369.358489
61 62 70 0.096533 0.706350 0.197117 412.524883 348.518618
61 62 70 0.221418 0.451319 0.327263 400.991680 356.399813
61 62 70 0.100241 0.269797 0.629962 388.648295 370.763656
61 62 70 0.898670 0.037762 0.063569 383.020658 347.393806
61 62 70 0.906379 0.030663 0.062958 382.439781 348.357036
61 62 70 0.280373 0.354446 0.365181 396.041788 356.345994
61 62 70 0.562778 0.326014 0.111209 395.700948 348.617715
61 62 70 0.263727 0.332870 0.403404 393.688522 357.733174
62 71 70 0.226832 0.474419 0.298749 410.035767 373.389663
62 71 70 0.002761 0.778874 0.218365 411.617537 384.330478
62 71 70 0.258111 0.661934 0.079956 418.523546 367.468419
62 71 70 0.146408 0.053452 0.800140 389.651279 381.529770
62 71 70 0.738553 0.243308 0.018139 426.164147 353.308748
62 71 70 0.741116 0.049301 0.209583 415.078168 351.436609
62 71 70 0.194350 0.607996 0.197654 410.772733 373.876534
62 71 70 0.274815 0.383115 0.342069 409.805171 369.168053
62 71 70 0.141047 0.540752 0.318201 409.109151 378.746989
62 71 70 0.665603 0.128716 0.205681 412.083907 354.915104
63 64 72 0.184007 0.128359 0.687634 81.986799 428.828392
63 64 72 0.293002 0.493431 0.213567 93.028343 414.029089
63 64 72 0.423177 0.087395 0.489427 77.977627 420.845160
63 64 72 0.064149 0.806526 0.129325 110.245850 409.089887
63 64 72 0.261265 0.430854 0.307881 95.565279 414.670749
63 64 72 0.895176 0.003673 0.101151 75.449457 409.933471
63 64 72 0.860432 0.001615 0.137953 75.318987 407.433160
63 64 72 0.405989 0.488259 0.105752 97.324568 405.375577
63 64 72 0.572673 0.105462 0.321865 80.569309 415.278762
63 64 72 0.614427 0.166037 0.219536 78.044061 411.235494
64 73 72 0.788532 0.094762 0.116706 112.295335 410.505215
64 73 72 0.245198 0.694830 0.059972 119.707647 431.277095
64 73 72 0.761655 0.079532 0.158814 110.476505 411.157958
64 73 72 0.714366 0.247417 0.038217 118.084063 414.449478
64 73 72 0.876615 0.062586 0.060799 111.938747 405.531056
64 73 72 0.482418 0.445244 0.072339 118.543400 419.952123
64 73 72 0.543523 0.058168 0.398308 102.507646 421.141926
64 73 72 0.587253 0.104596 0.308151 102.249162 419.750864
64 73 72 0.446726 0.153854 0.399419 98.550149 420.782779
64 73 72 0.899884 0.075298 0.024818 117.025695 403.114420
64 65 73 0.520973 0.190248 0.288779 127.307482 406.909940
64 65 73 0.940843 0.000130 0.059028 120.819870 403.766972
64 65 73 0.652188 0.124451 0.223361 124.403967 410.638082
64 65 73 0.260296 0.444719 0.294985 135.884828 408.808290
64 65 73 0.024021 0.214235 0.761743 131.765078 431.081888
64 65 73 0.005400 0.061253 0.933347 127.745981 440.209356
64 65 73 0.289993 0.250416 0.459591 135.475283 416.973657
64 65 73 0.665576 0.133949 0.200475 128.807393 409.177972
64 65 73 0.644372 0.255132 0.100496 130.456544 405.316223
64 65 73 0.261112 0.522937 0.215951 142.347357 407.048611
65 74 73 0.957423 0.039897 0.002680 159.315164 396.868471
65 74 73 0.686483 0.189666 0.123851 156.979678 411.014608
65 74 73 0.742507 0.249131 0.008362 161.380588 405.578626
65 74 73 0.823685 0.170066 0.006249 163.807958 405.790361
65 74 73 0.392738 0.233370 0.373891 146.044212 423.824643
65 74 73 0.387264 0.283682 0.329055 153.465315 421.313979
65 74 73 0.668307 0.063557 0.268136 150.869715 410.054683
65 74 73 0.024227 0.548396 0.427376 147.359751 437.986656
65 74 73 0.996841 0.002561 0.000598 160.894577 398.101535
65 74 73 0.863700 0.032064 0.104236 160.486115 403.306235
65 66 74 0.038098 0.295655 0.666248 178.715456 417.488168
65 66 74 0.190149 0.649926 0.159925 195.732078 401.557073
65 66 74 0.928482 0.047128 0.024390 164.538322 400.408272
65 66 74 0.199351 0.788506 0.012143 195.175412 398.465829
65 66 74 0.378864 0.540778 0.080359 191.553205 402.146098
65 66 74 0.108298 0.429784 0.461918 184.256322 415.249896
65 66 74 0.706827 0.236310 0.056863 173.080052 397.995762
65 66 74 0.751692 0.014238 0.234070 160.426444 405.478764
65 66 74 0.192025 0.202614 0.605361 174.934108 420.366650
65 66 74 0.808195 0.048943 0.142862 166.095244 402.801922
66 75 74 0.093818 0.707277 0.198905 202.132739 428.974844
66 75 74 0.386990 0.344010 0.268999 198.551235 417.844861
66 75 74 0.020630 0.693201 0.286169 202.465327 436.736637
66 75 74 0.259379 0.021890 0.718731 179.235940 425.543615
66 75 74 0.877427 0.021925 0.100648 204.076673 399.864099
66 75 74 0.416137 0.424813 0.159050 203.181516 414.264123
66 75 74 0.260260 0.642680 0.097060 204.970781 420.678113
66 75 74 0.291935 0.150367 0.557698 185.746187 422.947920
66 75 74 0.092246 0.731888 0.175866 200.046478 430.990996
66 75 74 0.018817 0.440537 0.540646 185.767240 432.832716
66 67 75 0.270988 0.444047 0.284965 227.980740 409.682729
66 67 75 0.467142 0.221102 0.311757 219.173719 406.860020
66 67 75 0.048384 0.928090 0.023526 249.193654 396.801808
66 67 75 0.072470 0.185702 0.741828 218.267224 421.983771
66 67 75 0.130333 0.213946 0.655720 222.151090 419.911379
66 67 75 0.928079 0.033209 0.038712 209.133195 393.424488
66 67 75 0.623870 0.133223 0.242907 216.651959 405.573419
66 67 75 0.400957 0.353532 0.245511 226.220958 407.282470
66 67 75 0.978373 0.005724 0.015903 205.787872 397.235954
66 67 75 0.274272 0.634235 0.091492 237.297880 399.722714
67 76 75 0.347458 0.509805 0.142737 247.613348 416.387878
67 76 75 0.299811 0.268795 0.431395 233.148194 421.547223
67 76 75 0.179614 0.387817 0.432569 234.643726 426.005070
67 76 75 0.874077 0.060866 0.065058 250.038122 398.488379
67 76 75 0.325578 0.476478 0.197944 245.498281 419.977362
67 76 75 0.805094 0.101278 0.093628 247.534720 400.889248
67 76 75 0.635070 0.359340 0.005590 250.035308 406.402007
67 76 75 0.073007 0.176628 0.750365 218.733503 428.528985
67 76 75 0.952940 0.029407 0.017653 251.394077 392.691986
67 76 75 0.472528 0.485787 0.041686 254.754757 417.652696
67 68 76 0.914794 0.052386 0.032820 251.876857 394.679805
67 68 76 0.148547 0.616895 0.234558 279.982005 401.025085
67 68 76 0.399626 0.224268 0.376106 260.040351 407.433587
67 68 76 0.286679 0.358664 0.354657 269.247298 407.908041
67 68 76 0.212256 0.324442 0.463302 265.636810 415.679205
67 68 76 0.024551 0.711236 0.264213 284.233736 404.195235
67 68 76 0.614042 0.315974 0.069984 267.982455 396.702814
67 68 76 0.531215 0.259352 0.209433 264.526869 403.723120
67 68 76 0.896094 0.039120 0.064786 253.481098 397.351630
67 68 76 0.618363 0.041827 0.339810 252.800057 406.659201
68 77 76 0.788318 0.058591 0.153091 288.877296 400.127437
68 77 76 0.651694 0.335747 0.012558 292.219982 405.715784
68 77 76 0.951386 0.006734 0.041880 290.369218 397.575450
68 77 76 0.044009 0.792864 0.163126 289.628949 426.027548
68 77 76 0.038115 0.199785 0.762099 260.702616 428.993867
68 77 76 0.616392 0.341400 0.042207 288.913024 408.190638
68 77 76 0.220188 0.050756 0.729056 267.346393 422.505020
68 77 76 0.013358 0.361609 0.625034 268.183116 427.789879
68 77 76 0.486061 0.093183 0.420756 275.141924 413.752351
68 77 76 0.273543 0.535145 0.191312 284.608589 421.060206
68 69 77 0.357148 0.307880 0.334972 305.537649 400.312977
68 69 77 0.165522 0.093979 0.740500 294.355439 416.722656
68 69 77 0.650048 0.241078 0.108874 307.182601 395.646105
68 69 77 0.837342 0.120815 0.041843 299.062858 390.402450
68 69 77 0.059576 0.340341 0.600082 308.849110 411.687097
68 69 77 0.864659 0.128172 0.007170 299.920652 386.474617
68 69 77 0.217744 0.368192 0.414063 307.851760 403.910643
68 69 77 0.696617 0.011884 0.291499 291.561582 402.877102
68 69 77 0.847096 0.120257 0.032646 298.355215 391.412785
68 69 77 0.394499 0.370953 0.234548 308.652577 397.626700
69 78 77 0.599881 0.179863 0.220256 322.336466 405.365181
69 78 77 0.488530 0.449412 0.062058 336.165123 403.970954
69 78 77 0.018096 0.858237 0.123667 328.709700 423.949647
69 78 77 0.554837 0.417472 0.027691 337.613891 405.491319
69 78 77 0.149710 0.812179 0.038111 338.105164 418.626347
69 78 77 0.241479 0.682180 0.076341 335.054864 415.981343
69 78 77 0.483185 0.201612 0.315203 322.984872 409.205186
69 78 77 0.647361 0.097943 0.254696 324.762282 401.091892
69 78 77 0.572167 0.047978 0.379854 321.290395 406.480605
69 78 77 0.860134 0.056148 0.083718 331.498857 391.208310
69 70 78 0.551444 0.227677 0.220879 346.227965 392.885985
69 70 78 0.213687 0.055700 0.730613 339.850523 415.586786
69 70 78 0.874910 0.017410 0.107680 339.954830 391.930277
69 70 78 0.050740 0.416233 0.533027 355.533452 403.674539
69 70 78 0.213493 0.694237 0.092270 365.683109 391.825307
69 70 78 0.307069 0.216401 0.476530 343.721038 404.210725
69 70 78 0.720842 0.043751 0.235407 338.269499 394.092438
69 70 78 0.863821 0.131869 0.004311 342.414616 389.354165
69 70 78 0.104234 0.585407 0.310359 364.455815 398.597861
69 70 78 0.364510 0.005885 0.629605 339.965529 410.052146
70 79 78 0.645833 0.240720 0.113447 373.694624 393.874713
70 79 78 0.605185 0.388491 0.006324 380.601143 399.107614
70 79 78 0.694084 0.095524 0.210393 372.443611 394.300101
70 79 78 0.201917 0.457730 0.340352 361.767889 413.503922
70 79 78 0.200807 0.419890 0.379303 362.090711 413.858364
70 79 78 0.213730 0.254642 0.531628 352.487085 413.500318
70 79 78 0.615681 0.312374 0.071946 380.605987 398.030419
70 79 78 0.357922 0.424886 0.217193 373.092774 407.624808
70 79 78 0.308115 0.044473 0.647412 352.356557 412.427644
70 79 78 0.760127 0.007485 0.232388 370.359833 395.946321
70 71 79 0.603570 0.082306 0.314123 383.252367 394.572247
70 71 79 0.298325 0.141251 0.560423 382.995533 403.927426
70 71 79 0.834045 0.103142 0.062812 380.167674 387.078263
70 71 79 0.439826 0.375397 0.184776 393.694077 388.103162
70 71 79 0.376552 0.183642 0.439806 386.449892 398.942958
70 71 79 0.891950 0.021989 0.086061 378.734383 392.064644
70 71 79 0.697621 0.011818 0.290561 377.050759 394.814646
70 71 79 0.298781 0.024943 0.676276 383.790720 410.743213
70 71 79 0.024558 0.309241 0.666201 393.754881 407.739299
70 71 79 0.029791 0.054100 0.916109 380.350411 415.157516
71 80 79 0.265804 0.438272 0.295924 405.032180 407.722100
71 80 79 0.474280 0.376130 0.149590 416.033853 399.666086
71 80 79 0.309485 0.225549 0.464966 404.206169 406.487169
71 80 79 0.431619 0.046206 0.522175 400.842015 402.003366
71 80 79 0.560960 0.006551 0.432490 402.007351 399.375790
71 80 79 0.977338 0.009135 0.013527 420.463498 382.023373
71 80 79 0.619380 0.346712 0.033908 421.950956 392.875050
71 80 79 0.657165 0.188131 0.154704 416.414128 394.021015
71 80 79 0.171445 0.244149 0.584406 391.816493 413.206909
71 80 79 0.156222 0.568518 0.275260 407.631228 410.822242
