0 1 9 0.848860 0.083090 0.068049 68.512766 119.605552
0 1 9 0.781388 0.135735 0.082877 74.656874 115.783690
0 1 9 0.513369 0.240192 0.246439 76.018026 127.985845
0 1 9 0.471206 0.038953 0.489840 67.369672 141.320901
0 1 9 0.736743 0.064627 0.198631 66.517789 123.132385
0 1 9 0.127650 0.558012 0.314338 89.594477 129.223358
0 1 9 0.883672 0.081867 0.034461 70.436994 117.202033
0 1 9 0.770126 0.206288 0.023586 68.540891 119.146100
0 1 9 0.501084 0.340688 0.158228 77.693001 121.283661
0 1 9 0.346738 0.071790 0.581472 68.828707 144.703657
1 10 9 0.385973 0.199269 0.414758 90.826058 146.943996
1 10 9 0.892097 0.090600 0.017303 108.447036 120.808366
1 10 9 0.852663 0.039747 0.107591 103.917433 120.911258
1 10 9 0.814690 0.027481 0.157829 104.234891 123.408246
1 10 9 0.033641 0.365598 0.600761 84.827271 157.161219
1 10 9 0.383286 0.271715 0.344999 96.191763 147.873845
1 10 9 0.932245 0.035378 0.032377 110.903531 119.706352
1 10 9 0.817905 0.133789 0.048306 107.650059 123.132764
1 10 9 0.385575 0.016342 0.598082 87.183873 145.619290
1 10 9 0.275117 0.247780 0.477103 90.923459 151.293966
1 2 10 0.134612 0.784523 0.080865 139.901026 117.459960
1 2 10 0.756382 0.192095 0.051523 119.115774 117.058184
1 2 10 0.880745 0.087636 0.031619 113.636825 116.232055
1 2 10 0.967785 0.008553 0.023662 109.775504 115.642146
1 2 10 0.874975 0.027150 0.097876 110.350260 121.197440
1 2 10 0.826283 0.150501 0.023216 113.558440 117.597787
1 2 10 0.886302 0.076442 0.037255 113.198795 119.312732
1 2 10 0.380779 0.478846 0.140376 128.122391 122.714216
1 2 10 0.939223 0.009498 0.051279 112.000269 123.571159
1 2 10 0.134670 0.239435 0.625895 119.341912 142.901968
2 11 10 0.003646 0.652092 0.344262 140.676759 158.981561
2 11 10 0.187753 0.559276 0.252971 143.318509 152.164503
2 11 10 0.743712 0.077724 0.178564 144.682411 128.014181
2 11 10 0.865130 0.094743 0.040127 146.448888 123.711588
2 11 10 0.789473 0.110795 0.099732 148.003792 125.290889
2 11 10 0.310211 0.632667 0.057122 147.854547 146.859512
2 11 10 0.341382 0.599395 0.059223 148.719069 145.541522
2 11 10 0.843497 0.118628 0.037875 148.463864 122.483086
2 11 10 0.843492 0.091904 0.064604 147.432418 123.937671
2 11 10 0.824240 0.154228 0.021532 151.028313 120.721201
2 3 11 0.961483 0.016774 0.021743 149.762383 117.444821
2 3 11 0.935828 0.032780 0.031392 151.410451 116.439310
2 3 11 0.078132 0.818666 0.103202 183.127420 119.667666
2 3 11 0.435515 0.424824 0.139661 172.497741 120.777682
2 3 11 0.106721 0.320594 0.572685 165.760301 138.791323
2 3 11 0.275556 0.431292 0.293152 170.479367 129.128901
2 3 11 0.297416 0.184337 0.518247 158.008012 134.377236
2 3 11 0.077864 0.211666 0.710471 157.461340 144.908150
2 3 11 0.493685 0.207560 0.298755 160.120052 128.452440
2 3 11 0.798575 0.051358 0.150067 151.999620 121.484363
3 12 11 0.207216 0.257542 0.535242 172.641179 150.100858
3 12 11 0.752976 0.032785 0.214239 184.236645 122.558386
3 12 11 0.672453 0.111428 0.216118 184.370362 127.907007
3 12 11 0.405061 0.235070 0.359869 179.506934 141.488428
3 12 11 0.159981 0.754647 0.085372 193.438644 149.411726
3 12 11 0.029653 0.218448 0.751898 159.557210 158.382426
3 12 11 0.438482 0.409314 0.152204 188.476208 136.213312
3 12 11 0.217668 0.150160 0.632172 170.196269 151.931889
3 12 11 0.682996 0.187455 0.129549 186.408512 125.808444
3 12 11 0.682257 0.019339 0.298404 182.111803 126.834556
3 4 12 0.824585 0.118064 0.057351 201.056957 115.816849
3 4 12 0.892415 0.097198 0.010387 197.990861 111.914511
3 4 12 0.117658 0.621752 0.260590 222.405473 124.177738
3 4 12 0.760397 0.000825 0.238778 194.575133 124.235282
3 4 12 0.073587 0.210446 0.715967 203.086432 140.987726
3 4 12 0.487527 0.091067 0.421406 202.116061 131.868526
3 4 12 0.323810 0.131684 0.544506 198.445130 136.923227
3 4 12 0.384892 0.580313 0.034796 218.737148 116.391099
3 4 12 0.489320 0.424293 0.086387 212.490779 118.874826
3 4 12 0.508864 0.439283 0.051853 214.547473 112.323244
4 13 12 0.190220 0.756504 0.053276 234.229379 149.428072
4 13 12 0.132478 0.585098 0.282424 230.252533 150.415123
4 13 12 0.404738 0.497055 0.098207 237.727512 141.742849
4 13 12 0.316366 0.498228 0.185406 233.996757 144.759577
4 13 12 0.770293 0.049301 0.180406 232.097688 123.167065
4 13 12 0.206994 0.594110 0.198896 234.112308 150.945501
4 13 12 0.221447 0.685614 0.092939 237.069290 149.918808
4 13 12 0.149170 0.760572 0.090258 241.178386 151.852302
4 13 12 0.329366 0.194684 0.475950 218.674794 142.622763
4 13 12 0.101282 0.386249 0.512469 216.324866 149.260665
4 5 13 0.724976 0.144244 0.130780 243.349812 120.371714
4 5 13 0.907571 0.008328 0.084101 237.535331 118.065144
4 5 13 0.366336 0.124854 0.508810 245.419128 135.391818
4 5 13 0.712961 0.128022 0.159017 242.601160 120.067890
4 5 13 0.424461 0.092858 0.482681 247.862241 132.620664
4 5 13 0.289479 0.428066 0.282455 261.230435 124.037039
4 5 13 0.118209 0.230937 0.650854 250.902976 143.228753
4 5 13 0.904419 0.019903 0.075678 241.838011 116.327188
4 5 13 0.156053 0.024573 0.819375 242.281068 150.579037
4 5 13 0.768067 0.029868 0.202065 241.755450 122.996304
5 14 13 0.464298 0.061119 0.474584 263.131077 137.899768
5 14 13 0.566817 0.319849 0.113334 280.267714 130.549140
5 14 13 0.647850 0.154567 0.197583 274.461556 130.532741
5 14 13 0.510497 0.209166 0.280337 273.569956 137.071319
5 14 13 0.396880 0.273778 0.329342 272.075283 138.058275
5 14 13 0.702803 0.287433 0.009764 289.247216 124.190241
5 14 13 0.128237 0.523500 0.348263 270.381827 150.370695
5 14 13 0.415598 0.187277 0.397124 269.215860 135.945816
5 14 13 0.441795 0.317818 0.240387 270.890629 139.398569
5 14 13 0.624025 0.122589 0.253387 276.460928 128.777666
5 6 14 0.764190 0.114304 0.121505 294.021467 118.409913
5 6 14 0.945712 0.028840 0.025448 289.732000 112.904401
5 6 14 0.230748 0.422952 0.346300 306.018365 127.272111
5 6 14 0.232907 0.605034 0.162059 311.406459 117.322943
5 6 14 0.288623 0.061480 0.649897 288.112877 140.321807
5 6 14 0.335024 0.474978 0.189998 306.214226 122.178319
5 6 14 0.526354 0.429618 0.044027 303.991865 115.582837
5 6 14 0.169281 0.390194 0.440525 300.174093 127.840711
5 6 14 0.552516 0.416233 0.031251 298.693054 117.566167
5 6 14 0.397609 0.392242 0.210148 304.974528 122.242130
6 15 14 0.937888 0.039301 0.022811 331.531993 113.096298
6 15 14 0.628667 0.053914 0.317419 314.925987 130.344467
6 15 14 0.582482 0.380426 0.037091 328.094212 135.015129
6 15 14 0.612948 0.165670 0.221381 321.742048 128.628508
6 15 14 0.499264 0.112659 0.388077 312.055730 134.614865
6 15 14 0.691482 0.218900 0.089617 328.620901 124.286694
6 15 14 0.244204 0.193717 0.562079 303.903497 148.475849
6 15 14 0.083460 0.790670 0.125869 327.292903 152.505815
6 15 14 0.951766 0.046402 0.001832 335.137397 114.667501
6 15 14 0.094006 0.902735 0.003259 333.555061 155.408854
6 7 15 0.691108 0.286451 0.022441 342.424703 115.717542
6 7 15 0.424544 0.561839 0.013618 355.152846 113.117454
6 7 15 0.458992 0.016636 0.524372 331.015384 137.967174
6 7 15 0.466980 0.033208 0.499812 333.127067 138.515828
6 7 15 0.542933 0.374067 0.083000 347.088671 117.572256
6 7 15 0.907290 0.002318 0.090393 332.807271 116.603686
6 7 15 0.740552 0.033724 0.225725 330.432700 125.704100
6 7 15 0.198507 0.286966 0.514527 347.782323 138.849230
6 7 15 0.237359 0.208696 0.553944 341.462866 137.103245
6 7 15 0.786132 0.165906 0.047962 338.646358 116.296100
7 16 15 0.794912 0.116757 0.088331 368.363376 121.078862
7 16 15 0.124589 0.342589 0.532822 352.484845 152.154109
7 16 15 0.845323 0.013146 0.141531 364.569318 119.753342
7 16 15 0.482771 0.363686 0.153543 367.150089 136.853443
7 16 15 0.243606 0.407443 0.348951 360.561438 144.824034
7 16 15 0.972483 0.015479 0.012038 370.185507 116.098732
7 16 15 0.301800 0.345829 0.352370 363.205432 143.713802
7 16 15 0.043929 0.464230 0.491841 355.089484 156.442100
7 16 15 0.383447 0.083688 0.532865 351.505943 139.953533
7 16 15 0.332655 0.164665 0.502680 349.114645 144.535940
7 8 16 0.048871 0.692866 0.258263 404.528124 123.741141
7 8 16 0.987197 0.005580 0.007222 372.785429 111.283155
7 8 16 0.249724 0.256272 0.494004 383.543516 132.999725
7 8 16 0.146728 0.803274 0.049998 412.043876 114.729427
7 8 16 0.878276 0.009192 0.112532 375.048539 118.838188
7 8 16 0.001483 0.134740 0.863777 382.255965 150.858655
7 8 16 0.760918 0.044448 0.194634 377.442407 119.861196
7 8 16 0.898935 0.005886 0.095180 377.560985 116.513351
7 8 16 0.250165 0.345614 0.404221 388.908312 132.476809
7 8 16 0.512873 0.209570 0.277557 384.447216 124.431976
8 17 16 0.329679 0.021534 0.648787 393.443913 141.814480
8 17 16 0.840130 0.141071 0.018798 416.847816 118.251818
8 17 16 0.786987 0.168419 0.044594 414.893130 120.670555
8 17 16 0.999847 0.000002 0.000150 414.672812 116.787759
8 17 16 0.864464 0.118300 0.017236 416.377915 121.006430
8 17 16 0.262137 0.243379 0.494483 399.158672 142.201488
8 17 16 0.896734 0.063408 0.039858 415.342465 114.039599
8 17 16 0.973918 0.004705 0.021377 415.867359 112.722575
8 17 16 0.522031 0.337235 0.140734 411.701865 132.844642
8 17 16 0.265410 0.083180 0.651410 394.134122 142.370305
9 10 18 0.759544 0.033078 0.207379 73.069450 166.994976
9 10 18 0.385268 0.310344 0.304388 83.591555 175.971369
9 10 18 0.427742 0.243713 0.328545 81.393796 177.119807
9 10 18 0.089311 0.711338 0.199351 101.279827 173.386148
9 10 18 0.811226 0.083097 0.105677 76.500313 167.913807
9 10 18 0.292340 0.309699 0.397960 84.759418 176.687771
9 10 18 0.707465 0.171603 0.120932 75.367127 167.646789
9 10 18 0.421011 0.053557 0.525432 74.860366 184.776854
9 10 18 0.849031 0.133899 0.017070 69.737043 164.013899
9 10 18 0.974658 0.023367 0.001975 70.421506 162.645033
10 19 18 0.536742 0.436039 0.027219 111.508132 179.618091
10 19 18 0.411961 0.317187 0.270852 103.207375 190.630519
10 19 18 0.791502 0.052990 0.155507 104.125793 166.925155
10 19 18 0.188252 0.652138 0.159610 107.196506 198.405010
10 19 18 0.475385 0.414221 0.110394 107.359157 184.570579
10 19 18 0.692082 0.043939 0.263978 101.808834 172.711835
10 19 18 0.272926 0.520956 0.206118 108.186290 193.926519
10 19 18 0.824231 0.040221 0.135548 106.369106 166.010179
10 19 18 0.777034 0.144340 0.078627 107.776674 170.631525
10 19 18 0.921808 0.062963 0.015229 112.295419 162.996080
10 11 19 0.570468 0.137212 0.292320 117.002455 170.374368
10 11 19 0.890112 0.080497 0.029390 117.672704 162.822588
10 11 19 0.376653 0.551932 0.071415 138.977329 163.371938
10 11 19 0.535457 0.414741 0.049803 131.346939 165.078303
10 11 19 0.947843 0.052017 0.000140 117.182157 159.966342
10 11 19 0.080080 0.908864 0.011057 147.881322 159.546458
10 11 19 0.219488 0.165209 0.615302 121.925544 188.952604
10 11 19 0.431220 0.220867 0.347913 120.177964 176.435407
10 11 19 0.728976 0.179186 0.091839 122.623303 164.926149
10 11 19 0.561724 0.096807 0.341469 118.962844 175.642313
11 20 19 0.294058 0.062936 0.643007 129.043910 192.428627
11 20 19 0.778152 0.017711 0.204137 145.939264 173.486016
11 20 19 0.245534 0.346534 0.407932 139.265478 194.365500
11 20 19 0.497426 0.467523 0.035051 153.001361 185.165355
11 20 19 0.311653 0.027235 0.661112 125.568574 194.281467
11 20 19 0.238937 0.743898 0.017165 152.923808 192.460195
11 20 19 0.416901 0.084575 0.498523 130.733641 185.071422
11 20 19 0.357765 0.160023 0.482212 135.584891 190.570592
11 20 19 0.584222 0.179996 0.235782 142.272882 179.485917
11 20 19 0.944167 0.023249 0.032584 153.146777 158.562206
11 12 20 0.023302 0.515365 0.461333 177.059459 180.276941
11 12 20 0.660472 0.021233 0.318295 154.732614 175.155651
11 12 20 0.505178 0.161061 0.333761 160.248050 174.516447
11 12 20 0.236979 0.673894 0.089127 185.121705 160.595510
11 12 20 0.373901 0.221262 0.404837 163.585124 179.927689
11 12 20 0.537206 0.056262 0.406532 156.614953 180.472111
11 12 20 0.553370 0.063256 0.383373 157.657016 176.579482
11 12 20 0.421058 0.532738 0.046204 179.006424 158.886211
11 12 20 0.854751 0.052264 0.092985 156.508836 164.812685
11 12 20 0.269396 0.321921 0.408683 169.330777 178.176835
12 21 20 0.200454 0.194872 0.604673 174.718551 195.759568
12 21 20 0.332583 0.522085 0.145332 193.403090 191.367481
12 21 20 0.201249 0.796915 0.001836 197.560248 196.937223
12 21 20 0.977474 0.013561 0.008965 197.635878 160.498431
12 21 20 0.531472 0.135013 0.333515 183.772834 179.276281
12 21 20 0.431482 0.424500 0.144018 191.400551 184.423385
12 21 20 0.822177 0.131610 0.046213 197.050876 164.243911
12 21 20 0.977315 0.003586 0.019099 198.652682 156.968584
12 21 20 0.876699 0.002441 0.120860 190.911460 165.017221
12 21 20 0.604177 0.073148 0.322676 185.653385 173.579894
12 13 21 0.546785 0.035058 0.418157 198.237577 177.683661
12 13 21 0.293536 0.113919 0.592545 201.146231 188.399654
12 13 21 0.661490 0.247591 0.090919 211.329166 164.677706
12 13 21 0.477416 0.363463 0.159121 214.103946 165.764637
12 13 21 0.514814 0.470981 0.014205 217.549794 160.539041
12 13 21 0.144295 0.000240 0.855465 193.068130 195.826929
12 13 21 0.013941 0.157268 0.828790 207.132374 196.223577
12 13 21 0.528519 0.187358 0.284123 205.721048 170.727462
12 13 21 0.099806 0.355606 0.544588 212.849660 183.307968
12 13 21 0.602748 0.086029 0.311223 201.499993 171.869356
13 22 21 0.724983 0.145203 0.129813 234.237974 169.997706
13 22 21 0.010741 0.435535 0.553724 217.267188 200.092250
13 22 21 0.719915 0.113073 0.167012 232.435756 168.150443
13 22 21 0.398966 0.337895 0.263139 231.738607 184.740262
13 22 21 0.757139 0.166818 0.076043 238.969247 171.600485
13 22 21 0.454571 0.285644 0.259786 224.638786 181.045124
13 22 21 0.053419 0.604504 0.342077 223.965207 201.390633
13 22 21 0.048297 0.868830 0.082873 238.073389 203.164156
13 22 21 0.394082 0.122849 0.483069 217.157081 187.135832
13 22 21 0.324452 0.461903 0.213645 232.304913 186.480921
13 14 22 0.637782 0.079077 0.283140 247.306287 168.210472
13 14 22 0.185172 0.468834 0.345993 263.078241 174.657054
13 14 22 0.904563 0.009830 0.085607 238.875407 166.071127
13 14 22 0.778237 0.009470 0.212292 241.462425 166.944312
13 14 22 0.315769 0.092067 0.592164 244.073470 188.784206
13 14 22 0.153529 0.821121 0.025350 281.838430 158.478394
13 14 22 0.252227 0.694862 0.052911 274.633499 157.763737
13 14 22 0.296936 0.481500 0.221564 262.985986 168.965580
13 14 22 0.847009 0.116895 0.036096 241.546639 163.196613
13 14 22 0.189842 0.594669 0.215489 269.857532 167.845966
14 23 22 0.587356 0.061996 0.350648 272.007710 170.709996
14 23 22 0.849655 0.039323 0.111023 281.720858 164.709448
14 23 22 0.173613 0.149812 0.676576 254.980098 195.897290
14 23 22 0.988614 0.008118 0.003268 287.153511 155.839778
14 23 22 0.567643 0.152347 0.280010 276.282646 174.232139
14 23 22 0.940428 0.013105 0.046467 283.978244 157.962185
14 23 22 0.622945 0.174774 0.202281 276.430836 173.588520
14 23 22 0.346419 0.577044 0.076536 283.990152 187.892175
14 23 22 0.115727 0.082049 0.802224 249.308902 195.990877
14 23 22 0.004562 0.402570 0.592867 260.357209 207.307801
14 15 23 0.086054 0.045122 0.868823 289.198557 198.810917
14 15 23 0.041743 0.129098 0.829159 294.335527 194.468240
14 15 23 0.005227 0.069801 0.924973 291.625667 203.199725
14 15 23 0.268146 0.172175 0.559679 296.188102 182.687627
14 15 23 0.946148 0.045739 0.008113 287.419780 158.018528
14 15 23 0.728895 0.054776 0.216329 288.710946 167.914621
14 15 23 0.781571 0.101967 0.116462 292.469346 161.662402
14 15 23 0.483256 0.163457 0.353287 292.316890 175.594889
14 15 23 0.762785 0.062193 0.175021 291.228205 165.571391
14 15 23 0.365385 0.612529 0.022087 314.074496 158.657111
15 24 23 0.682519 0.039545 0.277936 320.049345 172.603645
15 24 23 0.893612 0.007242 0.099146 328.387303 159.509805
15 24 23 0.612546 0.109057 0.278398 317.513388 180.102534
15 24 23 0.843855 0.071085 0.085060 326.161063 163.027310
15 24 23 0.483475 0.163652 0.352873 316.974523 182.131320
15 24 23 0.030232 0.566029 0.403739 312.485776 201.485804
15 24 23 0.594488 0.384812 0.020700 323.986673 177.047082
15 24 23 0.928657 0.011214 0.060129 327.277780 161.005098
15 24 23 0.173208 0.707362 0.119430 323.543128 195.616020
15 24 23 0.516376 0.200758 0.282867 314.010519 179.397885
15 16 24 0.249092 0.141945 0.608962 335.600421 183.480165
15 16 24 0.889151 0.006750 0.104099 331.380016 163.044282
15 16 24 0.120266 0.238325 0.641410 346.029687 186.938907
15 16 24 0.767130 0.062195 0.170676 331.822391 164.977478
15 16 24 0.163025 0.459464 0.377511 354.156486 176.682135
15 16 24 0.584981 0.345564 0.069455 352.234273 160.627910
15 16 24 0.883876 0.021616 0.094509 331.197312 162.662269
15 16 24 0.436743 0.447989 0.115268 351.321777 160.572903
15 16 24 0.748266 0.079112 0.172622 335.190585 163.696817
15 16 24 0.396410 0.575053 0.028537 358.339694 160.404369
16 25 24 0.505081 0.211131 0.283788 363.165074 181.047185
16 25 24 0.695410 0.138075 0.166514 369.859737 166.079779
16 25 24 0.144956 0.406073 0.448971 354.922177 193.746310
16 25 24 0.782677 0.078903 0.138420 369.095539 165.357799
16 25 24 0.685195 0.236260 0.078545 372.430742 169.805361
16 25 24 0.261369 0.563080 0.175551 370.889284 191.231439
16 25 24 0.142491 0.367229 0.490280 350.609678 192.957411
16 25 24 0.080446 0.381698 0.537856 348.860375 192.577002
16 25 24 0.219291 0.658704 0.122004 369.794047 191.103157
16 25 24 0.201139 0.532539 0.266322 361.959946 190.993772
16 17 25 0.444308 0.265274 0.290419 388.481796 170.240534
16 17 25 0.838079 0.007211 0.154710 374.619442 163.838513
16 17 25 0.863146 0.112511 0.024343 381.740052 159.856985
16 17 25 0.178242 0.437975 0.383783 396.939560 174.972730
16 17 25 0.850824 0.031052 0.118123 375.270107 162.512549
16 17 25 0.591624 0.316831 0.091545 391.546108 163.689398
16 17 25 0.637695 0.340308 0.021997 391.058930 155.903547
16 17 25 0.304123 0.208991 0.486886 385.278046 178.322976
16 17 25 0.232717 0.441504 0.325779 394.920871 172.207673
16 17 25 0.269850 0.370956 0.359194 393.561613 173.197574
17 26 25 0.342528 0.054702 0.602770 392.582678 184.381180
17 26 25 0.363448 0.217807 0.418745 401.460334 184.441603
17 26 25 0.074349 0.296818 0.628833 392.524908 195.768856
17 26 25 0.912692 0.011851 0.075457 415.288213 156.469438
17 26 25 0.734735 0.221944 0.043321 419.242552 170.057257
17 26 25 0.389014 0.525639 0.085347 419.782307 184.043531
17 26 25 0.657750 0.218018 0.124231 413.983495 169.487437
17 26 25 0.687568 0.094912 0.217520 410.380274 171.424314
17 26 25 0.735479 0.259230 0.005291 419.284770 164.124265
17 26 25 0.242757 0.265930 0.491313 397.661155 192.620138
18 19 27 0.150104 0.663879 0.186017 102.731223 212.517528
18 19 27 0.822688 0.070234 0.107078 80.871909 210.331100
18 19 27 0.739202 0.103554 0.157244 82.818784 210.450612
18 19 27 0.204639 0.475032 0.320329 96.661370 219.343470
18 19 27 0.658811 0.134753 0.206435 83.038359 212.605131
18 19 27 0.672428 0.079913 0.247659 83.287173 212.685828
18 19 27 0.765230 0.163639 0.071131 81.395544 207.097253
18 19 27 0.993110 0.006757 0.000133 77.201979 208.208703
18 19 27 0.077363 0.088630 0.834007 88.911851 240.651377
18 19 27 0.895965 0.036100 0.067935 75.079800 209.830196
19 28 27 0.777738 0.180697 0.041565 116.172903 216.931587
19 28 27 0.884866 0.035937 0.079197 110.312497 209.001400
19 28 27 0.649266 0.305970 0.044764 112.901255 218.327473
19 28 27 0.286270 0.227270 0.486460 101.381629 233.285508
19 28 27 0.880737 0.027533 0.091730 114.479995 210.101830
19 28 27 0.472579 0.262050 0.265371 106.995594 226.528663
19 28 27 0.384184 0.239315 0.376501 110.044556 233.796519
19 28 27 0.896405 0.089118 0.014476 117.699328 211.729722
19 28 27 0.706789 0.259954 0.033256 114.376708 222.223354
19 28 27 0.142040 0.607761 0.250199 115.858593 239.701967
19 20 28 0.925880 0.058249 0.015870 118.121232 209.402541
19 20 28 0.712227 0.130275 0.157498 124.968651 213.188636
19 20 28 0.466366 0.405907 0.127727 132.716426 210.522352
19 20 28 0.260031 0.428771 0.311198 130.276335 219.228614
19 20 28 0.216089 0.159971 0.623940 130.415332 229.704509
19 20 28 0.846727 0.134731 0.018543 121.165500 204.370276
19 20 28 0.072586 0.113976 0.813438 127.983061 238.294894
19 20 28 0.403229 0.484707 0.112063 135.250009 212.796945
19 20 28 0.041463 0.353279 0.605258 136.622669 227.663702
19 20 28 0.637589 0.130651 0.231760 122.380097 213.750601
20 29 28 0.883250 0.042571 0.074179 157.788248 210.277058
20 29 28 0.222603 0.647913 0.129484 157.685406 235.581019
20 29 28 0.466627 0.400355 0.133018 158.308775 227.615703
20 29 28 0.866023 0.004229 0.129748 154.687101 208.867802
20 29 28 0.626957 0.301394 0.071649 158.237321 221.237141
20 29 28 0.573974 0.043366 0.382660 141.121419 226.355910
20 29 28 0.126718 0.066686 0.806595 130.180664 243.331944
20 29 28 0.656562 0.209361 0.134078 148.950537 221.642909
20 29 28 0.229674 0.079008 0.691318 132.447577 241.072324
20 29 28 0.038684 0.548488 0.412828 146.003894 244.469230
20 21 29 0.343948 0.138107 0.517945 167.925404 223.827127
20 21 29 0.783794 0.014198 0.202008 159.852993 214.315290
20 21 29 0.705112 0.053524 0.241364 161.487161 220.084155
20 21 29 0.164643 0.474777 0.360581 172.833802 219.098592
20 21 29 0.531702 0.292601 0.175698 170.976932 210.017214
20 21 29 0.087159 0.705045 0.207797 188.448236 208.749731
20 21 29 0.932704 0.032535 0.034760 157.350857 203.629929
20 21 29 0.525026 0.396951 0.078023 170.136943 213.139286
20 21 29 0.288895 0.689565 0.021541 184.571156 204.173794
20 21 29 0.015794 0.708343 0.275863 187.267755 217.040699
21 30 29 0.585692 0.111100 0.303208 187.933781 219.094580
21 30 29 0.278260 0.246996 0.474744 179.339990 233.643433
21 30 29 0.273672 0.318578 0.407750 180.392193 233.985182
21 30 29 0.932351 0.005653 0.061996 193.384155 207.005256
21 30 29 0.063307 0.744350 0.192343 193.422847 241.234729
21 30 29 0.741807 0.178682 0.079511 195.687419 211.722553
21 30 29 0.292071 0.144641 0.563288 177.882853 235.857247
21 30 29 0.313695 0.625521 0.060784 199.929605 234.121218
21 30 29 0.717228 0.114989 0.167783 191.075764 217.141541
21 30 29 0.183709 0.509468 0.306823 187.427963 237.074599
21 22 30 0.645852 0.054726 0.299422 200.619098 215.639465
21 22 30 0.414386 0.458331 0.127283 215.083013 207.955513
21 22 30 0.788758 0.048468 0.162774 202.466980 210.680837
21 22 30 0.841536 0.106382 0.052082 202.482244 203.777538
21 22 30 0.310406 0.677670 0.011924 224.302378 201.516004
21 22 30 0.916504 0.006104 0.077392 199.814035 203.097919
21 22 30 0.197089 0.349917 0.452993 214.958782 222.777723
21 22 30 0.302466 0.434087 0.263447 218.409220 214.401160
21 22 30 0.664941 0.043549 0.291510 199.014123 217.218796
21 22 30 0.998018 0.000734 0.001248 196.958944 201.148315
22 31 30 0.064268 0.522294 0.413437 228.137875 242.640666
22 31 30 0.376529 0.235577 0.387894 225.772322 228.291991
22 31 30 0.663451 0.142759 0.193790 234.852923 213.162237
22 31 30 0.507824 0.467372 0.024804 241.513243 225.385366
22 31 30 0.893594 0.075031 0.031375 239.831614 207.212401
22 31 30 0.139123 0.816350 0.044528 242.811094 241.388255
22 31 30 0.850776 0.000005 0.149220 235.233850 210.932447
22 31 30 0.499042 0.055733 0.445225 224.705641 224.277137
22 31 30 0.928665 0.025680 0.045655 236.382723 209.184292
22 31 30 0.770462 0.116185 0.113353 235.051641 211.342233
22 23 31 0.034634 0.419086 0.546280 262.466975 226.134421
22 23 31 0.813514 0.105714 0.080772 245.766127 207.789917
22 23 31 0.690032 0.069513 0.240454 244.875999 206.298416
22 23 31 0.002943 0.007444 0.989613 240.522731 247.056743
22 23 31 0.342545 0.616496 0.040959 268.001601 208.965999
22 23 31 0.420112 0.351566 0.228323 257.711702 212.489475
22 23 31 0.537213 0.439197 0.023590 260.587189 203.819592
22 23 31 0.554352 0.159652 0.285997 246.600723 216.661268
22 23 31 0.579457 0.032755 0.387788 246.770475 220.375488
22 23 31 0.485380 0.029985 0.484635 243.905241 224.820527
23 32 31 0.497237 0.202003 0.300761 273.266497 223.536065
23 32 31 0.157006 0.670714 0.172281 277.476137 237.622302
23 32 31 0.436518 0.417103 0.146380 281.406647 228.494382
23 32 31 0.136738 0.250029 0.613233 259.949666 238.096117
23 32 31 0.441838 0.178832 0.379329 268.869980 225.860794
23 32 31 0.479377 0.222337 0.298287 272.213328 225.590648
23 32 31 0.084354 0.426192 0.489454 263.442278 241.639738
23 32 31 0.136405 0.305187 0.558408 264.160677 237.572230
23 32 31 0.943632 0.040290 0.016078 286.557964 204.807116
23 32 31 0.418488 0.395139 0.186373 277.002402 227.358954
23 24 32 0.777116 0.173159 0.049725 294.512789 205.614882
23 24 32 0.835996 0.055691 0.108313 291.143324 205.077126
23 24 32 0.013485 0.151399 0.835115 290.558715 239.355921
23 24 32 0.079548 0.077459 0.842993 288.566365 240.046334
23 24 32 0.038219 0.718640 0.243141 316.967729 215.428988
23 24 32 0.901389 0.011296 0.087314 289.485918 205.882442
23 24 32 0.796945 0.089099 0.113956 291.069807 208.244976
23 24 32 0.736386 0.160466 0.103148 296.361223 208.288976
23 24 32 0.825446 0.123303 0.051251 290.725125 206.601552
23 24 32 0.881245 0.006085 0.112671 285.116972 209.158801
24 33 32 0.986595 0.006537 0.006868 328.479775 208.008359
24 33 32 0.369981 0.512430 0.117589 324.398700 232.579084
24 33 32 0.247419 0.682548 0.070032 323.688889 232.824742
24 33 32 0.936784 0.007633 0.055583 327.172694 206.450910
24 33 32 0.015075 0.059632 0.925294 289.402147 242.165518
24 33 32 0.265612 0.043304 0.691084 300.340613 237.048234
24 33 32 0.293905 0.301543 0.404552 311.507572 235.599189
24 33 32 0.148099 0.647622 0.204279 322.360199 237.033426
24 33 32 0.897761 0.025169 0.077071 324.984425 211.563348
24 33 32 0.985021 0.005912 0.009066 328.041317 204.765647
24 25 33 0.685976 0.284937 0.029087 340.907895 203.531977
24 25 33 0.331624 0.172089 0.496287 337.176027 225.478691
24 25 33 0.406981 0.423126 0.169893 347.844215 210.422373
24 25 33 0.158590 0.791611 0.049799 361.766268 207.074010
24 25 33 0.149632 0.428859 0.421509 347.257102 220.188582
24 25 33 0.342365 0.070636 0.586999 332.536252 226.071849
24 25 33 0.578129 0.384635 0.037236 346.234274 205.048408
24 25 33 0.471281 0.193461 0.335258 335.549090 221.708648
24 25 33 0.353643 0.137239 0.509119 335.533824 224.500335
24 25 33 0.206084 0.672880 0.121036 361.297628 211.460621
25 34 33 0.853034 0.089983 0.056984 368.356741 208.550050
25 34 33 0.576074 0.246768 0.177157 360.846216 220.213241
25 34 33 0.258711 0.395354 0.345935 360.097563 232.798485
25 34 33 0.063961 0.925009 0.011030 373.529260 241.721803
25 34 33 0.889554 0.073185 0.037261 370.328237 206.350284
25 34 33 0.912046 0.013699 0.074255 368.898795 208.013667
25 34 33 0.367421 0.248881 0.383698 356.899134 229.888272
25 34 33 0.699167 0.132043 0.168791 363.958760 213.701292
25 34 33 0.632820 0.161988 0.205192 361.828413 219.076703
25 34 33 0.000104 0.237887 0.762009 333.608646 244.703140
25 26 34 0.247877 0.229833 0.522290 383.597697 221.905998
25 26 34 0.344929 0.565950 0.089122 400.214970 205.039028
25 26 34 0.155768 0.259108 0.585124 385.788130 230.937646
25 26 34 0.041554 0.451471 0.506975 395.471821 226.588916
25 26 34 0.532108 0.273562 0.194330 385.857651 208.738268
25 26 34 0.365224 0.486184 0.148592 394.083712 203.960251
25 26 34 0.406461 0.127094 0.466445 378.398619 222.232385
25 26 34 0.410782 0.022768 0.566449 374.992501 223.265370
25 26 34 0.394040 0.497611 0.108349 394.907316 202.508943
25 26 34 0.690072 0.035032 0.274896 375.534436 211.578965
26 35 34 0.358601 0.031492 0.609907 394.474566 228.633097
26 35 34 0.139627 0.065319 0.795053 377.119043 239.512689
26 35 34 0.609123 0.097063 0.293815 401.662647 218.181561
26 35 34 0.289953 0.628264 0.081782 413.179191 232.907124
26 35 34 0.072133 0.404206 0.523661 393.959855 241.388635
26 35 34 0.928959 0.046172 0.024869 424.402819 202.564197
26 35 34 0.100942 0.823445 0.075613 414.053571 238.348614
26 35 34 0.504703 0.094774 0.400523 396.103272 221.386284
26 35 34 0.131292 0.693470 0.175238 410.638616 238.640687
26 35 34 0.510001 0.209878 0.280121 402.949304 222.564156
27 28 36 0.546871 0.301342 0.151787 97.349812 250.175978
27 28 36 0.943793 0.050482 0.005725 86.422691 247.266991
27 28 36 0.267315 0.138928 0.593757 94.651926 263.529023
27 28 36 0.502650 0.441226 0.056124 102.041673 247.593447
27 28 36 0.146342 0.799082 0.054576 115.773730 249.176421
27 28 36 0.734375 0.115130 0.150495 88.464436 250.281099
27 28 36 0.906352 0.033793 0.059855 87.996705 246.618470
27 28 36 0.020315 0.415345 0.564340 107.758048 263.305587
27 28 36 0.169513 0.285602 0.544885 103.115392 263.042834
27 28 36 0.844860 0.154543 0.000598 87.638691 243.150138
28 37 36 0.235048 0.638821 0.126131 124.851953 269.014326
28 37 36 0.465170 0.071957 0.462873 114.903599 264.951227
28 37 36 0.714086 0.212484 0.073430 119.732682 256.229663
28 37 36 0.647291 0.321454 0.031255 126.695400 254.889970
28 37 36 0.274138 0.255334 0.470528 111.475103 269.726848
28 37 36 0.122103 0.082994 0.794903 102.293197 273.377712
28 37 36 0.940063 0.011205 0.048733 122.365056 248.751977
28 37 36 0.961885 0.000338 0.037777 123.741670 248.149256
28 37 36 0.365898 0.198716 0.435387 112.698341 265.868410
28 37 36 0.385267 0.031229 0.583505 106.048753 265.262381
28 29 37 0.784975 0.106271 0.108754 125.897766 249.444436
28 29 37 0.658841 0.284744 0.056415 132.943306 249.027177
28 29 37 0.606110 0.381517 0.012373 135.518768 240.912666
28 29 37 0.166072 0.462093 0.371835 140.321945 258.731728
28 29 37 0.278659 0.626600 0.094741 149.845949 249.881663
28 29 37 0.113269 0.116264 0.770467 132.953883 269.203754
28 29 37 0.515661 0.258095 0.226244 136.730569 251.351345
28 29 37 0.706087 0.246514 0.047398 133.782953 247.255961
28 29 37 0.337506 0.191988 0.470506 129.898350 259.744405
28 29 37 0.176368 0.547992 0.275640 145.871060 252.974447
29 38 37 0.189729 0.037627 0.772644 140.031133 275.017032
29 38 37 0.091301 0.690626 0.218072 156.782491 276.334619
29 38 37 0.568936 0.136363 0.294701 152.182139 260.670276
29 38 37 0.613937 0.237866 0.148197 160.907002 257.525477
29 38 37 0.744751 0.208490 0.046759 159.421652 253.147502
29 38 37 0.292544 0.123247 0.584210 147.545355 268.038454
29 38 37 0.656011 0.341050 0.002939 162.676784 257.006100
29 38 37 0.220516 0.329829 0.449655 150.340294 273.790096
29 38 37 0.754159 0.110794 0.135047 159.816808 258.377405
29 38 37 0.561249 0.324379 0.114372 161.055766 261.819786
29 30 38 0.479719 0.377988 0.142293 183.127103 249.564457
29 30 38 0.922962 0.041651 0.035387 164.734676 248.837708
29 30 38 0.186145 0.761311 0.052544 193.104924 244.517608
29 30 38 0.324553 0.136729 0.538718 173.058639 261.464830
29 30 38 0.542771 0.084444 0.372786 169.409024 260.046790
29 30 38 0.633728 0.004883 0.361389 163.099195 255.018292
29 30 38 0.759725 0.189969 0.050306 169.703467 246.453623
29 30 38 0.665432 0.283519 0.051049 173.209334 251.023904
29 30 38 0.357126 0.246837 0.396037 174.204311 261.901194
29 30 38 0.242522 0.729096 0.028383 187.377793 247.759988
30 39 38 0.002028 0.717149 0.280822 194.362542 281.680027
30 39 38 0.268501 0.064406 0.667093 183.772580 272.409744
30 39 38 0.531744 0.060130 0.408126 186.295954 263.835730
30 39 38 0.239379 0.487818 0.272804 192.468017 273.358574
30 39 38 0.511198 0.405488 0.083314 200.063659 262.463385
30 39 38 0.361286 0.175878 0.462836 186.661921 270.612740
30 39 38 0.362885 0.439002 0.198113 197.188862 265.099616
30 39 38 0.169628 0.371687 0.458685 189.086456 278.213667
30 39 38 0.325369 0.182630 0.492002 188.084028 272.762047
30 39 38 0.247348 0.679642 0.073010 201.699983 272.059604
30 31 39 0.956525 0.037599 0.005876 201.886413 243.281391
30 31 39 0.700317 0.210888 0.088794 213.211264 247.349905
30 31 39 0.694061 0.133978 0.171961 206.880078 251.984556
30 31 39 0.835818 0.059917 0.104265 206.534258 250.539679
30 31 39 0.370849 0.026202 0.602948 201.554466 269.269077
30 31 39 0.097740 0.075317 0.826942 208.366035 277.552339
30 31 39 0.334681 0.516233 0.149086 223.326769 250.308621
30 31 39 0.831690 0.069761 0.098549 203.508202 250.445891
30 31 39 0.193765 0.011907 0.794328 206.796401 274.892277
30 31 39 0.445796 0.391534 0.162670 216.822718 250.620969
31 40 39 0.730353 0.238205 0.031442 240.571164 254.903859
31 40 39 0.627876 0.215726 0.156398 237.134604 260.924027
31 40 39 0.578144 0.199439 0.222417 234.456314 259.810803
31 40 39 0.319851 0.379968 0.300181 232.391837 269.909854
31 40 39 0.324920 0.242304 0.432776 225.535684 270.319007
31 40 39 0.498829 0.001073 0.500097 225.798574 262.914473
31 40 39 0.458000 0.259739 0.282261 232.772776 267.323370
31 40 39 0.508021 0.162392 0.329587 230.008704 267.209749
31 40 39 0.504567 0.233065 0.262369 232.087736 261.468955
31 40 39 0.205470 0.399048 0.395481 225.571827 275.397864
31 32 40 0.673269 0.094561 0.232170 247.549123 255.719279
31 32 40 0.561359 0.292043 0.146598 253.583323 253.159880
31 32 40 0.345343 0.005631 0.649026 242.035532 267.285539
31 32 40 0.649820 0.276050 0.074131 253.281231 249.092023
31 32 40 0.977894 0.008574 0.013532 241.301627 250.068860
31 32 40 0.256519 0.626303 0.117178 269.961913 250.990013
31 32 40 0.620981 0.048648 0.330371 243.555479 258.462914
31 32 40 0.120973 0.375197 0.503831 260.863967 262.918034
31 32 40 0.586513 0.219101 0.194387 248.633505 253.298233
31 32 40 0.947402 0.010172 0.042427 244.269211 248.499308
32 41 40 0.875854 0.074179 0.049967 279.196819 248.011666
32 41 40 0.047038 0.715378 0.237584 270.429257 283.380911
32 41 40 0.272214 0.425132 0.302654 270.530636 275.225918
32 41 40 0.569991 0.117640 0.312369 272.315877 263.310208
32 41 40 0.473478 0.278206 0.248315 273.848038 265.279051
32 41 40 0.751773 0.131016 0.117211 276.937664 254.861214
32 41 40 0.989073 0.004698 0.006229 286.475212 243.506146
32 41 40 0.318584 0.524934 0.156482 278.136809 274.999690
32 41 40 0.956579 0.015431 0.027990 286.131259 244.373434
32 41 40 0.509886 0.287360 0.202754 277.733367 261.424648
32 33 41 0.366811 0.575848 0.057342 309.738696 247.518472
32 33 41 0.346359 0.462210 0.191432 303.081797 251.669013
32 33 41 0.659090 0.304887 0.036023 293.225036 247.144913
32 33 41 0.217065 0.202049 0.580886 293.831513 267.006147
32 33 41 0.717550 0.093366 0.189084 288.015096 250.703633
32 33 41 0.071284 0.748669 0.180047 314.101216 250.372906
32 33 41 0.355964 0.614687 0.029349 311.611468 247.009689
32 33 41 0.060782 0.883153 0.056065 323.107423 247.525206
32 33 41 0.260862 0.043642 0.695496 286.034406 271.785497
32 33 41 0.343339 0.638483 0.018178 311.385984 244.509098
33 42 41 0.391159 0.374110 0.234731 316.537107 266.710406
33 42 41 0.213214 0.766985 0.019801 328.346126 270.945473
33 42 41 0.727624 0.008863 0.263512 313.930546 254.269880
33 42 41 0.200891 0.160278 0.638831 299.401047 271.523077
33 42 41 0.935697 0.059566 0.004737 330.731490 247.239244
33 42 41 0.351439 0.597172 0.051389 325.862434 269.743073
33 42 41 0.851560 0.103046 0.045394 324.664912 252.954791
33 42 41 0.828624 0.087354 0.084022 324.556481 249.082774
33 42 41 0.459890 0.302098 0.238012 315.518103 265.880833
33 42 41 0.595752 0.233421 0.170827 322.134152 261.479312
33 34 42 0.504996 0.268988 0.226016 336.559101 255.854454
33 34 42 0.839700 0.057550 0.102750 327.653813 247.613952
33 34 42 0.938003 0.022032 0.039965 332.099323 246.768965
33 34 42 0.216212 0.231886 0.551903 339.530067 265.563714
33 34 42 0.304988 0.510564 0.184448 351.550135 254.510407
33 34 42 0.888809 0.003246 0.107945 326.805646 251.377515
33 34 42 0.613132 0.154672 0.232196 333.696220 255.443343
33 34 42 0.756091 0.200546 0.043363 335.944493 247.912923
33 34 42 0.050056 0.005837 0.944108 325.972198 281.895222
33 34 42 0.355866 0.616001 0.028132 352.462565 248.515462
34 43 42 0.691230 0.186764 0.122006 362.782574 257.687394
34 43 42 0.125264 0.628513 0.246223 358.360306 281.673974
34 43 42 0.788704 0.197305 0.013991 367.098656 253.289985
34 43 42 0.504404 0.313919 0.181677 361.746765 263.066096
34 43 42 0.700917 0.022867 0.276217 358.388531 258.772408
34 43 42 0.727399 0.002368 0.270232 358.746720 256.557838
34 43 42 0.201700 0.791891 0.006409 367.683950 279.716332
34 43 42 0.940916 0.009619 0.049464 366.736219 249.698932
34 43 42 0.080742 0.898332 0.020926 365.827795 279.174609
34 43 42 0.525535 0.404624 0.069840 364.239870 259.747861
34 35 43 0.209463 0.370840 0.419698 383.437219 258.841260
34 35 43 0.323077 0.439607 0.237316 391.325584 251.844299
34 35 43 0.227421 0.281407 0.491172 382.558025 266.029958
34 35 43 0.367444 0.510987 0.121569 395.215495 249.796224
34 35 43 0.205409 0.246321 0.548270 381.443746 266.847491
34 35 43 0.198385 0.712800 0.088815 403.570930 247.535648
34 35 43 0.785899 0.149996 0.064104 379.482499 248.682962
34 35 43 0.974955 0.010784 0.014261 373.557675 249.892904
34 35 43 0.071618 0.366858 0.561524 385.507073 267.007393
34 35 43 0.183994 0.317817 0.498189 383.142024 264.541745
35 44 43 0.348502 0.524598 0.126900 409.625361 268.772431
35 44 43 0.642520 0.340469 0.017011 415.462800 260.698869
35 44 43 0.941355 0.043816 0.014829 414.209882 244.514507
35 44 43 0.828647 0.032039 0.139314 409.218093 247.956171
35 44 43 0.715610 0.155594 0.128796 408.804364 253.142719
35 44 43 0.363380 0.030607 0.606013 385.238630 270.399940
35 44 43 0.065140 0.284285 0.650574 382.258848 280.089510
35 44 43 0.340945 0.379287 0.279768 399.576960 271.007473
35 44 43 0.405882 0.415806 0.178312 405.904910 268.345661
35 44 43 0.614615 0.271864 0.113521 407.621085 260.047600
36 37 45 0.784893 0.047313 0.167794 96.520171 281.442271
36 37 45 0.929623 0.050412 0.019965 94.414220 277.290224
36 37 45 0.635857 0.037025 0.327118 97.040058 286.112242
36 37 45 0.202401 0.188310 0.609288 105.320841 295.017294
36 37 45 0.599144 0.213116 0.187740 103.922833 287.516385
36 37 45 0.017772 0.859702 0.122526 128.999175 279.745546
36 37 45 0.515876 0.201155 0.282969 106.849831 286.000806
36 37 45 0.770127 0.090096 0.139777 102.200336 280.277969
36 37 45 0.748974 0.142308 0.108718 104.039947 283.046711
36 37 45 0.070012 0.074202 0.855786 109.321301 304.711573
37 46 45 0.998776 0.000331 0.000893 127.262749 277.696937
37 46 45 0.411594 0.140602 0.447803 121.158696 297.717254
37 46 45 0.130840 0.329027 0.540133 118.777066 307.599243
37 46 45 0.645039 0.127113 0.227848 128.509287 290.338970
37 46 45 0.618439 0.264568 0.116992 133.154162 290.346133
37 46 45 0.120458 0.421451 0.458091 123.567714 303.617280
37 46 45 0.885657 0.039705 0.074638 130.500236 283.682289
37 46 45 0.207723 0.361253 0.431025 118.728693 297.885413
37 46 45 0.294664 0.323385 0.381952 121.733641 298.479507
37 46 45 0.184632 0.310464 0.504904 119.085847 302.877816
37 38 46 0.163971 0.242543 0.593486 141.352107 299.002431
37 38 46 0.607059 0.384797 0.008144 148.127096 275.307860
37 38 46 0.888242 0.026995 0.084763 134.532004 284.101352
37 38 46 0.104436 0.449431 0.446134 151.463423 293.484348
37 38 46 0.725507 0.011010 0.263483 132.905106 290.682368
37 38 46 0.929902 0.033104 0.036994 130.844476 279.802102
37 38 46 0.928732 0.020338 0.050930 134.577450 282.040338
37 38 46 0.464598 0.529846 0.005556 149.849204 280.318101
37 38 46 0.639439 0.022937 0.337624 132.934433 291.268710
37 38 46 0.520578 0.062418 0.417004 134.878949 286.527243
38 47 46 0.740076 0.257853 0.002071 164.834387 286.184196
38 47 46 0.637774 0.354277 0.007949 168.924800 289.663909
38 47 46 0.452728 0.188027 0.359245 160.596175 296.720736
38 47 46 0.741399 0.166460 0.092141 166.795036 286.259834
38 47 46 0.498439 0.209554 0.292007 159.961137 295.383364
38 47 46 0.170778 0.412654 0.416568 155.960253 305.744225
38 47 46 0.305721 0.593958 0.100321 170.199096 300.286211
38 47 46 0.733197 0.035817 0.230986 165.636450 289.402001
38 47 46 0.386043 0.281929 0.332027 161.596640 296.247587
38 47 46 0.757724 0.150391 0.091885 164.604190 286.601228
38 39 47 0.667317 0.259337 0.073345 177.898246 284.715146
38 39 47 0.442004 0.396022 0.161974 183.090964 283.651855
38 39 47 0.174343 0.038644 0.787013 174.210084 301.416176
38 39 47 0.552645 0.362797 0.084559 182.556281 284.726258
38 39 47 0.331638 0.389786 0.278576 184.161597 286.880577
38 39 47 0.886830 0.108878 0.004292 171.404086 282.385078
38 39 47 0.873211 0.116923 0.009866 175.193759 277.160326
38 39 47 0.703214 0.098389 0.198397 172.993884 286.666475
38 39 47 0.962872 0.029956 0.007171 166.277426 280.348201
38 39 47 0.310998 0.210766 0.478235 181.933784 293.844393
39 48 47 0.960715 0.035938 0.003347 208.664043 282.929511
39 48 47 0.585480 0.053311 0.361209 194.064301 295.462210
39 48 47 0.331391 0.086114 0.582494 190.840597 300.879295
39 48 47 0.896805 0.030066 0.073128 205.555261 289.482528
39 48 47 0.031164 0.940038 0.028798 205.619350 305.798215
39 48 47 0.799817 0.006734 0.193449 201.555706 286.491751
39 48 47 0.817166 0.121801 0.061033 203.209641 287.123459
39 48 47 0.956481 0.040253 0.003265 206.072210 282.103280
39 48 47 0.582662 0.316212 0.101126 203.994516 294.797691
39 48 47 0.149937 0.633118 0.216945 201.113137 305.844301
39 40 48 0.121253 0.872110 0.006637 239.577369 280.610865
39 40 48 0.288383 0.056393 0.655224 216.244767 298.116664
39 40 48 0.526028 0.201686 0.272285 212.804099 288.540985
39 40 48 0.650331 0.023872 0.325797 209.242103 291.322525
39 40 48 0.005046 0.535527 0.459427 225.753255 296.106608
39 40 48 0.655711 0.181706 0.162583 211.285329 286.310973
39 40 48 0.988052 0.003744 0.008204 203.955372 286.138978
39 40 48 0.944689 0.006427 0.048884 209.368230 280.001153
39 40 48 0.223326 0.747005 0.029669 235.034776 280.170871
39 40 48 0.779262 0.060876 0.159862 208.900924 283.810260
40 49 48 0.229999 0.530532 0.239469 237.176278 305.703631
40 49 48 0.213986 0.768226 0.017788 243.522102 308.312648
40 49 48 0.266447 0.180449 0.553104 226.921656 304.830327
40 49 48 0.163888 0.423016 0.413095 230.119638 300.338242
40 49 48 0.367768 0.312203 0.320029 232.145084 298.819668
40 49 48 0.838188 0.095523 0.066289 244.356606 288.591549
40 49 48 0.690904 0.096407 0.212688 235.058657 287.187182
40 49 48 0.108718 0.566235 0.325048 234.265714 305.973320
40 49 48 0.316563 0.158418 0.525018 220.214548 303.160175
40 49 48 0.593361 0.037238 0.369401 232.329729 292.306952
40 41 49 0.678792 0.123882 0.197326 249.367270 287.890307
40 41 49 0.261137 0.333885 0.404978 255.643018 295.678154
40 41 49 0.056438 0.552711 0.390851 266.976210 295.326850
40 41 49 0.541119 0.281833 0.177048 258.286005 289.674799
40 41 49 0.449168 0.034000 0.516832 242.580278 296.698848
40 41 49 0.714652 0.197463 0.087885 251.392086 282.822251
40 41 49 0.531863 0.062285 0.405852 248.174599 291.238413
40 41 49 0.432440 0.049788 0.517772 245.239247 296.296254
40 41 49 0.998112 0.000202 0.001687 241.009600 279.804549
40 41 49 0.061568 0.824987 0.113445 278.168003 285.932223
41 50 49 0.134258 0.768598 0.097144 281.425732 307.954608
41 50 49 0.824402 0.036069 0.139529 279.875815 287.440138
41 50 49 0.828358 0.110309 0.061333 286.166364 285.828736
41 50 49 0.277101 0.100494 0.622406 257.556175 303.235311
41 50 49 0.447896 0.521129 0.030975 279.376789 300.061041
41 50 49 0.909387 0.068557 0.022057 283.928961 286.500834
41 50 49 0.651759 0.157585 0.190656 274.054177 291.252761
41 50 49 0.043630 0.673756 0.282615 274.954342 310.159037
41 50 49 0.259412 0.485588 0.254999 280.095196 304.100791
41 50 49 0.799920 0.089546 0.110534 281.517182 287.837310
41 42 50 0.492348 0.113452 0.394200 286.501928 294.822178
41 42 50 0.984930 0.001365 0.013705 286.176978 282.908390
41 42 50 0.773604 0.040876 0.185520 283.773253 291.216981
41 42 50 0.113131 0.682193 0.204676 314.065526 286.712852
41 42 50 0.886696 0.019817 0.093486 283.761270 286.926243
41 42 50 0.879946 0.102289 0.017765 286.964665 285.124505
41 42 50 0.732762 0.177665 0.089573 291.297467 288.424362
41 42 50 0.251860 0.550906 0.197234 308.290549 288.351452
41 42 50 0.634881 0.197160 0.167959 293.168187 288.014042
41 42 50 0.140524 0.826289 0.033187 317.354149 285.599165
42 51 50 0.163831 0.070791 0.765378 293.000138 309.721191
42 51 50 0.613888 0.128817 0.257295 316.291187 293.848205
42 51 50 0.782626 0.001098 0.216276 317.415353 287.476964
42 51 50 0.958891 0.011696 0.029414 323.851259 283.816456
42 51 50 0.874397 0.113691 0.011912 322.598645 283.600974
42 51 50 0.118077 0.238897 0.643027 299.889785 308.388276
42 51 50 0.032713 0.007122 0.960165 283.318437 310.370634
42 51 50 0.382741 0.523965 0.093294 318.521539 306.865915
42 51 50 0.751960 0.085454 0.162586 317.225149 288.864190
42 51 50 0.883332 0.079403 0.037265 327.353466 283.961324
42 43 51 0.690680 0.221869 0.087451 330.442900 287.673875
42 43 51 0.407734 0.580231 0.012035 350.231942 284.059594
42 43 51 0.412558 0.371930 0.215512 339.895719 290.227303
42 43 51 0.391258 0.406254 0.202488 341.975038 289.345320
42 43 51 0.675507 0.316282 0.008211 340.416851 283.322831
42 43 51 0.986502 0.010913 0.002585 323.617107 282.380477
42 43 51 0.920600 0.049353 0.030047 329.621335 288.891654
42 43 51 0.193718 0.754741 0.051541 358.079591 284.522058
42 43 51 0.294581 0.610274 0.095145 355.142175 284.847051
42 43 51 0.766158 0.231453 0.002389 336.483333 283.402773
43 52 51 0.862264 0.056574 0.081162 362.214004 285.878965
43 52 51 0.794025 0.039208 0.166767 361.637769 289.827720
43 52 51 0.984408 0.011185 0.004408 369.383133 285.229249
43 52 51 0.995854 0.003683 0.000463 368.570578 286.505181
43 52 51 0.879328 0.043251 0.077421 364.142157 285.645965
43 52 51 0.280076 0.140000 0.579924 346.140707 307.669403
43 52 51 0.848550 0.007289 0.144161 363.930300 286.580638
43 52 51 0.861145 0.113515 0.025340 365.897677 288.301586
43 52 51 0.633793 0.076774 0.289433 354.901992 298.181242
43 52 51 0.682478 0.253384 0.064138 363.643483 293.653020
43 44 52 0.249129 0.059850 0.691020 366.564895 306.205661
43 44 52 0.904728 0.071622 0.023650 368.211116 283.264709
43 44 52 0.836590 0.012712 0.150699 368.267637 289.394032
43 44 52 0.104777 0.072548 0.822675 367.402898 310.875157
43 44 52 0.447673 0.449089 0.103239 384.133896 286.613599
43 44 52 0.633196 0.147134 0.219670 371.852142 292.463735
43 44 52 0.394875 0.604198 0.000927 396.192755 285.241856
43 44 52 0.951957 0.030123 0.017920 371.165645 283.597812
43 44 52 0.509011 0.256649 0.234340 375.416749 291.201205
43 44 52 0.529592 0.180211 0.290197 374.550881 292.510384
44 53 52 0.395387 0.510981 0.093632 401.636844 303.439689
44 53 52 0.075926 0.429617 0.494456 381.871782 317.131055
44 53 52 0.319427 0.439735 0.240837 394.719250 306.184704
44 53 52 0.073717 0.899784 0.026500 401.655742 314.351151
44 53 52 0.562756 0.016891 0.420352 390.753955 298.742860
44 53 52 0.232851 0.325684 0.441465 389.039769 306.127895
44 53 52 0.403078 0.556756 0.040166 407.831862 305.386420
44 53 52 0.028109 0.810741 0.161150 397.306870 315.688245
44 53 52 0.565589 0.351003 0.083408 403.273465 302.516102
44 53 52 0.968352 0.014099 0.017549 409.351735 285.809966
45 46 54 0.113874 0.183855 0.702271 121.360840 327.682242
45 46 54 0.424624 0.558124 0.017252 124.216491 304.480956
45 46 54 0.814830 0.128467 0.056703 111.173861 306.912931
45 46 54 0.554625 0.285635 0.159740 116.647837 309.102714
45 46 54 0.676988 0.241780 0.081232 115.401105 303.602828
45 46 54 0.323263 0.018730 0.658008 110.840478 324.009610
45 46 54 0.381946 0.053522 0.564531 109.740718 322.181865
45 46 54 0.750083 0.029128 0.220789 111.375406 313.706342
45 46 54 0.513648 0.399475 0.086877 121.339358 309.935272
45 46 54 0.478589 0.076016 0.445394 110.874934 317.985479
46 55 54 0.030681 0.671213 0.298106 133.836590 333.549780
46 55 54 0.414280 0.172952 0.412767 130.793443 321.090828
46 55 54 0.418701 0.170223 0.411077 132.998717 323.458990
46 55 54 0.380222 0.461851 0.157926 137.661090 323.431293
46 55 54 0.481311 0.154963 0.363727 132.503308 323.154905
46 55 54 0.506139 0.430456 0.063404 142.028192 322.344057
46 55 54 0.160330 0.161812 0.677858 120.893713 326.731277
46 55 54 0.945783 0.041137 0.013081 140.921238 310.342907
46 55 54 0.830956 0.107865 0.061179 138.875117 311.540544
46 55 54 0.267537 0.422405 0.310059 137.140495 326.915064
46 47 55 0.270627 0.559769 0.169604 159.068789 312.633081
46 47 55 0.514525 0.292356 0.193119 150.898706 309.161947
46 47 55 0.668207 0.191015 0.140779 141.347139 315.784026
46 47 55 0.651047 0.293736 0.055217 150.382208 309.844082
46 47 55 0.581699 0.115159 0.303143 146.323254 318.672436
46 47 55 0.915510 0.005673 0.078817 138.028312 302.771838
46 47 55 0.030924 0.420494 0.548582 156.316164 323.413203
46 47 55 0.707253 0.225324 0.067423 145.899482 312.627743
46 47 55 0.219612 0.340055 0.440333 152.439894 321.162502
46 47 55 0.227122 0.351058 0.421820 156.124783 319.177575
47 56 55 0.668573 0.255838 0.075589 178.405409 318.781887
47 56 55 0.134774 0.279042 0.586184 163.097739 330.160448
47 56 55 0.148924 0.192143 0.658933 158.692540 329.700679
47 56 55 0.992387 0.001881 0.005732 177.580087 307.529066
47 56 55 0.410823 0.524567 0.064611 176.759837 326.865465
47 56 55 0.191000 0.583459 0.225541 175.449059 332.886124
47 56 55 0.791079 0.206013 0.002908 176.625058 314.900551
47 56 55 0.599416 0.341925 0.058659 171.985816 317.446919
47 56 55 0.761434 0.069290 0.169276 171.501319 316.306258
47 56 55 0.809388 0.039399 0.151213 172.531363 315.228036
47 48 56 0.812822 0.069941 0.117237 174.635406 313.233500
47 48 56 0.849213 0.147039 0.003748 179.026029 311.194935
47 48 56 0.284040 0.642298 0.073661 196.853629 311.920081
47 48 56 0.233714 0.056294 0.709992 182.775954 325.327947
47 48 56 0.076138 0.039010 0.884852 184.635262 331.116182
47 48 56 0.448508 0.068799 0.482693 183.884565 321.248785
47 48 56 0.653988 0.142560 0.203452 180.333285 316.126860
47 48 56 0.360583 0.247141 0.392276 183.753814 317.535937
47 48 56 0.738264 0.140096 0.121641 184.476750 313.923760
47 48 56 0.193899 0.229815 0.576286 185.227658 322.136689
48 57 56 0.416456 0.271596 0.311948 201.026046 326.897385
48 57 56 0.592999 0.189138 0.217863 203.502254 317.777937
48 57 56 0.304504 0.343904 0.351592 203.065874 325.691914
48 57 56 0.142107 0.670453 0.187440 207.779330 333.527812
48 57 56 0.414367 0.334600 0.251033 202.902469 325.808032
48 57 56 0.252823 0.741137 0.006039 210.691622 329.159657
48 57 56 0.701354 0.078763 0.219883 202.144118 317.732812
48 57 56 0.558224 0.150495 0.291282 201.739893 320.770804
48 57 56 0.480115 0.017641 0.502244 194.997503 326.650790
48 57 56 0.127502 0.842427 0.030070 213.811078 334.298585
48 49 57 0.073778 0.895604 0.030618 241.543868 310.687934
48 49 57 0.687295 0.068362 0.244343 213.383722 318.182897
48 49 57 0.553945 0.051691 0.394365 213.242658 319.414061
48 49 57 0.455640 0.520521 0.023839 228.053213 312.743013
48 49 57 0.018268 0.445077 0.536655 231.686456 325.036015
48 49 57 0.932833 0.029082 0.038085 208.812773 310.298465
48 49 57 0.806816 0.064786 0.128397 211.473161 314.156629
48 49 57 0.432169 0.404119 0.163712 224.480926 316.943112
48 49 57 0.067973 0.878181 0.053846 244.825644 311.284667
48 49 57 0.297639 0.262786 0.439575 219.679862 319.798575
49 58 57 0.967459 0.031961 0.000580 246.265396 312.227762
49 58 57 0.446726 0.481337 0.071937 241.459085 326.742218
49 58 57 0.631494 0.051181 0.317325 236.186946 323.137003
49 58 57 0.696140 0.269643 0.034217 245.982456 317.647262
49 58 57 0.960827 0.033983 0.005190 245.649579 310.438508
49 58 57 0.195395 0.377031 0.427574 231.725379 332.323749
49 58 57 0.755138 0.087953 0.156908 244.169039 315.992055
49 58 57 0.318591 0.474449 0.206960 240.276616 324.578627
49 58 57 0.341698 0.241083 0.417219 234.854985 329.566679
49 58 57 0.150828 0.055910 0.793262 219.109353 333.075593
49 50 58 0.210469 0.404783 0.384748 262.754490 322.114128
49 50 58 0.272099 0.310969 0.416932 256.520257 325.262815
49 50 58 0.716228 0.034618 0.249154 246.374365 319.244173
49 50 58 0.049315 0.082047 0.868638 248.775875 330.485991
49 50 58 0.604008 0.284708 0.111285 257.641467 316.841224
49 50 58 0.473910 0.136553 0.389537 249.813467 323.527341
49 50 58 0.003607 0.016030 0.980363 250.362501 336.778417
49 50 58 0.547120 0.376462 0.076418 257.603294 309.037240
49 50 58 0.736067 0.181515 0.082418 251.257121 315.883163
49 50 58 0.592439 0.288087 0.119474 254.571702 314.728620
50 59 58 0.080952 0.281840 0.637208 263.288305 331.410605
50 59 58 0.975110 0.005106 0.019784 287.464421 315.348539
50 59 58 0.891717 0.102921 0.005362 289.737375 314.410572
50 59 58 0.978984 0.015936 0.005081 284.348305 315.267498
50 59 58 0.382466 0.441386 0.176149 284.647765 328.579424
50 59 58 0.192621 0.766796 0.040583 284.809389 334.308223
50 59 58 0.059511 0.392474 0.548015 264.263015 333.757152
50 59 58 0.350664 0.388023 0.261313 275.125759 329.704869
50 59 58 0.775463 0.081235 0.143302 281.667958 315.964493
50 59 58 0.065079 0.640492 0.294429 273.985707 339.598974
50 51 59 0.334021 0.037337 0.628643 284.114049 330.329192
50 51 59 0.252726 0.687034 0.060240 310.547175 317.839609
50 51 59 0.069861 0.628342 0.301797 304.875954 324.355600
50 51 59 0.623465 0.179456 0.197080 294.222004 318.804776
50 51 59 0.084592 0.853340 0.062068 316.714317 314.245218
50 51 59 0.541097 0.044219 0.414684 284.430246 325.716036
50 51 59 0.973195 0.024675 0.002130 285.945412 314.187868
50 51 59 0.587041 0.151028 0.261932 291.602202 324.568092
50 51 59 0.277840 0.573573 0.148587 308.974195 322.432722
50 51 59 0.134726 0.344753 0.520521 294.380574 323.419502
51 60 59 0.558792 0.114419 0.326790 309.945809 327.531729
51 60 59 0.309325 0.425548 0.265127 312.469102 330.550132
51 60 59 0.078899 0.363923 0.557178 300.905718 340.054702
51 60 59 0.806714 0.120124 0.073163 319.403339 324.490156
51 60 59 0.437948 0.182513 0.379539 309.136991 329.680979
51 60 59 0.598233 0.104370 0.297396 312.199452 326.707528
51 60 59 0.684063 0.226540 0.089396 320.743614 322.940245
51 60 59 0.911178 0.037705 0.051116 319.945322 318.212131
51 60 59 0.226903 0.443101 0.329996 308.706227 332.528930
51 60 59 0.655170 0.144919 0.199911 312.708278 324.085197
51 52 60 0.996552 0.002590 0.000858 327.843912 312.956687
51 52 60 0.246592 0.414682 0.338726 335.845700 324.292654
51 52 60 0.035720 0.420020 0.544260 338.363450 331.088109
51 52 60 0.483232 0.389232 0.127536 337.971068 318.072667
51 52 60 0.822204 0.022698 0.155098 326.362176 321.077904
51 52 60 0.299793 0.164976 0.535232 329.240408 327.003187
51 52 60 0.288218 0.478109 0.233673 341.313872 321.460239
51 52 60 0.176598 0.230559 0.592842 329.294405 330.506958
51 52 60 0.517599 0.465558 0.016843 335.665481 318.262004
51 52 60 0.094515 0.038694 0.866790 325.750725 339.530672
52 61 60 0.077258 0.292285 0.630457 335.184980 343.117523
52 61 60 0.801201 0.009241 0.189558 355.390260 323.877176
52 61 60 0.565609 0.342466 0.091926 360.778518 333.123770
52 61 60 0.737780 0.068490 0.193730 348.917729 322.101425
52 61 60 0.507132 0.472231 0.020637 356.692308 332.346137
52 61 60 0.457885 0.336281 0.205835 350.481380 331.602462
52 61 60 0.964220 0.028670 0.007110 361.878065 319.516002
52 61 60 0.110382 0.392651 0.496966 339.127112 340.745665
52 61 60 0.638310 0.361516 0.000174 361.403136 327.126013
52 61 60 0.817763 0.013000 0.169237 351.661740 323.974234
52 53 61 0.046972 0.271327 0.681701 369.606854 338.834130
52 53 61 0.885295 0.039711 0.074993 361.071161 320.972837
52 53 61 0.800137 0.138897 0.060966 367.045520 318.265474
52 53 61 0.081139 0.197288 0.721573 367.639143 335.938669
52 53 61 0.279147 0.702495 0.018358 392.750507 319.566555
52 53 61 0.517430 0.084561 0.398009 366.349740 328.220120
52 53 61 0.063662 0.571263 0.365075 379.870549 328.415238
52 53 61 0.290690 0.324358 0.384952 373.941197 330.168832
52 53 61 0.186785 0.461610 0.351605 378.110262 327.899085
52 53 61 0.090721 0.274340 0.634940 372.150841 328.909332
53 62 61 0.252536 0.466785 0.280680 386.706342 338.785598
53 62 61 0.315025 0.490332 0.194643 391.585000 340.001805
53 62 61 0.862610 0.136323 0.001067 404.227711 323.016739
53 62 61 0.488309 0.140075 0.371616 386.454230 334.188492
53 62 61 0.597508 0.214204 0.188288 396.243956 330.061724
53 62 61 0.610018 0.365778 0.024205 398.792661 328.498655
53 62 61 0.389229 0.537250 0.073521 396.810984 333.948063
53 62 61 0.022390 0.482585 0.495026 380.023832 344.024041
53 62 61 0.765184 0.116846 0.117970 401.451091 324.006638
53 62 61 0.065302 0.417044 0.517654 376.127993 342.051919
54 55 63 0.385094 0.261655 0.353251 123.831354 340.691428
54 55 63 0.201733 0.213441 0.584825 124.570974 347.075243
54 55 63 0.664827 0.139925 0.195248 120.713817 337.633383
54 55 63 0.967356 0.028403 0.004240 114.032062 335.698777
54 55 63 0.131011 0.031675 0.837314 121.619749 353.250915
54 55 63 0.653063 0.233204 0.113733 127.199610 334.121956
54 55 63 0.391844 0.058115 0.550041 122.720578 346.144873
54 55 63 0.787371 0.116222 0.096407 121.186609 332.701541
54 55 63 0.121568 0.477121 0.401310 129.123733 342.200581
54 55 63 0.890543 0.103331 0.006126 118.305585 331.945222
55 64 63 0.928481 0.002214 0.069305 142.029674 331.511481
55 64 63 0.241898 0.043897 0.714205 132.222313 354.587511
55 64 63 0.052096 0.524818 0.423086 139.775717 354.135626
55 64 63 0.489473 0.207839 0.302688 142.472160 345.436113
55 64 63 0.805357 0.165507 0.029135 148.470658 340.285243
55 64 63 0.934450 0.052965 0.012585 146.093625 335.867910
55 64 63 0.248313 0.317593 0.434094 136.573975 354.034907
55 64 63 0.465060 0.447240 0.087699 150.383529 347.718072
55 64 63 0.548990 0.143015 0.307995 140.030276 345.582078
55 64 63 0.521233 0.282841 0.195926 141.411169 346.083565
55 56 64 0.864227 0.077257 0.058516 152.344873 331.393657
55 56 64 0.114260 0.454474 0.431266 166.153488 342.341448
55 56 64 0.434071 0.255195 0.310734 158.316959 338.303426
55 56 64 0.770107 0.038167 0.191726 148.094148 340.638329
55 56 64 0.568389 0.098390 0.333222 150.461599 344.187062
55 56 64 0.883280 0.111632 0.005088 148.813633 334.562363
55 56 64 0.712305 0.052812 0.234883 151.752540 338.258539
55 56 64 0.811231 0.112208 0.076561 151.725676 334.309218
55 56 64 0.943255 0.049626 0.007119 148.993050 335.681516
55 56 64 0.794311 0.015631 0.190058 146.636085 343.222707
56 65 64 0.402066 0.379523 0.218412 175.085862 351.556699
56 65 64 0.740817 0.226824 0.032360 181.210185 340.467124
56 65 64 0.175200 0.645230 0.179570 181.021686 355.873064
56 65 64 0.607118 0.159672 0.233210 177.250286 344.389130
56 65 64 0.240240 0.491214 0.268546 173.806614 351.973683
56 65 64 0.253772 0.555226 0.191002 181.449371 347.321476
56 65 64 0.684530 0.047070 0.268400 175.206173 340.495595
56 65 64 0.278828 0.713642 0.007531 184.052242 350.905925
56 65 64 0.919898 0.069909 0.010193 184.034174 339.819106
56 65 64 0.055100 0.743503 0.201397 181.410178 361.260055
56 57 65 0.597452 0.246332 0.156216 190.946596 336.716761
56 57 65 0.447091 0.466559 0.086350 198.876163 340.366465
56 57 65 0.104535 0.243555 0.651910 192.969850 351.184370
56 57 65 0.415902 0.152924 0.431174 187.439405 345.003522
56 57 65 0.027084 0.238451 0.734465 192.411139 352.615323
56 57 65 0.146498 0.288177 0.565325 192.317307 345.230171
56 57 65 0.455462 0.017231 0.527307 185.649407 348.217833
56 57 65 0.077585 0.840064 0.082351 210.915986 339.131883
56 57 65 0.380267 0.513904 0.105829 201.832120 335.456668
56 57 65 0.992112 0.002827 0.005061 180.487798 336.513172
57 66 65 0.551935 0.421908 0.026157 218.661401 347.547681
57 66 65 0.291460 0.307178 0.401362 204.631837 351.871761
57 66 65 0.295636 0.401307 0.303057 208.564708 350.889450
57 66 65 0.370807 0.517209 0.111984 214.220792 350.317418
57 66 65 0.429602 0.326045 0.244352 208.264116 347.413047
57 66 65 0.604785 0.180170 0.215045 209.580470 344.986801
57 66 65 0.581634 0.169929 0.248437 209.712118 343.625316
57 66 65 0.704911 0.092384 0.202705 209.067438 339.290684
57 66 65 0.237160 0.682144 0.080695 216.182111 351.169693
57 66 65 0.831256 0.022131 0.146613 210.520843 341.584520
57 58 66 0.425140 0.149045 0.425814 223.421491 344.429255
57 58 66 0.445871 0.463701 0.090428 230.905281 338.727726
57 58 66 0.942489 0.040119 0.017392 217.066853 336.014206
57 58 66 0.463563 0.330520 0.205917 229.750573 340.742506
57 58 66 0.297799 0.532731 0.169469 232.649539 340.846881
57 58 66 0.448314 0.284792 0.266895 221.836334 340.130855
57 58 66 0.386195 0.372621 0.241184 228.012960 342.624131
57 58 66 0.614442 0.376966 0.008592 226.967274 335.239031
57 58 66 0.115224 0.610980 0.273797 234.673545 347.589330
57 58 66 0.031751 0.209279 0.758970 223.786073 352.074102
58 67 66 0.014472 0.866502 0.119026 251.686977 361.305066
58 67 66 0.971989 0.021106 0.006906 247.974653 338.752450
58 67 66 0.938518 0.000669 0.060812 244.206332 336.813262
58 67 66 0.656270 0.050747 0.292983 236.831526 344.851368
58 67 66 0.688269 0.092994 0.218737 246.008457 340.594563
58 67 66 0.109620 0.543024 0.347356 239.729057 353.306269
58 67 66 0.297903 0.188711 0.513386 234.105278 351.490268
58 67 66 0.490294 0.163285 0.346421 237.650242 354.720717
58 67 66 0.566583 0.334174 0.099243 244.623032 348.368506
58 67 66 0.660179 0.235242 0.104580 247.226995 344.160014
58 59 67 0.932332 0.017875 0.049793 249.517224 335.405577
58 59 67 0.886736 0.034569 0.078695 251.173412 337.881080
58 59 67 0.707512 0.082614 0.209874 251.486974 343.934466
58 59 67 0.093767 0.340250 0.565984 262.170190 352.597510
58 59 67 0.425064 0.462941 0.111995 263.228855 341.248590
58 59 67 0.503825 0.139804 0.356371 255.874461 347.579179
58 59 67 0.751546 0.226562 0.021892 257.365710 337.348991
58 59 67 0.489639 0.255461 0.254900 259.672766 343.359297
58 59 67 0.406913 0.103811 0.489276 252.687330 350.402895
58 59 67 0.780237 0.168772 0.050991 254.382924 337.988905
59 68 67 0.634799 0.047985 0.317216 274.600602 348.878466
59 68 67 0.807284 0.061787 0.130929 283.610691 341.407418
59 68 67 0.139283 0.169742 0.690975 262.746124 357.540636
59 68 67 0.498785 0.073642 0.427573 271.028862 348.566143
59 68 67 0.810809 0.179140 0.010051 282.920915 342.057078
59 68 67 0.018558 0.297079 0.684362 265.757814 359.999921
59 68 67 0.664065 0.055531 0.280404 274.591857 345.548987
59 68 67 0.288671 0.049998 0.661331 266.994661 357.750509
59 68 67 0.840323 0.037846 0.121830 281.197010 341.348297
59 68 67 0.230589 0.349455 0.419956 272.241398 355.558386
59 60 68 0.077603 0.334441 0.587956 294.085123 353.931697
59 60 68 0.204727 0.532724 0.262550 300.723716 342.525428
59 60 68 0.370526 0.415199 0.214276 298.426749 346.577956
59 60 68 0.486538 0.117753 0.395708 289.095323 352.786852
59 60 68 0.306278 0.657110 0.036612 311.072550 339.256999
59 60 68 0.725593 0.116972 0.157434 289.926177 343.913426
59 60 68 0.758371 0.143144 0.098486 291.562254 337.423348
59 60 68 0.070703 0.487904 0.441393 301.583185 349.412283
59 60 68 0.893880 0.073669 0.032451 287.399736 338.352919
59 60 68 0.058185 0.741985 0.199829 310.888888 347.938635
60 69 68 0.199946 0.259876 0.540178 302.638262 360.273928
60 69 68 0.836174 0.100242 0.063584 317.965514 342.881752
60 69 68 0.608265 0.344026 0.047709 318.572223 350.374473
60 69 68 0.790654 0.153110 0.056236 321.124289 342.498890
60 69 68 0.305025 0.307132 0.387843 304.319191 359.220223
60 69 68 0.153533 0.083171 0.763295 291.044811 364.696490
60 69 68 0.951096 0.038125 0.010779 319.230395 340.981259
60 69 68 0.566459 0.158494 0.275047 307.121492 353.934973
60 69 68 0.181067 0.797099 0.021835 317.026642 361.234834
60 69 68 0.257245 0.571293 0.171461 313.590723 356.412333
60 61 69 0.279000 0.300687 0.420313 331.440216 351.940818
60 61 69 0.315424 0.286983 0.397593 332.621449 353.891445
60 61 69 0.029261 0.517881 0.452858 340.165720 354.407037
60 61 69 0.043094 0.088864 0.868043 321.909851 363.612296
60 61 69 0.953526 0.009756 0.036718 323.647624 340.518708
60 61 69 0.943187 0.011570 0.045243 319.454306 342.665253
60 61 69 0.920497 0.073667 0.005836 319.432696 342.441456
60 61 69 0.383455 0.006252 0.610293 320.963398 358.353174
60 61 69 0.845411 0.150206 0.004383 323.667414 343.423981
60 61 69 0.637418 0.142401 0.220181 326.887234 348.744741
61 70 69 0.620869 0.319415 0.059715 354.117829 352.541993
61 70 69 0.353504 0.020378 0.626118 330.627197 357.837467
61 70 69 0.660382 0.095405 0.244213 348.915202 350.516726
61 70 69 0.608773 0.329520 0.061707 357.303562 356.576974
61 70 69 0.351517 0.223352 0.425131 340.150027 357.897134
61 70 69 0.548439 0.117302 0.334260 346.925570 352.916791
61 70 69 0.724445 0.175848 0.099707 349.389328 351.685236
61 70 69 0.244780 0.150998 0.604222 335.508127 360.385417
61 70 69 0.278139 0.622790 0.099071 350.847045 358.663165
61 70 69 0.266904 0.008989 0.724107 328.404627 365.184384
61 62 70 0.579358 0.408821 0.011821 374.137027 347.915290
61 62 70 0.681535 0.219190 0.099275 367.490781 348.124401
61 62 70 0.197170 0.587086 0.215744 377.042969 350.694857
61 62 70 0.520288 0.207192 0.272519 365.037797 352.519725
61 62 70 0.980521 0.009413 0.010066 362.752504 347.113514
61 62 70 0.433517 0.176382 0.390102 362.602676 353.678346
61 62 70 0.208623 0.243539 0.547838 362.827648 359.364724
61 62 70 0.559669 0.207265 0.233066 363.095174 350.245143
61 62 70 0.713571 0.010582 0.275846 359.935213 348.781573
61 62 70 0.493663 0.158129 0.348208 361.233164 350.881659
62 71 70 0.096217 0.170549 0.733234 364.138738 366.743184
62 71 70 0.145200 0.050418 0.804383 361.375215 368.585745
62 71 70 0.493994 0.446667 0.059340 394.319736 357.235196
62 71 70 0.918627 0.060654 0.020719 396.588413 349.349026
62 71 70 0.966319 0.009345 0.024336 399.757062 346.165524
62 71 70 0.933435 0.028766 0.037799 395.218468 347.242427
62 71 70 0.464768 0.254390 0.280842 384.391170 357.894702
62 71 70 0.754942 0.101213 0.143845 389.279459 353.737017
62 71 70 0.062488 0.506709 0.430802 377.045282 366.139766
62 71 70 0.817647 0.168819 0.013535 394.347701 351.474453
63 64 72 0.339184 0.298905 0.361911 135.123339 363.759043
63 64 72 0.050226 0.805466 0.144308 147.512391 359.661049
63 64 72 0.306378 0.068991 0.624631 127.119634 368.569716
63 64 72 0.375815 0.148954 0.475231 125.893861 364.822217
63 64 72 0.949281 0.014212 0.036507 126.559439 357.695493
63 64 72 0.519782 0.065810 0.414408 128.210471 368.291981
63 64 72 0.343941 0.234575 0.421484 128.237414 367.995633
63 64 72 0.160902 0.838978 0.000120 148.157218 357.265165
63 64 72 0.586941 0.297760 0.115299 132.484132 361.913451
63 64 72 0.146075 0.641667 0.212257 142.911464 362.186521
64 73 72 0.278742 0.533477 0.187781 155.156111 374.184515
64 73 72 0.157613 0.130388 0.711999 136.480284 378.150996
64 73 72 0.544197 0.439535 0.016268 157.615420 368.729948
64 73 72 0.411596 0.507467 0.080936 154.056835 371.215649
64 73 72 0.500221 0.412300 0.087478 156.879577 366.220630
64 73 72 0.819066 0.046486 0.134449 151.822508 359.989546
64 73 72 0.417571 0.132395 0.450034 145.334090 372.192966
64 73 72 0.041959 0.342208 0.615833 141.685512 381.580794
64 73 72 0.294712 0.244720 0.460568 139.536508 370.637434
64 73 72 0.264331 0.110800 0.624869 137.252974 371.772769
64 65 73 0.008786 0.281871 0.709343 168.436462 374.221407
64 65 73 0.752488 0.097515 0.149997 161.935746 360.669428
64 65 73 0.755924 0.027271 0.216805 156.233987 359.256100
64 65 73 0.453633 0.396547 0.149820 166.720431 359.546899
64 65 73 0.722145 0.035036 0.242819 156.283074 362.461845
64 65 73 0.118183 0.245766 0.636051 167.378751 375.575988
64 65 73 0.069889 0.772307 0.157804 183.219695 355.608142
64 65 73 0.148766 0.663172 0.188063 177.521622 359.439546
64 65 73 0.418250 0.340262 0.241489 166.121286 362.731026
64 65 73 0.124615 0.469235 0.406150 171.708879 367.838239
65 74 73 0.399596 0.052511 0.547893 173.989742 371.246849
65 74 73 0.512886 0.100776 0.386338 175.781883 369.483327
65 74 73 0.787950 0.160553 0.051497 187.081048 364.492789
65 74 73 0.052986 0.517339 0.429674 179.311380 382.133045
65 74 73 0.634816 0.235033 0.130151 181.588084 364.741003
65 74 73 0.679109 0.307271 0.013620 189.342885 363.625334
65 74 73 0.327371 0.657924 0.014705 190.744834 368.178668
65 74 73 0.753880 0.183906 0.062214 182.389820 363.973430
65 74 73 0.555805 0.231518 0.212677 179.441080 368.478653
65 74 73 0.854039 0.122283 0.023678 185.161658 357.739414
65 66 74 0.057342 0.851972 0.090686 215.854109 363.205330
65 66 74 0.027231 0.411992 0.560777 199.731474 371.643518
65 66 74 0.950961 0.048626 0.000412 186.798412 361.346597
65 66 74 0.186372 0.136215 0.677412 192.201450 371.727989
65 66 74 0.357349 0.635431 0.007220 206.186168 358.146622
65 66 74 0.882719 0.100406 0.016875 188.121756 356.636402
65 66 74 0.311325 0.387557 0.301118 204.257234 368.339828
65 66 74 0.402585 0.462382 0.135033 200.651301 358.411239
65 66 74 0.514206 0.292989 0.192805 199.786414 359.291096
65 66 74 0.456605 0.505478 0.037918 205.504578 358.056310
66 75 74 0.702688 0.006593 0.290719 211.561232 362.130896
66 75 74 0.837827 0.059174 0.102999 217.055411 363.723744
66 75 74 0.557145 0.313827 0.129029 217.021780 368.948574
66 75 74 0.578599 0.109864 0.311537 208.838225 363.530621
66 75 74 0.257255 0.662683 0.080062 217.831033 375.350959
66 75 74 0.864222 0.017941 0.117837 216.680559 358.125569
66 75 74 0.874378 0.108503 0.017119 218.045019 361.817231
66 75 74 0.932164 0.053862 0.013973 216.958986 360.909123
66 75 74 0.019877 0.425631 0.554492 206.008279 375.539561
66 75 74 0.978901 0.001853 0.019246 215.310036 359.463920
66 67 75 0.760279 0.131423 0.108298 223.595563 361.137814
66 67 75 0.256475 0.158091 0.585434 227.110341 374.610046
66 67 75 0.024940 0.384822 0.590238 233.809670 369.720707
66 67 75 0.774886 0.099232 0.125882 224.289010 363.439516
66 67 75 0.005682 0.492979 0.501339 235.517894 373.163168
66 67 75 0.402438 0.124485 0.473077 223.017672 367.463953
66 67 75 0.859744 0.000702 0.139553 220.455233 360.886438
66 67 75 0.607108 0.326195 0.066697 229.357572 361.398987
66 67 75 0.149057 0.337163 0.513781 230.791066 371.340357
66 67 75 0.992325 0.003349 0.004326 217.633687 358.369257
67 76 75 0.184397 0.459049 0.356554 240.708923 379.683109
67 76 75 0.478116 0.073256 0.448628 237.364089 368.882851
67 76 75 0.666235 0.115003 0.218762 245.579424 367.391980
67 76 75 0.955039 0.007429 0.037531 251.435959 360.044514
67 76 75 0.614355 0.222454 0.163191 246.319183 365.938407
67 76 75 0.500483 0.246110 0.253407 245.218399 371.265461
67 76 75 0.571540 0.335931 0.092529 252.118848 371.427163
67 76 75 0.029060 0.156225 0.814715 228.084464 378.099956
67 76 75 0.200872 0.079880 0.719248 229.164529 377.340307
67 76 75 0.530549 0.191508 0.277943 240.546190 371.412970
67 68 76 0.974003 0.014162 0.011836 251.137930 360.941750
67 68 76 0.892370 0.019504 0.088126 250.836510 363.116879
67 68 76 0.822343 0.109326 0.068331 248.728357 363.077829
67 68 76 0.955160 0.028677 0.016163 254.601299 363.198607
67 68 76 0.696369 0.243891 0.059740 260.077236 361.071918
67 68 76 0.613785 0.257552 0.128663 261.118558 361.721595
67 68 76 0.201602 0.778506 0.019892 275.107718 365.924359
67 68 76 0.379250 0.420747 0.200003 265.541049 365.294053
67 68 76 0.737669 0.117504 0.144827 256.342196 367.611379
67 68 76 0.263021 0.408878 0.328100 267.450841 367.534194
68 77 76 0.746460 0.226581 0.026959 284.351219 364.682781
68 77 76 0.370280 0.573418 0.056302 284.875612 372.882070
68 77 76 0.074350 0.360587 0.565062 268.210794 380.929010
68 77 76 0.033609 0.206774 0.759616 262.016941 382.760843
68 77 76 0.721491 0.211089 0.067419 282.717839 370.085051
68 77 76 0.164562 0.395793 0.439646 269.999159 379.157918
68 77 76 0.212204 0.053877 0.733919 259.030184 376.989478
68 77 76 0.459823 0.042957 0.497220 267.192525 371.438775
68 77 76 0.449011 0.374081 0.176908 277.527958 374.177048
68 77 76 0.181981 0.006160 0.811859 258.202851 377.591252
68 69 77 0.992977 0.002162 0.004861 288.217880 362.966404
68 69 77 0.439545 0.487432 0.073023 300.401299 366.942654
68 69 77 0.505965 0.387546 0.106489 297.226467 368.119307
68 69 77 0.400024 0.070883 0.529094 284.319275 372.293009
68 69 77 0.945047 0.020291 0.034662 283.843451 364.150952
68 69 77 0.788995 0.171066 0.039939 291.241259 364.363334
68 69 77 0.523195 0.166983 0.309822 293.153822 368.306405
68 69 77 0.329088 0.636458 0.034454 303.037503 362.980944
68 69 77 0.644414 0.304165 0.051421 295.058334 362.703245
68 69 77 0.063546 0.580689 0.355765 300.172998 371.622771
69 78 77 0.925283 0.048926 0.025791 321.363124 366.314442
69 78 77 0.362632 0.380701 0.256667 310.305470 377.283694
69 78 77 0.671048 0.045108 0.283843 306.323138 373.381403
69 78 77 0.413059 0.509517 0.077425 318.110254 375.397215
69 78 77 0.980085 0.001944 0.017970 316.081879 365.021399
69 78 77 0.603334 0.052508 0.344157 306.421783 373.405195
69 78 77 0.988494 0.010420 0.001086 318.705495 365.920462
69 78 77 0.494151 0.274308 0.231541 310.802425 375.550569
69 78 77 0.952198 0.035816 0.011986 319.634968 368.582294
69 78 77 0.484196 0.356619 0.159185 314.645731 375.132949
69 70 78 0.232253 0.561760 0.205987 341.062683 373.477394
69 70 78 0.773952 0.043974 0.182075 319.824849 372.176763
69 70 78 0.216527 0.457327 0.326146 335.447573 375.608089
69 70 78 0.363675 0.310948 0.325376 331.417107 370.067186
69 70 78 0.821652 0.032542 0.145805 318.021940 370.442718
69 70 78 0.847689 0.015439 0.136872 318.611433 368.946299
69 70 78 0.003620 0.367514 0.628866 331.206309 383.213790
69 70 78 0.187128 0.761813 0.051059 345.632988 374.639428
69 70 78 0.169156 0.582389 0.248455 341.469646 370.752733
69 70 78 0.159530 0.450659 0.389811 332.037119 372.982638
70 79 78 0.787322 0.196068 0.016610 351.811372 371.694466
70 79 78 0.862621 0.104009 0.033370 352.202156 369.847717
70 79 78 0.466055 0.041113 0.492832 334.913779 380.116086
70 79 78 0.478514 0.140066 0.381421 340.636060 382.624354
70 79 78 0.455060 0.045704 0.499236 335.892815 376.728363
70 79 78 0.896832 0.048065 0.055103 351.202944 368.147240
70 79 78 0.485931 0.157259 0.356810 340.314282 377.656296
70 79 78 0.294553 0.026586 0.678861 327.686739 382.963372
70 79 78 0.155516 0.286907 0.557577 330.865196 387.154491
70 79 78 0.239716 0.193700 0.566583 333.373545 386.408435
70 71 79 0.998423 0.001134 0.000443 353.922505 368.875254
70 71 79 0.490508 0.224885 0.284607 362.480537 373.801397
70 71 79 0.496094 0.089827 0.414079 355.830173 373.144830
70 71 79 0.598705 0.039944 0.361352 354.477295 378.774184
70 71 79 0.341838 0.258724 0.399438 362.649603 376.617855
70 71 79 0.902168 0.011166 0.086667 356.191148 371.271840
70 71 79 0.688173 0.308892 0.002936 364.403648 369.079047
70 71 79 0.748194 0.177202 0.074604 362.659146 367.368464
70 71 79 0.388853 0.120350 0.490797 360.413736 383.549181
70 71 79 0.187374 0.722252 0.090375 378.488763 371.340349
71 80 79 0.783906 0.016167 0.199927 381.403291 380.008846
71 80 79 0.762439 0.207234 0.030327 387.357370 377.817096
71 80 79 0.863315 0.061461 0.075224 387.416648 374.354977
71 80 79 0.285554 0.002501 0.711945 360.758819 385.217075
71 80 79 0.688360 0.292691 0.018949 389.651037 377.524332
71 80 79 0.702251 0.062247 0.235502 378.609069 380.566803
71 80 79 0.698981 0.137215 0.163805 384.177599 377.622244
71 80 79 0.463364 0.329331 0.207305 379.825082 387.301281
71 80 79 0.087487 0.561736 0.350777 374.096851 388.634342
71 80 79 0.225298 0.156425 0.618277 363.678321 386.520323
