0 1 9 0.814659 0.128602 0.056739 121.626612 189.140379
0 1 9 0.754135 0.070576 0.175289 117.480780 194.875043
0 1 9 0.303975 0.653796 0.042229 134.607341 196.508080
0 1 9 0.719604 0.065376 0.215020 121.929633 195.273229
0 1 9 0.237630 0.511529 0.250841 131.118747 197.121707
0 1 9 0.417643 0.052563 0.529794 114.533074 194.080818
0 1 9 0.293459 0.211420 0.495121 121.648246 198.597420
0 1 9 0.917764 0.030532 0.051704 122.174924 191.195256
0 1 9 0.372640 0.569703 0.057657 138.520677 192.542757
0 1 9 0.363600 0.191049 0.445351 122.076929 197.449723
1 10 9 0.595593 0.117266 0.287141 137.891125 196.277670
1 10 9 0.536277 0.426966 0.036757 147.559787 193.916327
1 10 9 0.112887 0.064018 0.823095 117.268074 200.505836
1 10 9 0.249493 0.671243 0.079264 144.684174 200.653498
1 10 9 0.680808 0.305302 0.013890 151.331770 197.029734
1 10 9 0.061569 0.116719 0.821712 115.136112 202.279035
1 10 9 0.103378 0.617033 0.279589 130.637388 201.203755
1 10 9 0.320830 0.490585 0.188586 141.669077 198.787155
1 10 9 0.100116 0.870697 0.029187 146.272300 197.668563
1 10 9 0.096383 0.149755 0.753862 121.848708 201.098932
1 2 10 0.252688 0.127039 0.620274 150.100863 197.270032
1 2 10 0.828484 0.087948 0.083569 154.156191 193.574127
1 2 10 0.459610 0.170203 0.370187 151.948755 194.740861
1 2 10 0.003779 0.062258 0.933963 149.154488 201.726957
1 2 10 0.873719 0.010384 0.115896 150.919539 192.104563
1 2 10 0.189466 0.106402 0.704133 147.276189 198.113026
1 2 10 0.295473 0.589100 0.115427 166.503294 193.534046
1 2 10 0.586298 0.207224 0.206478 153.318636 193.162130
1 2 10 0.433381 0.193935 0.372684 154.687568 193.614191
1 2 10 0.717426 0.144225 0.138349 152.954048 190.228644
2 11 10 0.152546 0.503449 0.344005 167.777278 200.574779
2 11 10 0.619282 0.012179 0.368538 170.953947 195.491490
2 11 10 0.762383 0.199072 0.038545 181.447986 189.167800
2 11 10 0.733729 0.101801 0.164470 174.221151 193.353274
2 11 10 0.162172 0.823368 0.014460 176.055283 200.715412
2 11 10 0.163614 0.830662 0.005724 177.551337 201.115625
2 11 10 0.918166 0.055253 0.026581 180.003881 187.634988
2 11 10 0.357388 0.108063 0.534548 162.326820 198.220684
2 11 10 0.593059 0.294187 0.112753 173.212184 195.108076
2 11 10 0.924201 0.006122 0.069677 179.209218 192.929850
2 3 11 0.126926 0.690426 0.182648 202.795153 192.780629
2 3 11 0.318729 0.125947 0.555324 182.662569 196.673803
2 3 11 0.652003 0.322332 0.025665 191.099607 194.442486
2 3 11 0.936252 0.001013 0.062736 181.345319 191.183568
2 3 11 0.802900 0.032465 0.164635 185.738166 191.387433
2 3 11 0.882538 0.068266 0.049196 181.576242 194.458148
2 3 11 0.426482 0.046102 0.527416 183.306186 199.785953
2 3 11 0.610373 0.344472 0.045155 191.054735 192.737973
2 3 11 0.995222 0.001425 0.003352 184.696212 189.482039
2 3 11 0.629077 0.056739 0.314185 182.845681 190.874993
3 12 11 0.485853 0.323459 0.190688 202.818534 194.266735
3 12 11 0.277849 0.012666 0.709485 184.792775 196.994141
3 12 11 0.795643 0.153960 0.050397 212.175810 192.960185
3 12 11 0.706519 0.233363 0.060119 209.035483 192.329693
3 12 11 0.046215 0.112571 0.841215 181.098663 199.702948
3 12 11 0.797741 0.172701 0.029558 210.394821 192.813445
3 12 11 0.618054 0.025219 0.356727 197.575612 193.958385
3 12 11 0.353466 0.088183 0.558351 197.818602 189.062292
3 12 11 0.943399 0.003140 0.053461 211.227007 194.490265
3 12 11 0.179950 0.397837 0.422213 196.929947 194.230850
3 4 12 0.516379 0.225158 0.258463 219.522830 193.449934
3 4 12 0.783779 0.161170 0.055051 212.920832 190.296831
3 4 12 0.169626 0.162952 0.667422 215.066432 195.826523
3 4 12 0.200147 0.763726 0.036127 234.350669 188.145863
3 4 12 0.984048 0.010458 0.005495 213.116765 189.312794
3 4 12 0.222883 0.621024 0.156092 231.892104 188.969050
3 4 12 0.374646 0.472287 0.153067 223.685446 193.337627
3 4 12 0.012712 0.608794 0.378494 227.818585 190.001814
3 4 12 0.055029 0.564259 0.380711 226.993827 192.137920
3 4 12 0.820058 0.038949 0.140993 212.045046 189.344529
4 13 12 0.959481 0.017375 0.023145 240.389254 188.596079
4 13 12 0.030546 0.094124 0.875330 217.134820 193.087577
4 13 12 0.459124 0.171008 0.369868 231.722433 192.125765
4 13 12 0.726104 0.168588 0.105308 232.865616 189.434077
4 13 12 0.733471 0.195342 0.071186 235.405899 195.158505
4 13 12 0.508931 0.019526 0.471543 227.561900 193.898583
4 13 12 0.941348 0.017952 0.040700 243.388703 191.878888
4 13 12 0.160588 0.149315 0.690098 221.215376 195.743936
4 13 12 0.658453 0.109619 0.231928 232.048502 191.850816
4 13 12 0.007064 0.320336 0.672600 218.600873 199.381002
4 5 13 0.228265 0.536296 0.235439 263.735370 191.501043
4 5 13 0.135776 0.002633 0.861590 243.020595 193.670696
4 5 13 0.065289 0.691057 0.243654 264.181761 193.807699
4 5 13 0.662929 0.137382 0.199689 248.338855 189.329378
4 5 13 0.239162 0.372905 0.387933 256.741722 186.731634
4 5 13 0.924554 0.055387 0.020059 242.158548 191.119193
4 5 13 0.838468 0.011487 0.150046 238.504288 189.002041
4 5 13 0.467938 0.130632 0.401430 246.474631 193.380712
4 5 13 0.426318 0.361678 0.212005 252.041543 189.398486
4 5 13 0.985203 0.011841 0.002956 241.164871 191.786800
5 14 13 0.648497 0.036828 0.314675 264.776318 193.169944
5 14 13 0.824029 0.061019 0.114952 272.147576 185.511916
5 14 13 0.401269 0.037524 0.561208 254.580440 190.905651
5 14 13 0.178493 0.055267 0.766241 251.835982 197.258259
5 14 13 0.708122 0.283345 0.008534 277.183882 185.751451
5 14 13 0.822163 0.166992 0.010845 275.177922 185.884620
5 14 13 0.203567 0.129687 0.666746 250.996745 190.297582
5 14 13 0.419892 0.023531 0.556577 258.164739 191.181178
5 14 13 0.224629 0.169442 0.605929 254.820289 196.156294
5 14 13 0.491638 0.164082 0.344280 266.363370 189.369654
5 6 14 0.406220 0.157617 0.436163 276.565122 189.698045
5 6 14 0.749283 0.111661 0.139056 281.117697 190.857147
5 6 14 0.414927 0.292384 0.292689 282.826793 187.052454
5 6 14 0.934362 0.013956 0.051682 275.413396 190.226253
5 6 14 0.077381 0.315966 0.606653 286.466752 191.008990
5 6 14 0.909919 0.066426 0.023655 275.681505 185.045783
5 6 14 0.477336 0.039756 0.482909 275.964914 187.311322
5 6 14 0.786497 0.120712 0.092791 279.839787 190.285779
5 6 14 0.365367 0.244115 0.390518 282.504216 189.931684
5 6 14 0.084555 0.806469 0.108976 300.571667 190.176898
6 15 14 0.612993 0.264427 0.122580 302.333584 187.216817
6 15 14 0.814778 0.100855 0.084367 304.393198 189.175843
6 15 14 0.232210 0.456612 0.311178 297.711012 192.726382
6 15 14 0.231133 0.360716 0.408151 298.354699 191.075615
6 15 14 0.178376 0.473806 0.347818 295.325827 195.877821
6 15 14 0.638648 0.227470 0.133882 301.631253 186.601616
6 15 14 0.935410 0.013632 0.050958 306.124856 187.363199
6 15 14 0.714680 0.172462 0.112857 304.292575 188.552026
6 15 14 0.736049 0.175337 0.088614 303.996644 186.343697
6 15 14 0.217126 0.632742 0.150133 302.043680 192.245711
6 7 15 0.114718 0.286075 0.599207 320.313656 189.199599
6 7 15 0.551538 0.076024 0.372438 309.031318 189.379753
6 7 15 0.264259 0.056154 0.679587 307.274289 191.063468
6 7 15 0.851979 0.112342 0.035679 308.996102 188.713536
6 7 15 0.002452 0.770123 0.227426 329.386263 183.258323
6 7 15 0.322534 0.511434 0.166032 323.576181 189.201508
6 7 15 0.204295 0.051508 0.744197 308.294983 195.007670
6 7 15 0.593486 0.002511 0.404003 308.205816 189.928741
6 7 15 0.371742 0.309176 0.319082 310.623401 191.343670
6 7 15 0.202339 0.082045 0.715616 313.873604 195.687457
7 16 15 0.962843 0.003905 0.033253 334.072921 184.702916
7 16 15 0.755514 0.192246 0.052240 336.859817 185.716241
7 16 15 0.482356 0.446453 0.071191 339.168964 191.005118
7 16 15 0.563605 0.397587 0.038809 335.809697 182.133022
7 16 15 0.245506 0.194868 0.559626 319.313471 189.317837
7 16 15 0.744727 0.187684 0.067590 336.644742 182.763657
7 16 15 0.506356 0.112571 0.381072 330.001376 187.646834
7 16 15 0.026674 0.804254 0.169072 339.863784 192.264651
7 16 15 0.285692 0.259524 0.454784 323.866363 191.232235
7 16 15 0.885236 0.065378 0.049386 332.766943 184.256576
7 8 16 0.083766 0.622732 0.293503 356.393544 185.066861
7 8 16 0.707216 0.092779 0.200004 339.977718 185.340033
7 8 16 0.289592 0.062480 0.647927 344.439939 185.568800
7 8 16 0.840899 0.095769 0.063332 342.208648 185.517041
7 8 16 0.273023 0.518824 0.208153 352.921804 185.424885
7 8 16 0.040471 0.436817 0.522712 353.281732 189.756731
7 8 16 0.162931 0.135938 0.701132 345.043556 188.072703
7 8 16 0.027742 0.145407 0.826851 346.673452 188.266410
7 8 16 0.016648 0.108821 0.874530 343.037033 189.174555
7 8 16 0.150962 0.138229 0.710809 344.145355 188.689863
8 17 16 0.083847 0.546615 0.369538 362.156093 192.062032
8 17 16 0.178101 0.601528 0.220371 364.555778 185.365379
8 17 16 0.730764 0.095383 0.173853 360.976424 185.090444
8 17 16 0.350160 0.035516 0.614325 351.985502 190.008385
8 17 16 0.129763 0.194686 0.675551 351.160794 188.761946
8 17 16 0.931135 0.058644 0.010221 367.822654 183.679961
8 17 16 0.008337 0.889603 0.102060 373.766901 187.467734
8 17 16 0.178647 0.523480 0.297874 363.202287 188.505083
8 17 16 0.500446 0.098813 0.400741 354.711724 188.233531
8 17 16 0.892145 0.077438 0.030417 365.995395 183.824538
9 10 18 0.022981 0.141759 0.835261 103.608069 214.380187
9 10 18 0.921602 0.074929 0.003469 112.795771 196.115748
9 10 18 0.707125 0.200296 0.092579 118.667987 202.818344
9 10 18 0.041184 0.909860 0.048956 144.583949 204.426575
9 10 18 0.142300 0.803441 0.054259 134.317647 202.915807
9 10 18 0.642566 0.047041 0.310393 110.227120 205.287705
9 10 18 0.794947 0.204886 0.000167 118.309237 200.304629
9 10 18 0.797544 0.158876 0.043581 119.063391 201.024458
9 10 18 0.598042 0.396158 0.005799 121.670463 202.292157
9 10 18 0.438736 0.289096 0.272168 116.673293 203.999111
10 19 18 0.436789 0.435748 0.127463 135.902742 207.735469
10 19 18 0.429195 0.231420 0.339385 128.469127 209.880633
10 19 18 0.681823 0.299348 0.018829 139.951594 204.117145
10 19 18 0.606311 0.300433 0.093256 139.806751 209.705923
10 19 18 0.636945 0.077117 0.285938 129.320854 208.983846
10 19 18 0.874660 0.086599 0.038741 144.126772 202.291722
10 19 18 0.651102 0.278049 0.070849 145.378685 206.258195
10 19 18 0.995342 0.000500 0.004157 145.536771 200.493619
10 19 18 0.959617 0.025627 0.014756 143.263272 200.601856
10 19 18 0.992668 0.007002 0.000331 144.723472 204.756982
10 11 19 0.510156 0.324910 0.164933 154.637161 203.334957
10 11 19 0.041246 0.751358 0.207396 166.746704 200.311262
10 11 19 0.628993 0.170413 0.200594 148.577945 206.697420
10 11 19 0.145312 0.765324 0.089363 170.711190 202.805191
10 11 19 0.637739 0.240680 0.121581 151.019502 201.128706
10 11 19 0.342068 0.089332 0.568600 142.541733 206.823040
10 11 19 0.592156 0.356058 0.051786 157.276084 198.823493
10 11 19 0.630717 0.137806 0.231476 143.506980 202.135186
10 11 19 0.770386 0.157309 0.072304 149.901187 204.014900
10 11 19 0.318658 0.509043 0.172300 160.558250 204.190080
11 20 19 0.022629 0.716561 0.260810 159.666299 211.691038
11 20 19 0.207273 0.406682 0.386046 155.788906 208.913420
11 20 19 0.536705 0.116380 0.346916 162.158685 205.281404
11 20 19 0.866581 0.081529 0.051889 176.747023 202.143385
11 20 19 0.230389 0.686779 0.082832 167.303959 210.112619
11 20 19 0.680491 0.260583 0.058926 169.960487 202.200617
11 20 19 0.971153 0.021831 0.007016 178.130531 199.936047
11 20 19 0.724311 0.250384 0.025305 173.667588 203.295738
11 20 19 0.214136 0.595007 0.190857 163.977659 213.142915
11 20 19 0.654030 0.210138 0.135831 169.905852 207.703958
11 12 20 0.388362 0.237370 0.374268 181.388312 203.787860
11 12 20 0.125336 0.119349 0.755315 179.114774 208.624955
11 12 20 0.672959 0.100915 0.226126 178.873512 205.264486
11 12 20 0.863047 0.114139 0.022814 178.824849 198.651811
11 12 20 0.196759 0.580658 0.222584 196.925666 203.313104
11 12 20 0.719051 0.157322 0.123627 183.347652 197.513744
11 12 20 0.048410 0.945359 0.006231 207.946066 200.601299
11 12 20 0.673928 0.036511 0.289561 178.011455 203.286034
11 12 20 0.572763 0.254072 0.173165 185.804793 202.111956
11 12 20 0.606764 0.113532 0.279705 180.872604 207.788347
12 21 20 0.476908 0.094826 0.428266 193.811469 202.426305
12 21 20 0.775926 0.124621 0.099453 209.765288 202.110452
12 21 20 0.114080 0.881422 0.004498 203.021159 209.119529
12 21 20 0.508768 0.299189 0.192043 201.178810 205.105636
12 21 20 0.985597 0.012082 0.002321 207.161713 197.627080
12 21 20 0.295085 0.486438 0.218477 199.871063 209.806195
12 21 20 0.560680 0.184615 0.254705 201.343195 203.485211
12 21 20 0.096399 0.694175 0.209426 201.565407 213.557423
12 21 20 0.483456 0.017488 0.499055 190.339305 205.530293
12 21 20 0.692598 0.201914 0.105488 206.879845 203.249540
12 13 21 0.046186 0.203987 0.749827 212.696332 208.414266
12 13 21 0.289291 0.540005 0.170704 227.201804 197.631255
12 13 21 0.229695 0.653514 0.116792 232.450721 199.390582
12 13 21 0.648849 0.047298 0.303853 211.125225 199.913052
12 13 21 0.190412 0.087062 0.722526 212.186206 205.952372
12 13 21 0.067635 0.838479 0.093886 238.643310 201.897707
12 13 21 0.123655 0.435138 0.441207 223.461543 203.141858
12 13 21 0.536676 0.094583 0.368741 213.649082 205.756200
12 13 21 0.369472 0.286613 0.343916 218.184667 203.028275
12 13 21 0.242463 0.107652 0.649886 213.825140 205.622975
13 22 21 0.808285 0.171709 0.020007 242.290519 198.645448
13 22 21 0.653791 0.090006 0.256204 236.485434 204.697212
13 22 21 0.037205 0.642498 0.320296 228.796240 210.078666
13 22 21 0.981395 0.002494 0.016111 243.237094 197.962446
13 22 21 0.410008 0.434850 0.155141 232.634462 204.601652
13 22 21 0.393732 0.014830 0.591438 222.401720 208.348029
13 22 21 0.546613 0.072409 0.380978 230.008440 204.503831
13 22 21 0.467574 0.067367 0.465060 223.509125 206.603682
13 22 21 0.571427 0.185649 0.242924 237.199010 200.329338
13 22 21 0.164832 0.043016 0.792152 213.983541 208.847504
13 14 22 0.947170 0.013519 0.039311 242.900379 194.629874
13 14 22 0.198675 0.784548 0.016777 268.345164 193.740862
13 14 22 0.991873 0.004793 0.003334 243.368419 193.134911
13 14 22 0.414346 0.405155 0.180499 258.240259 196.166690
13 14 22 0.016762 0.673221 0.310017 265.635427 195.569846
13 14 22 0.658176 0.264237 0.077587 250.421423 197.474288
13 14 22 0.280992 0.259483 0.459525 251.551439 201.991626
13 14 22 0.093264 0.418053 0.488683 257.020788 201.966482
13 14 22 0.803848 0.135868 0.060284 246.796649 197.972089
13 14 22 0.384700 0.556186 0.059114 259.645486 195.870721
14 23 22 0.951396 0.024056 0.024548 277.149588 192.979979
14 23 22 0.845328 0.143222 0.011450 274.824838 195.853555
14 23 22 0.948025 0.006936 0.045038 276.604574 196.834474
14 23 22 0.057395 0.435709 0.506896 262.442026 207.877683
14 23 22 0.409480 0.263016 0.327504 267.035269 201.009119
14 23 22 0.728161 0.156249 0.115590 275.565227 198.131376
14 23 22 0.901878 0.019709 0.078412 276.584531 196.907769
14 23 22 0.197949 0.658311 0.143740 275.779414 205.062821
14 23 22 0.040921 0.472750 0.486329 260.964224 204.487197
14 23 22 0.117184 0.028364 0.854452 244.416459 208.388456
14 15 23 0.037668 0.128653 0.833679 283.071419 204.621240
14 15 23 0.253967 0.126228 0.619805 282.683369 199.870863
14 15 23 0.258524 0.581946 0.159530 295.731648 196.095652
14 15 23 0.827417 0.013810 0.158774 276.347686 196.804929
14 15 23 0.816916 0.183008 0.000076 283.437241 195.246275
14 15 23 0.080073 0.213426 0.706500 286.330678 202.231789
14 15 23 0.839611 0.011051 0.149339 276.189659 193.814853
14 15 23 0.953481 0.025203 0.021316 281.530034 191.999168
14 15 23 0.099483 0.202094 0.698424 286.916345 202.818521
14 15 23 0.629956 0.086496 0.283548 279.926933 197.387924
15 24 23 0.427819 0.444541 0.127640 307.052414 201.564812
15 24 23 0.106888 0.082069 0.811043 288.181926 209.017059
15 24 23 0.446477 0.026114 0.527409 295.734676 200.685287
15 24 23 0.744868 0.227370 0.027762 311.313140 200.093572
15 24 23 0.604852 0.227836 0.167312 306.788155 196.636718
15 24 23 0.367931 0.585639 0.046429 318.566968 202.686703
15 24 23 0.596743 0.000971 0.402286 297.679395 199.447789
15 24 23 0.021195 0.443150 0.535655 294.977890 205.332220
15 24 23 0.914825 0.066257 0.018918 312.156039 195.218149
15 24 23 0.845608 0.119634 0.034758 308.445579 192.574887
15 16 24 0.557500 0.345299 0.097200 322.694406 192.580797
15 16 24 0.937816 0.035224 0.026960 308.504737 194.204774
15 16 24 0.268404 0.311847 0.419749 321.053190 196.797958
15 16 24 0.799522 0.148103 0.052375 315.695966 196.392102
15 16 24 0.436671 0.500969 0.062359 327.389134 194.024694
15 16 24 0.618136 0.109453 0.272411 316.786064 191.457241
15 16 24 0.901338 0.086994 0.011668 314.126448 190.257128
15 16 24 0.901875 0.088708 0.009417 317.139759 192.638696
15 16 24 0.507827 0.116375 0.375798 315.292255 194.870345
15 16 24 0.525314 0.211089 0.263597 316.385818 196.053262
16 25 24 0.475781 0.268306 0.255913 335.507349 197.681990
16 25 24 0.137562 0.700820 0.161618 343.845744 202.089343
16 25 24 0.953581 0.010791 0.035628 344.276538 192.211294
16 25 24 0.120102 0.056674 0.823224 320.147391 207.169866
16 25 24 0.756758 0.121948 0.121295 342.138356 193.145489
16 25 24 0.172926 0.787599 0.039475 349.455259 202.744103
16 25 24 0.653889 0.236725 0.109387 343.977122 197.858256
16 25 24 0.128155 0.300804 0.571040 327.726138 202.842505
16 25 24 0.977638 0.010302 0.012060 346.676500 191.859559
16 25 24 0.516121 0.144723 0.339156 331.390792 199.294152
16 17 25 0.506893 0.386127 0.106981 353.686345 193.784109
16 17 25 0.372745 0.164414 0.462840 353.092059 196.791844
16 17 25 0.516033 0.014013 0.469955 347.253710 194.957572
16 17 25 0.551457 0.321521 0.127022 358.798593 191.968245
16 17 25 0.193278 0.131706 0.675017 353.336009 201.166768
16 17 25 0.204358 0.628493 0.167148 364.663795 193.006453
16 17 25 0.974921 0.022443 0.002636 344.045606 190.384177
16 17 25 0.359322 0.386267 0.254412 360.379360 189.060238
16 17 25 0.071317 0.787641 0.141042 370.544422 194.439130
16 17 25 0.635183 0.057832 0.306985 349.642267 197.382834
17 26 25 0.224383 0.606305 0.169313 379.624393 199.494386
17 26 25 0.933801 0.060582 0.005617 374.093864 190.315751
17 26 25 0.440079 0.461421 0.098500 378.021712 193.801343
17 26 25 0.860566 0.132506 0.006928 371.922694 192.036501
17 26 25 0.342505 0.209089 0.448405 368.206290 194.902695
17 26 25 0.293242 0.591788 0.114970 381.892092 193.932385
17 26 25 0.200464 0.133583 0.665953 359.294508 203.277992
17 26 25 0.927370 0.025874 0.046756 372.528187 187.907284
17 26 25 0.048601 0.725488 0.225911 382.813521 199.965675
17 26 25 0.466017 0.043524 0.490459 364.125183 193.228999
18 19 27 0.859790 0.030458 0.109752 98.969174 215.723454
18 19 27 0.517253 0.133642 0.349105 100.166514 225.638960
18 19 27 0.371019 0.248774 0.380207 105.555323 225.400835
18 19 27 0.708096 0.137129 0.154775 98.647346 222.311724
18 19 27 0.092144 0.501862 0.405994 111.535066 227.159312
18 19 27 0.849169 0.094002 0.056829 102.226447 220.521051
18 19 27 0.130521 0.394558 0.474921 111.181780 228.070608
18 19 27 0.949186 0.042453 0.008361 100.895887 217.123580
18 19 27 0.708214 0.161600 0.130186 99.916602 217.267575
18 19 27 0.406690 0.123307 0.470002 95.413644 224.939782
19 28 27 0.611391 0.280910 0.107699 130.686076 228.732637
19 28 27 0.268880 0.434050 0.297070 114.927186 236.140203
19 28 27 0.928308 0.055601 0.016091 128.519726 216.474507
19 28 27 0.596135 0.010139 0.393726 111.622617 221.686761
19 28 27 0.702823 0.002424 0.294753 122.804850 225.044494
19 28 27 0.623839 0.227756 0.148405 126.757008 221.618259
19 28 27 0.919847 0.047180 0.032974 133.800168 216.334342
19 28 27 0.058202 0.625454 0.316344 112.988663 235.670888
19 28 27 0.060028 0.209170 0.730803 98.167526 243.073099
19 28 27 0.115383 0.572812 0.311805 117.688563 240.052787
19 20 28 0.402018 0.007639 0.590344 129.746696 228.349693
19 20 28 0.757558 0.229638 0.012805 142.921851 217.513154
19 20 28 0.779198 0.085546 0.135257 132.532005 220.785560
19 20 28 0.882392 0.116734 0.000873 139.047957 214.520979
19 20 28 0.420435 0.293399 0.286166 142.543241 221.105944
19 20 28 0.414559 0.140932 0.444509 135.334191 225.902683
19 20 28 0.917682 0.010060 0.072258 133.150611 214.699076
19 20 28 0.851395 0.027636 0.120969 133.887828 219.251328
19 20 28 0.874486 0.037105 0.088409 132.873731 213.742068
19 20 28 0.181678 0.187184 0.631138 136.795772 227.220900
20 29 28 0.949779 0.046708 0.003513 170.131636 214.353647
20 29 28 0.940457 0.013619 0.045924 163.285443 212.953971
20 29 28 0.410355 0.015497 0.574148 144.761130 229.001747
20 29 28 0.062654 0.733870 0.203476 157.135707 233.687583
20 29 28 0.782223 0.135959 0.081819 165.124126 218.449160
20 29 28 0.139326 0.320781 0.539893 148.376985 235.525098
20 29 28 0.463394 0.346004 0.190602 163.504970 225.451186
20 29 28 0.611317 0.371340 0.017344 168.268770 220.468982
20 29 28 0.605747 0.279005 0.115248 164.078055 227.835816
20 29 28 0.865526 0.019080 0.115393 164.460478 215.881788
20 21 29 0.631317 0.356884 0.011799 183.522016 210.777127
20 21 29 0.031092 0.251752 0.717156 174.395016 229.073669
20 21 29 0.863254 0.121786 0.014960 172.396732 211.311248
20 21 29 0.634014 0.000061 0.365925 167.948425 224.515960
20 21 29 0.698897 0.036496 0.264607 167.732549 217.809928
20 21 29 0.796026 0.139335 0.064639 174.792700 213.632402
20 21 29 0.798961 0.173180 0.027859 176.451414 211.142179
20 21 29 0.153037 0.836275 0.010688 198.317747 211.126264
20 21 29 0.464939 0.522544 0.012518 187.520450 211.872354
20 21 29 0.274115 0.513353 0.212532 186.500522 214.060462
21 30 29 0.679137 0.047155 0.273708 197.422864 217.659255
21 30 29 0.983209 0.006122 0.010668 204.038202 207.961749
21 30 29 0.800826 0.167649 0.031525 205.433704 214.736949
21 30 29 0.004696 0.577729 0.417575 187.363691 237.475486
21 30 29 0.608517 0.264115 0.127369 202.638972 221.109966
21 30 29 0.660446 0.220969 0.118585 204.117783 219.443232
21 30 29 0.093135 0.403466 0.503399 188.728027 234.485932
21 30 29 0.883669 0.104879 0.011453 205.952393 215.094304
21 30 29 0.728757 0.209269 0.061974 200.603487 215.658371
21 30 29 0.162290 0.214536 0.623174 182.153699 232.794161
21 22 30 0.210730 0.313450 0.475819 219.527629 221.620619
21 22 30 0.352400 0.607685 0.039915 226.476953 209.729469
21 22 30 0.983589 0.001705 0.014706 206.662690 211.120507
21 22 30 0.463431 0.324031 0.212539 218.262763 215.992030
21 22 30 0.677641 0.011020 0.311339 203.406072 214.028588
21 22 30 0.615195 0.116338 0.268467 207.294425 217.118139
21 22 30 0.993111 0.001837 0.005052 205.860970 210.126478
21 22 30 0.282304 0.559412 0.158283 226.557421 210.622778
21 22 30 0.121374 0.092238 0.786388 208.647665 227.564417
21 22 30 0.274414 0.412522 0.313064 219.809961 216.818144
22 31 30 0.152225 0.103945 0.743830 214.560403 228.307545
22 31 30 0.204222 0.392432 0.403346 228.074458 226.584670
22 31 30 0.733085 0.029432 0.237483 234.930576 212.778338
22 31 30 0.521864 0.445466 0.032670 238.526302 217.012182
22 31 30 0.761359 0.173376 0.065266 238.471286 213.713442
22 31 30 0.808917 0.006424 0.184658 235.614384 210.939038
22 31 30 0.089275 0.725447 0.185278 240.316583 231.952767
22 31 30 0.283275 0.427224 0.289502 234.280769 220.688693
22 31 30 0.764374 0.084910 0.150716 238.783803 215.160542
22 31 30 0.620714 0.231865 0.147421 235.729254 215.165807
22 23 31 0.939968 0.053016 0.007015 246.575994 206.817618
22 23 31 0.201058 0.745804 0.053138 269.103618 206.691341
22 23 31 0.571637 0.179118 0.249245 251.232302 209.488219
22 23 31 0.962332 0.024730 0.012937 243.338997 209.771714
22 23 31 0.433240 0.108018 0.458742 245.357041 219.061387
22 23 31 0.485243 0.135161 0.379595 247.601535 213.536628
22 23 31 0.451288 0.408132 0.140580 257.327614 212.502063
22 23 31 0.682126 0.057769 0.260104 244.677715 216.031969
22 23 31 0.132680 0.641808 0.225512 269.295979 210.527925
22 23 31 0.661130 0.102848 0.236022 246.849036 212.260605
23 32 31 0.940820 0.035250 0.023930 279.888666 209.457168
23 32 31 0.794992 0.194404 0.010604 281.449589 213.493633
23 32 31 0.111895 0.497643 0.390462 267.804675 221.023659
23 32 31 0.916819 0.057223 0.025958 280.579758 207.570153
23 32 31 0.925774 0.020474 0.053752 277.862454 210.137649
23 32 31 0.618271 0.145062 0.236667 272.326276 218.078296
23 32 31 0.215195 0.784406 0.000399 282.101162 224.982284
23 32 31 0.980327 0.008048 0.011625 278.674590 208.403468
23 32 31 0.973260 0.021900 0.004840 281.658993 207.510529
23 32 31 0.488933 0.095577 0.415490 268.597287 218.608362
23 24 32 0.044974 0.804403 0.150623 310.114306 205.865432
23 24 32 0.744555 0.109702 0.145742 282.694515 207.387542
23 24 32 0.856976 0.006440 0.136584 277.748613 208.653658
23 24 32 0.621296 0.194503 0.184201 287.098791 211.271995
23 24 32 0.302482 0.069135 0.628383 284.411235 220.809578
23 24 32 0.457965 0.049801 0.492233 284.016876 217.116091
23 24 32 0.180922 0.197299 0.621779 290.858417 219.212373
23 24 32 0.010043 0.959956 0.030001 316.064688 207.531518
23 24 32 0.128379 0.344235 0.527386 291.145016 219.506163
23 24 32 0.123470 0.725489 0.151041 306.743361 208.311990
24 33 32 0.321137 0.140507 0.538356 297.227462 216.675469
24 33 32 0.060596 0.093271 0.846133 286.211953 226.912191
24 33 32 0.661827 0.206275 0.131898 313.514522 212.328169
24 33 32 0.687826 0.262746 0.049428 314.383041 212.691216
24 33 32 0.390466 0.509679 0.099856 314.657755 220.650462
24 33 32 0.672773 0.033477 0.293750 303.011886 210.826474
24 33 32 0.479564 0.466251 0.054185 312.964442 216.533698
24 33 32 0.192349 0.655513 0.152138 313.803122 224.980221
24 33 32 0.342784 0.234851 0.422365 301.100792 219.322582
24 33 32 0.529593 0.154981 0.315427 304.011414 218.327649
24 25 33 0.441630 0.421786 0.136585 328.735462 205.301537
24 25 33 0.081998 0.857613 0.060389 347.495774 201.138267
24 25 33 0.205227 0.706348 0.088425 339.248804 205.332177
24 25 33 0.949634 0.016766 0.033600 318.074432 206.620126
24 25 33 0.368862 0.165201 0.465938 323.090673 214.681496
24 25 33 0.830462 0.149428 0.020109 319.818371 205.233398
24 25 33 0.433219 0.524928 0.041853 332.698822 205.132219
24 25 33 0.266612 0.624730 0.108658 339.593420 207.399699
24 25 33 0.885814 0.070715 0.043471 314.449486 203.182758
24 25 33 0.473863 0.264088 0.262049 324.188143 211.481435
25 34 33 0.838913 0.013728 0.147359 345.445019 208.763864
25 34 33 0.893462 0.028890 0.077648 345.502680 210.383290
25 34 33 0.010574 0.005816 0.983610 320.865681 228.248965
25 34 33 0.738448 0.062809 0.198743 345.762232 206.963574
25 34 33 0.908805 0.087606 0.003589 349.928040 207.888140
25 34 33 0.367399 0.320704 0.311897 342.646483 213.934402
25 34 33 0.207463 0.774813 0.017725 356.657482 219.531186
25 34 33 0.945441 0.013616 0.040943 347.520367 206.655491
25 34 33 0.894433 0.027876 0.077691 347.101037 206.707297
25 34 33 0.108863 0.484915 0.406222 345.432891 223.644463
25 26 34 0.127800 0.149606 0.722594 363.871542 215.618894
25 26 34 0.671210 0.069854 0.258936 355.590170 204.906238
25 26 34 0.403843 0.100230 0.495928 358.914785 213.359317
25 26 34 0.921869 0.027206 0.050925 349.240968 206.210361
25 26 34 0.624591 0.154664 0.220745 356.009501 207.597196
25 26 34 0.774307 0.144929 0.080764 356.034116 204.745257
25 26 34 0.078495 0.118068 0.803437 361.614212 219.814930
25 26 34 0.892053 0.021822 0.086124 352.927084 205.942840
25 26 34 0.719396 0.155630 0.124974 358.718128 207.138885
25 26 34 0.071171 0.206746 0.722083 365.154087 219.811333
26 35 34 0.744231 0.199958 0.055812 384.169918 205.115405
26 35 34 0.937743 0.010754 0.051503 386.854232 206.499182
26 35 34 0.571551 0.034646 0.393803 376.993995 207.338410
26 35 34 0.997638 0.000179 0.002183 388.165240 198.967741
26 35 34 0.781731 0.110821 0.107448 383.199863 204.230363
26 35 34 0.856123 0.128092 0.015785 389.398927 203.154863
26 35 34 0.800571 0.158604 0.040826 390.033456 205.027482
26 35 34 0.067058 0.569202 0.363740 386.977825 218.933345
26 35 34 0.299093 0.244889 0.456018 378.023271 216.974108
26 35 34 0.038785 0.662123 0.299092 388.131359 221.688394
27 28 36 0.442860 0.051942 0.505198 86.786663 258.579861
27 28 36 0.769009 0.010313 0.220677 85.391181 249.161244
27 28 36 0.766541 0.223679 0.009780 97.055983 241.183661
27 28 36 0.903180 0.063771 0.033049 85.752548 241.517181
27 28 36 0.705784 0.165078 0.129138 92.620292 241.799159
27 28 36 0.565536 0.102790 0.331674 86.485056 250.648737
27 28 36 0.131520 0.113173 0.755307 83.107845 262.978800
27 28 36 0.953299 0.014597 0.032104 85.833335 242.674656
27 28 36 0.220817 0.751671 0.027511 116.588931 236.633928
27 28 36 0.058846 0.709344 0.231810 112.421572 243.125783
28 37 36 0.789667 0.210033 0.000300 124.540043 246.880611
28 37 36 0.485303 0.397782 0.116915 118.659624 257.375947
28 37 36 0.668431 0.050015 0.281554 113.732929 248.597991
28 37 36 0.763853 0.036262 0.199885 119.212408 249.657019
28 37 36 0.035977 0.183008 0.781016 93.598910 267.372198
28 37 36 0.000626 0.759188 0.240185 109.474400 270.811929
28 37 36 0.795479 0.111973 0.092548 123.984180 245.346135
28 37 36 0.733779 0.010544 0.255677 113.356410 248.591369
28 37 36 0.546571 0.139147 0.314283 114.587354 254.688653
28 37 36 0.257013 0.720549 0.022438 119.022677 261.068201
28 29 37 0.702399 0.244991 0.052610 135.913645 241.251277
28 29 37 0.773848 0.169670 0.056483 134.701491 234.373208
28 29 37 0.070350 0.693731 0.235918 151.515786 246.001313
28 29 37 0.762271 0.071060 0.166669 130.100917 243.328708
28 29 37 0.059001 0.025559 0.915440 123.767738 263.702874
28 29 37 0.825211 0.010983 0.163807 126.070408 244.192182
28 29 37 0.639611 0.302954 0.057435 140.833956 240.634356
28 29 37 0.414968 0.305010 0.280022 136.895904 249.131668
28 29 37 0.770678 0.210406 0.018916 139.814183 244.302017
28 29 37 0.606679 0.157821 0.235500 135.729752 246.663790
29 38 37 0.109908 0.307605 0.582487 137.761164 266.988980
29 38 37 0.739785 0.061634 0.198580 156.163100 242.894488
29 38 37 0.364730 0.514517 0.120754 156.870202 255.001087
29 38 37 0.413401 0.342816 0.243784 156.517224 255.417467
29 38 37 0.458750 0.256925 0.284325 153.360420 253.362714
29 38 37 0.888121 0.030333 0.081546 162.680575 239.867699
29 38 37 0.186585 0.634473 0.178942 154.132365 261.108578
29 38 37 0.466003 0.086584 0.447413 146.074680 251.746313
29 38 37 0.334484 0.476354 0.189162 154.724186 259.963807
29 38 37 0.476193 0.225679 0.298127 149.671371 251.445079
29 30 38 0.358983 0.007635 0.633382 165.147350 257.291773
29 30 38 0.131496 0.389686 0.478818 175.727850 251.833383
29 30 38 0.308880 0.593295 0.097825 188.187872 239.752071
29 30 38 0.874779 0.012065 0.113156 162.370551 236.149341
29 30 38 0.746160 0.098862 0.154978 169.997613 239.592575
29 30 38 0.097425 0.074215 0.828359 163.130714 267.631584
29 30 38 0.789512 0.179523 0.030966 171.305053 234.335219
29 30 38 0.350102 0.058746 0.591152 165.414743 251.787161
29 30 38 0.880773 0.117843 0.001384 169.042089 235.218893
29 30 38 0.993452 0.004288 0.002261 163.686409 232.564317
30 39 38 0.452143 0.391585 0.156272 196.464142 252.753183
30 39 38 0.984168 0.012313 0.003519 201.530482 233.887833
30 39 38 0.965421 0.006125 0.028455 201.134847 233.730089
30 39 38 0.588696 0.400924 0.010380 209.807048 246.640275
30 39 38 0.973996 0.025300 0.000704 204.387770 234.223074
30 39 38 0.316026 0.464970 0.219005 197.269557 253.629450
30 39 38 0.309912 0.021418 0.668671 178.977948 260.880308
30 39 38 0.618184 0.229294 0.152522 195.958122 247.628693
30 39 38 0.872317 0.012537 0.115146 196.094994 237.670691
30 39 38 0.654213 0.009471 0.336316 189.170014 241.393073
30 31 39 0.329728 0.238692 0.431579 213.956959 244.713720
30 31 39 0.169987 0.690297 0.139716 231.615153 234.177917
30 31 39 0.750672 0.096835 0.152492 208.249823 234.820615
30 31 39 0.912605 0.069141 0.018254 206.454042 234.207850
30 31 39 0.865183 0.026934 0.107884 205.888216 237.104363
30 31 39 0.649011 0.082362 0.268627 210.379264 242.355289
30 31 39 0.209125 0.390248 0.400627 220.917906 243.466404
30 31 39 0.495774 0.344864 0.159363 219.020379 237.270089
30 31 39 0.090363 0.050442 0.859195 209.858142 263.452839
30 31 39 0.316436 0.147414 0.536150 213.470704 250.609857
31 40 39 0.637193 0.111892 0.250915 233.104694 246.021710
31 40 39 0.051452 0.821773 0.126774 241.317927 261.079901
31 40 39 0.075154 0.659433 0.265412 233.327203 262.046048
31 40 39 0.284400 0.306776 0.408824 229.225602 256.948692
31 40 39 0.637424 0.313795 0.048781 241.718747 244.555512
31 40 39 0.852218 0.043243 0.104538 237.109729 234.903735
31 40 39 0.211337 0.244957 0.543705 220.618304 254.479402
31 40 39 0.320549 0.130621 0.548830 218.971689 252.703295
31 40 39 0.620423 0.362840 0.016737 241.572688 238.548421
31 40 39 0.245828 0.159217 0.594954 222.858720 252.866650
31 32 40 0.453033 0.248848 0.298120 250.982583 238.396503
31 32 40 0.086003 0.228842 0.685155 255.780457 254.920322
31 32 40 0.206647 0.404417 0.388936 262.940080 244.389387
31 32 40 0.406790 0.445383 0.147827 260.312376 231.366846
31 32 40 0.821446 0.150287 0.028267 249.082524 237.043092
31 32 40 0.548542 0.041200 0.410258 242.919123 244.083044
31 32 40 0.952547 0.028219 0.019234 244.427061 231.743853
31 32 40 0.835759 0.152699 0.011541 248.756169 229.548223
31 32 40 0.493045 0.115719 0.391236 246.049570 243.485626
31 32 40 0.799284 0.054735 0.145981 242.151936 233.265673
32 41 40 0.113227 0.100627 0.786145 253.765457 259.772617
32 41 40 0.443041 0.090775 0.466184 267.140174 248.371083
32 41 40 0.430169 0.427344 0.142488 283.162881 249.804043
32 41 40 0.713833 0.027576 0.258591 272.607441 235.732360
32 41 40 0.801105 0.013145 0.185750 277.025476 234.205130
32 41 40 0.450746 0.138852 0.410402 268.949253 248.294125
32 41 40 0.108111 0.665978 0.225911 275.855094 261.707249
32 41 40 0.603924 0.303154 0.092922 279.771062 244.188314
32 41 40 0.637490 0.033665 0.328845 268.886630 245.397858
32 41 40 0.263195 0.125377 0.611428 263.371444 254.624417
32 33 41 0.976185 0.007456 0.016359 280.842293 230.968232
32 33 41 0.514693 0.009659 0.475649 285.142011 246.682668
32 33 41 0.664121 0.018601 0.317277 281.453310 238.840766
32 33 41 0.294662 0.587478 0.117860 303.454634 230.489926
32 33 41 0.681055 0.194574 0.124371 287.858294 231.239127
32 33 41 0.311219 0.411533 0.277248 303.895844 240.632848
32 33 41 0.360097 0.491899 0.148004 304.266975 228.864144
32 33 41 0.801260 0.013855 0.184885 280.463738 239.058251
32 33 41 0.561561 0.318653 0.119786 292.204950 231.911785
32 33 41 0.099904 0.445276 0.454820 301.165404 241.089645
33 42 41 0.811444 0.183713 0.004843 324.116652 231.810035
33 42 41 0.696134 0.037350 0.266516 313.132968 235.241604
33 42 41 0.193599 0.341698 0.464703 308.153324 252.029823
33 42 41 0.653412 0.028578 0.318010 311.099676 236.199537
33 42 41 0.348566 0.622607 0.028826 325.437540 246.121082
33 42 41 0.039083 0.566350 0.394567 313.150706 258.474919
33 42 41 0.915815 0.030316 0.053869 320.209813 230.610342
33 42 41 0.597706 0.119886 0.282408 314.446070 237.962065
33 42 41 0.778570 0.156056 0.065374 321.142045 231.523476
33 42 41 0.608265 0.211164 0.180571 319.336608 238.917279
33 34 42 0.736683 0.219179 0.044138 332.805318 225.954288
33 34 42 0.822642 0.124833 0.052525 326.698923 226.301262
33 34 42 0.169747 0.364746 0.465507 341.833768 241.943362
33 34 42 0.349232 0.365714 0.285053 335.712269 235.073902
33 34 42 0.566894 0.158814 0.274292 330.236597 232.135822
33 34 42 0.563871 0.274239 0.161890 332.576755 227.521856
33 34 42 0.317087 0.017914 0.664999 327.656719 244.621881
33 34 42 0.998193 0.000515 0.001292 319.918173 224.400706
33 34 42 0.668667 0.162325 0.169008 328.637591 232.436433
33 34 42 0.978136 0.014021 0.007843 321.799913 228.340438
34 43 42 0.482398 0.151763 0.365839 350.167959 239.978318
34 43 42 0.220288 0.036106 0.743607 337.171841 249.301428
34 43 42 0.394935 0.119550 0.485515 347.058488 241.810479
34 43 42 0.098712 0.613903 0.287385 360.439538 253.116371
34 43 42 0.946695 0.025686 0.027618 363.137350 226.785361
34 43 42 0.048084 0.691773 0.260143 360.199835 251.231459
34 43 42 0.829909 0.001221 0.168870 356.480976 227.165989
34 43 42 0.784661 0.101790 0.113549 362.365893 230.632721
34 43 42 0.719370 0.275192 0.005437 362.334593 232.208658
34 43 42 0.433907 0.230252 0.335841 354.004812 246.282787
34 35 43 0.970587 0.012072 0.017341 363.242074 225.919609
34 35 43 0.659421 0.290015 0.050564 370.497309 224.929212
34 35 43 0.536197 0.111849 0.351955 364.249843 237.997639
34 35 43 0.696343 0.156143 0.147514 369.231971 227.237812
34 35 43 0.514776 0.221835 0.263389 371.617442 228.995928
34 35 43 0.468900 0.331683 0.199417 377.976527 231.389930
34 35 43 0.863131 0.047805 0.089064 360.851675 225.723419
34 35 43 0.544050 0.273012 0.182939 373.046226 232.461763
34 35 43 0.446053 0.046932 0.507015 372.005097 240.344537
34 35 43 0.386483 0.596613 0.016904 381.739563 223.192503
35 44 43 0.488892 0.483299 0.027809 401.723603 238.700043
35 44 43 0.098532 0.684067 0.217401 402.773781 248.714094
35 44 43 0.226219 0.395702 0.378078 394.280340 245.584741
35 44 43 0.744684 0.001704 0.253612 393.931719 228.299130
35 44 43 0.538419 0.126236 0.335345 393.459224 237.362860
35 44 43 0.468312 0.194868 0.336820 391.404914 237.668540
35 44 43 0.294312 0.620703 0.084985 402.585756 244.856982
35 44 43 0.121257 0.269850 0.608893 385.855065 250.773178
35 44 43 0.750647 0.190854 0.058499 404.304318 227.485150
35 44 43 0.656205 0.102408 0.241387 391.213380 231.284380
36 37 45 0.772329 0.065516 0.162155 82.666525 281.936594
36 37 45 0.903603 0.083668 0.012729 82.672993 272.774667
36 37 45 0.413672 0.234265 0.352063 87.225442 284.930568
36 37 45 0.126250 0.620869 0.252881 102.782714 282.837118
36 37 45 0.209167 0.260212 0.530621 87.973685 294.075378
36 37 45 0.843667 0.036270 0.120063 80.574876 277.315356
36 37 45 0.576350 0.369733 0.053917 91.372234 273.980221
36 37 45 0.973101 0.013516 0.013383 80.721216 278.972037
36 37 45 0.611349 0.364229 0.024422 94.642669 274.758285
36 37 45 0.630376 0.199727 0.169897 89.806625 278.478165
37 46 45 0.373048 0.265595 0.361357 103.844345 293.474619
37 46 45 0.308346 0.321966 0.369687 101.153887 299.980734
37 46 45 0.125421 0.702715 0.171864 111.729120 308.330584
37 46 45 0.185021 0.173781 0.641198 93.900616 305.338161
37 46 45 0.432358 0.231980 0.335662 101.470041 295.898543
37 46 45 0.094178 0.392494 0.513327 91.407418 306.672304
37 46 45 0.755570 0.055319 0.189111 109.914121 284.555149
37 46 45 0.816479 0.026443 0.157077 112.055142 277.357346
37 46 45 0.956261 0.003922 0.039817 123.421478 274.948443
37 46 45 0.047681 0.579549 0.372770 101.801962 306.971752
37 38 46 0.763178 0.177698 0.059125 130.042821 271.843065
37 38 46 0.181191 0.406728 0.412080 134.960293 286.622838
37 38 46 0.893737 0.024275 0.081989 121.480202 273.613095
37 38 46 0.864056 0.111040 0.024904 126.519365 266.393508
37 38 46 0.416851 0.377246 0.205903 139.045332 279.339803
37 38 46 0.590951 0.119243 0.289806 122.740761 280.604782
37 38 46 0.549196 0.383209 0.067596 139.255505 271.400697
37 38 46 0.602544 0.390938 0.006518 135.718316 268.993172
37 38 46 0.304689 0.116921 0.578390 125.525977 294.912439
37 38 46 0.960757 0.000620 0.038623 117.850887 269.296794
38 47 46 0.435933 0.093005 0.471062 143.400248 293.438497
38 47 46 0.285387 0.504548 0.210065 155.696452 300.752481
38 47 46 0.629297 0.322493 0.048211 158.146383 282.303860
38 47 46 0.274065 0.149419 0.576516 133.968788 297.842479
38 47 46 0.629477 0.239940 0.130583 156.214873 283.281358
38 47 46 0.342300 0.161088 0.496613 133.845846 292.008962
38 47 46 0.075067 0.408272 0.516661 139.486994 307.784979
38 47 46 0.992486 0.000595 0.006920 163.390216 273.666233
38 47 46 0.534997 0.287956 0.177047 154.878383 289.345337
38 47 46 0.083887 0.339524 0.576589 140.528146 308.300934
38 39 47 0.932446 0.067402 0.000152 164.814179 268.956466
38 39 47 0.432056 0.397523 0.170421 181.074781 277.169002
38 39 47 0.608519 0.359840 0.031641 178.266123 267.201454
38 39 47 0.510010 0.286457 0.203533 174.246061 273.421538
38 39 47 0.650072 0.115933 0.233996 166.326635 280.308577
38 39 47 0.491024 0.314449 0.194528 175.796570 276.276205
38 39 47 0.139248 0.446297 0.414455 179.154835 283.854698
38 39 47 0.198110 0.160813 0.641077 168.981589 292.294091
38 39 47 0.669635 0.154557 0.175808 170.786492 276.013803
38 39 47 0.391153 0.357470 0.251377 181.453646 279.304078
39 48 47 0.329819 0.517437 0.152744 198.384902 289.628696
39 48 47 0.323728 0.521549 0.154723 196.964317 294.847109
39 48 47 0.205911 0.335853 0.458236 183.354367 302.361776
39 48 47 0.731653 0.069646 0.198702 195.507529 276.766199
39 48 47 0.023381 0.603248 0.373370 191.636146 303.897578
39 48 47 0.618872 0.255089 0.126039 197.806806 284.318213
39 48 47 0.993537 0.003210 0.003254 199.249905 266.579395
39 48 47 0.721679 0.005018 0.273302 194.049809 276.338374
39 48 47 0.808524 0.152517 0.038959 202.199466 271.173501
39 48 47 0.078843 0.149000 0.772157 168.068981 303.978955
39 40 48 0.297068 0.386633 0.316300 218.444487 278.454252
39 40 48 0.656405 0.226367 0.117228 213.256996 269.549779
39 40 48 0.729360 0.207248 0.063392 213.295063 269.713677
39 40 48 0.754234 0.129547 0.116218 207.614488 270.191340
39 40 48 0.960907 0.036163 0.002929 202.117346 268.066261
39 40 48 0.347378 0.590655 0.061967 225.577130 269.336945
39 40 48 0.017262 0.916975 0.065763 237.749815 266.157837
39 40 48 0.222968 0.557729 0.219303 225.737175 271.896961
39 40 48 0.873234 0.022976 0.103791 204.022562 265.650872
39 40 48 0.454136 0.444718 0.101146 222.862266 271.182810
40 49 48 0.923444 0.041509 0.035047 244.042649 267.118626
40 49 48 0.449389 0.118057 0.432553 225.544206 289.281033
40 49 48 0.079938 0.735698 0.184364 235.568705 298.364842
40 49 48 0.052281 0.210560 0.737159 213.980151 304.451617
40 49 48 0.967924 0.019711 0.012364 242.509492 266.034377
40 49 48 0.835328 0.008789 0.155883 233.898644 272.623068
40 49 48 0.983070 0.015550 0.001380 245.117897 267.738062
40 49 48 0.959108 0.012204 0.028688 242.971150 267.042197
40 49 48 0.983830 0.016109 0.000061 243.169695 265.679806
40 49 48 0.217000 0.182217 0.600783 215.691531 296.694145
40 41 49 0.953452 0.012667 0.033881 244.972782 266.455223
40 41 49 0.831132 0.063768 0.105100 251.627563 269.077410
40 41 49 0.418521 0.405332 0.176147 263.254833 270.736782
40 41 49 0.079612 0.612073 0.308314 271.436796 275.930148
40 41 49 0.970918 0.011172 0.017909 244.467586 263.897554
40 41 49 0.661191 0.065261 0.273548 245.022624 272.923396
40 41 49 0.078193 0.262888 0.658920 259.582239 288.724223
40 41 49 0.937299 0.042908 0.019794 249.855334 264.802857
40 41 49 0.715852 0.022236 0.261913 245.867428 273.317743
40 41 49 0.077573 0.155658 0.766769 249.753442 295.622734
41 50 49 0.675176 0.318437 0.006386 285.853633 271.459443
41 50 49 0.554999 0.410188 0.034814 289.023009 279.542556
41 50 49 0.820588 0.062224 0.117188 283.420956 272.901086
41 50 49 0.381450 0.443759 0.174791 283.772588 288.459452
41 50 49 0.160049 0.183045 0.656906 260.886157 298.106971
41 50 49 0.562460 0.247318 0.190222 278.233949 275.571566
41 50 49 0.014551 0.409123 0.576326 267.156430 302.307904
41 50 49 0.787008 0.009705 0.203287 279.232517 271.887708
41 50 49 0.235781 0.205986 0.558233 264.213983 291.141594
41 50 49 0.343113 0.170587 0.486301 269.250720 289.214747
41 42 50 0.883010 0.067721 0.049269 292.287406 261.681521
41 42 50 0.103755 0.060277 0.835968 291.069842 294.789370
41 42 50 0.883099 0.034833 0.082068 289.473905 265.131901
41 42 50 0.855645 0.071963 0.072392 284.680866 261.976321
41 42 50 0.788004 0.138726 0.073270 296.856723 261.419383
41 42 50 0.528464 0.438774 0.032763 306.248192 262.620843
41 42 50 0.954533 0.007248 0.038219 287.166624 261.665502
41 42 50 0.655468 0.266801 0.077730 297.137561 267.827843
41 42 50 0.730019 0.200378 0.069603 293.897676 261.781547
41 42 50 0.812213 0.068741 0.119046 289.857860 263.666219
42 51 50 0.220512 0.547207 0.232280 325.040272 291.840325
42 51 50 0.982472 0.009831 0.007697 325.898281 259.607677
42 51 50 0.137270 0.579901 0.282829 323.122062 292.866825
42 51 50 0.010240 0.043237 0.946523 295.940938 300.480295
42 51 50 0.069575 0.579326 0.351099 319.880557 295.314615
42 51 50 0.554513 0.157469 0.288018 318.115846 273.908461
42 51 50 0.777140 0.147095 0.075765 327.088701 265.844620
42 51 50 0.237173 0.034314 0.728513 301.198141 291.749874
42 51 50 0.916918 0.013181 0.069901 321.634958 264.612225
42 51 50 0.044400 0.527281 0.428319 313.712232 297.145473
42 43 51 0.845483 0.014348 0.140169 330.261891 262.700430
42 43 51 0.854712 0.136096 0.009192 336.800994 260.210422
42 43 51 0.104998 0.700808 0.194194 358.493180 266.829830
42 43 51 0.614489 0.330122 0.055388 343.926086 260.939262
42 43 51 0.002249 0.941769 0.055982 367.336785 256.908132
42 43 51 0.371588 0.177541 0.450871 336.981006 275.666129
42 43 51 0.057433 0.082594 0.859974 339.186149 290.710368
42 43 51 0.589358 0.260624 0.150018 340.095085 262.167685
42 43 51 0.488749 0.020860 0.490391 330.282315 276.974316
42 43 51 0.419709 0.528954 0.051338 349.299398 260.432753
43 52 51 0.179142 0.380420 0.440438 354.712774 291.181396
43 52 51 0.281745 0.680339 0.037916 373.050451 287.066062
43 52 51 0.592142 0.022527 0.385330 354.784461 274.244304
43 52 51 0.260774 0.434043 0.305183 364.085974 287.866008
43 52 51 0.424540 0.032707 0.542753 351.198335 280.577963
43 52 51 0.653620 0.242356 0.104024 362.359372 271.455333
43 52 51 0.231080 0.323038 0.445882 356.928008 287.886656
43 52 51 0.353514 0.623241 0.023245 372.555880 282.381952
43 52 51 0.360887 0.419374 0.219739 364.502203 283.256754
43 52 51 0.043894 0.747267 0.208840 367.212333 296.729233
43 44 52 0.138287 0.174932 0.686781 382.853197 283.607251
43 44 52 0.098880 0.328304 0.572816 383.056043 283.315647
43 44 52 0.127728 0.015598 0.856673 374.430182 288.533617
43 44 52 0.544121 0.293730 0.162149 382.760549 261.552957
43 44 52 0.620747 0.173700 0.205553 376.848765 265.241894
43 44 52 0.356233 0.415585 0.228182 385.708884 264.887570
43 44 52 0.222203 0.717376 0.060420 400.102886 259.548433
43 44 52 0.470801 0.022723 0.506476 372.382649 275.475553
43 44 52 0.210708 0.326146 0.463146 388.354487 274.682517
43 44 52 0.726541 0.082685 0.190773 372.671084 263.089008
44 53 52 0.945166 0.038633 0.016201 409.595998 257.089780
44 53 52 0.673849 0.083436 0.242714 402.128695 266.837636
44 53 52 0.345001 0.565193 0.089806 413.533746 278.881652
44 53 52 0.754327 0.215592 0.030081 411.509553 266.963967
44 53 52 0.021260 0.424375 0.554365 397.841093 294.831886
44 53 52 0.129755 0.083149 0.787097 383.452151 291.159927
44 53 52 0.477570 0.156072 0.366358 400.898391 275.349835
44 53 52 0.162753 0.729430 0.107817 412.559429 290.302294
44 53 52 0.980665 0.007535 0.011800 413.426782 253.418082
44 53 52 0.942453 0.055310 0.002237 407.836100 255.519784
45 46 54 0.314509 0.442694 0.242797 91.626723 323.968581
45 46 54 0.157752 0.544860 0.297387 96.151338 327.669350
45 46 54 0.203225 0.406047 0.390728 90.069689 329.630219
45 46 54 0.763688 0.159218 0.077094 81.247128 313.664934
45 46 54 0.527591 0.335700 0.136709 87.634711 318.383880
45 46 54 0.275347 0.170289 0.554365 81.070164 338.199525
45 46 54 0.906078 0.011928 0.081994 77.445486 315.121538
45 46 54 0.337485 0.493281 0.169234 97.400119 320.432678
45 46 54 0.518439 0.460332 0.021229 95.918977 312.012790
45 46 54 0.749814 0.239845 0.010341 84.807453 311.059386
46 55 54 0.283644 0.259590 0.456766 93.805028 346.275597
46 55 54 0.935720 0.008290 0.055989 118.551208 315.384620
46 55 54 0.426784 0.092562 0.480654 93.325580 337.580495
46 55 54 0.892343 0.065868 0.041789 116.315731 319.706252
46 55 54 0.001468 0.319427 0.679105 88.101144 359.411450
46 55 54 0.895676 0.043838 0.060487 116.225451 316.127261
46 55 54 0.858995 0.118932 0.022073 118.461124 318.619354
46 55 54 0.656321 0.081685 0.261994 105.954064 324.754974
46 55 54 0.575070 0.345471 0.079459 113.669765 330.164463
46 55 54 0.814508 0.003472 0.182020 110.548300 318.675003
46 47 55 0.766090 0.004944 0.228966 118.713780 324.795863
46 47 55 0.534863 0.153229 0.311908 124.398974 328.146868
46 47 55 0.055883 0.693525 0.250592 148.275634 324.851390
46 47 55 0.421669 0.546035 0.032296 139.864353 311.853378
46 47 55 0.135481 0.700684 0.163836 144.189066 319.223624
46 47 55 0.390714 0.377100 0.232187 131.891477 321.092142
46 47 55 0.589762 0.183326 0.226912 124.859612 319.322401
46 47 55 0.424803 0.261450 0.313747 125.391200 324.119673
46 47 55 0.833849 0.005403 0.160748 116.248985 321.458563
46 47 55 0.098415 0.034781 0.866804 115.625099 348.465536
47 56 55 0.614409 0.385078 0.000513 160.096118 328.547668
47 56 55 0.177425 0.080714 0.741861 128.383290 346.179663
47 56 55 0.575786 0.388755 0.035459 163.146110 327.103323
47 56 55 0.386017 0.512125 0.101858 159.306718 336.733460
47 56 55 0.851262 0.011818 0.136920 154.714950 315.425643
47 56 55 0.615187 0.006392 0.378421 144.306522 325.794576
47 56 55 0.518307 0.157911 0.323782 146.462019 333.473463
47 56 55 0.429059 0.523351 0.047589 160.314003 337.936976
47 56 55 0.032544 0.281136 0.686320 128.539765 356.202076
47 56 55 0.974678 0.012672 0.012651 166.019860 314.119487
47 48 56 0.446956 0.458818 0.094226 181.679094 311.176095
47 48 56 0.322892 0.195147 0.481960 169.977989 331.756076
47 48 56 0.886450 0.053255 0.060295 163.991284 311.474062
47 48 56 0.422566 0.164065 0.413369 167.479610 329.427320
47 48 56 0.216838 0.069576 0.713586 161.484604 343.875540
47 48 56 0.412993 0.106449 0.480558 164.065867 331.679960
47 48 56 0.998104 0.001812 0.000084 161.836501 306.941668
47 48 56 0.766218 0.192675 0.041107 167.007058 313.610456
47 48 56 0.755404 0.185103 0.059494 171.120340 307.171553
47 48 56 0.343497 0.527798 0.128706 185.037159 315.820422
48 57 56 0.928002 0.068359 0.003639 202.261762 311.809745
48 57 56 0.995776 0.000281 0.003943 205.746561 309.378559
48 57 56 0.276446 0.539706 0.183848 196.743619 341.740880
48 57 56 0.605651 0.198425 0.195924 192.302371 324.820051
48 57 56 0.665765 0.122198 0.212037 197.411763 319.718103
48 57 56 0.996030 0.003782 0.000188 199.901948 308.496094
48 57 56 0.910787 0.011723 0.077489 201.859582 306.201973
48 57 56 0.335381 0.658085 0.006534 204.633955 335.370218
48 57 56 0.289878 0.496225 0.213897 198.450398 336.439777
48 57 56 0.529705 0.252710 0.217584 192.684139 330.831444
48 49 57 0.134445 0.652949 0.212606 231.066760 315.658215
48 49 57 0.206435 0.270776 0.522789 219.170078 323.995457
48 49 57 0.616412 0.211467 0.172122 213.763082 315.535422
48 49 57 0.557309 0.042811 0.399880 206.526186 322.806224
48 49 57 0.543957 0.294851 0.161193 213.225483 315.734121
48 49 57 0.390379 0.521110 0.088511 228.278002 310.412627
48 49 57 0.185067 0.452926 0.362007 223.325360 319.204163
48 49 57 0.550246 0.366802 0.082951 214.809525 309.320729
48 49 57 0.838976 0.102485 0.058538 210.528557 309.857092
48 49 57 0.792017 0.111747 0.096236 209.306256 311.881846
49 58 57 0.252269 0.447798 0.299933 237.196008 335.777159
49 58 57 0.645331 0.171901 0.182769 241.730361 323.921348
49 58 57 0.824076 0.054630 0.121294 238.390697 311.324105
49 58 57 0.537813 0.152859 0.309328 236.656212 323.305069
49 58 57 0.029881 0.899624 0.070495 246.993345 347.118682
49 58 57 0.313514 0.605467 0.081019 240.665568 336.399707
49 58 57 0.691211 0.266267 0.042523 250.742704 314.905290
49 58 57 0.488019 0.344600 0.167381 241.834759 325.557549
49 58 57 0.934225 0.003065 0.062710 245.442708 308.041240
49 58 57 0.253933 0.177257 0.568810 223.167761 338.015436
49 50 58 0.049575 0.524916 0.425509 274.973577 317.939884
49 50 58 0.766005 0.228304 0.005690 258.910427 305.160440
49 50 58 0.867787 0.032589 0.099624 248.825424 306.283771
49 50 58 0.529741 0.094303 0.375956 251.120155 319.118646
49 50 58 0.237128 0.609899 0.152973 276.634001 310.815743
49 50 58 0.040327 0.583722 0.375951 273.777786 313.568269
49 50 58 0.553211 0.057196 0.389592 251.547680 322.958816
49 50 58 0.200118 0.695991 0.103892 274.387941 305.538269
49 50 58 0.143889 0.631154 0.224956 276.288743 310.402949
49 50 58 0.405163 0.527298 0.067540 270.268342 306.853966
50 59 58 0.236105 0.088278 0.675617 261.014023 336.519096
50 59 58 0.440865 0.512620 0.046515 287.359675 324.467832
50 59 58 0.412919 0.550122 0.036959 289.317653 326.916320
50 59 58 0.951911 0.025819 0.022270 289.419287 303.831216
50 59 58 0.178383 0.382196 0.439421 272.758757 338.597131
50 59 58 0.368852 0.408536 0.222612 281.189244 330.970521
50 59 58 0.014090 0.147035 0.838875 255.880814 342.675217
50 59 58 0.157522 0.437861 0.404617 274.569793 341.331437
50 59 58 0.672096 0.317960 0.009944 291.742429 314.196135
50 59 58 0.347413 0.178600 0.473987 275.867783 328.284411
50 51 59 0.051546 0.104995 0.843459 298.862989 338.128694
50 51 59 0.749310 0.115526 0.135164 295.901837 307.022766
50 51 59 0.107940 0.737517 0.154543 325.500684 306.621230
50 51 59 0.898822 0.050397 0.050781 291.628715 303.586674
50 51 59 0.532354 0.171882 0.295764 295.375802 311.472478
50 51 59 0.544539 0.307573 0.147888 304.621938 307.656288
50 51 59 0.205760 0.066420 0.727820 297.032567 334.175729
50 51 59 0.845208 0.029371 0.125422 293.927486 309.240770
50 51 59 0.682979 0.099813 0.217207 294.854401 310.906609
50 51 59 0.107218 0.178780 0.714002 299.576402 330.300556
51 60 59 0.746051 0.062257 0.191692 328.428876 310.537493
51 60 59 0.324115 0.499369 0.176515 331.259578 329.778994
51 60 59 0.292141 0.417267 0.290592 323.108621 334.213938
51 60 59 0.535054 0.065382 0.399564 316.719836 321.591238
51 60 59 0.641633 0.330447 0.027919 335.240018 315.770978
51 60 59 0.502425 0.123170 0.374405 314.779733 320.880057
51 60 59 0.808201 0.056435 0.135365 329.279834 308.971571
51 60 59 0.032515 0.927437 0.040047 333.025078 342.552522
51 60 59 0.782247 0.172564 0.045189 330.394096 310.216561
51 60 59 0.677761 0.009948 0.312291 318.614922 309.045888
51 52 60 0.756236 0.234326 0.009438 343.055199 295.689211
51 52 60 0.454439 0.224922 0.320640 343.624071 315.654587
51 52 60 0.287116 0.306525 0.406359 348.142196 315.329657
51 52 60 0.917381 0.025179 0.057440 334.958612 300.469966
51 52 60 0.790028 0.198657 0.011315 340.085358 300.335532
51 52 60 0.540162 0.362529 0.097309 348.888569 301.097763
51 52 60 0.112454 0.388647 0.498899 348.727354 322.104838
51 52 60 0.159511 0.538186 0.302302 356.590573 310.762774
51 52 60 0.642146 0.230976 0.126877 343.613640 304.609960
51 52 60 0.902368 0.074525 0.023107 332.105882 301.335653
52 61 60 0.142168 0.221964 0.635868 351.788662 338.367868
52 61 60 0.511452 0.328786 0.159762 371.819652 319.328730
52 61 60 0.400969 0.411338 0.187692 370.644219 322.315025
52 61 60 0.180668 0.436047 0.383285 365.250075 336.784949
52 61 60 0.831455 0.066782 0.101762 375.533449 306.330351
52 61 60 0.439957 0.114727 0.445316 359.281860 324.610672
52 61 60 0.668212 0.194367 0.137421 369.679119 312.776299
52 61 60 0.849753 0.019086 0.131161 369.522879 306.013688
52 61 60 0.557179 0.245647 0.197174 369.877113 315.770547
52 61 60 0.371334 0.567406 0.061260 373.698746 329.516739
52 53 61 0.356416 0.060585 0.583000 378.544283 325.474332
52 53 61 0.590323 0.177256 0.232421 384.758298 305.325224
52 53 61 0.119418 0.038445 0.842138 380.641540 332.873961
52 53 61 0.040735 0.052203 0.907062 381.243841 339.434479
52 53 61 0.466220 0.509248 0.024532 396.676031 298.991715
52 53 61 0.734853 0.186828 0.078319 385.554018 301.735858
52 53 61 0.639523 0.323352 0.037124 386.827251 295.489210
52 53 61 0.835410 0.155731 0.008859 379.706146 297.504738
52 53 61 0.615444 0.266816 0.117740 389.290192 303.217478
52 53 61 0.686307 0.072094 0.241599 378.897495 306.773491
53 62 61 0.652997 0.006925 0.340078 403.116333 312.326531
53 62 61 0.448006 0.276047 0.275946 409.560790 318.498906
53 62 61 0.244220 0.309863 0.445917 405.306547 330.524398
53 62 61 0.861988 0.061752 0.076260 416.030028 303.485667
53 62 61 0.794646 0.007932 0.197422 411.065101 304.415315
53 62 61 0.393260 0.139800 0.466940 403.320524 322.112853
53 62 61 0.830097 0.094547 0.075356 417.740784 300.300875
53 62 61 0.372110 0.426859 0.201031 413.606241 323.178568
53 62 61 0.394612 0.464013 0.141375 418.973171 319.998420
53 62 61 0.456695 0.352273 0.191032 412.354684 318.216103
54 55 63 0.674628 0.160096 0.165276 78.162559 370.391059
54 55 63 0.933224 0.027265 0.039510 75.454894 361.471614
54 55 63 0.512346 0.055217 0.432437 75.848194 381.846257
54 55 63 0.114348 0.054982 0.830669 80.662612 396.549241
54 55 63 0.335172 0.285045 0.379784 87.113169 377.662736
54 55 63 0.298195 0.215784 0.486021 81.677455 382.444383
54 55 63 0.311368 0.338095 0.350537 87.128207 372.393364
54 55 63 0.208200 0.666412 0.125389 104.119223 366.256483
54 55 63 0.563299 0.393338 0.043363 85.922005 359.118116
54 55 63 0.566366 0.189476 0.244158 77.394871 367.231502
55 64 63 0.647439 0.064857 0.287704 103.837709 369.579847
55 64 63 0.875654 0.002391 0.121955 112.865716 361.817012
55 64 63 0.674748 0.070885 0.254367 103.404953 374.395802
55 64 63 0.911350 0.074475 0.014175 116.236761 360.382112
55 64 63 0.262317 0.084193 0.653490 87.385042 391.595275
55 64 63 0.663844 0.294112 0.042044 114.299782 373.927321
55 64 63 0.373765 0.028777 0.597458 91.850866 390.049098
55 64 63 0.861899 0.125441 0.012661 113.586147 364.139745
55 64 63 0.369838 0.434651 0.195511 110.116106 388.259616
55 64 63 0.080875 0.424694 0.494430 94.211707 398.546427
55 56 64 0.071048 0.482549 0.446403 139.108368 375.375644
55 56 64 0.910449 0.081937 0.007613 117.080395 355.621524
55 56 64 0.671571 0.034737 0.293692 114.515428 369.792883
55 56 64 0.253821 0.041034 0.705145 118.266736 385.124160
55 56 64 0.202775 0.447538 0.349687 139.121184 373.878696
55 56 64 0.094497 0.836470 0.069033 155.928539 359.598341
55 56 64 0.550656 0.096165 0.353179 124.976878 372.021950
55 56 64 0.009565 0.477189 0.513246 138.373120 382.390397
55 56 64 0.783945 0.125751 0.090304 119.709788 360.378932
55 56 64 0.816653 0.158101 0.025246 121.871114 358.321136
56 65 64 0.066422 0.164846 0.768732 126.683026 396.782051
56 65 64 0.585719 0.199025 0.215256 149.098566 372.953642
56 65 64 0.213505 0.092541 0.693954 131.577329 388.867253
56 65 64 0.960672 0.011924 0.027404 162.979822 352.986103
56 65 64 0.520387 0.262971 0.216641 151.778516 379.129452
56 65 64 0.623998 0.332408 0.043594 163.458262 373.130860
56 65 64 0.675503 0.321300 0.003197 163.910523 371.754478
56 65 64 0.481705 0.097153 0.421142 144.393266 377.046521
56 65 64 0.231575 0.012485 0.755940 131.170583 391.111845
56 65 64 0.839623 0.043501 0.116876 156.982423 362.459827
56 57 65 0.960453 0.025885 0.013663 163.989659 352.514055
56 57 65 0.239888 0.120544 0.639568 166.470095 380.533792
56 57 65 0.279868 0.264668 0.455465 172.699748 376.500253
56 57 65 0.774249 0.047498 0.178253 167.422580 364.917297
56 57 65 0.023344 0.286102 0.690554 174.401536 378.262562
56 57 65 0.724823 0.061726 0.213451 163.033293 360.861271
56 57 65 0.807940 0.008660 0.183400 161.130474 362.398617
56 57 65 0.900683 0.047022 0.052295 165.281367 356.649757
56 57 65 0.933009 0.035763 0.031227 164.302103 357.961723
56 57 65 0.871732 0.028630 0.099638 166.515135 358.746391
57 66 65 0.040572 0.624287 0.335141 192.577636 393.760782
57 66 65 0.407192 0.496765 0.096043 202.547045 379.635248
57 66 65 0.458082 0.054074 0.487844 184.227333 372.053791
57 66 65 0.430541 0.432684 0.136776 201.951447 378.084038
57 66 65 0.081199 0.704250 0.214550 198.754600 390.468099
57 66 65 0.501957 0.398877 0.099166 200.308575 372.703797
57 66 65 0.619407 0.024584 0.356009 191.750682 368.444890
57 66 65 0.232626 0.425167 0.342207 189.456318 385.775773
57 66 65 0.001352 0.793699 0.204950 202.464629 394.714307
57 66 65 0.210940 0.222057 0.567003 182.751513 388.644815
57 58 66 0.022461 0.823517 0.154022 239.634595 354.863412
57 58 66 0.443931 0.513668 0.042401 229.956509 351.161050
57 58 66 0.982984 0.002633 0.014383 208.075473 349.440154
57 58 66 0.043585 0.481232 0.475183 228.156735 369.999791
57 58 66 0.028324 0.145422 0.826255 214.577803 386.896870
57 58 66 0.193140 0.717531 0.089329 238.021677 352.666794
57 58 66 0.867604 0.045357 0.087039 205.126195 353.317018
57 58 66 0.698562 0.245531 0.055907 221.480549 356.807807
57 58 66 0.325806 0.210927 0.463267 217.039105 371.955220
57 58 66 0.498670 0.169905 0.331425 211.092767 361.804709
58 67 66 0.687906 0.270232 0.041861 248.259217 360.400731
58 67 66 0.300071 0.360602 0.339328 238.655037 377.759305
58 67 66 0.382383 0.042060 0.575558 228.526312 377.411368
58 67 66 0.308433 0.600499 0.091068 244.561731 379.975776
58 67 66 0.519810 0.001905 0.478286 231.490024 367.359422
58 67 66 0.494258 0.139210 0.366531 233.768473 367.974403
58 67 66 0.876050 0.122515 0.001436 255.377196 354.596288
58 67 66 0.328332 0.439925 0.231743 241.674267 380.063766
58 67 66 0.268861 0.594204 0.136935 247.439829 381.894520
58 67 66 0.558719 0.284503 0.156778 240.492725 370.092163
58 59 67 0.277563 0.273559 0.448877 263.238354 366.421473
58 59 67 0.937830 0.005470 0.056700 248.410200 352.461780
58 59 67 0.451098 0.450965 0.097937 270.025867 350.236644
58 59 67 0.091862 0.628276 0.279862 280.540117 356.355393
58 59 67 0.305987 0.658466 0.035546 275.325395 352.317051
58 59 67 0.530540 0.172229 0.297231 259.856095 362.949682
58 59 67 0.149518 0.092227 0.758255 255.909605 380.978455
58 59 67 0.948369 0.024342 0.027289 252.743341 345.204170
58 59 67 0.351388 0.147541 0.501070 257.606415 371.796419
58 59 67 0.756583 0.029445 0.213972 250.212112 360.445809
59 68 67 0.277313 0.148342 0.574345 269.988569 381.578861
59 68 67 0.953288 0.010634 0.036078 290.888009 346.365930
59 68 67 0.430349 0.312497 0.257154 279.042643 374.811471
59 68 67 0.998379 0.000364 0.001257 291.449838 347.433468
59 68 67 0.581279 0.401798 0.016923 291.887899 366.440348
59 68 67 0.608328 0.307368 0.084304 289.316748 363.197133
59 68 67 0.530211 0.115355 0.354434 280.847982 362.855218
59 68 67 0.094091 0.620492 0.285418 279.952372 386.273135
59 68 67 0.841598 0.089547 0.068856 289.696369 354.854770
59 68 67 0.138639 0.711490 0.149871 289.182388 381.459387
59 60 68 0.532848 0.041372 0.425781 296.451829 364.772972
59 60 68 0.088052 0.416891 0.495057 311.220113 364.196122
59 60 68 0.253035 0.512642 0.234323 315.810272 353.573007
59 60 68 0.022962 0.762407 0.214631 325.476458 351.819992
59 60 68 0.898554 0.059732 0.041714 298.256480 346.461253
59 60 68 0.004119 0.681326 0.314555 320.946470 356.236308
59 60 68 0.307277 0.308996 0.383727 307.170296 363.032134
59 60 68 0.762564 0.108096 0.129340 297.287233 352.255899
59 60 68 0.669595 0.244851 0.085554 302.299244 346.747541
59 60 68 0.301096 0.618623 0.080281 321.129731 345.773302
60 69 68 0.338236 0.354235 0.307528 324.636245 373.779265
60 69 68 0.027788 0.878158 0.094055 331.936807 386.615541
60 69 68 0.598167 0.035557 0.366276 319.413397 363.969407
60 69 68 0.876122 0.049623 0.074255 333.497099 351.986612
60 69 68 0.913520 0.055040 0.031440 334.144319 347.290921
60 69 68 0.017112 0.977422 0.005465 335.764205 385.251409
60 69 68 0.739969 0.134923 0.125108 331.647011 354.578610
60 69 68 0.363211 0.046765 0.590024 311.462993 370.690621
60 69 68 0.783662 0.018983 0.197355 326.225405 359.321754
60 69 68 0.383271 0.036819 0.579910 314.093026 371.608609
60 61 69 0.349750 0.623747 0.026503 361.534966 348.670749
60 61 69 0.559622 0.305576 0.134802 350.925836 346.998486
60 61 69 0.821168 0.078204 0.100628 338.518162 347.691051
60 61 69 0.265645 0.672012 0.062343 364.576445 346.745886
60 61 69 0.079338 0.058467 0.862195 338.624495 381.771069
60 61 69 0.902655 0.044072 0.053273 336.265850 342.510524
60 61 69 0.131697 0.530846 0.337457 358.843331 355.108983
60 61 69 0.350148 0.033731 0.616121 339.410367 369.201551
60 61 69 0.202362 0.304875 0.492763 350.848010 361.239862
60 61 69 0.537450 0.292652 0.169898 349.181992 349.019148
61 70 69 0.267076 0.524779 0.208145 371.143304 375.268426
61 70 69 0.599464 0.400205 0.000331 380.761921 357.574599
61 70 69 0.189264 0.346424 0.464312 358.854162 373.234586
61 70 69 0.368565 0.373808 0.257628 368.939466 369.719524
61 70 69 0.213487 0.454847 0.331667 366.628708 373.546522
61 70 69 0.193177 0.727142 0.079682 376.679840 373.944865
61 70 69 0.042624 0.386689 0.570687 353.330336 383.110988
61 70 69 0.567692 0.273826 0.158482 370.622337 361.462156
61 70 69 0.118475 0.841048 0.040478 372.795343 381.997144
61 70 69 0.698034 0.149145 0.152821 375.706230 355.278549
61 62 70 0.374374 0.205792 0.419835 388.339883 360.396210
61 62 70 0.075302 0.661621 0.263077 406.909256 350.709845
61 62 70 0.842056 0.076649 0.081295 382.284991 344.388328
61 62 70 0.217203 0.278585 0.504212 393.922931 362.412401
61 62 70 0.352422 0.031145 0.616433 379.635959 366.023831
61 62 70 0.094820 0.251189 0.653991 390.174298 369.218583
61 62 70 0.908897 0.002552 0.088551 378.360216 345.884373
61 62 70 0.250267 0.213070 0.536663 385.460481 361.629437
61 62 70 0.236162 0.351037 0.412801 392.064923 356.316183
61 62 70 0.443511 0.129233 0.427256 384.574288 358.997213
62 71 70 0.041918 0.066947 0.891135 383.368866 379.909478
62 71 70 0.266512 0.191278 0.542209 401.444380 368.641241
62 71 70 0.188343 0.133565 0.678091 392.778225 368.979244
62 71 70 0.918363 0.005652 0.075985 418.566714 337.845560
62 71 70 0.838845 0.040229 0.120927 419.109579 344.892964
62 71 70 0.971398 0.013509 0.015094 421.876533 338.793402
62 71 70 0.645180 0.268511 0.086309 417.189289 354.140780
62 71 70 0.162722 0.435915 0.401363 403.410430 374.570360
62 71 70 0.195464 0.110083 0.694453 391.018543 375.274966
62 71 70 0.616372 0.069048 0.314580 410.547540 354.777158
63 64 72 0.719451 0.225835 0.054714 84.485350 404.151184
63 64 72 0.364963 0.313032 0.322005 88.853307 414.279547
63 64 72 0.487448 0.461167 0.051386 98.380612 401.341647
63 64 72 0.749775 0.176650 0.073575 82.172694 403.220393
63 64 72 0.034610 0.779988 0.185402 109.424640 406.447811
63 64 72 0.269106 0.007909 0.722985 79.654756 429.372030
63 64 72 0.818182 0.136838 0.044980 80.500515 405.732271
63 64 72 0.140662 0.227413 0.631926 90.868156 427.095477
63 64 72 0.099798 0.576124 0.324078 104.139241 416.299232
63 64 72 0.251905 0.315734 0.432361 91.178538 417.646521
64 73 72 0.068002 0.479909 0.452089 102.026997 434.707772
64 73 72 0.426958 0.379391 0.193651 115.673647 420.898670
64 73 72 0.485341 0.217132 0.297526 108.218509 421.878193
64 73 72 0.938590 0.060601 0.000809 120.804914 403.784650
64 73 72 0.237908 0.483504 0.278588 113.538203 428.812316
64 73 72 0.097428 0.863244 0.039329 120.288773 437.497503
64 73 72 0.322199 0.667638 0.010163 122.696575 426.786454
64 73 72 0.382337 0.551340 0.066323 118.175018 425.871728
64 73 72 0.866125 0.020653 0.113222 115.544080 407.533196
64 73 72 0.927609 0.005564 0.066827 117.756209 405.968874
64 65 73 0.128931 0.294545 0.576525 137.762594 422.783588
64 65 73 0.762314 0.145732 0.091955 126.468151 406.557508
64 65 73 0.776448 0.044828 0.178724 122.166826 407.209214
64 65 73 0.134592 0.604566 0.260842 147.299892 410.692395
64 65 73 0.085011 0.822297 0.092692 156.918103 399.164545
64 65 73 0.072439 0.687149 0.240412 153.066709 409.248397
64 65 73 0.749700 0.066710 0.183590 126.723200 408.029141
64 65 73 0.938352 0.057068 0.004580 126.588170 401.739541
64 65 73 0.937570 0.004442 0.057988 122.773544 406.437655
64 65 73 0.152019 0.205145 0.642837 130.267269 425.049276
65 74 73 0.386615 0.213938 0.399446 148.911794 419.189249
65 74 73 0.373849 0.395640 0.230511 158.467537 422.386028
65 74 73 0.712663 0.077580 0.209757 158.652439 410.433715
65 74 73 0.562112 0.175723 0.262165 152.997989 413.170035
65 74 73 0.623108 0.126878 0.250014 156.149016 412.909615
65 74 73 0.480102 0.425348 0.094550 161.207688 419.348892
65 74 73 0.285406 0.120298 0.594296 145.735576 423.134132
65 74 73 0.654138 0.278428 0.067434 166.070346 411.505385
65 74 73 0.769025 0.067237 0.163738 160.031007 406.183626
65 74 73 0.190500 0.809277 0.000223 172.509879 426.644458
65 66 74 0.065661 0.461181 0.473158 184.990244 410.948286
65 66 74 0.989389 0.009951 0.000660 165.088399 400.076345
65 66 74 0.182751 0.449972 0.367277 185.192968 410.452435
65 66 74 0.440625 0.169502 0.389873 172.186337 411.203543
65 66 74 0.315006 0.019946 0.665048 166.507904 421.100956
65 66 74 0.359774 0.014050 0.626175 170.456901 419.267105
65 66 74 0.916990 0.064872 0.018139 165.938738 399.000345
65 66 74 0.205707 0.156678 0.637615 175.103081 422.924114
65 66 74 0.830738 0.131462 0.037799 173.459321 397.133175
65 66 74 0.912513 0.016893 0.070595 165.095990 399.940962
66 75 74 0.495155 0.228148 0.276697 196.754079 416.852324
66 75 74 0.389741 0.138848 0.471411 189.635447 420.206846
66 75 74 0.493222 0.147765 0.359012 195.168723 413.520217
66 75 74 0.950740 0.008323 0.040937 206.531828 396.565813
66 75 74 0.448228 0.441682 0.110090 203.860483 413.317121
66 75 74 0.643970 0.233559 0.122471 205.717839 407.685771
66 75 74 0.396540 0.056909 0.546551 186.511602 419.209122
66 75 74 0.844695 0.109182 0.046123 208.311547 403.444379
66 75 74 0.302069 0.023031 0.674900 181.442246 421.900714
66 75 74 0.907472 0.066099 0.026430 210.681973 398.380863
66 67 75 0.539336 0.236529 0.224136 221.229703 402.757690
66 67 75 0.842630 0.051167 0.106203 212.503788 398.443301
66 67 75 0.938585 0.022696 0.038718 209.759876 395.330253
66 67 75 0.622108 0.175490 0.202402 217.328803 401.724495
66 67 75 0.790886 0.113088 0.096026 212.591385 399.587466
66 67 75 0.297175 0.109263 0.593562 216.119352 420.872431
66 67 75 0.472442 0.119850 0.407708 215.527782 405.064692
66 67 75 0.917793 0.000308 0.081898 209.739471 393.117346
66 67 75 0.925772 0.030343 0.043885 210.759904 396.638767
66 67 75 0.669431 0.014661 0.315908 210.678363 408.839592
67 76 75 0.746878 0.222661 0.030461 251.150527 399.649411
67 76 75 0.587162 0.288147 0.124691 247.793398 411.713583
67 76 75 0.469776 0.424791 0.105433 246.650969 412.659258
67 76 75 0.094051 0.304048 0.601901 230.514617 428.320785
67 76 75 0.185664 0.606133 0.208203 244.374086 424.560109
67 76 75 0.533763 0.090016 0.376221 235.092004 409.560569
67 76 75 0.267512 0.416372 0.316116 238.766866 421.586276
67 76 75 0.160475 0.102227 0.737299 221.296791 421.684536
67 76 75 0.606664 0.080016 0.313320 236.497964 407.507286
67 76 75 0.671916 0.008533 0.319550 240.325491 407.207736
67 68 76 0.091169 0.873283 0.035548 288.926383 393.856853
67 68 76 0.877713 0.046022 0.076266 252.136011 399.115899
67 68 76 0.054808 0.058548 0.886644 260.744891 427.811881
67 68 76 0.123803 0.270623 0.605574 266.584755 416.397573
67 68 76 0.830816 0.143570 0.025614 260.510263 393.153029
67 68 76 0.794227 0.107094 0.098679 256.194739 396.971720
67 68 76 0.267595 0.618618 0.113787 279.950481 397.561986
67 68 76 0.214957 0.098562 0.686480 256.901246 417.349553
67 68 76 0.250300 0.635491 0.114209 281.387299 396.526425
67 68 76 0.672388 0.230892 0.096719 263.430013 394.624833
68 77 76 0.143583 0.375426 0.480991 275.509654 421.247863
68 77 76 0.871911 0.011581 0.116508 291.630654 390.871603
68 77 76 0.447199 0.011970 0.540831 275.120301 410.779778
68 77 76 0.138427 0.067255 0.794318 262.785181 423.225046
68 77 76 0.444313 0.486520 0.069168 293.475147 407.783318
68 77 76 0.972840 0.017304 0.009855 293.781947 386.780052
68 77 76 0.077891 0.424523 0.497585 274.094664 425.335193
68 77 76 0.493642 0.118643 0.387715 279.157007 408.032766
68 77 76 0.742646 0.019274 0.238080 283.042597 396.847605
68 77 76 0.385491 0.531281 0.083227 289.150835 407.097220
68 69 77 0.770256 0.163129 0.066615 300.826665 392.653453
68 69 77 0.394508 0.160329 0.445163 300.598740 404.437174
68 69 77 0.773282 0.092523 0.134194 298.389116 395.047802
68 69 77 0.570885 0.000426 0.428689 294.847694 409.607617
68 69 77 0.140701 0.342225 0.517074 308.367888 409.938977
68 69 77 0.250921 0.227866 0.521213 303.797056 405.782632
68 69 77 0.849903 0.119579 0.030518 297.439704 389.826025
68 69 77 0.303691 0.019574 0.676734 296.717641 412.857661
68 69 77 0.783692 0.164920 0.051388 302.006752 392.962981
68 69 77 0.756732 0.243029 0.000238 304.550777 388.430599
69 78 77 0.883990 0.059472 0.056538 333.959017 393.571659
69 78 77 0.207278 0.517507 0.275214 324.754149 416.554270
69 78 77 0.392109 0.122486 0.485405 317.834423 408.835394
69 78 77 0.899434 0.026960 0.073606 331.805044 388.540775
69 78 77 0.810739 0.057761 0.131500 336.535481 397.884598
69 78 77 0.152216 0.411194 0.436589 318.121912 414.953540
69 78 77 0.405844 0.259601 0.334555 324.846821 410.190508
69 78 77 0.139914 0.361782 0.498304 315.784365 418.574208
69 78 77 0.079539 0.891364 0.029097 334.149325 418.939816
69 78 77 0.463683 0.445168 0.091149 332.751259 408.171232
69 70 78 0.388403 0.058461 0.553136 336.229033 403.925635
69 70 78 0.240115 0.473685 0.286200 360.123335 395.649039
69 70 78 0.748523 0.181546 0.069932 342.331803 387.083812
69 70 78 0.454205 0.310187 0.235608 346.664800 394.472133
69 70 78 0.216636 0.638339 0.145025 362.829922 390.203586
69 70 78 0.501110 0.403221 0.095669 351.897736 389.688244
69 70 78 0.093343 0.439203 0.467454 353.631781 398.953777
69 70 78 0.526767 0.258291 0.214942 347.809337 392.258326
69 70 78 0.203146 0.276020 0.520834 348.761348 403.981911
69 70 78 0.608054 0.022007 0.369938 336.700298 397.957199
70 79 78 0.948560 0.021709 0.029731 376.828895 384.959487
70 79 78 0.484204 0.410329 0.105467 373.489844 402.085417
70 79 78 0.445104 0.354735 0.200161 367.681371 401.718061
70 79 78 0.645279 0.278892 0.075829 374.682765 392.036185
70 79 78 0.120202 0.069675 0.810123 344.577177 414.269683
70 79 78 0.160397 0.221641 0.617962 351.543141 412.088968
70 79 78 0.294183 0.129835 0.575982 359.356293 407.373191
70 79 78 0.745630 0.104073 0.150297 371.822279 393.521055
70 79 78 0.565593 0.005140 0.429267 360.494810 399.272566
70 79 78 0.234112 0.287654 0.478234 357.253365 409.362339
70 71 79 0.946916 0.018419 0.034665 374.090673 385.560513
70 71 79 0.294692 0.198665 0.506644 383.137924 399.835640
70 71 79 0.089402 0.244250 0.666348 385.112417 407.548692
70 71 79 0.739174 0.115397 0.145430 381.798582 384.127806
70 71 79 0.236108 0.383382 0.380510 392.919019 391.747015
70 71 79 0.861835 0.022343 0.115821 377.310355 388.427666
70 71 79 0.649548 0.255822 0.094630 388.822853 386.286184
70 71 79 0.655543 0.072278 0.272179 380.228647 393.770596
70 71 79 0.024519 0.092675 0.882806 376.271150 409.963216
70 71 79 0.280669 0.701411 0.017920 411.031943 379.721086
71 80 79 0.730936 0.216472 0.052592 420.776880 384.934436
71 80 79 0.372191 0.423548 0.204260 409.214953 402.111231
71 80 79 0.658021 0.152766 0.189214 412.271222 387.892412
71 80 79 0.219236 0.264287 0.516476 397.511020 409.439837
71 80 79 0.611807 0.246634 0.141559 413.508851 392.329741
71 80 79 0.068803 0.574571 0.356626 403.256186 410.858788
71 80 79 0.915956 0.073305 0.010739 421.308604 378.775396
71 80 79 0.796433 0.087629 0.115938 418.713534 385.777021
71 80 79 0.462210 0.381604 0.156186 411.872190 395.994404
71 80 79 0.009880 0.969849 0.020271 415.039870 409.893895
